shipment_id,awb_no,order_time,pickup_requested_time,courier_assigned_time,pickup_actual_time,first_scan_time,arrived_origin_station_time,departed_origin_station_time,arrived_hub_time,departed_hub_time,out_for_delivery_time,delivered_time,promised_delivery_time,current_status,status_category,shipper_id,shipper_name,shipper_segment,origin_region,origin_station,origin_hub,destination_region,destination_station,destination_hub,lane_type,service_type,payment_type,courier_id,vehicle_type,weight_kg,volumetric_weight_kg,chargeable_weight_kg,declared_value_idr,shipment_revenue_idr,estimated_cost_idr,pickup_sla_hours,pickup_on_time_flag,failed_pickup_flag,failed_pickup_reason,first_scan_timeliness_min,promised_sla_hours,on_time_delivery_flag,failed_delivery_flag,failed_delivery_reason,delivery_attempts,exception_flag,exception_type,rts_flag,rts_reason,aging_hours,dwell_origin_hours,dwell_hub_hours,last_scan_location,late_reason_bucket
SHPM000001,AWB260000001,2026-03-03 00:11:08.455577,2026-03-03 00:25:08.455577,2026-03-03 00:31:08.455577,2026-03-03 02:04:03.117568,2026-03-03 02:31:03.117568,2026-03-03 04:27:03.117568,2026-03-03 10:18:42.650338,2026-03-03 11:28:17.136583,2026-03-03 16:43:42.325562,2026-03-03 23:20:38.126146,2026-03-04 02:46:31.355290,2026-03-03 10:11:08.455577,Delivered,Closed,SHP087,Shipper 087,Enterprise,Jabodetabek,ST02_JKT_West,HB01_JKT_GATEWAY,Jabodetabek,ST01_JKT_Central,HB01_JKT_GATEWAY,Intra-Region,Same Day,Prepaid,CR012,Bike,2.81,4.27,4.27,1127905,46215,33324,2,1,0,,27.0,10,0,0,,1,0,,0,,26.59,5.86,5.26,ST01_JKT_Central,Last Mile Delay
SHPM000002,AWB260000002,2026-03-21 09:41:36.449739,2026-03-21 10:15:36.449739,2026-03-21 10:29:36.449739,2026-03-21 12:25:42.623011,2026-03-21 13:33:42.623011,2026-03-21 14:23:42.623011,2026-03-21 19:43:00.975968,2026-03-22 05:27:07.382165,2026-03-22 09:52:58.306890,2026-03-22 23:13:19.652257,2026-03-23 02:32:32.422451,2026-03-22 01:41:36.449739,Delivered,Closed,SHP024,Shipper 024,Marketplace,Jabodetabek,ST03_JKT_East,HB01_JKT_GATEWAY,East Java,ST13_Malang,HB03_SBY_GATEWAY,Inter-Region,Same Day,COD,CR022,Bike,1.96,1.81,1.96,2000331,39820,35576,2,0,0,,68.0,16,0,0,,1,0,,0,,40.85,5.32,4.43,ST13_Malang,First Mile Delay
SHPM000003,AWB260000003,2026-03-31 00:49:06.017037,2026-03-31 00:58:06.017037,2026-03-31 01:51:06.017037,2026-03-31 04:29:21.157712,2026-03-31 04:52:21.157712,2026-03-31 06:11:21.157712,2026-03-31 08:44:08.281632,2026-03-31 14:00:09.997400,2026-03-31 19:43:40.732031,2026-04-01 04:34:17.395509,2026-04-01 12:40:02.496936,2026-04-01 12:49:06.017037,Delivered,Closed,SHP095,Shipper 095,Enterprise,Central Java,ST11_Yogyakarta,HB04_CTG_NATIONAL,Jabodetabek,ST03_JKT_East,HB01_JKT_GATEWAY,Inter-Region,Next Day,COD,CR101,Bike,1.05,1.09,1.09,2316631,28905,24419,4,1,0,,23.0,36,1,0,,1,0,,0,,35.85,2.55,5.73,ST03_JKT_East,
SHPM000004,AWB260000004,2026-03-15 02:45:56.188703,2026-03-15 03:30:56.188703,2026-03-15 03:54:56.188703,2026-03-15 05:24:29.191131,2026-03-15 05:55:29.191131,2026-03-15 06:28:29.191131,2026-03-15 07:35:48.848110,2026-03-15 11:33:20.313379,2026-03-15 18:02:40.467190,2026-03-16 10:05:28.191298,2026-03-16 13:50:27.892968,2026-03-16 14:45:56.188703,Delivered,Closed,SHP059,Shipper 059,Marketplace,Jabodetabek,ST02_JKT_West,HB01_JKT_GATEWAY,Central Java,ST11_Yogyakarta,HB04_CTG_NATIONAL,Inter-Region,Next Day,Prepaid,CR014,Bike,1.82,1.99,1.99,1563294,28955,23556,4,1,0,,31.0,36,1,0,,1,0,,0,,35.08,1.12,6.49,ST11_Yogyakarta,
SHPM000005,AWB260000005,2026-03-09 15:22:01.872937,2026-03-09 16:00:01.872937,2026-03-09 16:44:01.872937,2026-03-09 22:17:20.711471,2026-03-09 22:52:20.711471,2026-03-10 00:11:20.711471,2026-03-10 03:19:22.045094,2026-03-10 12:34:39.461331,2026-03-10 18:45:34.995867,2026-03-11 01:49:43.585940,2026-03-11 09:42:40.078138,2026-03-12 15:22:01.872937,Delivered,Closed,SHP069,Shipper 069,SME,West Java,ST06_Bandung,HB01_JKT_GATEWAY,East Java,ST12_Surabaya,HB03_SBY_GATEWAY,Inter-Region,Regular,Prepaid,CR057,Van,3.73,3.77,3.77,2196770,28965,17336,8,1,0,,35.0,72,1,0,,1,0,,0,,42.34,3.13,6.18,ST12_Surabaya,
SHPM000006,AWB260000006,2026-03-22 11:44:05.252393,2026-03-22 11:52:05.252393,2026-03-22 12:23:05.252393,2026-03-22 15:05:15.458779,2026-03-22 16:03:15.458779,2026-03-22 17:55:15.458779,2026-03-22 21:47:57.885022,2026-03-23 03:36:54.901320,2026-03-23 15:00:50.535971,2026-03-23 23:53:45.608102,2026-03-24 06:44:23.954493,2026-03-23 23:44:05.252393,Delivered,Closed,SHP024,Shipper 024,Marketplace,Jabodetabek,ST03_JKT_East,HB01_JKT_GATEWAY,East Java,ST13_Malang,HB03_SBY_GATEWAY,Inter-Region,Next Day,Prepaid,CR027,Bike,0.72,0.75,0.75,288416,23375,16667,4,1,0,,58.0,36,0,0,,1,0,,0,,43.01,3.88,11.4,ST13_Malang,Hub Bottleneck
SHPM000007,AWB260000007,2026-03-23 15:50:08.657126,2026-03-23 16:11:08.657126,2026-03-23 16:32:08.657126,2026-03-23 20:50:22.637758,2026-03-23 21:37:22.637758,2026-03-23 22:45:22.637758,2026-03-24 01:01:03.525330,2026-03-24 03:40:22.424834,2026-03-24 05:22:35.113084,2026-03-24 17:23:19.924527,2026-03-25 06:30:48.359151,2026-03-26 15:50:08.657126,Delivered,Closed,SHP054,Shipper 054,Marketplace,West Java,ST06_Bandung,HB01_JKT_GATEWAY,East Java,ST13_Malang,HB03_SBY_GATEWAY,Inter-Region,Regular,COD,CR062,Bike,1.84,1.9,1.9,322568,24550,17711,8,1,0,,47.0,72,1,0,,1,0,,0,,38.68,2.26,1.7,ST13_Malang,
SHPM000008,AWB260000008,2026-03-21 15:04:04.719761,2026-03-21 15:15:04.719761,2026-03-21 15:20:04.719761,2026-03-21 19:52:42.455139,2026-03-21 20:08:42.455139,2026-03-21 20:48:42.455139,2026-03-21 22:11:30.391740,2026-03-22 05:43:00.086919,2026-03-22 18:45:07.685836,2026-03-23 09:47:39.791252,2026-03-24 00:45:04.612709,2026-03-24 15:04:04.719761,Delivered,Closed,SHP020,Shipper 020,SME,East Java,ST14_Kediri,HB03_SBY_GATEWAY,Jabodetabek,ST01_JKT_Central,HB01_JKT_GATEWAY,Inter-Region,Regular,Prepaid,CR128,Truck,3.17,4.52,4.52,1596222,32339,19268,8,1,0,,16.0,72,1,0,,1,0,,0,,57.68,1.38,13.04,ST01_JKT_Central,
SHPM000009,AWB260000009,2026-03-03 02:15:49.847996,2026-03-03 02:54:49.847996,2026-03-03 03:24:49.847996,2026-03-03 05:00:00.608194,2026-03-03 05:15:00.608194,2026-03-03 05:41:00.608194,2026-03-03 08:04:41.316679,2026-03-03 13:41:04.414285,2026-03-03 23:03:52.417738,2026-03-04 11:28:21.381109,2026-03-04 14:35:45.047150,2026-03-03 18:15:49.847996,Delivered,Closed,SHP039,Shipper 039,Marketplace,Central Java,ST10_Solo,HB04_CTG_NATIONAL,West Java,ST07_Cirebon,HB02_BDG_TRANSIT,Inter-Region,Same Day,COD,CR095,Van,2.95,2.91,2.95,1557413,44275,41449,2,0,0,,15.0,16,0,0,,1,0,,0,,36.33,2.39,9.38,ST07_Cirebon,First Mile Delay
SHPM000010,AWB260000010,2026-03-03 08:47:40.155212,2026-03-03 09:06:40.155212,2026-03-03 09:26:40.155212,2026-03-03 14:59:07.673678,2026-03-03 15:45:07.673678,2026-03-03 17:35:07.673678,2026-03-03 21:20:14.666188,2026-03-04 02:09:06.809383,2026-03-04 10:23:13.918510,2026-03-04 18:23:03.098843,2026-03-05 12:20:56.669269,2026-03-06 08:47:40.155212,Delivered,Closed,SHP030,Shipper 030,Enterprise,Jabodetabek,ST05_Tangerang,HB01_JKT_GATEWAY,Outer Java,ST19_Denpasar,HB06_EASTERN_GATEWAY,Inter-Region,Regular,Prepaid,CR044,Bike,1.97,2.05,2.05,1336222,21225,15840,8,1,0,,46.0,72,1,0,,1,0,,0,,51.55,3.75,8.24,ST19_Denpasar,
SHPM000011,AWB260000011,2026-03-20 15:27:28.879414,2026-03-20 15:35:28.879414,2026-03-20 16:02:28.879414,2026-03-20 16:23:48.164086,2026-03-20 17:40:48.164086,2026-03-20 19:22:48.164086,2026-03-20 20:38:53.127423,2026-03-20 23:50:30.017856,2026-03-21 07:15:05.354626,2026-03-21 16:12:04.856580,2026-03-21 20:35:39.239675,2026-03-21 07:27:28.879414,Delivered,Closed,SHP062,Shipper 062,Enterprise,Jabodetabek,ST05_Tangerang,HB01_JKT_GATEWAY,Central Java,ST10_Solo,HB04_CTG_NATIONAL,Inter-Region,Same Day,Prepaid,CR049,Bike,2.27,2.29,2.29,634692,37305,27661,2,1,0,,77.0,16,0,0,,1,0,,0,,29.14,1.27,7.41,ST10_Solo,Last Mile Delay
SHPM000012,AWB260000012,2026-02-25 15:58:04.200174,2026-02-25 16:31:04.200174,2026-02-25 16:53:04.200174,2026-02-25 20:29:48.703176,2026-02-25 20:46:48.703176,2026-02-25 21:10:48.703176,2026-02-26 01:37:01.631737,2026-02-26 11:00:30.269818,2026-02-27 02:02:00.793637,2026-02-27 15:37:44.160043,2026-02-28 19:58:54.834750,2026-02-28 15:58:04.200174,Delivered,Closed,SHP049,Shipper 049,Enterprise,Jabodetabek,ST05_Tangerang,HB01_JKT_GATEWAY,Outer Java,ST17_Makassar,HB06_EASTERN_GATEWAY,Inter-Region,Regular,Prepaid,CR046,Bike,2.67,2.82,2.82,562305,24690,19030,8,1,0,,17.0,72,0,0,,1,0,,0,,76.01,4.44,15.03,ST17_Makassar,Hub Bottleneck
SHPM000013,AWB260000013,2026-02-18 13:46:54.666107,2026-02-18 13:52:54.666107,2026-02-18 14:45:54.666107,2026-02-18 22:32:14.480308,2026-02-18 23:37:14.480308,2026-02-19 01:18:14.480308,2026-02-19 06:24:40.062723,2026-02-19 13:01:15.975880,2026-02-20 00:39:05.696622,2026-02-20 12:23:53.204380,2026-02-21 15:49:52.197272,2026-02-21 13:46:54.666107,Delivered,Closed,SHP032,Shipper 032,Marketplace,West Java,ST08_Bogor,HB01_JKT_GATEWAY,Outer Java,ST18_Balikpapan,HB06_EASTERN_GATEWAY,Inter-Region,Regular,Prepaid,CR078,Van,3.28,3.0,3.28,237821,26760,19342,8,0,0,,65.0,72,0,0,,1,0,,0,,74.05,5.11,11.63,ST18_Balikpapan,First Mile Delay
SHPM000014,AWB260000014,2026-03-08 14:41:40.946969,2026-03-08 14:46:40.946969,2026-03-08 15:05:40.946969,2026-03-08 19:18:37.786820,2026-03-08 19:35:37.786820,2026-03-08 21:10:37.786820,2026-03-09 00:23:14.524023,2026-03-09 02:48:00.943148,2026-03-09 07:06:15.668955,2026-03-09 13:48:27.088070,2026-03-10 02:37:40.210831,2026-03-11 14:41:40.946969,Delivered,Closed,SHP034,Shipper 034,Enterprise,Jabodetabek,ST01_JKT_Central,HB01_JKT_GATEWAY,West Java,ST08_Bogor,HB01_JKT_GATEWAY,Inter-Region,Regular,COD,CR009,Van,1.35,1.66,1.66,2517215,23470,16702,8,1,0,,17.0,72,1,0,,1,0,,0,,35.93,3.21,4.3,ST08_Bogor,
SHPM000015,AWB260000015,2026-03-23 13:21:23.976675,2026-03-23 14:01:23.976675,2026-03-23 14:33:23.976675,2026-03-23 17:51:33.258697,2026-03-23 18:39:33.258697,2026-03-23 20:32:33.258697,2026-03-24 01:29:33.369973,2026-03-24 06:48:43.711771,2026-03-24 18:07:18.301052,2026-03-25 05:43:20.424280,2026-03-25 13:00:17.206486,2026-03-25 01:21:23.976675,Delivered,Closed,SHP033,Shipper 033,Marketplace,Jabodetabek,ST04_Bekasi,HB01_JKT_GATEWAY,West Java,ST06_Bandung,HB01_JKT_GATEWAY,Inter-Region,Next Day,Prepaid,CR038,Bike,2.56,2.56,2.56,616724,31520,27860,4,1,0,,48.0,36,0,0,,1,0,,0,,47.65,4.95,11.31,ST06_Bandung,Hub Bottleneck
SHPM000016,AWB260000016,2026-03-09 09:17:51.102859,2026-03-09 09:31:51.102859,2026-03-09 09:55:51.102859,2026-03-09 17:37:07.550756,2026-03-09 18:15:07.550756,2026-03-09 19:26:07.550756,2026-03-09 20:56:02.361315,2026-03-10 06:13:03.081633,2026-03-10 07:52:43.220834,2026-03-10 14:45:09.694301,2026-03-10 22:27:46.842390,2026-03-12 09:17:51.102859,Delivered,Closed,SHP058,Shipper 058,Enterprise,Jabodetabek,ST01_JKT_Central,HB01_JKT_GATEWAY,Central Java,ST10_Solo,HB04_CTG_NATIONAL,Inter-Region,Regular,COD,CR007,Bike,0.49,0.47,0.49,970219,18205,16664,8,0,0,,38.0,72,1,0,,1,0,,0,,37.17,1.5,1.66,ST10_Solo,
SHPM000017,AWB260000017,2026-03-15 12:05:41.948889,2026-03-15 12:37:41.948889,2026-03-15 13:25:41.948889,2026-03-15 15:47:34.341515,2026-03-15 16:20:34.341515,2026-03-15 16:38:34.341515,2026-03-15 17:52:22.178951,2026-03-16 02:14:31.110748,2026-03-16 06:49:20.412679,2026-03-16 16:41:42.975680,2026-03-16 23:04:30.151593,2026-03-18 12:05:41.948889,Delivered,Closed,SHP009,Shipper 009,Marketplace,West Java,ST06_Bandung,HB01_JKT_GATEWAY,East Java,ST13_Malang,HB03_SBY_GATEWAY,Inter-Region,Regular,COD,CR058,Van,1.19,1.13,1.19,1429265,21355,14200,8,1,0,,33.0,72,1,0,,1,0,,0,,34.98,1.23,4.58,ST13_Malang,
SHPM000018,AWB260000018,2026-02-19 04:59:39.172917,2026-02-19 05:23:39.172917,2026-02-19 05:42:39.172917,2026-02-19 08:47:19.441295,2026-02-19 09:08:19.441295,2026-02-19 10:24:19.441295,2026-02-19 11:56:19.200109,2026-02-19 16:59:22.491882,2026-02-19 23:52:36.624799,2026-02-21 07:50:29.905740,,2026-02-22 04:59:39.172917,Delivery Exception,Exception,SHP063,Shipper 063,Enterprise,Jabodetabek,ST05_Tangerang,HB01_JKT_GATEWAY,Outer Java,ST18_Balikpapan,HB06_EASTERN_GATEWAY,Inter-Region,Regular,Prepaid,CR049,Truck,7.69,7.36,7.69,1117323,46605,27009,8,1,0,,21.0,72,0,1,Remote Area Delay,1,1,Capacity Delay,0,,1111.01,1.53,6.89,ST18_Balikpapan,Delivery Exception
SHPM000019,AWB260000019,2026-03-21 04:06:51.535661,2026-03-21 04:39:51.535661,2026-03-21 05:32:51.535661,2026-03-21 07:55:56.597199,2026-03-21 09:30:56.597199,2026-03-21 10:31:56.597199,2026-03-21 16:55:13.349006,2026-03-22 01:33:50.960450,2026-03-22 11:40:11.480731,2026-03-22 22:56:01.959169,2026-03-23 01:58:13.457690,2026-03-22 16:06:51.535661,Delivered,Closed,SHP090,Shipper 090,Enterprise,East Java,ST12_Surabaya,HB03_SBY_GATEWAY,Central Java,ST11_Yogyakarta,HB04_CTG_NATIONAL,Inter-Region,Next Day,Prepaid,CR107,Bike,4.16,3.86,4.16,343240,38720,31014,4,1,0,,95.0,36,0,0,,1,0,,0,,45.86,6.39,10.11,ST11_Yogyakarta,Hub Bottleneck
SHPM000020,AWB260000020,2026-02-22 00:40:57.281884,2026-02-22 00:51:57.281884,2026-02-22 01:12:57.281884,2026-02-22 02:34:51.945582,2026-02-22 02:51:51.945582,2026-02-22 04:28:51.945582,2026-02-22 05:47:49.852323,2026-02-22 14:23:16.886443,2026-02-23 04:52:42.923231,2026-02-23 15:11:11.169282,2026-02-23 19:03:01.722642,2026-02-22 16:40:57.281884,Delivered,Closed,SHP087,Shipper 087,Enterprise,Jabodetabek,ST04_Bekasi,HB01_JKT_GATEWAY,Outer Java,ST17_Makassar,HB06_EASTERN_GATEWAY,Inter-Region,Same Day,Prepaid,CR041,Truck,0.91,0.96,0.96,598322,31320,21999,2,1,0,,17.0,16,0,0,,1,0,,0,,42.37,1.32,14.49,ST17_Makassar,Hub Bottleneck
SHPM000021,AWB260000021,2026-02-21 14:03:12.996618,2026-02-21 14:31:12.996618,2026-02-21 15:13:12.996618,2026-02-21 19:01:51.577417,2026-02-21 19:56:51.577417,2026-02-21 20:35:51.577417,2026-02-22 02:26:19.301184,2026-02-22 12:01:50.811886,2026-02-22 22:11:05.234783,2026-02-23 04:22:35.551018,2026-02-23 13:02:44.412502,2026-02-24 14:03:12.996618,Delivered,Closed,SHP070,Shipper 070,Enterprise,Jabodetabek,ST05_Tangerang,HB01_JKT_GATEWAY,West Java,ST06_Bandung,HB01_JKT_GATEWAY,Inter-Region,Regular,Prepaid,CR051,Truck,3.22,3.08,3.22,1443969,26490,16871,8,1,0,,55.0,72,1,0,,1,0,,0,,46.99,5.84,10.15,ST06_Bandung,
SHPM000022,AWB260000022,2026-04-01 02:47:46.886123,2026-04-01 03:14:46.886123,2026-04-01 03:44:46.886123,2026-04-01 04:54:30.574158,2026-04-01 05:17:30.574158,2026-04-01 06:39:30.574158,2026-04-01 08:13:36.261680,2026-04-01 10:44:06.733179,2026-04-01 22:31:02.596371,2026-04-02 11:14:06.166007,2026-04-02 19:46:48.839115,2026-04-02 14:47:46.886123,Delivered,Closed,SHP021,Shipper 021,Marketplace,East Java,ST14_Kediri,HB03_SBY_GATEWAY,Jabodetabek,ST02_JKT_West,HB01_JKT_GATEWAY,Inter-Region,Next Day,Prepaid,CR126,Bike,1.95,2.29,2.29,459651,30305,24681,4,1,0,,23.0,36,0,0,,1,0,,0,,40.98,1.57,11.78,ST02_JKT_West,Hub Bottleneck
SHPM000023,AWB260000023,2026-03-17 01:37:53.842310,2026-03-17 02:20:53.842310,2026-03-17 02:35:53.842310,2026-03-17 09:15:38.683657,2026-03-17 09:48:38.683657,2026-03-17 11:26:38.683657,2026-03-17 16:49:57.395492,2026-03-17 23:14:35.850070,2026-03-19 11:12:33.621549,2026-03-19 21:35:20.096680,2026-03-20 08:55:12.660364,2026-03-20 01:37:53.842310,Delivered,Closed,SHP067,Shipper 067,SME,East Java,ST14_Kediri,HB03_SBY_GATEWAY,Outer Java,ST18_Balikpapan,HB06_EASTERN_GATEWAY,Inter-Region,Regular,Prepaid,CR131,Bike,0.37,0.44,0.44,1306358,13980,10755,8,1,0,,33.0,72,0,0,,1,0,,0,,79.29,5.39,35.97,ST18_Balikpapan,Hub Bottleneck
SHPM000024,AWB260000024,2026-03-30 11:44:53.265780,2026-03-30 11:52:53.265780,2026-03-30 12:35:53.265780,2026-03-30 15:22:14.283683,2026-03-30 15:54:14.283683,2026-03-30 16:37:14.283683,2026-03-30 21:51:25.230949,2026-03-31 02:39:28.513983,2026-03-31 09:59:55.348980,2026-03-31 16:29:31.981653,2026-04-01 07:14:10.581258,2026-04-02 11:44:53.265780,Delivered,Closed,SHP052,Shipper 052,Marketplace,Jabodetabek,ST04_Bekasi,HB01_JKT_GATEWAY,East Java,ST13_Malang,HB03_SBY_GATEWAY,Inter-Region,Regular,Prepaid,CR043,Bike,1.52,1.65,1.65,752057,19425,15853,8,1,0,,32.0,72,1,0,,1,0,,0,,43.49,5.24,7.34,ST13_Malang,
SHPM000025,AWB260000025,2026-03-15 13:12:41.317270,2026-03-15 13:18:41.317270,2026-03-15 14:20:41.317270,2026-03-15 17:51:00.458931,2026-03-15 19:07:00.458931,2026-03-15 19:28:00.458931,2026-03-15 22:24:18.217004,2026-03-15 23:36:14.796895,2026-03-16 04:17:15.670643,2026-03-16 08:58:04.069517,2026-03-16 15:34:44.089825,2026-03-16 13:12:41.317270,Delivered,Closed,SHP060,Shipper 060,Enterprise,East Java,ST12_Surabaya,HB03_SBY_GATEWAY,East Java,ST12_Surabaya,HB03_SBY_GATEWAY,Intra-Region,Next Day,Prepaid,CR108,Van,0.88,1.42,1.42,1158727,26390,18745,4,0,0,,76.0,24,0,0,,1,0,,0,,26.37,2.94,4.68,ST12_Surabaya,First Mile Delay
SHPM000026,AWB260000026,2026-02-20 13:32:35.278463,2026-02-20 14:11:35.278463,2026-02-20 14:34:35.278463,2026-02-20 16:17:35.413695,2026-02-20 16:32:35.413695,2026-02-20 16:52:35.413695,2026-02-20 20:03:27.366414,2026-02-21 01:44:08.288824,2026-02-21 04:47:34.166918,2026-02-21 15:22:24.671517,2026-02-21 18:11:21.147604,2026-02-21 05:32:35.278463,Delivered,Closed,SHP062,Shipper 062,Enterprise,Jabodetabek,ST04_Bekasi,HB01_JKT_GATEWAY,Outer Java,ST15_Medan,HB05_SUMATRA_GATEWAY,Inter-Region,Same Day,Prepaid,CR033,Bike,0.84,1.03,1.03,132710,31635,26851,2,0,0,,15.0,16,0,0,,1,0,,0,,28.65,3.18,3.06,ST15_Medan,First Mile Delay
SHPM000027,AWB260000027,2026-03-30 03:01:27.923131,2026-03-30 03:18:27.923131,2026-03-30 03:55:27.923131,2026-03-30 11:00:46.855676,2026-03-30 11:27:46.855676,2026-03-30 12:00:46.855676,2026-03-30 14:17:34.283672,2026-03-30 17:40:51.055518,2026-03-30 20:47:09.533542,2026-03-31 11:39:17.864928,2026-03-31 23:32:50.133286,2026-04-02 03:01:27.923131,Delivered,Closed,SHP071,Shipper 071,Enterprise,Jabodetabek,ST04_Bekasi,HB01_JKT_GATEWAY,West Java,ST07_Cirebon,HB02_BDG_TRANSIT,Inter-Region,Regular,Prepaid,CR032,Bike,1.03,1.27,1.27,449877,17715,13360,8,1,0,,27.0,72,1,0,,1,0,,0,,44.52,2.28,3.11,ST07_Cirebon,
SHPM000028,AWB260000028,2026-03-13 15:38:12.737998,2026-03-13 15:46:12.737998,2026-03-13 16:07:12.737998,2026-03-13 20:29:03.139523,2026-03-13 21:19:03.139523,2026-03-13 22:23:03.139523,2026-03-14 01:41:51.949384,2026-03-14 08:07:56.260879,2026-03-15 01:04:56.420145,2026-03-15 11:55:43.957476,2026-03-15 19:41:55.806824,2026-03-15 03:38:12.737998,Delivered,Closed,SHP089,Shipper 089,Enterprise,Central Java,ST11_Yogyakarta,HB04_CTG_NATIONAL,Outer Java,ST20_Banjarmasin,HB06_EASTERN_GATEWAY,Inter-Region,Next Day,Prepaid,CR103,Bike,1.11,1.13,1.13,749179,25085,14541,4,0,0,,50.0,36,0,0,,1,0,,0,,52.06,3.31,16.95,ST20_Banjarmasin,First Mile Delay
SHPM000029,AWB260000029,2026-02-20 07:46:23.864850,2026-02-20 08:31:23.864850,2026-02-20 08:56:23.864850,2026-02-20 12:30:44.368592,2026-02-20 13:02:44.368592,2026-02-20 14:41:44.368592,2026-02-20 20:31:03.749108,2026-02-21 03:20:21.532541,2026-02-21 06:25:05.644311,2026-02-21 12:28:39.937324,2026-02-22 01:44:51.549233,2026-02-23 07:46:23.864850,Delivered,Closed,SHP035,Shipper 035,Enterprise,Jabodetabek,ST04_Bekasi,HB01_JKT_GATEWAY,Central Java,ST09_Semarang,HB04_CTG_NATIONAL,Inter-Region,Regular,COD,CR041,Van,1.31,1.42,1.42,811651,22390,19250,8,1,0,,32.0,72,1,0,,1,0,,0,,41.97,5.82,3.08,ST09_Semarang,
SHPM000030,AWB260000030,2026-02-21 09:21:22.071877,2026-02-21 09:34:22.071877,2026-02-21 10:42:22.071877,,,,,,,,,2026-02-22 01:21:22.071877,Failed Pickup,Exception,SHP010,Shipper 010,Enterprise,East Java,ST12_Surabaya,HB03_SBY_GATEWAY,Jabodetabek,ST05_Tangerang,HB01_JKT_GATEWAY,Inter-Region,Same Day,Prepaid,CR108,Bike,1.23,2.05,2.05,731518,36225,31025,2,0,1,Address Not Found,,16,0,0,,0,0,,0,,1058.64,,,ST12_Surabaya,
SHPM000031,AWB260000031,2026-02-23 17:14:31.563423,2026-02-23 17:55:31.563423,2026-02-23 18:36:31.563423,2026-02-23 23:37:03.550092,2026-02-24 00:12:03.550092,2026-02-24 02:11:03.550092,2026-02-24 04:10:58.109258,2026-02-24 11:01:12.416548,2026-02-24 21:41:11.889126,2026-02-25 03:21:53.903919,2026-02-25 14:35:15.737052,2026-02-26 17:14:31.563423,Delivered,Closed,SHP064,Shipper 064,Marketplace,Jabodetabek,ST04_Bekasi,HB01_JKT_GATEWAY,East Java,ST13_Malang,HB03_SBY_GATEWAY,Inter-Region,Regular,COD,CR034,Bike,1.85,3.1,3.1,1701660,29950,27302,8,1,0,,35.0,72,1,0,,1,0,,0,,45.35,2.0,10.67,ST13_Malang,
SHPM000032,AWB260000032,2026-02-20 22:29:26.681908,2026-02-20 22:35:26.681908,2026-02-20 23:00:26.681908,2026-02-21 01:36:47.124440,2026-02-21 02:22:47.124440,2026-02-21 03:37:47.124440,2026-02-21 08:06:36.420234,2026-02-21 11:13:13.649758,2026-02-21 20:07:42.917184,2026-02-22 20:38:17.250437,2026-02-23 08:01:36.934334,2026-02-23 22:29:26.681908,Delivered,Closed,SHP016,Shipper 016,Marketplace,Jabodetabek,ST02_JKT_West,HB01_JKT_GATEWAY,Central Java,ST09_Semarang,HB04_CTG_NATIONAL,Inter-Region,Regular,Prepaid,CR012,Bike,1.12,1.16,1.16,1026916,17220,11095,8,1,0,,46.0,72,1,0,,1,1,Invalid Address,0,,57.54,4.48,8.91,ST09_Semarang,
SHPM000033,AWB260000033,2026-02-20 09:57:46.169750,2026-02-20 10:17:46.169750,2026-02-20 10:38:46.169750,2026-02-20 12:05:56.202321,2026-02-20 12:37:56.202321,2026-02-20 14:01:56.202321,2026-02-20 17:34:08.100859,2026-02-21 03:28:32.047644,2026-02-21 17:35:48.452150,2026-02-22 04:42:30.773808,2026-02-22 06:42:02.536225,2026-02-21 01:57:46.169750,Delivered,Closed,SHP031,Shipper 031,SME,East Java,ST13_Malang,HB03_SBY_GATEWAY,West Java,ST07_Cirebon,HB02_BDG_TRANSIT,Inter-Region,Same Day,COD,CR114,Van,1.22,1.24,1.24,1516666,36580,24380,2,1,0,,32.0,16,0,0,,1,0,,0,,44.74,3.54,14.12,ST07_Cirebon,Hub Bottleneck
SHPM000034,AWB260000034,2026-03-03 02:42:57.970191,2026-03-03 02:59:57.970191,2026-03-03 03:34:57.970191,2026-03-03 07:32:46.485197,2026-03-03 08:13:46.485197,2026-03-03 09:37:46.485197,2026-03-03 12:59:47.681015,2026-03-03 15:17:22.359235,2026-03-03 23:34:55.198090,2026-03-04 08:18:05.188002,,2026-03-04 14:42:57.970191,Delivery Exception,Exception,SHP065,Shipper 065,Marketplace,Jabodetabek,ST03_JKT_East,HB01_JKT_GATEWAY,West Java,ST08_Bogor,HB01_JKT_GATEWAY,Inter-Region,Next Day,COD,CR026,Bike,1.07,1.14,1.14,286313,29130,25065,4,0,0,,41.0,36,0,1,Customer Reschedule,2,0,,0,,825.28,3.37,8.29,ST08_Bogor,Delivery Exception
SHPM000035,AWB260000035,2026-03-04 05:21:20.064348,2026-03-04 05:32:20.064348,2026-03-04 06:15:20.064348,2026-03-04 08:49:43.928215,2026-03-04 09:41:43.928215,2026-03-04 10:40:43.928215,2026-03-04 13:54:52.262089,2026-03-04 21:43:44.516685,2026-03-05 08:48:03.270011,2026-03-05 21:47:38.319378,2026-03-06 00:18:36.720662,2026-03-05 17:21:20.064348,Delivered,Closed,SHP074,Shipper 074,Enterprise,Outer Java,ST18_Balikpapan,HB06_EASTERN_GATEWAY,West Java,ST08_Bogor,HB01_JKT_GATEWAY,Inter-Region,Next Day,COD,CR171,Bike,1.36,1.25,1.36,1237098,30120,26473,4,1,0,,52.0,36,0,0,,1,0,,0,,42.95,3.24,11.07,ST08_Bogor,Hub Bottleneck
SHPM000036,AWB260000036,2026-03-05 18:50:16.476802,2026-03-05 18:59:16.476802,2026-03-05 19:13:16.476802,2026-03-05 20:18:15.737420,2026-03-05 20:44:15.737420,2026-03-05 22:33:15.737420,2026-03-06 00:29:04.602311,2026-03-06 06:37:35.666208,2026-03-06 17:43:07.572928,2026-03-07 00:14:58.787517,2026-03-07 02:03:29.319115,2026-03-06 10:50:16.476802,Delivered,Closed,SHP076,Shipper 076,Enterprise,West Java,ST06_Bandung,HB01_JKT_GATEWAY,Jabodetabek,ST04_Bekasi,HB01_JKT_GATEWAY,Inter-Region,Same Day,Prepaid,CR060,Bike,1.99,2.02,2.02,1242965,36090,29652,2,1,0,,26.0,16,0,0,,1,0,,0,,31.22,1.93,11.09,ST04_Bekasi,Hub Bottleneck
SHPM000037,AWB260000037,2026-04-01 07:31:15.363843,2026-04-01 07:59:15.363843,2026-04-01 08:20:15.363843,2026-04-01 15:31:12.764975,2026-04-01 16:08:12.764975,2026-04-01 17:33:12.764975,2026-04-01 21:24:53.758303,2026-04-02 00:17:04.402389,2026-04-02 12:06:22.254388,2026-04-02 14:34:46.077590,2026-04-03 01:16:50.799130,2026-04-03 07:31:15.363843,Delivered,Closed,SHP014,Shipper 014,Enterprise,Jabodetabek,ST05_Tangerang,HB01_JKT_GATEWAY,Jabodetabek,ST01_JKT_Central,HB01_JKT_GATEWAY,Intra-Region,Regular,COD,CR054,Bike,2.05,2.48,2.48,433640,27160,22646,8,1,0,,37.0,48,1,0,,1,0,,0,,41.76,3.86,11.82,ST01_JKT_Central,
SHPM000038,AWB260000038,2026-03-05 22:45:11.036135,2026-03-05 23:09:11.036135,2026-03-05 23:42:11.036135,2026-03-06 07:44:21.818319,2026-03-06 08:37:21.818319,2026-03-06 09:02:21.818319,2026-03-06 11:17:32.713881,2026-03-06 18:22:22.358113,2026-03-07 01:39:24.163618,2026-03-07 08:17:02.133430,2026-03-08 01:27:59.125619,2026-03-08 22:45:11.036135,Delivered,Closed,SHP061,Shipper 061,Enterprise,Outer Java,ST17_Makassar,HB06_EASTERN_GATEWAY,Jabodetabek,ST04_Bekasi,HB01_JKT_GATEWAY,Inter-Region,Regular,Prepaid,CR155,Bike,1.48,1.46,1.48,2164531,18660,10676,8,0,0,,53.0,72,1,0,,1,0,,0,,50.71,2.25,7.28,ST04_Bekasi,
SHPM000039,AWB260000039,2026-02-22 12:07:01.693070,2026-02-22 12:31:01.693070,2026-02-22 12:37:01.693070,2026-02-22 14:21:00.433721,2026-02-22 15:02:00.433721,2026-02-22 16:13:00.433721,2026-02-22 19:17:41.625153,2026-02-22 22:09:09.592225,2026-02-23 04:14:31.099926,2026-02-23 12:12:11.197000,2026-02-23 15:51:35.110877,2026-02-22 22:07:01.693070,Delivered,Closed,SHP073,Shipper 073,Marketplace,Outer Java,ST15_Medan,HB05_SUMATRA_GATEWAY,Outer Java,ST15_Medan,HB05_SUMATRA_GATEWAY,Intra-Region,Same Day,COD,CR141,Van,1.84,2.58,2.58,1272158,42610,23951,2,1,0,,41.0,10,0,0,,1,0,,0,,27.74,3.08,6.09,ST15_Medan,Remote Area
SHPM000040,AWB260000040,2026-02-20 04:05:45.696866,2026-02-20 04:35:45.696866,2026-02-20 04:40:45.696866,2026-02-20 06:56:59.315063,2026-02-20 07:32:59.315063,2026-02-20 09:10:59.315063,2026-02-20 13:32:44.685931,2026-02-20 17:49:54.239317,2026-02-20 19:25:03.345262,2026-02-21 01:48:54.208811,2026-02-21 06:26:54.425494,2026-02-23 04:05:45.696866,Delivered,Closed,SHP012,Shipper 012,Marketplace,Outer Java,ST20_Banjarmasin,HB06_EASTERN_GATEWAY,Jabodetabek,ST04_Bekasi,HB01_JKT_GATEWAY,Inter-Region,Regular,Prepaid,CR189,Bike,1.66,2.82,2.82,958389,24690,22261,8,1,0,,36.0,72,1,0,,1,0,,0,,26.35,4.36,1.59,ST04_Bekasi,
SHPM000041,AWB260000041,2026-02-17 19:52:06.495691,2026-02-17 20:09:06.495691,2026-02-17 20:27:06.495691,2026-02-17 21:17:58.838749,2026-02-17 21:42:58.838749,2026-02-17 23:03:58.838749,2026-02-18 02:21:04.632816,2026-02-18 09:12:04.935861,2026-02-18 16:06:51.052536,2026-02-19 01:22:39.854205,2026-02-19 10:01:53.801488,2026-02-19 07:52:06.495691,Delivered,Closed,SHP038,Shipper 038,Marketplace,Jabodetabek,ST01_JKT_Central,HB01_JKT_GATEWAY,West Java,ST08_Bogor,HB01_JKT_GATEWAY,Inter-Region,Next Day,COD,CR006,Van,1.53,1.5,1.53,1733749,30885,21175,4,1,0,,25.0,36,0,0,,1,0,,0,,38.16,3.28,6.91,ST08_Bogor,Last Mile Delay
SHPM000042,AWB260000042,2026-03-02 18:33:58.399860,2026-03-02 19:15:58.399860,2026-03-02 19:26:58.399860,2026-03-02 20:54:51.004865,2026-03-02 21:17:51.004865,2026-03-02 22:20:51.004865,2026-03-03 00:05:10.967614,2026-03-03 03:48:33.434903,2026-03-03 05:38:26.800307,2026-03-03 14:15:08.339918,,2026-03-03 18:33:58.399860,Return To Sender,RTS,SHP058,Shipper 058,Enterprise,Jabodetabek,ST01_JKT_Central,HB01_JKT_GATEWAY,Jabodetabek,ST03_JKT_East,HB01_JKT_GATEWAY,Intra-Region,Next Day,Prepaid,CR005,Truck,1.07,1.15,1.15,1297573,25175,19857,4,1,0,,23.0,24,0,1,Customer Not Home,2,0,,1,Customer Not Home,833.43,1.74,1.83,ST03_JKT_East,Delivery Exception
SHPM000043,AWB260000043,2026-03-15 00:06:44.493558,2026-03-15 00:27:44.493558,2026-03-15 00:48:44.493558,2026-03-15 03:34:59.118941,2026-03-15 04:03:59.118941,2026-03-15 04:56:59.118941,2026-03-15 09:48:20.255785,2026-03-15 17:26:41.402766,2026-03-16 02:11:32.471423,2026-03-16 13:32:57.815544,2026-03-16 22:02:39.741410,2026-03-16 12:06:44.493558,Delivered,Closed,SHP087,Shipper 087,Enterprise,Jabodetabek,ST02_JKT_West,HB01_JKT_GATEWAY,Central Java,ST11_Yogyakarta,HB04_CTG_NATIONAL,Inter-Region,Next Day,Prepaid,CR017,Van,3.13,3.16,3.16,1408177,34220,30697,4,1,0,,29.0,36,0,0,,1,0,,0,,45.93,4.86,8.75,ST11_Yogyakarta,Last Mile Delay
SHPM000044,AWB260000044,2026-03-13 07:47:12.685032,2026-03-13 08:27:12.685032,2026-03-13 08:52:12.685032,2026-03-13 11:41:00.526252,2026-03-13 12:08:00.526252,2026-03-13 13:30:00.526252,2026-03-13 15:37:42.615885,2026-03-13 19:29:28.308807,2026-03-14 00:14:47.556787,2026-03-14 11:23:16.059636,2026-03-14 22:11:20.366699,2026-03-14 19:47:12.685032,Delivered,Closed,SHP090,Shipper 090,Enterprise,East Java,ST14_Kediri,HB03_SBY_GATEWAY,West Java,ST06_Bandung,HB01_JKT_GATEWAY,Inter-Region,Next Day,Prepaid,CR134,Bike,1.76,1.67,1.76,982006,27920,17612,4,1,0,,27.0,36,0,0,,1,0,,0,,38.4,2.13,4.76,ST06_Bandung,Last Mile Delay
SHPM000045,AWB260000045,2026-03-17 00:55:50.505923,2026-03-17 01:11:50.505923,2026-03-17 01:41:50.505923,2026-03-17 04:30:05.559047,2026-03-17 05:05:05.559047,2026-03-17 05:57:05.559047,2026-03-17 11:20:06.936070,2026-03-17 13:24:33.830522,2026-03-17 20:52:22.789158,2026-03-18 03:16:04.461486,2026-03-18 14:10:57.647471,2026-03-20 00:55:50.505923,Delivered,Closed,SHP052,Shipper 052,Marketplace,Jabodetabek,ST04_Bekasi,HB01_JKT_GATEWAY,East Java,ST13_Malang,HB03_SBY_GATEWAY,Inter-Region,Regular,COD,CR033,Bike,0.42,0.44,0.44,2296375,17980,16456,8,1,0,,35.0,72,1,0,,1,0,,0,,37.25,5.38,7.46,ST13_Malang,
SHPM000046,AWB260000046,2026-03-29 21:09:21.381357,2026-03-29 21:46:21.381357,2026-03-29 22:08:21.381357,2026-03-30 03:06:53.224639,2026-03-30 04:01:53.224639,2026-03-30 04:16:53.224639,2026-03-30 06:35:07.359626,2026-03-30 10:28:10.371707,2026-03-30 19:53:02.373144,2026-03-31 13:17:11.202844,2026-04-01 02:59:06.739801,2026-04-01 21:09:21.381357,Delivered,Closed,SHP050,Shipper 050,Marketplace,Jabodetabek,ST04_Bekasi,HB01_JKT_GATEWAY,West Java,ST07_Cirebon,HB02_BDG_TRANSIT,Inter-Region,Regular,Prepaid,CR037,Van,0.94,0.88,0.94,1256049,16230,13073,8,1,0,,55.0,72,1,0,,1,0,,0,,53.83,2.3,9.41,ST07_Cirebon,
SHPM000047,AWB260000047,2026-02-18 03:16:35.496561,2026-02-18 03:56:35.496561,2026-02-18 04:41:35.496561,2026-02-18 11:16:34.358984,2026-02-18 11:36:34.358984,2026-02-18 13:07:34.358984,2026-02-18 18:29:30.790037,2026-02-18 21:08:48.654863,2026-02-19 03:20:15.728412,2026-02-19 17:29:11.983069,2026-02-20 04:33:48.530696,2026-02-21 03:16:35.496561,Delivered,Closed,SHP032,Shipper 032,Marketplace,West Java,ST06_Bandung,HB01_JKT_GATEWAY,Central Java,ST11_Yogyakarta,HB04_CTG_NATIONAL,Inter-Region,Regular,Prepaid,CR060,Bike,1.01,1.01,1.01,935852,16545,15643,8,1,0,,20.0,72,1,0,,1,0,,0,,49.29,5.37,6.19,ST11_Yogyakarta,
SHPM000048,AWB260000048,2026-03-13 03:00:58.795128,2026-03-13 03:18:58.795128,2026-03-13 03:42:58.795128,2026-03-13 12:16:30.711372,2026-03-13 12:51:30.711372,2026-03-13 13:14:30.711372,2026-03-13 19:10:21.181837,2026-03-14 00:56:56.832421,2026-03-14 05:27:48.861141,2026-03-14 12:48:11.987236,2026-03-14 22:02:44.817636,2026-03-16 03:00:58.795128,Delivered,Closed,SHP034,Shipper 034,Enterprise,Jabodetabek,ST01_JKT_Central,HB01_JKT_GATEWAY,Central Java,ST09_Semarang,HB04_CTG_NATIONAL,Inter-Region,Regular,Prepaid,CR005,Van,0.98,1.01,1.01,674406,16545,9243,8,0,0,,35.0,72,1,0,,1,0,,0,,43.03,5.93,4.51,ST09_Semarang,
SHPM000049,AWB260000049,2026-03-27 14:07:32.393865,2026-03-27 14:46:32.393865,2026-03-27 15:03:32.393865,2026-03-27 17:31:33.747676,2026-03-27 18:17:33.747676,2026-03-27 20:04:33.747676,2026-03-28 00:54:12.566403,2026-03-28 03:09:40.425072,2026-03-28 11:35:35.897595,2026-03-29 00:35:14.303692,2026-03-29 03:11:34.528946,2026-03-29 02:07:32.393865,Delivered,Closed,SHP091,Shipper 091,SME,Outer Java,ST16_Palembang,HB05_SUMATRA_GATEWAY,Jabodetabek,ST05_Tangerang,HB01_JKT_GATEWAY,Inter-Region,Next Day,COD,CR152,Van,1.07,1.14,1.14,1619395,29130,27422,4,1,0,,46.0,36,0,0,,1,0,,0,,37.07,4.83,8.43,ST05_Tangerang,Last Mile Delay
SHPM000050,AWB260000050,2026-03-07 15:52:35.716502,2026-03-07 16:06:35.716502,2026-03-07 16:48:35.716502,2026-03-07 18:09:19.822135,2026-03-07 18:44:19.822135,2026-03-07 20:33:19.822135,2026-03-08 02:06:48.220116,2026-03-08 09:07:16.822480,2026-03-08 15:06:25.004491,2026-03-09 02:33:00.057346,2026-03-09 11:37:20.126256,2026-03-09 03:52:35.716502,Delivered,Closed,SHP088,Shipper 088,SME,Outer Java,ST19_Denpasar,HB06_EASTERN_GATEWAY,Jabodetabek,ST05_Tangerang,HB01_JKT_GATEWAY,Inter-Region,Next Day,COD,CR179,Bike,0.45,0.71,0.71,1551254,27195,18426,4,1,0,,35.0,36,0,0,,1,0,,0,,43.75,5.56,5.99,ST05_Tangerang,Last Mile Delay
SHPM000051,AWB260000051,2026-03-06 02:07:22.008624,2026-03-06 02:40:22.008624,2026-03-06 03:44:22.008624,,,,,,,,,2026-03-09 02:07:22.008624,Failed Pickup,Exception,SHP040,Shipper 040,Marketplace,West Java,ST07_Cirebon,HB02_BDG_TRANSIT,Jabodetabek,ST02_JKT_West,HB01_JKT_GATEWAY,Inter-Region,Regular,COD,CR074,Bike,10.59,9.82,10.59,567110,63655,40187,8,0,1,Shipper Not Ready,,72,0,0,,0,0,,0,,753.88,,,ST07_Cirebon,
SHPM000052,AWB260000052,2026-03-28 05:37:38.402373,2026-03-28 05:58:38.402373,2026-03-28 06:10:38.402373,2026-03-28 13:02:03.224417,2026-03-28 14:11:03.224417,2026-03-28 15:06:03.224417,2026-03-28 20:40:21.173397,2026-03-29 01:38:17.475134,2026-03-29 14:01:30.447554,2026-03-29 21:54:06.075355,2026-03-30 07:44:52.010262,2026-03-31 05:37:38.402373,Delivered,Closed,SHP090,Shipper 090,Enterprise,East Java,ST14_Kediri,HB03_SBY_GATEWAY,Jabodetabek,ST04_Bekasi,HB01_JKT_GATEWAY,Inter-Region,Regular,Prepaid,CR136,Bike,1.78,2.18,2.18,632578,21810,16063,8,1,0,,69.0,72,1,0,,1,0,,0,,50.12,5.57,12.39,ST04_Bekasi,
SHPM000053,AWB260000053,2026-02-22 06:54:10.713091,2026-02-22 07:02:10.713091,2026-02-22 07:19:10.713091,2026-02-22 13:09:31.870856,2026-02-22 14:15:31.870856,2026-02-22 14:38:31.870856,2026-02-22 20:06:36.296275,2026-02-23 02:09:21.404362,2026-02-23 07:34:28.390546,2026-02-23 20:36:23.079585,2026-02-24 02:59:49.561627,2026-02-23 18:54:10.713091,Delivered,Closed,SHP041,Shipper 041,SME,West Java,ST07_Cirebon,HB02_BDG_TRANSIT,Central Java,ST10_Solo,HB04_CTG_NATIONAL,Inter-Region,Next Day,COD,CR072,Truck,1.21,1.13,1.21,1521335,29445,21946,4,0,0,,66.0,36,0,0,,1,0,,0,,44.09,5.47,5.42,ST10_Solo,First Mile Delay
SHPM000054,AWB260000054,2026-03-12 02:53:36.799676,2026-03-12 03:13:36.799676,2026-03-12 03:49:36.799676,2026-03-12 09:48:10.939809,2026-03-12 10:25:10.939809,2026-03-12 12:17:10.939809,2026-03-12 13:26:41.260875,2026-03-12 18:41:13.275860,2026-03-13 02:30:45.772323,2026-03-13 15:47:25.582259,,2026-03-15 02:53:36.799676,Delivery Exception,Exception,SHP058,Shipper 058,Enterprise,Jabodetabek,ST01_JKT_Central,HB01_JKT_GATEWAY,Outer Java,ST20_Banjarmasin,HB06_EASTERN_GATEWAY,Inter-Region,Regular,COD,CR007,Bike,0.59,0.56,0.59,828649,18655,13043,8,1,0,,37.0,72,0,1,Remote Area Delay,2,0,,0,,609.11,1.16,7.83,ST20_Banjarmasin,Delivery Exception
SHPM000055,AWB260000055,2026-03-25 22:33:02.724435,2026-03-25 23:03:02.724435,2026-03-25 23:40:02.724435,2026-03-26 02:12:15.124619,2026-03-26 02:42:15.124619,2026-03-26 04:06:15.124619,2026-03-26 06:45:46.261732,2026-03-26 10:47:07.035141,2026-03-26 13:45:17.167603,2026-03-26 22:40:06.072467,2026-03-27 01:09:05.836862,2026-03-26 22:33:02.724435,Delivered,Closed,SHP058,Shipper 058,Enterprise,Jabodetabek,ST01_JKT_Central,HB01_JKT_GATEWAY,Jabodetabek,ST05_Tangerang,HB01_JKT_GATEWAY,Intra-Region,Next Day,Prepaid,CR010,Bike,3.39,5.59,5.59,685045,45155,42201,4,1,0,,30.0,24,0,0,,1,0,,0,,26.6,2.66,2.97,ST05_Tangerang,Last Mile Delay
SHPM000056,AWB260000056,2026-03-25 04:10:28.407673,2026-03-25 04:20:28.407673,2026-03-25 04:46:28.407673,2026-03-25 05:55:38.915536,2026-03-25 06:52:38.915536,2026-03-25 07:18:38.915536,2026-03-25 08:20:12.429539,2026-03-25 12:48:10.532247,2026-03-25 18:04:55.413647,2026-03-26 02:35:20.483191,2026-03-26 09:34:54.059211,2026-03-26 16:10:28.407673,Delivered,Closed,SHP077,Shipper 077,Marketplace,Outer Java,ST18_Balikpapan,HB06_EASTERN_GATEWAY,Central Java,ST10_Solo,HB04_CTG_NATIONAL,Inter-Region,Next Day,Prepaid,CR166,Van,2.9,2.99,2.99,325389,33455,26678,4,1,0,,57.0,36,1,0,,1,0,,0,,29.41,1.03,5.28,ST10_Solo,
SHPM000057,AWB260000057,2026-02-16 14:54:07.197148,2026-02-16 15:18:07.197148,2026-02-16 16:00:07.197148,2026-02-16 19:06:08.178159,2026-02-16 20:30:08.178159,2026-02-16 22:17:08.178159,2026-02-17 04:42:19.936865,2026-02-17 08:16:11.725742,2026-02-17 13:05:01.819143,2026-02-18 06:25:06.757183,2026-02-18 11:23:03.908790,2026-02-18 02:54:07.197148,Delivered,Closed,SHP010,Shipper 010,Enterprise,East Java,ST12_Surabaya,HB03_SBY_GATEWAY,West Java,ST07_Cirebon,HB02_BDG_TRANSIT,Inter-Region,Next Day,COD,CR108,Bike,2.16,2.05,2.16,1065118,33720,27789,4,1,0,,84.0,36,0,0,,1,0,,0,,44.48,6.42,4.81,ST07_Cirebon,Last Mile Delay
SHPM000058,AWB260000058,2026-03-24 08:18:30.932187,2026-03-24 08:48:30.932187,2026-03-24 08:57:30.932187,2026-03-24 13:35:53.516371,2026-03-24 14:47:53.516371,2026-03-24 15:05:53.516371,2026-03-24 20:51:47.599378,2026-03-25 02:33:22.319396,2026-03-25 11:29:38.593933,2026-03-25 22:11:38.285795,2026-03-26 07:21:17.567281,2026-03-25 20:18:30.932187,Delivered,Closed,SHP097,Shipper 097,SME,Jabodetabek,ST03_JKT_East,HB01_JKT_GATEWAY,West Java,ST06_Bandung,HB01_JKT_GATEWAY,Inter-Region,Next Day,Prepaid,CR024,Bike,1.03,1.06,1.06,2497991,24770,21371,4,0,0,,72.0,36,0,0,,1,0,,0,,47.05,5.77,8.94,ST06_Bandung,First Mile Delay
SHPM000059,AWB260000059,2026-03-10 00:34:50.998471,2026-03-10 01:13:50.998471,2026-03-10 01:31:50.998471,,,,,,,,,2026-03-11 00:34:50.998471,Failed Pickup,Exception,SHP025,Shipper 025,Marketplace,East Java,ST12_Surabaya,HB03_SBY_GATEWAY,East Java,ST12_Surabaya,HB03_SBY_GATEWAY,Intra-Region,Next Day,Prepaid,CR109,Van,1.49,1.6,1.6,867528,27200,15360,4,0,1,Shipper Closed,,24,0,0,,0,0,,0,,659.42,,,ST12_Surabaya,
SHPM000060,AWB260000060,2026-03-23 03:59:20.382351,2026-03-23 04:09:20.382351,2026-03-23 05:12:20.382351,2026-03-23 17:45:50.334965,2026-03-23 19:20:50.334965,2026-03-23 20:31:50.334965,2026-03-24 03:18:50.662716,2026-03-24 04:34:57.973213,2026-03-24 09:04:34.100945,2026-03-24 10:44:43.899055,2026-03-25 01:06:44.569084,2026-03-25 03:59:20.382351,Delivered,Closed,SHP010,Shipper 010,Enterprise,East Java,ST12_Surabaya,HB03_SBY_GATEWAY,East Java,ST14_Kediri,HB03_SBY_GATEWAY,Intra-Region,Regular,Prepaid,CR107,Bike,0.72,0.72,0.72,737099,15240,8531,8,0,0,,95.0,48,1,0,,1,0,,0,,45.12,6.78,4.49,ST14_Kediri,
SHPM000061,AWB260000061,2026-03-10 17:47:33.061009,2026-03-10 17:56:33.061009,2026-03-10 18:04:33.061009,2026-03-10 20:19:57.109651,2026-03-10 20:40:57.109651,2026-03-10 22:20:57.109651,2026-03-11 03:39:44.567505,2026-03-11 09:53:02.760070,2026-03-11 18:05:41.064608,2026-03-12 06:51:19.299418,2026-03-12 16:27:54.076224,2026-03-12 05:47:33.061009,Delivered,Closed,SHP034,Shipper 034,Enterprise,Jabodetabek,ST01_JKT_Central,HB01_JKT_GATEWAY,West Java,ST08_Bogor,HB01_JKT_GATEWAY,Inter-Region,Next Day,Prepaid,CR004,Bike,1.13,1.06,1.13,1214516,25085,17698,4,1,0,,21.0,36,0,0,,1,0,,0,,46.67,5.31,8.21,ST08_Bogor,Last Mile Delay
SHPM000062,AWB260000062,2026-03-24 04:53:49.913561,2026-03-24 05:09:49.913561,2026-03-24 05:23:49.913561,2026-03-24 07:21:33.368162,2026-03-24 07:51:33.368162,2026-03-24 08:51:33.368162,2026-03-24 14:37:06.523271,2026-03-24 20:29:43.260151,2026-03-25 03:19:02.783095,2026-03-25 15:37:04.824314,2026-03-26 00:00:33.437194,2026-03-25 16:53:49.913561,Delivered,Closed,SHP031,Shipper 031,SME,East Java,ST13_Malang,HB03_SBY_GATEWAY,Jabodetabek,ST01_JKT_Central,HB01_JKT_GATEWAY,Inter-Region,Next Day,Prepaid,CR121,Van,1.04,1.06,1.06,1176828,24770,17814,4,1,0,,30.0,36,0,0,,1,0,,0,,43.11,5.76,6.82,ST01_JKT_Central,Last Mile Delay
SHPM000063,AWB260000063,2026-02-23 01:17:15.879893,2026-02-23 01:24:15.879893,2026-02-23 01:52:15.879893,2026-02-23 04:01:11.996008,2026-02-23 04:17:11.996008,2026-02-23 05:03:11.996008,2026-02-23 07:32:30.756840,2026-02-23 17:32:10.961715,2026-02-23 23:45:30.844274,2026-02-24 09:17:24.246789,2026-02-24 18:16:14.712245,2026-02-24 13:17:15.879893,Delivered,Closed,SHP080,Shipper 080,SME,Outer Java,ST19_Denpasar,HB06_EASTERN_GATEWAY,Jabodetabek,ST03_JKT_East,HB01_JKT_GATEWAY,Inter-Region,Next Day,Prepaid,CR179,Bike,3.88,3.58,3.88,368519,37460,32217,4,1,0,,16.0,36,0,0,,1,0,,0,,40.98,2.49,6.22,ST03_JKT_East,Last Mile Delay
SHPM000064,AWB260000064,2026-03-24 00:26:17.423363,2026-03-24 00:48:17.423363,2026-03-24 01:29:17.423363,2026-03-24 03:45:14.263805,2026-03-24 04:15:14.263805,2026-03-24 05:22:14.263805,2026-03-24 10:57:52.100618,2026-03-24 20:54:15.703917,2026-03-25 07:30:30.102835,2026-03-25 14:09:28.469126,2026-03-26 04:49:06.737935,2026-03-27 00:26:17.423363,Delivered,Closed,SHP035,Shipper 035,Enterprise,Jabodetabek,ST04_Bekasi,HB01_JKT_GATEWAY,Central Java,ST09_Semarang,HB04_CTG_NATIONAL,Inter-Region,Regular,COD,CR035,Bike,2.7,2.75,2.75,450252,28375,26717,8,1,0,,30.0,72,1,0,,1,0,,0,,52.38,5.59,10.6,ST09_Semarang,
SHPM000065,AWB260000065,2026-03-17 22:13:40.458918,2026-03-17 22:23:40.458918,2026-03-17 22:49:40.458918,2026-03-18 00:50:16.392207,2026-03-18 01:06:16.392207,2026-03-18 01:48:16.392207,2026-03-18 07:38:42.706648,2026-03-18 16:14:38.318900,2026-03-18 22:56:18.543918,2026-03-19 08:08:08.632919,2026-03-19 23:10:19.137054,2026-03-20 22:13:40.458918,Delivered,Closed,SHP061,Shipper 061,Enterprise,Outer Java,ST17_Makassar,HB06_EASTERN_GATEWAY,West Java,ST08_Bogor,HB01_JKT_GATEWAY,Inter-Region,Regular,COD,CR154,Van,0.79,0.85,0.85,935316,19825,14773,8,1,0,,16.0,72,1,0,,1,0,,0,,48.94,5.84,6.69,ST08_Bogor,
SHPM000066,AWB260000066,2026-03-27 20:18:34.455261,2026-03-27 20:46:34.455261,2026-03-27 21:05:34.455261,2026-03-28 00:09:12.721732,2026-03-28 00:22:12.721732,2026-03-28 01:31:12.721732,2026-03-28 05:47:51.455843,2026-03-28 13:25:37.959388,2026-03-28 15:35:39.162392,2026-03-28 22:19:09.512659,2026-03-29 13:07:45.391021,2026-03-29 08:18:34.455261,Delivered,Closed,SHP005,Shipper 005,Enterprise,Central Java,ST09_Semarang,HB04_CTG_NATIONAL,Outer Java,ST16_Palembang,HB05_SUMATRA_GATEWAY,Inter-Region,Next Day,Prepaid,CR088,Bike,1.56,1.45,1.56,2274798,27020,17822,4,1,0,,13.0,36,0,0,,1,0,,0,,40.82,4.28,2.17,ST16_Palembang,Remote Area
SHPM000067,AWB260000067,2026-03-06 08:25:14.879957,2026-03-06 08:40:14.879957,2026-03-06 08:50:14.879957,2026-03-06 10:14:45.678067,2026-03-06 11:03:45.678067,2026-03-06 11:45:45.678067,2026-03-06 13:11:46.062669,2026-03-06 15:59:59.457908,2026-03-07 01:24:01.903348,2026-03-07 14:03:53.962699,2026-03-07 17:19:24.460816,2026-03-07 20:25:14.879957,Delivered,Closed,SHP008,Shipper 008,SME,Outer Java,ST16_Palembang,HB05_SUMATRA_GATEWAY,East Java,ST13_Malang,HB03_SBY_GATEWAY,Inter-Region,Next Day,Prepaid,CR145,Van,0.61,0.63,0.63,1411295,22835,13184,4,1,0,,49.0,36,1,0,,1,0,,0,,32.9,1.43,9.4,ST13_Malang,
SHPM000068,AWB260000068,2026-02-19 07:31:21.286544,2026-02-19 07:43:21.286544,2026-02-19 08:11:21.286544,2026-02-19 09:48:25.375256,2026-02-19 10:54:25.375256,2026-02-19 11:49:25.375256,2026-02-19 13:29:01.067109,2026-02-19 22:22:12.510422,2026-02-20 05:50:17.289118,2026-02-20 15:35:18.592379,2026-02-20 19:49:19.738228,2026-02-22 07:31:21.286544,Delivered,Closed,SHP062,Shipper 062,Enterprise,Jabodetabek,ST04_Bekasi,HB01_JKT_GATEWAY,East Java,ST14_Kediri,HB03_SBY_GATEWAY,Inter-Region,Regular,Prepaid,CR034,Bike,1.41,1.45,1.45,1699949,18525,16070,8,1,0,,66.0,72,1,0,,1,0,,0,,36.3,1.66,7.47,ST14_Kediri,
SHPM000069,AWB260000069,2026-02-18 10:33:25.299310,2026-02-18 10:51:25.299310,2026-02-18 11:25:25.299310,2026-02-18 18:11:58.547414,2026-02-18 18:47:58.547414,2026-02-18 20:24:58.547414,2026-02-18 21:44:48.618919,2026-02-19 05:20:10.484309,2026-02-19 14:30:02.910976,2026-02-20 06:30:17.618765,2026-02-20 19:01:42.771948,2026-02-21 10:33:25.299310,Delivered,Closed,SHP005,Shipper 005,Enterprise,Central Java,ST09_Semarang,HB04_CTG_NATIONAL,East Java,ST14_Kediri,HB03_SBY_GATEWAY,Inter-Region,Regular,COD,CR084,Bike,1.06,1.07,1.07,426302,20815,12144,8,1,0,,36.0,72,1,0,,1,0,,0,,56.47,1.33,9.16,ST14_Kediri,
SHPM000070,AWB260000070,2026-03-01 12:27:00.734666,2026-03-01 12:33:00.734666,2026-03-01 12:54:00.734666,2026-03-01 14:32:57.885889,2026-03-01 15:28:57.885889,2026-03-01 16:46:57.885889,2026-03-01 20:03:31.445887,2026-03-02 00:56:23.014078,2026-03-02 07:41:08.272296,2026-03-02 20:03:18.543098,2026-03-03 03:13:13.301786,2026-03-03 00:27:00.734666,Delivered,Closed,SHP074,Shipper 074,Enterprise,Outer Java,ST15_Medan,HB05_SUMATRA_GATEWAY,East Java,ST12_Surabaya,HB03_SBY_GATEWAY,Inter-Region,Next Day,Prepaid,CR138,Van,1.36,1.71,1.71,1601385,27695,24908,4,1,0,,56.0,36,0,0,,1,0,,0,,38.77,3.28,6.75,ST12_Surabaya,Last Mile Delay
SHPM000071,AWB260000071,2026-02-25 18:45:54.093077,2026-02-25 18:57:54.093077,2026-02-25 19:02:54.093077,2026-02-25 23:01:17.437183,2026-02-25 23:38:17.437183,2026-02-26 00:01:17.437183,2026-02-26 05:24:23.279470,2026-02-26 14:20:05.007693,2026-02-26 23:57:24.346418,2026-02-27 08:59:45.002243,2026-02-27 13:37:12.683180,2026-02-27 06:45:54.093077,Delivered,Closed,SHP005,Shipper 005,Enterprise,Central Java,ST09_Semarang,HB04_CTG_NATIONAL,Jabodetabek,ST02_JKT_West,HB01_JKT_GATEWAY,Inter-Region,Next Day,COD,CR084,Van,2.44,2.86,2.86,2188947,36870,24996,4,0,0,,37.0,36,0,0,,1,0,,0,,42.86,5.38,9.62,ST02_JKT_West,First Mile Delay
SHPM000072,AWB260000072,2026-03-20 16:10:04.460187,2026-03-20 16:48:04.460187,2026-03-20 17:28:04.460187,2026-03-20 21:29:49.070535,2026-03-20 22:04:49.070535,2026-03-20 22:24:49.070535,2026-03-21 04:01:12.009788,2026-03-21 13:11:53.888980,2026-03-21 20:09:20.787439,2026-03-22 10:16:00.422813,2026-03-22 13:07:37.117786,2026-03-22 04:10:04.460187,Delivered,Closed,SHP039,Shipper 039,Marketplace,Central Java,ST09_Semarang,HB04_CTG_NATIONAL,East Java,ST12_Surabaya,HB03_SBY_GATEWAY,Inter-Region,Next Day,COD,CR087,Bike,2.0,2.47,2.47,1627203,35115,24598,4,0,0,,35.0,36,0,0,,1,0,,0,,44.96,5.61,6.96,ST12_Surabaya,First Mile Delay
SHPM000073,AWB260000073,2026-03-24 05:18:29.621121,2026-03-24 05:33:29.621121,2026-03-24 05:51:29.621121,2026-03-24 12:57:02.107189,2026-03-24 13:40:02.107189,2026-03-24 14:54:02.107189,2026-03-24 17:13:32.249873,2026-03-24 20:11:05.760296,2026-03-24 23:20:23.621549,2026-03-25 13:15:30.988199,2026-03-25 21:50:51.788607,2026-03-27 05:18:29.621121,Delivered,Closed,SHP061,Shipper 061,Enterprise,Outer Java,ST17_Makassar,HB06_EASTERN_GATEWAY,Jabodetabek,ST03_JKT_East,HB01_JKT_GATEWAY,Inter-Region,Regular,Prepaid,CR155,Bike,2.12,2.01,2.12,2335725,21540,13019,8,1,0,,43.0,72,1,0,,1,0,,0,,40.54,2.33,3.15,ST03_JKT_East,
SHPM000074,AWB260000074,2026-02-19 11:59:31.646361,2026-02-19 12:18:31.646361,2026-02-19 13:01:31.646361,2026-02-19 13:34:43.759901,2026-02-19 14:39:43.759901,2026-02-19 15:27:43.759901,2026-02-19 21:02:57.474368,2026-02-19 23:38:57.105172,2026-02-20 11:37:09.807080,2026-02-20 19:11:24.522837,2026-02-20 20:25:20.801403,2026-02-20 03:59:31.646361,Delivered,Closed,SHP036,Shipper 036,Marketplace,West Java,ST08_Bogor,HB01_JKT_GATEWAY,East Java,ST12_Surabaya,HB03_SBY_GATEWAY,Inter-Region,Same Day,Prepaid,CR076,Bike,0.99,1.31,1.31,1761841,32895,19931,2,1,0,,65.0,16,0,0,,1,0,,0,,32.43,5.59,11.97,ST12_Surabaya,Hub Bottleneck
SHPM000075,AWB260000075,2026-02-21 04:45:09.642990,2026-02-21 05:21:09.642990,2026-02-21 05:36:09.642990,2026-02-21 07:24:56.978498,2026-02-21 08:15:56.978498,2026-02-21 10:12:56.978498,2026-02-21 13:50:41.631547,2026-02-21 20:53:27.357945,2026-02-22 13:19:36.929248,2026-02-23 07:11:21.018466,2026-02-23 16:44:29.329981,2026-02-22 16:45:09.642990,Delivered,Closed,SHP005,Shipper 005,Enterprise,Central Java,ST10_Solo,HB04_CTG_NATIONAL,Outer Java,ST15_Medan,HB05_SUMATRA_GATEWAY,Inter-Region,Next Day,Prepaid,CR094,Van,0.21,0.28,0.28,420160,21260,16915,4,1,0,,51.0,36,0,0,,1,0,,0,,59.99,3.63,16.44,ST15_Medan,Hub Bottleneck
SHPM000076,AWB260000076,2026-03-04 20:14:59.766979,2026-03-04 20:22:59.766979,2026-03-04 20:52:59.766979,2026-03-05 01:06:08.014524,2026-03-05 01:14:08.014524,2026-03-05 01:51:08.014524,2026-03-05 03:43:57.821140,2026-03-05 10:28:22.383004,2026-03-06 02:18:03.627468,2026-03-06 19:10:57.891661,2026-03-07 10:47:06.376805,2026-03-07 20:14:59.766979,Delivered,Closed,SHP034,Shipper 034,Enterprise,Jabodetabek,ST01_JKT_Central,HB01_JKT_GATEWAY,Outer Java,ST15_Medan,HB05_SUMATRA_GATEWAY,Inter-Region,Regular,Prepaid,CR009,Van,0.83,0.92,0.92,575154,16140,10433,8,1,0,,8.0,72,1,0,,1,0,,0,,62.54,1.88,15.83,ST15_Medan,
SHPM000077,AWB260000077,2026-04-01 02:51:46.695010,2026-04-01 03:05:46.695010,2026-04-01 03:10:46.695010,2026-04-01 11:07:15.565568,2026-04-01 11:21:15.565568,2026-04-01 12:23:15.565568,2026-04-01 16:54:37.249741,2026-04-02 00:12:26.868862,2026-04-02 14:31:14.026286,2026-04-02 23:42:51.856251,2026-04-03 10:32:06.737215,2026-04-04 02:51:46.695010,Delivered,Closed,SHP055,Shipper 055,Marketplace,East Java,ST14_Kediri,HB03_SBY_GATEWAY,West Java,ST06_Bandung,HB01_JKT_GATEWAY,Inter-Region,Regular,Prepaid,CR131,Bike,1.18,1.25,1.25,729842,17625,10944,8,0,0,,14.0,72,1,0,,1,0,,0,,55.67,4.52,14.31,ST06_Bandung,
SHPM000078,AWB260000078,2026-03-01 20:44:16.418122,2026-03-01 21:27:16.418122,2026-03-01 21:45:16.418122,2026-03-02 00:53:06.785974,2026-03-02 02:04:06.785974,2026-03-02 03:01:06.785974,2026-03-02 07:44:42.965880,2026-03-02 11:38:57.248524,2026-03-03 07:33:13.181625,2026-03-04 00:03:46.169484,2026-03-04 10:02:33.743377,2026-03-03 08:44:16.418122,Delivered,Closed,SHP060,Shipper 060,Enterprise,East Java,ST14_Kediri,HB03_SBY_GATEWAY,Central Java,ST09_Semarang,HB04_CTG_NATIONAL,Inter-Region,Next Day,COD,CR135,Bike,0.92,1.37,1.37,1172607,30165,26855,4,1,0,,71.0,36,0,0,,1,0,,0,,61.3,4.73,19.9,ST09_Semarang,Hub Bottleneck
SHPM000079,AWB260000079,2026-02-27 07:55:29.439981,2026-02-27 08:14:29.439981,2026-02-27 08:44:29.439981,2026-02-27 10:21:43.789808,2026-02-27 11:05:43.789808,2026-02-27 11:29:43.789808,2026-02-27 14:12:16.337429,2026-02-27 23:18:28.757940,2026-02-28 02:29:50.947848,2026-02-28 08:28:21.061153,2026-02-28 19:20:24.006798,2026-02-28 19:55:29.439981,Delivered,Closed,SHP007,Shipper 007,SME,Jabodetabek,ST05_Tangerang,HB01_JKT_GATEWAY,West Java,ST08_Bogor,HB01_JKT_GATEWAY,Inter-Region,Next Day,Prepaid,CR053,Van,0.54,0.53,0.54,1843150,22430,19412,4,1,0,,44.0,36,1,0,,1,0,,0,,35.42,2.71,3.19,ST08_Bogor,
SHPM000080,AWB260000080,2026-03-19 04:10:41.705978,2026-03-19 04:50:41.705978,2026-03-19 05:42:41.705978,2026-03-19 07:22:39.691465,2026-03-19 08:16:39.691465,2026-03-19 08:34:39.691465,2026-03-19 11:47:54.782694,2026-03-19 21:36:54.044339,2026-03-20 08:08:46.117300,2026-03-20 23:20:58.340920,2026-03-21 07:07:34.811714,2026-03-20 16:10:41.705978,Delivered,Closed,SHP068,Shipper 068,Marketplace,East Java,ST12_Surabaya,HB03_SBY_GATEWAY,West Java,ST07_Cirebon,HB02_BDG_TRANSIT,Inter-Region,Next Day,Prepaid,CR107,Bike,2.69,2.56,2.69,630043,32105,20708,4,1,0,,54.0,36,0,0,,1,0,,0,,50.95,3.22,10.53,ST07_Cirebon,Hub Bottleneck
SHPM000081,AWB260000081,2026-03-04 03:30:59.827317,2026-03-04 03:59:59.827317,2026-03-04 04:59:59.827317,2026-03-04 08:11:55.322626,2026-03-04 08:52:55.322626,2026-03-04 10:11:55.322626,2026-03-04 16:01:18.335925,2026-03-04 22:35:37.115596,2026-03-05 12:48:51.594062,2026-03-06 06:09:16.719472,2026-03-06 08:05:53.000705,2026-03-04 19:30:59.827317,Delivered,Closed,SHP018,Shipper 018,Enterprise,West Java,ST07_Cirebon,HB02_BDG_TRANSIT,Outer Java,ST19_Denpasar,HB06_EASTERN_GATEWAY,Inter-Region,Same Day,COD,CR072,Bike,1.5,2.07,2.07,2521450,40315,31683,2,0,0,,41.0,16,0,0,,1,0,,0,,52.58,5.82,14.22,ST19_Denpasar,First Mile Delay
SHPM000082,AWB260000082,2026-02-19 02:28:09.330975,2026-02-19 03:10:09.330975,2026-02-19 03:48:09.330975,2026-02-19 16:22:17.264712,2026-02-19 17:23:17.264712,2026-02-19 18:50:17.264712,2026-02-20 03:01:27.898192,2026-02-20 11:57:51.185904,2026-02-21 21:59:40.614277,2026-02-22 11:30:24.677266,2026-02-23 07:51:46.609200,2026-02-22 02:28:09.330975,Delivered,Closed,SHP020,Shipper 020,SME,East Java,ST12_Surabaya,HB03_SBY_GATEWAY,Outer Java,ST20_Banjarmasin,HB06_EASTERN_GATEWAY,Inter-Region,Regular,Prepaid,CR113,Van,0.99,1.18,1.18,941880,17310,15568,8,0,0,,61.0,72,0,0,,1,0,,0,,101.39,8.19,34.03,ST20_Banjarmasin,First Mile Delay
SHPM000083,AWB260000083,2026-03-05 12:48:55.503283,2026-03-05 13:12:55.503283,2026-03-05 13:52:55.503283,2026-03-05 18:07:58.176021,2026-03-05 18:41:58.176021,2026-03-05 19:20:58.176021,2026-03-05 22:33:29.074786,2026-03-06 07:51:55.939582,2026-03-06 13:38:26.979222,2026-03-07 00:56:19.722652,2026-03-07 05:51:26.817820,2026-03-08 12:48:55.503283,Delivered,Closed,SHP089,Shipper 089,Enterprise,Central Java,ST11_Yogyakarta,HB04_CTG_NATIONAL,Jabodetabek,ST03_JKT_East,HB01_JKT_GATEWAY,Inter-Region,Regular,Prepaid,CR106,Bike,2.03,2.73,2.73,1458867,24285,14310,8,1,0,,34.0,72,1,0,,1,0,,0,,41.04,3.21,5.78,ST03_JKT_East,
SHPM000084,AWB260000084,2026-03-19 09:22:07.685917,2026-03-19 09:42:07.685917,2026-03-19 09:58:07.685917,2026-03-19 15:48:37.068177,2026-03-19 16:45:37.068177,2026-03-19 17:20:37.068177,2026-03-19 22:31:54.836042,2026-03-20 02:36:04.241944,2026-03-20 12:49:31.135555,2026-03-20 19:00:01.477464,2026-03-21 02:00:03.134264,2026-03-22 09:22:07.685917,Delivered,Closed,SHP078,Shipper 078,SME,Outer Java,ST17_Makassar,HB06_EASTERN_GATEWAY,Central Java,ST09_Semarang,HB04_CTG_NATIONAL,Inter-Region,Regular,Prepaid,CR155,Van,0.68,0.65,0.68,1825376,15060,11325,8,1,0,,57.0,72,1,0,,1,0,,0,,40.63,5.19,10.22,ST09_Semarang,
SHPM000085,AWB260000085,2026-02-25 08:18:37.020910,2026-02-25 08:47:37.020910,2026-02-25 09:22:37.020910,2026-02-25 09:47:11.015580,2026-02-25 10:07:11.015580,2026-02-25 11:36:11.015580,2026-02-25 13:06:52.633433,2026-02-25 19:12:24.228496,2026-02-26 15:43:53.553094,2026-02-27 01:35:47.506010,2026-02-27 03:47:57.718682,2026-02-26 00:18:37.020910,Delivered,Closed,SHP021,Shipper 021,Marketplace,East Java,ST14_Kediri,HB03_SBY_GATEWAY,Central Java,ST11_Yogyakarta,HB04_CTG_NATIONAL,Inter-Region,Same Day,COD,CR136,Bike,1.84,2.17,2.17,1765599,40765,27401,2,1,0,,20.0,16,0,0,,1,0,,0,,43.49,1.51,20.52,ST11_Yogyakarta,Hub Bottleneck
SHPM000086,AWB260000086,2026-04-01 00:50:08.845957,2026-04-01 01:26:08.845957,2026-04-01 02:03:08.845957,2026-04-01 03:54:40.446876,2026-04-01 04:31:40.446876,2026-04-01 05:59:40.446876,2026-04-01 11:04:28.711495,2026-04-01 15:49:11.922525,2026-04-02 00:48:37.281657,2026-04-02 14:43:56.969249,2026-04-02 19:57:32.276315,2026-04-02 12:50:08.845957,Delivered,Closed,SHP087,Shipper 087,Enterprise,Jabodetabek,ST02_JKT_West,HB01_JKT_GATEWAY,East Java,ST13_Malang,HB03_SBY_GATEWAY,Inter-Region,Next Day,Prepaid,CR013,Van,0.9,0.96,0.96,841653,24320,16484,4,1,0,,37.0,36,0,0,,1,0,,0,,43.12,5.08,8.99,ST13_Malang,Last Mile Delay
SHPM000087,AWB260000087,2026-02-23 05:09:42.278520,2026-02-23 05:35:42.278520,2026-02-23 06:15:42.278520,2026-02-23 20:39:03.026867,2026-02-23 22:00:03.026867,2026-02-23 23:15:03.026867,2026-02-24 07:25:23.147220,2026-02-24 16:21:47.082555,2026-02-25 02:25:54.808475,2026-02-25 08:08:04.908701,2026-02-25 20:06:22.849535,2026-02-26 05:09:42.278520,Delivered,Closed,SHP060,Shipper 060,Enterprise,East Java,ST12_Surabaya,HB03_SBY_GATEWAY,West Java,ST08_Bogor,HB01_JKT_GATEWAY,Inter-Region,Regular,COD,CR109,Bike,0.41,0.44,0.44,754989,17980,15241,8,0,0,,81.0,72,1,0,,1,0,,0,,62.94,8.17,10.07,ST08_Bogor,
SHPM000088,AWB260000088,2026-03-28 06:43:34.764950,2026-03-28 07:15:34.764950,2026-03-28 07:34:34.764950,2026-03-28 09:31:25.442976,2026-03-28 09:53:25.442976,2026-03-28 10:55:25.442976,2026-03-28 16:40:26.678055,2026-03-29 01:48:36.462150,2026-03-29 11:15:25.306646,2026-03-31 03:10:06.837830,2026-03-31 08:36:23.332286,2026-03-31 06:43:34.764950,Delivered,Closed,SHP034,Shipper 034,Enterprise,Jabodetabek,ST01_JKT_Central,HB01_JKT_GATEWAY,East Java,ST14_Kediri,HB03_SBY_GATEWAY,Inter-Region,Regular,Prepaid,CR002,Bike,0.5,0.77,0.77,1179989,15465,9485,8,1,0,,22.0,72,0,0,,1,1,Invalid Address,0,,73.88,5.75,9.45,ST14_Kediri,Last Mile Delay
SHPM000089,AWB260000089,2026-03-10 01:39:52.372444,2026-03-10 01:58:52.372444,2026-03-10 02:25:52.372444,2026-03-10 05:09:50.787940,2026-03-10 05:36:50.787940,2026-03-10 07:14:50.787940,2026-03-10 12:12:29.076731,2026-03-10 17:12:34.618792,2026-03-11 06:41:41.696017,2026-03-11 19:47:44.403595,,2026-03-13 01:39:52.372444,Return To Sender,RTS,SHP007,Shipper 007,SME,Jabodetabek,ST05_Tangerang,HB01_JKT_GATEWAY,Outer Java,ST19_Denpasar,HB06_EASTERN_GATEWAY,Inter-Region,Regular,Prepaid,CR050,Bike,0.21,0.2,0.21,2362935,12945,11874,8,1,0,,27.0,72,0,1,Customer Not Home,1,0,,1,Customer Not Home,658.34,4.96,13.49,ST19_Denpasar,Hub Bottleneck
SHPM000090,AWB260000090,2026-02-20 23:00:36.183477,2026-02-20 23:11:36.183477,2026-02-20 23:22:36.183477,2026-02-21 08:00:18.800479,2026-02-21 08:38:18.800479,2026-02-21 09:45:18.800479,2026-02-21 12:13:55.122097,2026-02-21 14:32:50.006477,2026-02-21 21:15:32.214642,2026-02-22 04:57:32.293106,2026-02-22 21:39:19.047337,2026-02-23 23:00:36.183477,Delivered,Closed,SHP072,Shipper 072,Enterprise,Outer Java,ST18_Balikpapan,HB06_EASTERN_GATEWAY,East Java,ST13_Malang,HB03_SBY_GATEWAY,Inter-Region,Regular,Prepaid,CR164,Bike,0.64,1.01,1.01,354752,16545,13856,8,0,0,,38.0,72,1,0,,1,0,,0,,46.65,2.48,6.71,ST13_Malang,
SHPM000091,AWB260000091,2026-03-25 03:44:27.448042,2026-03-25 04:09:27.448042,2026-03-25 04:31:27.448042,2026-03-25 06:13:31.190701,2026-03-25 06:55:31.190701,2026-03-25 08:32:31.190701,2026-03-25 10:23:40.411675,2026-03-25 15:15:17.200917,2026-03-25 21:21:02.809651,2026-03-26 10:26:03.378811,2026-03-26 20:02:42.565531,2026-03-28 03:44:27.448042,Delivered,Closed,SHP014,Shipper 014,Enterprise,Jabodetabek,ST05_Tangerang,HB01_JKT_GATEWAY,Central Java,ST09_Semarang,HB04_CTG_NATIONAL,Inter-Region,Regular,Prepaid,CR048,Bike,0.2,0.21,0.21,1791497,12945,11646,8,1,0,,42.0,72,1,0,,1,0,,0,,40.3,1.85,6.1,ST09_Semarang,
SHPM000092,AWB260000092,2026-03-30 17:00:46.999689,2026-03-30 17:13:46.999689,2026-03-30 17:50:46.999689,2026-03-30 18:58:44.176543,2026-03-30 20:31:44.176543,2026-03-30 22:24:44.176543,2026-03-31 06:07:22.526351,2026-03-31 09:54:53.292028,2026-03-31 21:27:01.074089,2026-04-01 13:48:04.192870,2026-04-01 19:41:48.465060,2026-04-01 05:00:46.999689,Delivered,Closed,SHP041,Shipper 041,SME,West Java,ST07_Cirebon,HB02_BDG_TRANSIT,East Java,ST12_Surabaya,HB03_SBY_GATEWAY,Inter-Region,Next Day,COD,CR074,Van,1.17,1.2,1.2,1686081,29400,23359,4,1,0,,93.0,36,0,0,,1,0,,0,,50.68,7.71,11.54,ST12_Surabaya,Hub Bottleneck
SHPM000093,AWB260000093,2026-03-09 06:07:16.168604,2026-03-09 06:27:16.168604,2026-03-09 07:06:16.168604,2026-03-09 08:05:09.434954,2026-03-09 08:53:09.434954,2026-03-09 10:11:09.434954,2026-03-09 14:54:43.736318,2026-03-09 17:03:15.487229,2026-03-10 06:09:42.026623,2026-03-10 21:53:54.556517,2026-03-11 03:56:43.005501,2026-03-09 22:07:16.168604,Delivered,Closed,SHP067,Shipper 067,SME,East Java,ST14_Kediri,HB03_SBY_GATEWAY,Outer Java,ST19_Denpasar,HB06_EASTERN_GATEWAY,Inter-Region,Same Day,Prepaid,CR136,Bike,0.48,0.81,0.81,261093,30645,19584,2,1,0,,48.0,16,0,0,,1,0,,0,,45.82,4.73,13.11,ST19_Denpasar,Hub Bottleneck
SHPM000094,AWB260000094,2026-03-07 23:06:47.156700,2026-03-07 23:34:47.156700,2026-03-08 00:00:47.156700,2026-03-08 01:06:48.501583,2026-03-08 01:38:48.501583,2026-03-08 02:06:48.501583,2026-03-08 04:23:05.709186,2026-03-08 07:57:08.247440,2026-03-08 10:43:12.438958,2026-03-09 02:47:55.135557,2026-03-09 07:50:24.182532,2026-03-09 11:06:47.156700,Delivered,Closed,SHP084,Shipper 084,Enterprise,Central Java,ST10_Solo,HB04_CTG_NATIONAL,West Java,ST08_Bogor,HB01_JKT_GATEWAY,Inter-Region,Next Day,Prepaid,CR095,Bike,1.6,1.51,1.6,730872,27200,23989,4,1,0,,32.0,36,1,0,,1,0,,0,,32.73,2.27,2.77,ST08_Bogor,
SHPM000095,AWB260000095,2026-02-17 15:33:10.063936,2026-02-17 15:49:10.063936,2026-02-17 16:14:10.063936,2026-02-17 22:25:19.613577,2026-02-17 22:51:19.613577,2026-02-17 23:47:19.613577,2026-02-18 03:18:33.595725,2026-02-18 08:23:11.879721,2026-02-19 04:54:19.848270,2026-02-19 19:48:58.982183,2026-02-20 04:18:36.101660,2026-02-20 15:33:10.063936,Delivered,Closed,SHP070,Shipper 070,Enterprise,Jabodetabek,ST04_Bekasi,HB01_JKT_GATEWAY,Outer Java,ST19_Denpasar,HB06_EASTERN_GATEWAY,Inter-Region,Regular,Prepaid,CR039,Van,1.22,2.02,2.02,1877478,21090,15673,8,1,0,,26.0,72,1,0,,1,0,,0,,60.76,3.52,20.52,ST19_Denpasar,
SHPM000096,AWB260000096,2026-03-19 02:29:58.906852,2026-03-19 03:14:58.906852,2026-03-19 03:39:58.906852,2026-03-19 09:14:38.989347,2026-03-19 10:00:38.989347,2026-03-19 11:08:38.989347,2026-03-19 15:30:55.372087,2026-03-20 00:39:58.712927,2026-03-21 01:06:55.576630,2026-03-21 06:16:53.236737,2026-03-21 19:12:49.014184,2026-03-22 02:29:58.906852,Delivered,Closed,SHP031,Shipper 031,SME,East Java,ST13_Malang,HB03_SBY_GATEWAY,Outer Java,ST19_Denpasar,HB06_EASTERN_GATEWAY,Inter-Region,Regular,Prepaid,CR116,Bike,1.48,2.18,2.18,2618018,21810,17666,8,1,0,,46.0,72,1,0,,1,0,,0,,64.71,4.37,24.45,ST19_Denpasar,
SHPM000097,AWB260000097,2026-03-31 20:02:55.998242,2026-03-31 20:31:55.998242,2026-03-31 20:36:55.998242,,,,,,,,,2026-04-01 12:02:55.998242,Failed Pickup,Exception,SHP014,Shipper 014,Enterprise,Jabodetabek,ST05_Tangerang,HB01_JKT_GATEWAY,East Java,ST14_Kediri,HB03_SBY_GATEWAY,Inter-Region,Same Day,COD,CR054,Bike,2.26,3.5,3.5,1745922,46750,31091,2,0,1,Shipper Not Ready,,16,0,0,,0,0,,0,,135.95,,,ST05_Tangerang,
SHPM000098,AWB260000098,2026-03-22 19:06:00.234825,2026-03-22 19:28:00.234825,2026-03-22 19:50:00.234825,2026-03-22 23:46:50.417101,2026-03-23 00:20:50.417101,2026-03-23 00:54:50.417101,2026-03-23 02:06:49.347709,2026-03-23 11:32:33.840977,2026-03-23 19:18:35.917527,2026-03-24 10:22:03.249980,2026-03-24 22:04:11.323038,2026-03-25 19:06:00.234825,Delivered,Closed,SHP084,Shipper 084,Enterprise,Central Java,ST11_Yogyakarta,HB04_CTG_NATIONAL,East Java,ST14_Kediri,HB03_SBY_GATEWAY,Inter-Region,Regular,Prepaid,CR103,Bike,0.92,0.86,0.92,458571,16140,12194,8,1,0,,34.0,72,1,0,,1,0,,0,,50.97,1.2,7.77,ST14_Kediri,
SHPM000099,AWB260000099,2026-02-18 20:47:17.069033,2026-02-18 20:52:17.069033,2026-02-18 21:28:17.069033,2026-02-19 00:18:43.245421,2026-02-19 01:08:43.245421,2026-02-19 01:28:43.245421,2026-02-19 05:53:29.169915,2026-02-19 10:27:32.155818,2026-02-19 21:34:34.401683,2026-02-20 14:51:39.824659,2026-02-21 01:03:47.108682,2026-02-20 08:47:17.069033,Delivered,Closed,SHP058,Shipper 058,Enterprise,Jabodetabek,ST05_Tangerang,HB01_JKT_GATEWAY,West Java,ST08_Bogor,HB01_JKT_GATEWAY,Inter-Region,Next Day,Prepaid,CR051,Truck,4.35,5.24,5.24,2376730,43580,34746,4,1,0,,50.0,36,0,0,,1,0,,0,,52.28,4.41,11.12,ST08_Bogor,Hub Bottleneck
SHPM000100,AWB260000100,2026-03-04 11:58:58.270476,2026-03-04 12:30:58.270476,2026-03-04 12:40:58.270476,2026-03-04 14:27:38.123026,2026-03-04 14:35:38.123026,2026-03-04 15:01:38.123026,2026-03-04 16:23:36.587551,2026-03-04 19:49:02.761861,2026-03-05 00:34:52.898410,2026-03-05 16:15:44.682522,2026-03-05 20:26:57.248681,2026-03-05 03:58:58.270476,Delivered,Closed,SHP049,Shipper 049,Enterprise,Jabodetabek,ST05_Tangerang,HB01_JKT_GATEWAY,Outer Java,ST19_Denpasar,HB06_EASTERN_GATEWAY,Inter-Region,Same Day,Prepaid,CR045,Bike,1.35,1.94,1.94,519878,35730,29447,2,1,0,,8.0,16,0,0,,1,0,,0,,32.47,1.37,4.76,ST19_Denpasar,Remote Area
SHPM000101,AWB260000101,2026-02-20 14:49:45.162593,2026-02-20 15:28:45.162593,2026-02-20 15:59:45.162593,2026-02-20 19:42:25.877146,2026-02-20 20:52:25.877146,2026-02-20 21:45:25.877146,2026-02-21 02:08:37.079965,2026-02-21 11:27:25.144757,2026-02-21 21:18:16.791977,2026-02-22 11:47:09.182163,2026-02-22 18:46:53.441922,2026-02-22 02:49:45.162593,Delivered,Closed,SHP073,Shipper 073,Marketplace,Outer Java,ST15_Medan,HB05_SUMATRA_GATEWAY,East Java,ST12_Surabaya,HB03_SBY_GATEWAY,Inter-Region,Next Day,Prepaid,CR137,Bike,0.58,0.55,0.58,2242970,22610,15885,4,0,0,,70.0,36,0,0,,1,0,,0,,51.95,4.39,9.85,ST12_Surabaya,First Mile Delay
SHPM000102,AWB260000102,2026-02-15 18:23:55.590268,2026-02-15 18:31:55.590268,2026-02-15 19:15:55.590268,2026-02-15 21:17:05.698254,2026-02-15 21:25:05.698254,2026-02-15 21:48:05.698254,2026-02-16 00:03:18.075321,2026-02-16 01:50:40.888652,2026-02-16 09:26:27.404351,2026-02-16 18:04:38.981822,2026-02-16 22:38:37.425284,2026-02-16 18:23:55.590268,Delivered,Closed,SHP058,Shipper 058,Enterprise,Jabodetabek,ST03_JKT_East,HB01_JKT_GATEWAY,Jabodetabek,ST03_JKT_East,HB01_JKT_GATEWAY,Intra-Region,Next Day,COD,CR029,Van,1.93,2.76,2.76,583040,36420,21700,4,1,0,,8.0,24,0,0,,1,0,,0,,28.24,2.25,7.6,ST03_JKT_East,Last Mile Delay
SHPM000103,AWB260000103,2026-02-24 04:50:13.441007,2026-02-24 05:16:13.441007,2026-02-24 05:53:13.441007,2026-02-24 07:25:52.295182,2026-02-24 07:47:52.295182,2026-02-24 09:19:52.295182,2026-02-24 10:44:27.821658,2026-02-24 14:59:09.560720,2026-02-25 01:09:49.131568,2026-02-25 17:45:01.832990,2026-02-26 02:17:50.414887,2026-02-25 16:50:13.441007,Delivered,Closed,SHP034,Shipper 034,Enterprise,Jabodetabek,ST01_JKT_Central,HB01_JKT_GATEWAY,East Java,ST14_Kediri,HB03_SBY_GATEWAY,Inter-Region,Next Day,Prepaid,CR006,Bike,1.13,1.31,1.31,1573820,25895,18759,4,1,0,,22.0,36,0,0,,1,0,,0,,45.46,1.41,10.18,ST14_Kediri,Hub Bottleneck
SHPM000104,AWB260000104,2026-03-25 18:52:13.870860,2026-03-25 19:02:13.870860,2026-03-25 19:18:13.870860,2026-03-26 02:40:58.680295,2026-03-26 03:32:58.680295,2026-03-26 04:08:58.680295,2026-03-26 08:56:08.389578,2026-03-26 12:03:31.065527,2026-03-26 15:13:49.672924,2026-03-27 03:35:35.192439,2026-03-27 20:44:29.625456,2026-03-28 18:52:13.870860,Delivered,Closed,SHP083,Shipper 083,Marketplace,Jabodetabek,ST03_JKT_East,HB01_JKT_GATEWAY,East Java,ST12_Surabaya,HB03_SBY_GATEWAY,Inter-Region,Regular,Prepaid,CR026,Bike,1.98,3.05,3.05,1555874,25725,17143,8,1,0,,52.0,72,1,0,,1,0,,0,,49.87,4.79,3.17,ST12_Surabaya,
SHPM000105,AWB260000105,2026-02-17 10:16:05.289291,2026-02-17 10:38:05.289291,2026-02-17 11:10:05.289291,2026-02-17 17:12:37.907182,2026-02-17 17:36:37.907182,2026-02-17 19:14:37.907182,2026-02-18 00:44:05.986298,2026-02-18 03:21:27.705464,2026-02-18 07:29:57.671771,2026-02-19 01:08:38.820042,2026-02-19 16:14:28.755695,2026-02-20 10:16:05.289291,Delivered,Closed,SHP023,Shipper 023,Enterprise,West Java,ST08_Bogor,HB01_JKT_GATEWAY,Jabodetabek,ST05_Tangerang,HB01_JKT_GATEWAY,Inter-Region,Regular,Prepaid,CR080,Van,1.15,1.94,1.94,701288,20730,17236,8,1,0,,24.0,72,1,0,,1,0,,0,,53.97,5.49,4.14,ST05_Tangerang,
SHPM000106,AWB260000106,2026-03-27 05:12:42.033111,2026-03-27 05:47:42.033111,2026-03-27 06:16:42.033111,2026-03-27 06:52:49.094913,2026-03-27 07:41:49.094913,2026-03-27 08:16:49.094913,2026-03-27 09:57:14.127777,2026-03-27 16:03:18.240878,2026-03-28 02:54:30.392860,2026-03-28 09:49:03.679544,2026-03-28 15:28:00.464198,2026-03-28 17:12:42.033111,Delivered,Closed,SHP089,Shipper 089,Enterprise,Central Java,ST11_Yogyakarta,HB04_CTG_NATIONAL,Jabodetabek,ST03_JKT_East,HB01_JKT_GATEWAY,Inter-Region,Next Day,Prepaid,CR103,Van,0.71,0.82,0.82,1785027,23690,19854,4,1,0,,49.0,36,1,0,,1,0,,0,,34.26,1.67,10.85,ST03_JKT_East,
SHPM000107,AWB260000107,2026-03-16 08:25:03.407156,2026-03-16 08:51:03.407156,2026-03-16 09:33:03.407156,,,,,,,,,2026-03-19 08:25:03.407156,Failed Pickup,Exception,SHP074,Shipper 074,Enterprise,Outer Java,ST15_Medan,HB05_SUMATRA_GATEWAY,Jabodetabek,ST04_Bekasi,HB01_JKT_GATEWAY,Inter-Region,Regular,Prepaid,CR141,Bike,3.07,3.27,3.27,471043,26715,21742,8,0,1,Capacity Full,,72,0,0,,0,0,,0,,507.58,,,ST15_Medan,
SHPM000108,AWB260000108,2026-03-18 10:22:56.638382,2026-03-18 10:53:56.638382,2026-03-18 11:18:56.638382,2026-03-18 18:30:54.603321,2026-03-18 19:12:54.603321,2026-03-18 20:15:54.603321,2026-03-18 23:01:03.923969,2026-03-19 07:27:17.009889,2026-03-20 02:03:21.307336,2026-03-20 14:32:43.761567,2026-03-20 22:36:38.752671,2026-03-21 10:22:56.638382,Delivered,Closed,SHP063,Shipper 063,Enterprise,Jabodetabek,ST05_Tangerang,HB01_JKT_GATEWAY,Outer Java,ST19_Denpasar,HB06_EASTERN_GATEWAY,Inter-Region,Regular,Prepaid,CR054,Bike,1.19,1.27,1.27,2102534,17715,15233,8,1,0,,42.0,72,1,0,,1,0,,0,,60.23,2.75,18.6,ST19_Denpasar,
SHPM000109,AWB260000109,2026-03-11 20:48:27.192472,2026-03-11 21:16:27.192472,2026-03-11 21:21:27.192472,2026-03-11 23:02:53.721757,2026-03-11 23:10:53.721757,2026-03-11 23:47:53.721757,2026-03-12 02:38:57.555197,2026-03-12 09:05:19.002258,2026-03-12 13:15:11.797256,2026-03-12 22:14:23.161712,2026-03-13 07:56:05.126811,2026-03-13 08:48:27.192472,Delivered,Closed,SHP001,Shipper 001,Marketplace,Jabodetabek,ST01_JKT_Central,HB01_JKT_GATEWAY,Central Java,ST09_Semarang,HB04_CTG_NATIONAL,Inter-Region,Next Day,Prepaid,CR009,Bike,2.17,2.82,2.82,1199619,32690,21396,4,1,0,,8.0,36,1,0,,1,0,,0,,35.13,2.85,4.16,ST09_Semarang,
SHPM000110,AWB260000110,2026-03-21 03:06:19.006058,2026-03-21 03:15:19.006058,2026-03-21 03:42:19.006058,2026-03-21 11:46:12.267833,2026-03-21 12:43:12.267833,2026-03-21 14:21:12.267833,2026-03-21 17:57:30.367611,2026-03-22 01:39:04.615564,2026-03-22 09:25:29.078476,2026-03-23 02:43:08.580623,2026-03-23 15:54:55.545447,2026-03-24 03:06:19.006058,Delivered,Closed,SHP071,Shipper 071,Enterprise,Jabodetabek,ST04_Bekasi,HB01_JKT_GATEWAY,West Java,ST08_Bogor,HB01_JKT_GATEWAY,Inter-Region,Regular,Prepaid,CR040,Bike,0.54,0.57,0.57,1824542,14565,10758,8,0,0,,57.0,72,1,0,,1,0,,0,,60.81,3.61,7.77,ST08_Bogor,
SHPM000111,AWB260000111,2026-03-23 14:04:57.961062,2026-03-23 14:13:57.961062,2026-03-23 14:54:57.961062,2026-03-23 20:18:47.857925,2026-03-23 20:43:47.857925,2026-03-23 22:42:47.857925,2026-03-24 01:05:44.999202,2026-03-24 07:56:48.265352,2026-03-24 11:29:21.317651,2026-03-25 04:34:31.925401,2026-03-25 09:35:20.178316,2026-03-26 14:04:57.961062,Delivered,Closed,SHP004,Shipper 004,Marketplace,Jabodetabek,ST01_JKT_Central,HB01_JKT_GATEWAY,Central Java,ST09_Semarang,HB04_CTG_NATIONAL,Inter-Region,Regular,Prepaid,CR001,Van,0.65,0.67,0.67,844104,15015,9461,8,1,0,,25.0,72,1,0,,1,0,,0,,43.51,2.38,3.54,ST09_Semarang,
SHPM000112,AWB260000112,2026-02-28 22:15:43.650278,2026-02-28 22:27:43.650278,2026-02-28 22:54:43.650278,2026-03-01 00:17:58.480456,2026-03-01 01:14:58.480456,2026-03-01 02:21:58.480456,2026-03-01 08:08:36.502824,2026-03-01 14:16:31.824279,2026-03-01 16:58:15.842713,2026-03-02 01:11:54.298831,2026-03-02 05:11:13.368025,2026-03-02 10:15:43.650278,Delivered,Closed,SHP081,Shipper 081,Marketplace,West Java,ST08_Bogor,HB01_JKT_GATEWAY,Outer Java,ST20_Banjarmasin,HB06_EASTERN_GATEWAY,Inter-Region,Next Day,Prepaid,CR082,Bike,1.19,1.84,1.84,1422301,28280,25695,4,1,0,,57.0,36,1,0,,1,0,,0,,30.92,5.78,2.7,ST20_Banjarmasin,
SHPM000113,AWB260000113,2026-03-03 13:45:50.842232,2026-03-03 14:21:50.842232,2026-03-03 14:33:50.842232,2026-03-03 19:44:24.602678,2026-03-03 19:59:24.602678,2026-03-03 21:17:24.602678,2026-03-04 02:46:50.784285,2026-03-04 11:49:43.217043,2026-03-04 19:21:40.049605,2026-03-05 03:55:57.555548,2026-03-05 18:26:06.092592,2026-03-06 13:45:50.842232,Delivered,Closed,SHP029,Shipper 029,SME,Outer Java,ST20_Banjarmasin,HB06_EASTERN_GATEWAY,East Java,ST12_Surabaya,HB03_SBY_GATEWAY,Inter-Region,Regular,COD,CR183,Van,0.81,1.16,1.16,431341,21220,12576,8,1,0,,15.0,72,1,0,,1,0,,0,,52.67,5.49,7.53,ST12_Surabaya,
SHPM000114,AWB260000114,2026-02-21 06:45:46.730156,2026-02-21 07:06:46.730156,2026-02-21 07:37:46.730156,2026-02-21 11:45:19.377013,2026-02-21 12:37:19.377013,2026-02-21 13:46:19.377013,2026-02-21 15:49:28.961691,2026-02-21 23:25:49.485343,2026-02-22 04:50:22.789276,2026-02-22 20:56:45.250159,2026-02-23 04:07:44.174585,2026-02-22 18:45:46.730156,Delivered,Closed,SHP047,Shipper 047,Marketplace,Central Java,ST09_Semarang,HB04_CTG_NATIONAL,East Java,ST12_Surabaya,HB03_SBY_GATEWAY,Inter-Region,Next Day,Prepaid,CR088,Van,1.26,1.85,1.85,797428,28325,16720,4,0,0,,52.0,36,0,0,,1,0,,0,,45.37,2.05,5.41,ST12_Surabaya,First Mile Delay
SHPM000115,AWB260000115,2026-02-19 21:33:31.720504,2026-02-19 22:13:31.720504,2026-02-19 22:43:31.720504,2026-02-19 23:50:46.237426,2026-02-20 00:23:46.237426,2026-02-20 01:58:46.237426,2026-02-20 03:27:39.671389,2026-02-20 11:25:03.956138,2026-02-20 15:38:43.228950,2026-02-21 01:19:45.576897,2026-02-21 07:02:06.630212,2026-02-21 09:33:31.720504,Delivered,Closed,SHP024,Shipper 024,Marketplace,Jabodetabek,ST03_JKT_East,HB01_JKT_GATEWAY,West Java,ST08_Bogor,HB01_JKT_GATEWAY,Inter-Region,Next Day,COD,CR026,Bike,0.59,0.63,0.63,1056858,26835,22493,4,1,0,,33.0,36,1,0,,1,0,,0,,33.48,1.48,4.23,ST08_Bogor,
SHPM000116,AWB260000116,2026-03-18 03:00:30.527620,2026-03-18 03:45:30.527620,2026-03-18 04:16:30.527620,2026-03-18 06:55:50.529631,2026-03-18 07:16:50.529631,2026-03-18 07:51:50.529631,2026-03-18 10:34:55.788408,2026-03-18 15:05:24.071834,2026-03-18 23:26:47.966917,2026-03-19 13:40:56.254020,2026-03-19 22:42:39.812816,2026-03-19 15:00:30.527620,Delivered,Closed,SHP061,Shipper 061,Enterprise,Outer Java,ST17_Makassar,HB06_EASTERN_GATEWAY,Central Java,ST10_Solo,HB04_CTG_NATIONAL,Inter-Region,Next Day,Prepaid,CR156,Van,1.16,1.13,1.16,638305,25220,20243,4,1,0,,21.0,36,0,0,,1,0,,0,,43.7,2.72,8.36,ST10_Solo,Last Mile Delay
SHPM000117,AWB260000117,2026-03-21 03:56:11.382975,2026-03-21 04:26:11.382975,2026-03-21 04:31:11.382975,2026-03-21 07:01:36.026895,2026-03-21 07:29:36.026895,2026-03-21 08:33:36.026895,2026-03-21 11:06:24.698659,2026-03-21 15:05:09.718415,2026-03-21 21:59:04.505921,2026-03-22 04:41:28.274698,,2026-03-24 03:56:11.382975,Delivery Exception,Exception,SHP049,Shipper 049,Enterprise,Jabodetabek,ST05_Tangerang,HB01_JKT_GATEWAY,Outer Java,ST16_Palembang,HB05_SUMATRA_GATEWAY,Inter-Region,Regular,COD,CR052,Bike,1.56,1.67,1.67,287605,23515,21198,8,1,0,,28.0,72,0,1,Customer Reschedule,2,0,,0,,392.06,2.55,6.9,ST16_Palembang,Delivery Exception
SHPM000118,AWB260000118,2026-03-08 16:16:40.575124,2026-03-08 16:35:40.575124,2026-03-08 17:07:40.575124,,,,,,,,,2026-03-10 04:16:40.575124,Failed Pickup,Exception,SHP093,Shipper 093,SME,East Java,ST13_Malang,HB03_SBY_GATEWAY,Jabodetabek,ST05_Tangerang,HB01_JKT_GATEWAY,Inter-Region,Next Day,Prepaid,CR119,Bike,1.82,1.83,1.83,1321313,28235,19026,4,0,1,Schedule Miss,,36,0,0,,0,0,,0,,691.72,,,ST13_Malang,
SHPM000119,AWB260000119,2026-03-02 23:05:15.684657,2026-03-02 23:34:15.684657,2026-03-03 00:02:15.684657,2026-03-03 07:10:14.653229,2026-03-03 07:55:14.653229,2026-03-03 09:38:14.653229,2026-03-03 14:03:38.178456,2026-03-03 16:11:57.525163,2026-03-04 01:30:00.161686,2026-03-04 09:03:57.995212,2026-03-04 21:58:57.387773,2026-03-04 23:05:15.684657,Delivered,Closed,SHP002,Shipper 002,Enterprise,Jabodetabek,ST04_Bekasi,HB01_JKT_GATEWAY,Jabodetabek,ST03_JKT_East,HB01_JKT_GATEWAY,Intra-Region,Regular,COD,CR041,Bike,1.31,1.29,1.31,578443,21895,18303,8,1,0,,45.0,48,1,0,,1,0,,0,,46.89,4.42,9.3,ST03_JKT_East,
SHPM000120,AWB260000120,2026-03-15 04:52:08.789949,2026-03-15 05:28:08.789949,2026-03-15 06:09:08.789949,2026-03-15 13:22:26.156691,2026-03-15 13:59:26.156691,2026-03-15 14:21:26.156691,2026-03-15 16:41:23.221099,2026-03-15 21:49:44.968222,2026-03-16 05:01:57.623953,2026-03-16 12:23:36.678920,2026-03-17 06:02:16.443465,2026-03-18 04:52:08.789949,Delivered,Closed,SHP064,Shipper 064,Marketplace,Jabodetabek,ST04_Bekasi,HB01_JKT_GATEWAY,Central Java,ST09_Semarang,HB04_CTG_NATIONAL,Inter-Region,Regular,Prepaid,CR037,Bike,0.58,0.62,0.62,164155,14790,9419,8,1,0,,37.0,72,1,0,,1,0,,0,,49.17,2.33,7.2,ST09_Semarang,
SHPM000121,AWB260000121,2026-03-19 14:42:18.367150,2026-03-19 15:22:18.367150,2026-03-19 15:40:18.367150,2026-03-19 23:35:03.860466,2026-03-20 00:10:03.860466,2026-03-20 00:52:03.860466,2026-03-20 06:44:02.793554,2026-03-20 10:37:18.609682,2026-03-20 17:21:01.103590,2026-03-21 08:40:38.574186,2026-03-22 04:16:07.929151,2026-03-22 14:42:18.367150,Delivered,Closed,SHP097,Shipper 097,SME,Jabodetabek,ST03_JKT_East,HB01_JKT_GATEWAY,Outer Java,ST20_Banjarmasin,HB06_EASTERN_GATEWAY,Inter-Region,Regular,Prepaid,CR019,Van,3.39,3.26,3.39,699575,27255,21849,8,0,0,,35.0,72,1,0,,1,0,,0,,61.56,5.87,6.73,ST20_Banjarmasin,
SHPM000122,AWB260000122,2026-03-18 08:01:44.333307,2026-03-18 08:41:44.333307,2026-03-18 09:13:44.333307,2026-03-18 12:02:47.058843,2026-03-18 12:10:47.058843,2026-03-18 13:10:47.058843,2026-03-18 17:48:06.243685,2026-03-18 21:48:26.295429,2026-03-18 23:43:18.962344,2026-03-19 13:54:29.058158,2026-03-20 01:31:07.533590,2026-03-21 08:01:44.333307,Delivered,Closed,SHP077,Shipper 077,Marketplace,Outer Java,ST16_Palembang,HB05_SUMATRA_GATEWAY,West Java,ST07_Cirebon,HB02_BDG_TRANSIT,Inter-Region,Regular,COD,CR148,Bike,1.42,1.48,1.48,1723202,22660,13603,8,1,0,,8.0,72,1,0,,1,0,,0,,41.49,4.62,1.91,ST07_Cirebon,
SHPM000123,AWB260000123,2026-03-02 01:15:33.454650,2026-03-02 01:24:33.454650,2026-03-02 01:43:33.454650,2026-03-02 04:24:02.729087,2026-03-02 04:41:02.729087,2026-03-02 06:14:02.729087,2026-03-02 08:38:59.052591,2026-03-02 13:55:41.422991,2026-03-02 18:48:33.932295,2026-03-03 01:03:38.727007,2026-03-03 04:40:06.624128,2026-03-03 13:15:33.454650,Delivered,Closed,SHP088,Shipper 088,SME,Outer Java,ST19_Denpasar,HB06_EASTERN_GATEWAY,Central Java,ST10_Solo,HB04_CTG_NATIONAL,Inter-Region,Next Day,Prepaid,CR177,Bike,1.56,1.58,1.58,1942060,27110,23325,4,1,0,,17.0,36,1,0,,1,0,,0,,27.41,2.42,4.88,ST10_Solo,
SHPM000124,AWB260000124,2026-02-20 04:32:08.694137,2026-02-20 05:17:08.694137,2026-02-20 05:59:08.694137,2026-02-20 09:52:09.224139,2026-02-20 10:39:09.224139,2026-02-20 12:39:09.224139,2026-02-20 16:44:14.023997,2026-02-20 22:58:09.823938,2026-02-21 08:10:46.376724,2026-02-22 00:01:38.940840,2026-02-22 07:15:42.248207,2026-02-23 04:32:08.694137,Delivered,Closed,SHP004,Shipper 004,Marketplace,Jabodetabek,ST01_JKT_Central,HB01_JKT_GATEWAY,West Java,ST08_Bogor,HB01_JKT_GATEWAY,Inter-Region,Regular,Prepaid,CR002,Bike,0.84,1.39,1.39,512895,18255,13628,8,1,0,,47.0,72,1,0,,1,0,,0,,50.73,4.08,9.21,ST08_Bogor,
SHPM000125,AWB260000125,2026-03-04 17:05:19.571146,2026-03-04 17:42:19.571146,2026-03-04 18:06:19.571146,2026-03-04 20:23:19.977632,2026-03-04 21:11:19.977632,2026-03-04 22:07:19.977632,2026-03-05 03:20:47.349900,2026-03-05 08:38:42.836700,2026-03-05 22:19:18.538665,2026-03-06 07:31:36.041723,2026-03-06 17:22:15.441471,2026-03-06 05:05:19.571146,Delivered,Closed,SHP069,Shipper 069,SME,West Java,ST06_Bandung,HB01_JKT_GATEWAY,Outer Java,ST19_Denpasar,HB06_EASTERN_GATEWAY,Inter-Region,Next Day,Prepaid,CR057,Bike,1.55,1.6,1.6,2042908,27200,16774,4,1,0,,48.0,36,0,0,,1,0,,0,,48.28,5.22,13.68,ST19_Denpasar,Hub Bottleneck
SHPM000126,AWB260000126,2026-03-08 01:11:38.387234,2026-03-08 01:45:38.387234,2026-03-08 02:08:38.387234,2026-03-08 04:58:22.277297,2026-03-08 05:44:22.277297,2026-03-08 06:10:22.277297,2026-03-08 10:01:31.046168,2026-03-08 16:34:40.116351,2026-03-08 20:56:37.151129,2026-03-09 06:09:52.739258,2026-03-09 16:37:54.431808,2026-03-09 13:11:38.387234,Delivered,Closed,SHP001,Shipper 001,Marketplace,Jabodetabek,ST03_JKT_East,HB01_JKT_GATEWAY,Outer Java,ST15_Medan,HB05_SUMATRA_GATEWAY,Inter-Region,Next Day,Prepaid,CR021,Bike,3.88,5.38,5.38,1137624,44210,40689,4,1,0,,46.0,36,0,0,,1,0,,0,,39.44,3.85,4.37,ST15_Medan,Remote Area
SHPM000127,AWB260000127,2026-03-16 05:00:31.351798,2026-03-16 05:45:31.351798,2026-03-16 06:05:31.351798,2026-03-16 08:48:37.590497,2026-03-16 09:37:37.590497,2026-03-16 10:20:37.590497,2026-03-16 12:06:35.145184,2026-03-16 19:29:55.840164,2026-03-17 07:28:16.324218,2026-03-18 01:05:41.007672,2026-03-18 06:58:55.723385,2026-03-17 17:00:31.351798,Delivered,Closed,SHP082,Shipper 082,SME,Outer Java,ST19_Denpasar,HB06_EASTERN_GATEWAY,East Java,ST13_Malang,HB03_SBY_GATEWAY,Inter-Region,Next Day,COD,CR174,Van,0.6,0.57,0.6,1352456,26700,21117,4,1,0,,49.0,36,0,0,,1,0,,0,,49.97,1.77,11.97,ST13_Malang,Hub Bottleneck
SHPM000128,AWB260000128,2026-02-22 02:12:54.268169,2026-02-22 02:21:54.268169,2026-02-22 02:47:54.268169,2026-02-22 05:33:14.197655,2026-02-22 06:32:14.197655,2026-02-22 07:33:14.197655,2026-02-22 10:17:43.739078,2026-02-22 14:51:41.003928,2026-02-22 22:35:49.560162,2026-02-23 03:54:42.439822,2026-02-23 14:49:23.597328,2026-02-23 14:12:54.268169,Delivered,Closed,SHP052,Shipper 052,Marketplace,Jabodetabek,ST05_Tangerang,HB01_JKT_GATEWAY,West Java,ST08_Bogor,HB01_JKT_GATEWAY,Inter-Region,Next Day,Prepaid,CR052,Bike,2.14,2.73,2.73,1169392,32285,25003,4,1,0,,59.0,36,0,0,,1,0,,0,,36.61,2.74,7.74,ST08_Bogor,Last Mile Delay
SHPM000129,AWB260000129,2026-02-21 20:55:57.823373,2026-02-21 21:35:57.823373,2026-02-21 21:43:57.823373,2026-02-21 22:27:13.754661,2026-02-21 23:08:13.754661,2026-02-22 00:47:13.754661,2026-02-22 04:25:16.138291,2026-02-22 08:27:53.281014,2026-02-22 10:35:45.440888,2026-02-22 18:12:18.016356,2026-02-22 21:11:25.153403,2026-02-22 12:55:57.823373,Delivered,Closed,SHP084,Shipper 084,Enterprise,Central Java,ST11_Yogyakarta,HB04_CTG_NATIONAL,West Java,ST06_Bandung,HB01_JKT_GATEWAY,Inter-Region,Same Day,Prepaid,CR104,Van,0.56,0.64,0.64,1099567,29880,18869,2,1,0,,41.0,16,0,0,,1,0,,0,,24.26,3.63,2.13,ST06_Bandung,Last Mile Delay
SHPM000130,AWB260000130,2026-03-17 06:49:56.884423,2026-03-17 07:27:56.884423,2026-03-17 07:50:56.884423,2026-03-17 08:32:08.216466,2026-03-17 09:31:08.216466,2026-03-17 10:24:08.216466,2026-03-17 12:34:59.902249,2026-03-17 22:24:33.337146,2026-03-18 05:10:20.642378,2026-03-18 20:43:37.228231,2026-03-19 06:03:38.648092,2026-03-18 18:49:56.884423,Delivered,Closed,SHP091,Shipper 091,SME,Outer Java,ST16_Palembang,HB05_SUMATRA_GATEWAY,Jabodetabek,ST04_Bekasi,HB01_JKT_GATEWAY,Inter-Region,Next Day,Prepaid,CR145,Bike,0.26,0.24,0.26,1024231,21170,15521,4,1,0,,59.0,36,0,0,,1,0,,0,,47.23,2.18,6.76,ST04_Bekasi,Last Mile Delay
SHPM000131,AWB260000131,2026-03-12 09:08:11.177415,2026-03-12 09:21:11.177415,2026-03-12 09:33:11.177415,2026-03-12 16:10:22.186070,2026-03-12 16:33:22.186070,2026-03-12 17:05:22.186070,2026-03-12 20:14:23.343437,2026-03-13 05:30:42.603781,2026-03-13 20:27:32.903852,2026-03-14 08:48:07.616498,,2026-03-15 09:08:11.177415,Return To Sender,RTS,SHP014,Shipper 014,Enterprise,Jabodetabek,ST02_JKT_West,HB01_JKT_GATEWAY,Outer Java,ST19_Denpasar,HB06_EASTERN_GATEWAY,Inter-Region,Regular,Prepaid,CR013,Bike,0.98,0.94,0.98,1243575,16410,11973,8,1,0,,23.0,72,0,1,Invalid Address,1,0,,1,Invalid Address,602.86,3.15,14.95,ST19_Denpasar,Hub Bottleneck
SHPM000132,AWB260000132,2026-02-16 18:01:43.998778,2026-02-16 18:44:43.998778,2026-02-16 19:14:43.998778,2026-02-17 00:04:54.374723,2026-02-17 01:12:54.374723,2026-02-17 02:44:54.374723,2026-02-17 06:05:32.117693,2026-02-17 13:17:19.692022,2026-02-17 16:43:14.002882,2026-02-18 02:45:27.144342,2026-02-18 20:19:15.424421,2026-02-19 18:01:43.998778,Delivered,Closed,SHP097,Shipper 097,SME,Jabodetabek,ST03_JKT_East,HB01_JKT_GATEWAY,West Java,ST08_Bogor,HB01_JKT_GATEWAY,Inter-Region,Regular,Prepaid,CR028,Van,1.73,2.65,2.65,1258353,23925,15712,8,1,0,,68.0,72,1,0,,1,0,,0,,50.29,3.34,3.43,ST08_Bogor,
SHPM000133,AWB260000133,2026-03-29 07:58:18.732758,2026-03-29 08:27:18.732758,2026-03-29 08:52:18.732758,2026-03-29 14:12:29.949265,2026-03-29 14:30:29.949265,2026-03-29 16:15:29.949265,2026-03-29 21:11:34.506787,2026-03-30 03:21:29.200614,2026-03-30 09:36:00.043213,2026-03-31 01:21:04.115971,2026-03-31 15:38:36.688081,2026-04-01 07:58:18.732758,Delivered,Closed,SHP023,Shipper 023,Enterprise,West Java,ST08_Bogor,HB01_JKT_GATEWAY,Jabodetabek,ST02_JKT_West,HB01_JKT_GATEWAY,Inter-Region,Regular,COD,CR076,Van,2.73,3.6,3.6,573424,32200,22924,8,1,0,,18.0,72,1,0,,1,0,,0,,55.67,4.93,6.24,ST02_JKT_West,
SHPM000134,AWB260000134,2026-03-12 14:28:41.853466,2026-03-12 15:07:41.853466,2026-03-12 15:43:41.853466,2026-03-12 16:48:28.912426,2026-03-12 17:41:28.912426,2026-03-12 18:21:28.912426,2026-03-12 23:46:14.784478,2026-03-13 02:29:31.958723,2026-03-13 10:06:40.161994,2026-03-14 00:21:36.946089,2026-03-14 10:48:54.742411,2026-03-14 02:28:41.853466,Delivered,Closed,SHP065,Shipper 065,Marketplace,Jabodetabek,ST01_JKT_Central,HB01_JKT_GATEWAY,Outer Java,ST18_Balikpapan,HB06_EASTERN_GATEWAY,Inter-Region,Next Day,Prepaid,CR010,Truck,2.83,2.6,2.83,1024245,32735,20358,4,1,0,,53.0,36,0,0,,1,0,,0,,44.34,5.41,7.62,ST18_Balikpapan,Remote Area
SHPM000135,AWB260000135,2026-03-19 10:07:48.671896,2026-03-19 10:40:48.671896,2026-03-19 11:06:48.671896,2026-03-19 12:42:17.700941,2026-03-19 13:32:17.700941,2026-03-19 13:48:17.700941,2026-03-19 17:05:53.268782,2026-03-19 21:31:11.187994,2026-03-20 04:43:35.531827,2026-03-20 06:16:10.796647,2026-03-20 16:00:42.425479,2026-03-21 10:07:48.671896,Delivered,Closed,SHP097,Shipper 097,SME,Jabodetabek,ST03_JKT_East,HB01_JKT_GATEWAY,Jabodetabek,ST01_JKT_Central,HB01_JKT_GATEWAY,Intra-Region,Regular,COD,CR025,Bike,1.51,2.43,2.43,466384,26935,22485,8,1,0,,50.0,48,1,0,,1,0,,0,,29.88,3.29,7.21,ST01_JKT_Central,
SHPM000136,AWB260000136,2026-02-19 02:45:29.994483,2026-02-19 03:16:29.994483,2026-02-19 04:10:29.994483,2026-02-19 06:43:32.371501,2026-02-19 08:09:32.371501,2026-02-19 09:59:32.371501,2026-02-19 16:50:34.430337,2026-02-19 19:35:16.467426,2026-02-20 04:26:02.489781,2026-02-20 14:21:36.851435,,2026-02-19 18:45:29.994483,Lost,Exception,SHP025,Shipper 025,Marketplace,East Java,ST12_Surabaya,HB03_SBY_GATEWAY,Central Java,ST09_Semarang,HB04_CTG_NATIONAL,Inter-Region,Same Day,Prepaid,CR107,Bike,1.46,1.51,1.51,1874690,33795,22621,2,0,0,,86.0,16,0,0,,1,1,Lost,0,,1113.24,6.85,8.85,HB03_SBY_GATEWAY,
SHPM000137,AWB260000137,2026-02-21 15:15:20.327721,2026-02-21 15:42:20.327721,2026-02-21 16:24:20.327721,2026-02-21 17:11:56.979798,2026-02-21 17:36:56.979798,2026-02-21 19:09:56.979798,2026-02-21 21:19:45.969309,2026-02-22 01:39:12.025556,2026-02-22 05:11:08.421076,2026-02-22 11:43:20.514970,2026-02-22 15:59:18.479886,2026-02-22 07:15:20.327721,Delivered,Closed,SHP029,Shipper 029,SME,Outer Java,ST18_Balikpapan,HB06_EASTERN_GATEWAY,Central Java,ST11_Yogyakarta,HB04_CTG_NATIONAL,Inter-Region,Same Day,Prepaid,CR172,Truck,2.12,2.09,2.12,1909202,36540,23892,2,1,0,,25.0,16,0,0,,1,0,,0,,24.73,2.16,3.53,ST11_Yogyakarta,Last Mile Delay
SHPM000138,AWB260000138,2026-03-05 23:15:27.294548,2026-03-05 23:41:27.294548,2026-03-06 00:22:27.294548,2026-03-06 02:29:38.460751,2026-03-06 02:37:38.460751,2026-03-06 03:11:38.460751,2026-03-06 07:19:48.069530,2026-03-06 16:27:59.349342,2026-03-06 23:36:16.722542,2026-03-07 08:57:39.854374,2026-03-07 18:28:37.280219,2026-03-07 11:15:27.294548,Delivered,Closed,SHP035,Shipper 035,Enterprise,Jabodetabek,ST02_JKT_West,HB01_JKT_GATEWAY,East Java,ST13_Malang,HB03_SBY_GATEWAY,Inter-Region,Next Day,Prepaid,CR018,Bike,1.71,2.18,2.18,1164256,29810,27843,4,1,0,,8.0,36,0,0,,1,0,,0,,43.22,4.14,7.14,ST13_Malang,Last Mile Delay
SHPM000139,AWB260000139,2026-03-20 01:06:58.734402,2026-03-20 01:30:58.734402,2026-03-20 01:55:58.734402,2026-03-20 02:10:23.685241,2026-03-20 02:31:23.685241,2026-03-20 03:43:23.685241,2026-03-20 08:52:13.919682,2026-03-20 13:17:29.626387,2026-03-20 20:18:18.422251,2026-03-21 03:34:49.018754,,2026-03-20 17:06:58.734402,Return To Sender,RTS,SHP058,Shipper 058,Enterprise,Jabodetabek,ST01_JKT_Central,HB01_JKT_GATEWAY,East Java,ST13_Malang,HB03_SBY_GATEWAY,Inter-Region,Same Day,Prepaid,CR003,Van,2.17,2.18,2.18,446564,36810,29163,2,1,0,,21.0,16,0,1,Customer Not Home,1,0,,1,Customer Not Home,418.88,5.15,7.01,ST13_Malang,Delivery Exception
SHPM000140,AWB260000140,2026-03-09 20:57:38.771605,2026-03-09 21:04:38.771605,2026-03-09 21:25:38.771605,2026-03-09 23:24:01.493810,2026-03-09 23:37:01.493810,2026-03-10 01:16:01.493810,2026-03-10 05:59:41.478863,2026-03-10 08:10:28.910384,2026-03-10 17:38:19.976805,2026-03-11 06:56:38.196681,2026-03-11 21:45:46.666390,2026-03-12 20:57:38.771605,Delivered,Closed,SHP092,Shipper 092,Marketplace,Jabodetabek,ST05_Tangerang,HB01_JKT_GATEWAY,East Java,ST12_Surabaya,HB03_SBY_GATEWAY,Inter-Region,Regular,COD,CR044,Bike,1.53,1.52,1.53,1503896,22885,17368,8,1,0,,13.0,72,1,0,,1,0,,0,,48.8,4.73,9.46,ST12_Surabaya,
SHPM000141,AWB260000141,2026-03-17 14:32:25.826569,2026-03-17 14:40:25.826569,2026-03-17 15:17:25.826569,2026-03-17 16:04:34.906819,2026-03-17 16:58:34.906819,2026-03-17 17:35:34.906819,2026-03-17 22:06:59.103505,2026-03-18 07:14:47.849269,2026-03-18 20:05:04.491094,2026-03-19 06:52:49.628320,2026-03-19 17:53:13.661371,2026-03-19 02:32:25.826569,Delivered,Closed,SHP015,Shipper 015,Marketplace,West Java,ST06_Bandung,HB01_JKT_GATEWAY,Outer Java,ST15_Medan,HB05_SUMATRA_GATEWAY,Inter-Region,Next Day,Prepaid,CR060,Bike,0.96,0.92,0.96,570271,24320,14069,4,1,0,,54.0,36,0,0,,1,0,,0,,51.35,4.52,12.84,ST15_Medan,Hub Bottleneck
SHPM000142,AWB260000142,2026-03-29 03:15:03.576641,2026-03-29 03:41:03.576641,2026-03-29 04:14:03.576641,2026-03-29 04:47:57.589970,2026-03-29 04:55:57.589970,2026-03-29 06:09:57.589970,2026-03-29 11:23:41.382695,2026-03-29 13:31:25.888807,2026-03-29 21:16:34.644492,2026-03-30 02:35:09.285473,2026-03-30 12:15:43.908562,2026-03-30 03:15:03.576641,Delivered,Closed,SHP061,Shipper 061,Enterprise,Outer Java,ST17_Makassar,HB06_EASTERN_GATEWAY,Outer Java,ST15_Medan,HB05_SUMATRA_GATEWAY,Intra-Region,Next Day,Prepaid,CR159,Bike,1.89,2.19,2.19,1957944,29855,23787,4,1,0,,8.0,24,0,0,,1,0,,0,,33.01,5.23,7.75,ST15_Medan,Remote Area
SHPM000143,AWB260000143,2026-03-08 06:45:29.521922,2026-03-08 06:57:29.521922,2026-03-08 07:13:29.521922,2026-03-08 10:11:29.106777,2026-03-08 10:36:29.106777,2026-03-08 10:59:29.106777,2026-03-08 14:58:57.772046,2026-03-08 22:28:00.422086,2026-03-09 06:13:44.546774,2026-03-09 21:53:14.262880,2026-03-10 03:49:55.666450,2026-03-11 06:45:29.521922,Delivered,Closed,SHP024,Shipper 024,Marketplace,Jabodetabek,ST03_JKT_East,HB01_JKT_GATEWAY,East Java,ST13_Malang,HB03_SBY_GATEWAY,Inter-Region,Regular,Prepaid,CR028,Van,2.47,3.62,3.62,312557,28290,26093,8,1,0,,25.0,72,1,0,,1,0,,0,,45.07,3.99,7.76,ST13_Malang,
SHPM000144,AWB260000144,2026-03-13 17:46:45.148866,2026-03-13 18:28:45.148866,2026-03-13 19:31:45.148866,2026-03-13 22:32:18.602370,2026-03-13 23:12:18.602370,2026-03-14 00:37:18.602370,2026-03-14 06:27:40.793669,2026-03-14 08:28:05.081115,2026-03-14 15:50:54.224862,2026-03-15 09:34:17.208414,2026-03-15 21:50:01.467693,2026-03-16 17:46:45.148866,Delivered,Closed,SHP082,Shipper 082,SME,Outer Java,ST20_Banjarmasin,HB06_EASTERN_GATEWAY,Jabodetabek,ST04_Bekasi,HB01_JKT_GATEWAY,Inter-Region,Regular,Prepaid,CR187,Truck,0.41,0.44,0.44,2296415,13980,11702,8,1,0,,40.0,72,1,0,,1,0,,0,,52.05,5.84,7.38,ST04_Bekasi,
SHPM000145,AWB260000145,2026-03-15 17:20:57.063158,2026-03-15 18:03:57.063158,2026-03-15 18:46:57.063158,2026-03-16 01:48:22.863066,2026-03-16 02:14:22.863066,2026-03-16 02:57:22.863066,2026-03-16 04:53:07.101672,2026-03-16 11:43:18.811483,2026-03-16 19:17:24.886812,2026-03-17 11:17:55.308708,2026-03-17 20:26:10.597981,2026-03-18 17:20:57.063158,Delivered,Closed,SHP045,Shipper 045,Marketplace,Jabodetabek,ST02_JKT_West,HB01_JKT_GATEWAY,Central Java,ST10_Solo,HB04_CTG_NATIONAL,Inter-Region,Regular,Prepaid,CR015,Truck,1.19,1.09,1.19,1327646,17355,12432,8,1,0,,26.0,72,1,0,,1,0,,0,,51.09,1.93,7.57,ST10_Solo,
SHPM000146,AWB260000146,2026-03-31 13:10:25.036232,2026-03-31 13:19:25.036232,2026-03-31 13:40:25.036232,2026-03-31 21:38:55.385102,2026-03-31 21:53:55.385102,2026-03-31 22:09:55.385102,2026-04-01 01:30:35.023688,2026-04-01 07:36:39.721267,2026-04-01 14:02:16.705689,2026-04-02 04:34:39.226509,2026-04-02 09:04:19.669014,2026-04-03 13:10:25.036232,Delivered,Closed,SHP072,Shipper 072,Enterprise,Outer Java,ST18_Balikpapan,HB06_EASTERN_GATEWAY,West Java,ST06_Bandung,HB01_JKT_GATEWAY,Inter-Region,Regular,Prepaid,CR173,Truck,0.73,0.75,0.75,570925,15375,12334,8,0,0,,15.0,72,1,0,,1,0,,0,,43.9,3.34,6.43,ST06_Bandung,
SHPM000147,AWB260000147,2026-03-29 03:11:16.548506,2026-03-29 03:55:16.548506,2026-03-29 04:18:16.548506,2026-03-29 07:08:36.817467,2026-03-29 08:24:36.817467,2026-03-29 08:58:36.817467,2026-03-29 13:16:21.618993,2026-03-29 18:13:50.903696,2026-03-29 21:34:20.999693,2026-03-30 12:44:43.296300,2026-03-31 06:31:20.507848,2026-04-01 03:11:16.548506,Delivered,Closed,SHP074,Shipper 074,Enterprise,Outer Java,ST15_Medan,HB05_SUMATRA_GATEWAY,Jabodetabek,ST02_JKT_West,HB01_JKT_GATEWAY,Inter-Region,Regular,Prepaid,CR141,Bike,0.5,0.67,0.67,387324,15015,8719,8,1,0,,76.0,72,1,0,,1,0,,0,,51.33,4.3,3.34,ST02_JKT_West,
SHPM000148,AWB260000148,2026-03-31 01:41:19.411108,2026-03-31 02:05:19.411108,2026-03-31 02:10:19.411108,2026-03-31 08:52:23.862064,2026-03-31 09:37:23.862064,2026-03-31 10:25:23.862064,2026-03-31 12:08:56.559021,2026-03-31 21:06:40.557813,2026-03-31 22:44:08.980729,2026-04-01 15:47:22.994948,2026-04-01 20:21:50.282746,2026-04-03 01:41:19.411108,Delivered,Closed,SHP084,Shipper 084,Enterprise,Central Java,ST10_Solo,HB04_CTG_NATIONAL,East Java,ST13_Malang,HB03_SBY_GATEWAY,Inter-Region,Regular,Prepaid,CR098,Bike,2.11,2.5,2.5,1812222,23250,13275,8,1,0,,45.0,72,1,0,,1,0,,0,,42.68,1.73,1.62,ST13_Malang,
SHPM000149,AWB260000149,2026-03-28 20:30:12.073892,2026-03-28 20:56:12.073892,2026-03-28 21:07:12.073892,2026-03-28 21:58:36.780784,2026-03-28 22:06:36.780784,2026-03-28 23:13:36.780784,2026-03-29 00:42:55.358455,2026-03-29 03:32:47.888257,2026-03-29 11:17:48.590396,2026-03-29 19:58:46.890890,,2026-03-30 08:30:12.073892,Delivery Exception,Exception,SHP095,Shipper 095,Enterprise,Central Java,ST11_Yogyakarta,HB04_CTG_NATIONAL,Outer Java,ST17_Makassar,HB06_EASTERN_GATEWAY,Inter-Region,Next Day,COD,CR106,Bike,0.63,0.65,0.65,565405,26925,22045,4,1,0,,8.0,36,0,1,Customer Not Home,2,0,,0,,207.5,1.49,7.75,ST17_Makassar,Delivery Exception
SHPM000150,AWB260000150,2026-03-19 04:55:15.187417,2026-03-19 05:20:15.187417,2026-03-19 05:47:15.187417,2026-03-19 10:03:27.666196,2026-03-19 11:15:27.666196,2026-03-19 12:03:27.666196,2026-03-19 17:50:08.568782,2026-03-19 21:57:10.916533,2026-03-20 04:04:44.645212,2026-03-20 15:28:17.224816,2026-03-20 21:29:08.403874,2026-03-22 04:55:15.187417,Delivered,Closed,SHP087,Shipper 087,Enterprise,Jabodetabek,ST02_JKT_West,HB01_JKT_GATEWAY,East Java,ST14_Kediri,HB03_SBY_GATEWAY,Inter-Region,Regular,Prepaid,CR014,Van,0.72,1.05,1.05,308857,16725,12232,8,1,0,,72.0,72,1,0,,1,0,,0,,40.56,5.78,6.13,ST14_Kediri,
SHPM000151,AWB260000151,2026-03-21 23:23:15.986954,2026-03-21 23:49:15.986954,2026-03-22 00:29:15.986954,2026-03-22 05:15:21.109192,2026-03-22 05:38:21.109192,2026-03-22 07:26:21.109192,2026-03-22 12:20:37.975857,2026-03-22 20:37:36.968964,2026-03-23 07:24:36.191462,2026-03-24 00:48:50.661651,2026-03-24 09:50:20.145311,2026-03-24 23:23:15.986954,Delivered,Closed,SHP067,Shipper 067,SME,East Java,ST14_Kediri,HB03_SBY_GATEWAY,Jabodetabek,ST01_JKT_Central,HB01_JKT_GATEWAY,Inter-Region,Regular,Prepaid,CR130,Bike,0.68,0.98,0.98,2275704,16410,13387,8,1,0,,23.0,72,1,0,,1,0,,0,,58.45,4.9,10.78,ST01_JKT_Central,
SHPM000152,AWB260000152,2026-03-18 03:23:19.472798,2026-03-18 04:08:19.472798,2026-03-18 04:30:19.472798,2026-03-18 06:19:55.660520,2026-03-18 06:35:55.660520,2026-03-18 06:53:55.660520,2026-03-18 11:29:50.963145,2026-03-18 18:14:27.791485,2026-03-19 00:52:40.781893,2026-03-19 06:41:48.837017,2026-03-19 10:00:23.102608,2026-03-18 19:23:19.472798,Delivered,Closed,SHP065,Shipper 065,Marketplace,Jabodetabek,ST01_JKT_Central,HB01_JKT_GATEWAY,West Java,ST07_Cirebon,HB02_BDG_TRANSIT,Inter-Region,Same Day,Prepaid,CR007,Truck,2.84,2.92,2.92,805848,40140,25143,2,0,0,,16.0,16,0,0,,1,0,,0,,30.62,4.6,6.64,ST07_Cirebon,First Mile Delay
SHPM000153,AWB260000153,2026-04-01 02:52:14.682149,2026-04-01 02:58:14.682149,2026-04-01 03:14:14.682149,2026-04-01 06:58:28.836919,2026-04-01 08:10:28.836919,2026-04-01 09:23:28.836919,2026-04-01 16:17:30.036533,2026-04-01 18:48:12.015854,2026-04-02 11:11:41.829787,2026-04-02 23:55:46.772442,2026-04-03 15:37:55.928220,2026-04-04 02:52:14.682149,Delivered,Closed,SHP006,Shipper 006,Marketplace,East Java,ST12_Surabaya,HB03_SBY_GATEWAY,West Java,ST08_Bogor,HB01_JKT_GATEWAY,Inter-Region,Regular,Prepaid,CR108,Bike,5.92,8.32,8.32,2233349,49440,27921,8,1,0,,72.0,72,1,0,,1,0,,0,,60.76,6.9,16.39,ST08_Bogor,
SHPM000154,AWB260000154,2026-03-20 15:58:57.940869,2026-03-20 16:40:57.940869,2026-03-20 17:13:57.940869,,,,,,,,,2026-03-23 15:58:57.940869,Failed Pickup,Exception,SHP011,Shipper 011,Enterprise,Jabodetabek,ST03_JKT_East,HB01_JKT_GATEWAY,Central Java,ST09_Semarang,HB04_CTG_NATIONAL,Inter-Region,Regular,Prepaid,CR026,Bike,0.99,1.28,1.28,1459153,17760,13699,8,0,1,Capacity Full,,72,0,0,,0,0,,0,,404.02,,,ST03_JKT_East,
SHPM000155,AWB260000155,2026-02-23 09:39:26.269343,2026-02-23 10:23:26.269343,2026-02-23 11:07:26.269343,2026-02-23 12:25:21.434383,2026-02-23 12:54:21.434383,2026-02-23 13:24:21.434383,2026-02-23 19:20:20.297829,2026-02-24 00:14:46.095132,2026-02-24 19:50:05.688126,2026-02-25 04:44:08.805439,2026-02-25 09:28:43.484010,2026-02-25 09:39:26.269343,Delivered,Closed,SHP068,Shipper 068,Marketplace,East Java,ST13_Malang,HB03_SBY_GATEWAY,East Java,ST13_Malang,HB03_SBY_GATEWAY,Intra-Region,Regular,Prepaid,CR116,Van,1.69,1.84,1.84,1255116,20280,11459,8,1,0,,29.0,48,1,0,,1,0,,0,,47.82,5.93,19.59,ST13_Malang,
SHPM000156,AWB260000156,2026-02-20 10:11:08.254759,2026-02-20 10:27:08.254759,2026-02-20 10:56:08.254759,2026-02-20 11:58:44.830849,2026-02-20 12:40:44.830849,2026-02-20 14:09:44.830849,2026-02-20 16:47:32.332507,2026-02-20 18:35:14.352603,2026-02-21 03:11:39.378837,2026-02-21 07:08:12.872728,2026-02-21 08:23:52.117872,2026-02-20 20:11:08.254759,Delivered,Closed,SHP086,Shipper 086,Marketplace,Jabodetabek,ST04_Bekasi,HB01_JKT_GATEWAY,Jabodetabek,ST01_JKT_Central,HB01_JKT_GATEWAY,Intra-Region,Same Day,Prepaid,CR031,Truck,0.79,0.85,0.85,932388,30825,18241,2,1,0,,42.0,10,0,0,,1,0,,0,,22.21,2.63,8.61,ST01_JKT_Central,Last Mile Delay
SHPM000157,AWB260000157,2026-03-04 06:46:53.783368,2026-03-04 07:20:53.783368,2026-03-04 07:40:53.783368,2026-03-04 11:42:59.858104,2026-03-04 12:23:59.858104,2026-03-04 13:59:59.858104,2026-03-04 19:45:49.540663,2026-03-05 05:00:30.189956,2026-03-05 12:34:43.180609,2026-03-06 00:45:52.144462,2026-03-06 10:31:27.393784,2026-03-05 18:46:53.783368,Delivered,Closed,SHP051,Shipper 051,Marketplace,Outer Java,ST19_Denpasar,HB06_EASTERN_GATEWAY,West Java,ST07_Cirebon,HB02_BDG_TRANSIT,Inter-Region,Next Day,Prepaid,CR178,Bike,0.72,0.89,0.89,218534,24005,18663,4,0,0,,41.0,36,0,0,,1,0,,0,,51.74,5.76,7.57,ST07_Cirebon,First Mile Delay
SHPM000158,AWB260000158,2026-03-08 18:59:44.668728,2026-03-08 19:36:44.668728,2026-03-08 20:18:44.668728,2026-03-09 03:21:41.210011,2026-03-09 04:04:41.210011,2026-03-09 04:49:41.210011,2026-03-09 06:14:36.857442,2026-03-09 14:16:05.523765,2026-03-10 02:25:21.912231,2026-03-10 10:15:24.615738,2026-03-11 03:35:39.401974,2026-03-11 18:59:44.668728,Delivered,Closed,SHP002,Shipper 002,Enterprise,Jabodetabek,ST01_JKT_Central,HB01_JKT_GATEWAY,Outer Java,ST18_Balikpapan,HB06_EASTERN_GATEWAY,Inter-Region,Regular,COD,CR008,Van,1.38,1.24,1.38,2606412,22210,12571,8,1,0,,43.0,72,1,0,,1,0,,0,,56.6,1.42,12.15,ST18_Balikpapan,
SHPM000159,AWB260000159,2026-03-08 04:43:45.377996,2026-03-08 05:15:45.377996,2026-03-08 05:43:45.377996,2026-03-08 08:26:54.515744,2026-03-08 08:34:54.515744,2026-03-08 10:08:54.515744,2026-03-08 15:33:09.766207,2026-03-08 23:26:19.676819,2026-03-09 01:30:51.558142,2026-03-09 18:48:12.638496,2026-03-10 00:05:37.782326,2026-03-09 16:43:45.377996,Delivered,Closed,SHP061,Shipper 061,Enterprise,Outer Java,ST18_Balikpapan,HB06_EASTERN_GATEWAY,East Java,ST13_Malang,HB03_SBY_GATEWAY,Inter-Region,Next Day,COD,CR171,Bike,1.97,2.84,2.84,807123,36780,30391,4,1,0,,8.0,36,0,0,,1,0,,0,,43.36,5.4,2.08,ST13_Malang,Last Mile Delay
SHPM000160,AWB260000160,2026-03-03 19:34:10.234282,2026-03-03 19:56:10.234282,2026-03-03 20:22:10.234282,2026-03-04 05:46:40.730230,2026-03-04 07:17:40.730230,2026-03-04 08:58:40.730230,2026-03-04 17:53:49.523593,2026-03-04 23:30:46.501013,2026-03-05 18:34:16.312000,2026-03-06 12:17:10.664005,2026-03-07 00:39:56.601468,2026-03-06 19:34:10.234282,Delivered,Closed,SHP060,Shipper 060,Enterprise,East Java,ST12_Surabaya,HB03_SBY_GATEWAY,Outer Java,ST16_Palembang,HB05_SUMATRA_GATEWAY,Inter-Region,Regular,Prepaid,CR109,Bike,3.56,3.7,3.7,1610911,28650,24477,8,0,0,,91.0,72,0,0,,1,0,,0,,77.1,8.92,19.06,ST16_Palembang,First Mile Delay
SHPM000161,AWB260000161,2026-03-30 10:41:11.395011,2026-03-30 11:00:11.395011,2026-03-30 11:35:11.395011,2026-03-30 14:12:08.074015,2026-03-30 14:29:08.074015,2026-03-30 15:46:08.074015,2026-03-30 19:44:08.504606,2026-03-31 03:18:38.175731,2026-03-31 17:54:26.696058,2026-04-01 02:51:37.749489,2026-04-01 10:35:46.935693,2026-03-31 22:41:11.395011,Delivered,Closed,SHP016,Shipper 016,Marketplace,Jabodetabek,ST02_JKT_West,HB01_JKT_GATEWAY,Outer Java,ST15_Medan,HB05_SUMATRA_GATEWAY,Inter-Region,Next Day,COD,CR012,Bike,1.29,1.69,1.69,1333362,31605,21068,4,1,0,,17.0,36,0,0,,1,0,,0,,47.91,3.97,14.6,ST15_Medan,Hub Bottleneck
SHPM000162,AWB260000162,2026-03-21 22:48:10.459656,2026-03-21 23:21:10.459656,2026-03-21 23:48:10.459656,2026-03-22 00:29:05.006389,2026-03-22 01:19:05.006389,2026-03-22 02:21:05.006389,2026-03-22 05:35:36.730131,2026-03-22 15:23:50.141683,2026-03-22 22:30:01.845472,2026-03-24 10:08:07.540479,2026-03-24 13:32:23.666344,2026-03-23 10:48:10.459656,Delivered,Closed,SHP036,Shipper 036,Marketplace,West Java,ST08_Bogor,HB01_JKT_GATEWAY,Jabodetabek,ST05_Tangerang,HB01_JKT_GATEWAY,Inter-Region,Next Day,COD,CR078,Van,4.19,3.9,4.19,559165,42855,24275,4,1,0,,50.0,36,0,0,,1,1,Weather Delay,0,,62.74,3.24,7.1,ST05_Tangerang,Last Mile Delay
SHPM000163,AWB260000163,2026-03-12 01:54:40.771180,2026-03-12 02:13:40.771180,2026-03-12 02:36:40.771180,2026-03-12 08:18:43.243507,2026-03-12 08:58:43.243507,2026-03-12 10:51:43.243507,2026-03-12 13:15:05.932552,2026-03-12 15:25:55.333567,2026-03-13 13:46:57.051619,2026-03-13 19:55:06.292275,2026-03-15 01:56:48.848771,2026-03-15 01:54:40.771180,Delivered,Closed,SHP067,Shipper 067,SME,East Java,ST14_Kediri,HB03_SBY_GATEWAY,Outer Java,ST19_Denpasar,HB06_EASTERN_GATEWAY,Inter-Region,Regular,COD,CR126,Bike,1.0,0.91,1.0,1413440,20500,12233,8,1,0,,40.0,72,0,0,,1,0,,0,,72.04,2.39,22.35,ST19_Denpasar,Hub Bottleneck
SHPM000164,AWB260000164,2026-03-03 14:25:46.265026,2026-03-03 14:57:46.265026,2026-03-03 15:23:46.265026,2026-03-03 18:14:06.025498,2026-03-03 18:31:06.025498,2026-03-03 19:53:06.025498,2026-03-04 01:49:05.515750,2026-03-04 04:20:49.650248,2026-03-04 15:55:41.252521,2026-03-05 06:45:27.390227,2026-03-05 12:29:17.644279,2026-03-05 02:25:46.265026,Delivered,Closed,SHP087,Shipper 087,Enterprise,Jabodetabek,ST02_JKT_West,HB01_JKT_GATEWAY,West Java,ST07_Cirebon,HB02_BDG_TRANSIT,Inter-Region,Next Day,Prepaid,CR013,Van,1.33,1.39,1.39,862601,26255,19087,4,1,0,,17.0,36,0,0,,1,0,,0,,46.06,5.93,11.58,ST07_Cirebon,Hub Bottleneck
SHPM000165,AWB260000165,2026-03-19 13:37:09.137255,2026-03-19 14:22:09.137255,2026-03-19 14:32:09.137255,2026-03-19 19:48:44.677138,2026-03-19 20:31:44.677138,2026-03-19 21:17:44.677138,2026-03-19 22:26:16.643666,2026-03-20 06:33:20.532313,2026-03-20 13:13:57.830819,2026-03-21 06:51:03.096101,2026-03-21 14:27:41.837606,2026-03-22 13:37:09.137255,Delivered,Closed,SHP014,Shipper 014,Enterprise,Jabodetabek,ST05_Tangerang,HB01_JKT_GATEWAY,West Java,ST06_Bandung,HB01_JKT_GATEWAY,Inter-Region,Regular,Prepaid,CR048,Truck,1.47,1.39,1.47,1722447,18615,11385,8,1,0,,43.0,72,1,0,,1,0,,0,,48.84,1.14,6.68,ST06_Bandung,
SHPM000166,AWB260000166,2026-03-18 13:31:42.421950,2026-03-18 13:54:42.421950,2026-03-18 13:59:42.421950,2026-03-18 17:49:27.354497,2026-03-18 18:18:27.354497,2026-03-18 20:09:27.354497,2026-03-18 21:59:35.801070,2026-03-19 02:34:26.878656,2026-03-19 07:23:39.633006,2026-03-19 23:22:45.393641,2026-03-20 04:38:31.128386,2026-03-20 01:31:42.421950,Delivered,Closed,SHP084,Shipper 084,Enterprise,Central Java,ST11_Yogyakarta,HB04_CTG_NATIONAL,East Java,ST13_Malang,HB03_SBY_GATEWAY,Inter-Region,Next Day,Prepaid,CR102,Bike,0.23,0.26,0.26,615487,21170,15195,4,1,0,,29.0,36,0,0,,1,0,,0,,39.11,1.84,4.82,ST13_Malang,Last Mile Delay
SHPM000167,AWB260000167,2026-03-03 04:11:48.811855,2026-03-03 04:23:48.811855,2026-03-03 04:28:48.811855,2026-03-03 05:12:24.157272,2026-03-03 06:12:24.157272,2026-03-03 07:55:24.157272,2026-03-03 10:44:10.391455,2026-03-03 19:16:21.106109,2026-03-04 06:06:52.763476,2026-03-04 18:53:02.719800,2026-03-04 23:01:14.141219,2026-03-03 20:11:48.811855,Delivered,Closed,SHP014,Shipper 014,Enterprise,Jabodetabek,ST05_Tangerang,HB01_JKT_GATEWAY,East Java,ST12_Surabaya,HB03_SBY_GATEWAY,Inter-Region,Same Day,Prepaid,CR052,Van,0.83,0.85,0.85,1852000,30825,23435,2,1,0,,60.0,16,0,0,,1,0,,0,,42.82,2.81,10.84,ST12_Surabaya,Hub Bottleneck
SHPM000168,AWB260000168,2026-02-25 15:42:52.659605,2026-02-25 16:25:52.659605,2026-02-25 17:00:52.659605,2026-02-25 17:21:50.045828,2026-02-25 18:40:50.045828,2026-02-25 19:30:50.045828,2026-02-26 01:15:28.294719,2026-02-26 06:02:25.987122,2026-02-26 09:13:35.054424,2026-02-26 20:44:04.745060,2026-02-27 00:12:53.127304,2026-02-26 07:42:52.659605,Delivered,Closed,SHP014,Shipper 014,Enterprise,Jabodetabek,ST05_Tangerang,HB01_JKT_GATEWAY,East Java,ST12_Surabaya,HB03_SBY_GATEWAY,Inter-Region,Same Day,COD,CR045,Van,1.24,1.46,1.46,292134,37570,30695,2,1,0,,79.0,16,0,0,,1,0,,0,,32.5,5.74,3.19,ST12_Surabaya,Last Mile Delay
SHPM000169,AWB260000169,2026-02-16 00:16:22.934179,2026-02-16 00:45:22.934179,2026-02-16 01:23:22.934179,2026-02-16 01:57:05.828645,2026-02-16 03:29:05.828645,2026-02-16 05:14:05.828645,2026-02-16 09:13:20.552027,2026-02-16 11:52:49.292847,2026-02-16 21:01:58.985876,2026-02-17 07:58:24.047749,2026-02-17 16:29:09.902165,2026-02-16 16:16:22.934179,Delivered,Closed,SHP019,Shipper 019,Marketplace,West Java,ST07_Cirebon,HB02_BDG_TRANSIT,Outer Java,ST20_Banjarmasin,HB06_EASTERN_GATEWAY,Inter-Region,Same Day,Prepaid,CR066,Van,1.24,1.26,1.26,907056,32670,30484,2,1,0,,92.0,16,0,0,,1,0,,0,,40.21,3.99,9.15,ST20_Banjarmasin,Remote Area
SHPM000170,AWB260000170,2026-03-06 21:45:58.803908,2026-03-06 22:00:58.803908,2026-03-06 22:57:58.803908,2026-03-07 01:16:37.868062,2026-03-07 02:15:37.868062,2026-03-07 03:24:37.868062,2026-03-07 08:02:11.477068,2026-03-07 12:15:52.805038,2026-03-08 07:30:28.322555,2026-03-08 16:03:23.449154,2026-03-08 22:20:20.220733,2026-03-08 09:45:58.803908,Delivered,Closed,SHP090,Shipper 090,Enterprise,East Java,ST14_Kediri,HB03_SBY_GATEWAY,West Java,ST08_Bogor,HB01_JKT_GATEWAY,Inter-Region,Next Day,Prepaid,CR127,Van,1.0,1.1,1.1,835370,24950,19616,4,1,0,,59.0,36,0,0,,1,0,,0,,48.57,4.63,19.24,ST08_Bogor,Hub Bottleneck
SHPM000171,AWB260000171,2026-03-05 16:38:39.896587,2026-03-05 17:16:39.896587,2026-03-05 17:46:39.896587,2026-03-05 18:14:28.414356,2026-03-05 18:22:28.414356,2026-03-05 19:20:28.414356,2026-03-06 00:23:19.083109,2026-03-06 06:42:46.317933,2026-03-06 09:28:06.038560,2026-03-07 03:20:51.339827,2026-03-07 06:54:33.079041,2026-03-06 08:38:39.896587,Delivered,Closed,SHP030,Shipper 030,Enterprise,Jabodetabek,ST01_JKT_Central,HB01_JKT_GATEWAY,Outer Java,ST15_Medan,HB05_SUMATRA_GATEWAY,Inter-Region,Same Day,Prepaid,CR002,Van,2.87,2.67,2.87,1280908,39915,23491,2,1,0,,8.0,16,0,0,,1,0,,0,,38.26,5.05,2.76,ST15_Medan,Remote Area
SHPM000172,AWB260000172,2026-02-23 12:36:46.141693,2026-02-23 13:06:46.141693,2026-02-23 13:32:46.141693,2026-02-23 16:41:00.494575,2026-02-23 17:45:00.494575,2026-02-23 18:07:00.494575,2026-02-23 19:15:27.140334,2026-02-23 21:37:06.551754,2026-02-24 07:54:22.662699,2026-02-24 17:26:30.096368,,2026-02-25 00:36:46.141693,Delivery Exception,Exception,SHP078,Shipper 078,SME,Outer Java,ST16_Palembang,HB05_SUMATRA_GATEWAY,West Java,ST08_Bogor,HB01_JKT_GATEWAY,Inter-Region,Next Day,COD,CR147,Bike,1.42,1.43,1.43,964147,30435,23584,4,1,0,,64.0,36,0,1,Remote Area Delay,2,0,,0,,1007.39,1.14,10.29,ST08_Bogor,Hub Bottleneck
SHPM000173,AWB260000173,2026-03-06 23:19:10.202581,2026-03-06 23:50:10.202581,2026-03-07 00:16:10.202581,2026-03-07 04:28:49.189935,2026-03-07 05:36:49.189935,2026-03-07 07:04:49.189935,2026-03-07 08:34:08.252050,2026-03-07 14:28:32.980236,2026-03-08 05:35:23.010163,2026-03-08 17:02:50.039533,2026-03-09 10:37:09.198272,2026-03-09 23:19:10.202581,Delivered,Closed,SHP046,Shipper 046,SME,East Java,ST14_Kediri,HB03_SBY_GATEWAY,Jabodetabek,ST03_JKT_East,HB01_JKT_GATEWAY,Inter-Region,Regular,COD,CR132,Van,0.61,0.62,0.62,704769,18790,13798,8,1,0,,68.0,72,1,0,,1,0,,0,,59.3,1.49,15.11,ST03_JKT_East,
SHPM000174,AWB260000174,2026-02-24 15:15:13.532313,2026-02-24 15:56:13.532313,2026-02-24 16:28:13.532313,2026-02-24 16:54:52.642061,2026-02-24 17:10:52.642061,2026-02-24 19:07:52.642061,2026-02-24 21:37:51.004443,2026-02-25 04:56:18.557326,2026-02-25 11:35:49.093354,2026-02-25 19:51:48.285660,2026-02-26 00:57:23.644389,2026-02-25 07:15:13.532313,Delivered,Closed,SHP097,Shipper 097,SME,Jabodetabek,ST03_JKT_East,HB01_JKT_GATEWAY,Outer Java,ST17_Makassar,HB06_EASTERN_GATEWAY,Inter-Region,Same Day,COD,CR024,Bike,1.06,0.97,1.06,1896338,35770,21028,2,1,0,,16.0,16,0,0,,1,0,,0,,33.7,2.5,6.66,ST17_Makassar,Remote Area
SHPM000175,AWB260000175,2026-02-23 21:27:14.725583,2026-02-23 21:36:14.725583,2026-02-23 22:06:14.725583,2026-02-24 04:44:33.610020,2026-02-24 05:20:33.610020,2026-02-24 05:54:33.610020,2026-02-24 08:32:58.488574,2026-02-24 17:10:02.678709,2026-02-24 23:32:27.915403,2026-02-25 11:49:07.725896,2026-02-25 17:43:43.829588,2026-02-26 21:27:14.725583,Delivered,Closed,SHP069,Shipper 069,SME,West Java,ST07_Cirebon,HB02_BDG_TRANSIT,Jabodetabek,ST05_Tangerang,HB01_JKT_GATEWAY,Inter-Region,Regular,COD,CR070,Bike,0.66,0.63,0.66,1592073,18970,16242,8,1,0,,36.0,72,1,0,,1,0,,0,,44.27,2.64,6.37,ST05_Tangerang,
SHPM000176,AWB260000176,2026-02-27 06:06:14.317546,2026-02-27 06:19:14.317546,2026-02-27 06:48:14.317546,2026-02-27 12:58:12.589361,2026-02-27 14:01:12.589361,2026-02-27 15:55:12.589361,2026-02-27 21:34:40.590615,2026-02-28 01:35:32.662698,2026-02-28 15:15:25.128558,2026-02-28 21:50:47.684364,2026-03-01 17:16:07.338893,2026-03-02 06:06:14.317546,Delivered,Closed,SHP069,Shipper 069,SME,West Java,ST06_Bandung,HB01_JKT_GATEWAY,Outer Java,ST18_Balikpapan,HB06_EASTERN_GATEWAY,Inter-Region,Regular,Prepaid,CR056,Bike,2.33,2.43,2.43,2407466,22935,20841,8,1,0,,63.0,72,1,0,,1,0,,0,,59.16,5.66,13.66,ST18_Balikpapan,
SHPM000177,AWB260000177,2026-03-06 09:08:28.670815,2026-03-06 09:36:28.670815,2026-03-06 10:34:28.670815,2026-03-06 20:14:44.743632,2026-03-06 21:24:44.743632,2026-03-06 22:49:44.743632,2026-03-07 03:27:28.794640,2026-03-07 07:15:37.676589,2026-03-07 18:14:37.014919,2026-03-08 00:52:58.720061,2026-03-08 02:57:13.581904,2026-03-07 09:08:28.670815,Delivered,Closed,SHP018,Shipper 018,Enterprise,West Java,ST07_Cirebon,HB02_BDG_TRANSIT,West Java,ST06_Bandung,HB01_JKT_GATEWAY,Intra-Region,Next Day,Prepaid,CR066,Bike,2.54,2.63,2.63,2464479,31835,28707,4,0,0,,70.0,24,0,0,,1,0,,0,,41.81,4.63,10.98,ST06_Bandung,First Mile Delay
SHPM000178,AWB260000178,2026-03-29 09:53:14.133517,2026-03-29 10:19:14.133517,2026-03-29 10:55:14.133517,2026-03-29 19:38:35.953091,2026-03-29 20:41:35.953091,2026-03-29 22:30:35.953091,2026-03-30 02:46:09.267731,2026-03-30 10:51:54.160554,2026-03-31 00:52:51.431369,2026-03-31 11:38:42.784012,,2026-04-01 09:53:14.133517,Return To Sender,RTS,SHP031,Shipper 031,SME,East Java,ST12_Surabaya,HB03_SBY_GATEWAY,Jabodetabek,ST02_JKT_West,HB01_JKT_GATEWAY,Inter-Region,Regular,Prepaid,CR110,Truck,1.1,1.17,1.17,2317961,17265,12749,8,0,0,,63.0,72,0,1,Customer Not Home,2,0,,1,Customer Not Home,194.11,4.26,14.02,ST02_JKT_West,Hub Bottleneck
SHPM000179,AWB260000179,2026-03-10 22:22:18.509533,2026-03-10 22:51:18.509533,2026-03-10 23:42:18.509533,2026-03-11 03:27:28.643624,2026-03-11 03:50:28.643624,2026-03-11 05:25:28.643624,2026-03-11 07:34:05.374048,2026-03-11 10:16:47.899243,2026-03-11 16:38:07.559829,2026-03-12 01:02:19.011974,,2026-03-12 10:22:18.509533,Delivery Exception,Exception,SHP084,Shipper 084,Enterprise,Central Java,ST11_Yogyakarta,HB04_CTG_NATIONAL,East Java,ST13_Malang,HB03_SBY_GATEWAY,Inter-Region,Next Day,COD,CR102,Bike,0.74,0.71,0.74,630495,27330,15954,4,0,0,,23.0,36,0,1,Customer Reschedule,2,0,,0,,637.63,2.14,6.36,ST13_Malang,Delivery Exception
SHPM000180,AWB260000180,2026-03-30 11:22:36.199412,2026-03-30 11:40:36.199412,2026-03-30 11:45:36.199412,2026-03-30 16:36:18.140388,2026-03-30 16:44:18.140388,2026-03-30 17:17:18.140388,2026-03-30 18:25:56.056480,2026-03-31 04:14:28.547572,2026-03-31 08:12:49.904212,2026-03-31 19:04:35.613372,2026-04-01 05:38:27.246418,2026-04-02 11:22:36.199412,Delivered,Closed,SHP061,Shipper 061,Enterprise,Outer Java,ST17_Makassar,HB06_EASTERN_GATEWAY,Central Java,ST10_Solo,HB04_CTG_NATIONAL,Inter-Region,Regular,Prepaid,CR160,Bike,0.83,0.88,0.88,604909,15960,13543,8,1,0,,8.0,72,1,0,,1,0,,0,,42.26,1.14,3.97,ST10_Solo,
SHPM000181,AWB260000181,2026-03-26 21:54:10.601990,2026-03-26 22:31:10.601990,2026-03-26 22:51:10.601990,2026-03-27 00:55:44.530585,2026-03-27 01:21:44.530585,2026-03-27 02:50:44.530585,2026-03-27 04:44:33.230602,2026-03-27 08:06:05.385761,2026-03-27 14:46:34.731245,2026-03-28 00:11:08.202483,2026-03-28 06:04:55.123417,2026-03-28 09:54:10.601990,Delivered,Closed,SHP043,Shipper 043,Marketplace,Central Java,ST09_Semarang,HB04_CTG_NATIONAL,West Java,ST08_Bogor,HB01_JKT_GATEWAY,Inter-Region,Next Day,Prepaid,CR083,Bike,0.58,0.95,0.95,2840345,24275,22472,4,1,0,,26.0,36,1,0,,1,0,,0,,32.18,1.9,6.67,ST08_Bogor,
SHPM000182,AWB260000182,2026-03-01 19:06:58.833777,2026-03-01 19:51:58.833777,2026-03-01 20:20:58.833777,2026-03-01 22:07:02.562431,2026-03-01 22:38:02.562431,2026-03-02 00:23:02.562431,2026-03-02 03:43:10.953548,2026-03-02 06:38:52.446104,2026-03-02 17:32:50.069346,2026-03-03 04:58:51.893706,2026-03-03 10:33:21.434250,2026-03-04 19:06:58.833777,Delivered,Closed,SHP056,Shipper 056,Enterprise,Jabodetabek,ST03_JKT_East,HB01_JKT_GATEWAY,East Java,ST13_Malang,HB03_SBY_GATEWAY,Inter-Region,Regular,Prepaid,CR027,Van,1.26,1.91,1.91,1005768,20595,19153,8,1,0,,31.0,72,1,0,,1,0,,0,,39.44,3.34,10.9,ST13_Malang,
SHPM000183,AWB260000183,2026-03-19 17:49:32.223226,2026-03-19 18:25:32.223226,2026-03-19 18:41:32.223226,2026-03-20 01:11:24.336344,2026-03-20 01:19:24.336344,2026-03-20 02:49:24.336344,2026-03-20 08:28:09.008312,2026-03-20 09:53:36.415178,2026-03-20 14:47:26.164215,2026-03-20 16:30:25.775774,2026-03-21 00:16:39.424951,2026-03-21 17:49:32.223226,Delivered,Closed,SHP035,Shipper 035,Enterprise,Jabodetabek,ST04_Bekasi,HB01_JKT_GATEWAY,Jabodetabek,ST05_Tangerang,HB01_JKT_GATEWAY,Intra-Region,Regular,Prepaid,CR032,Bike,1.54,1.39,1.54,1649937,18930,11778,8,1,0,,8.0,48,1,0,,1,0,,0,,30.45,5.65,4.9,ST05_Tangerang,
SHPM000184,AWB260000184,2026-03-17 00:56:27.875461,2026-03-17 01:12:27.875461,2026-03-17 01:41:27.875461,2026-03-17 04:39:55.088524,2026-03-17 05:51:55.088524,2026-03-17 06:57:55.088524,2026-03-17 09:23:23.934526,2026-03-17 17:24:37.621235,2026-03-18 01:46:41.251731,2026-03-18 08:20:45.424587,2026-03-18 21:56:07.506457,2026-03-20 00:56:27.875461,Delivered,Closed,SHP005,Shipper 005,Enterprise,Central Java,ST09_Semarang,HB04_CTG_NATIONAL,West Java,ST08_Bogor,HB01_JKT_GATEWAY,Inter-Region,Regular,COD,CR084,Bike,1.95,2.05,2.05,1118482,25225,19950,8,1,0,,72.0,72,1,0,,1,0,,0,,44.99,2.42,8.37,ST08_Bogor,
SHPM000185,AWB260000185,2026-02-21 11:26:41.297684,2026-02-21 12:00:41.297684,2026-02-21 12:20:41.297684,2026-02-21 16:32:52.830625,2026-02-21 16:44:52.830625,2026-02-21 17:09:52.830625,2026-02-21 19:37:05.485066,2026-02-22 01:07:01.324011,2026-02-22 12:08:33.775489,2026-02-22 23:21:05.987379,2026-02-23 08:55:31.817098,2026-02-22 23:26:41.297684,Delivered,Closed,SHP084,Shipper 084,Enterprise,Central Java,ST11_Yogyakarta,HB04_CTG_NATIONAL,West Java,ST07_Cirebon,HB02_BDG_TRANSIT,Inter-Region,Next Day,Prepaid,CR104,Bike,0.55,0.52,0.55,1300850,22475,13196,4,0,0,,12.0,36,0,0,,1,0,,0,,45.48,2.45,11.03,ST07_Cirebon,First Mile Delay
SHPM000186,AWB260000186,2026-02-28 14:35:50.810503,2026-02-28 14:51:50.810503,2026-02-28 15:21:50.810503,2026-02-28 18:32:26.709135,2026-02-28 19:04:26.709135,2026-02-28 20:55:26.709135,2026-03-01 01:16:31.386732,2026-03-01 08:15:57.126084,2026-03-01 12:32:56.938016,2026-03-02 06:06:59.416549,2026-03-02 14:50:23.166493,2026-03-02 02:35:50.810503,Delivered,Closed,SHP008,Shipper 008,SME,Outer Java,ST16_Palembang,HB05_SUMATRA_GATEWAY,Jabodetabek,ST01_JKT_Central,HB01_JKT_GATEWAY,Inter-Region,Next Day,COD,CR152,Bike,2.1,2.21,2.21,169990,33945,28724,4,1,0,,32.0,36,0,0,,1,0,,0,,48.24,4.35,4.28,ST01_JKT_Central,Last Mile Delay
SHPM000187,AWB260000187,2026-03-26 13:24:30.114084,2026-03-26 13:48:30.114084,2026-03-26 14:21:30.114084,2026-03-26 17:54:32.559375,2026-03-26 18:37:32.559375,2026-03-26 18:55:32.559375,2026-03-26 20:58:18.690021,2026-03-27 04:09:39.038806,2026-03-27 12:28:59.204230,2026-03-27 23:08:54.104804,2026-03-28 03:51:23.843778,2026-03-28 01:24:30.114084,Delivered,Closed,SHP058,Shipper 058,Enterprise,Jabodetabek,ST01_JKT_Central,HB01_JKT_GATEWAY,West Java,ST08_Bogor,HB01_JKT_GATEWAY,Inter-Region,Next Day,Prepaid,CR011,Bike,3.3,5.18,5.18,1269076,43310,35785,4,0,0,,43.0,36,0,0,,1,0,,0,,38.45,2.05,8.32,ST08_Bogor,First Mile Delay
SHPM000188,AWB260000188,2026-03-08 15:07:34.978040,2026-03-08 15:43:34.978040,2026-03-08 16:09:34.978040,2026-03-08 17:19:26.871364,2026-03-08 17:30:26.871364,2026-03-08 19:00:26.871364,2026-03-08 23:37:49.926697,2026-03-09 09:06:46.018170,2026-03-09 20:06:57.782944,2026-03-10 12:23:43.063305,2026-03-10 13:17:04.875936,2026-03-09 07:07:34.978040,Delivered,Closed,SHP017,Shipper 017,Marketplace,Outer Java,ST16_Palembang,HB05_SUMATRA_GATEWAY,East Java,ST13_Malang,HB03_SBY_GATEWAY,Inter-Region,Same Day,Prepaid,CR151,Truck,0.81,0.79,0.81,717977,30645,18113,2,1,0,,11.0,16,0,0,,1,0,,0,,46.16,4.62,11.0,ST13_Malang,Hub Bottleneck
SHPM000189,AWB260000189,2026-02-27 14:45:35.220153,2026-02-27 15:19:35.220153,2026-02-27 15:53:35.220153,2026-02-27 23:09:28.854947,2026-02-27 23:59:28.854947,2026-02-28 01:48:28.854947,2026-02-28 04:36:33.455166,2026-02-28 07:29:54.932958,2026-02-28 19:11:36.526923,2026-02-28 21:54:31.222290,2026-03-01 04:20:05.093908,2026-03-01 14:45:35.220153,Delivered,Closed,SHP089,Shipper 089,Enterprise,Central Java,ST11_Yogyakarta,HB04_CTG_NATIONAL,Central Java,ST10_Solo,HB04_CTG_NATIONAL,Intra-Region,Regular,Prepaid,CR102,Truck,0.91,1.06,1.06,530186,16770,15321,8,1,0,,50.0,48,1,0,,1,0,,0,,37.57,2.8,11.69,ST10_Solo,
SHPM000190,AWB260000190,2026-02-22 12:44:27.885515,2026-02-22 13:28:27.885515,2026-02-22 13:58:27.885515,2026-02-22 20:58:07.007776,2026-02-22 22:01:07.007776,2026-02-22 23:54:07.007776,2026-02-23 05:17:25.853425,2026-02-23 09:25:49.601009,2026-02-23 12:31:04.143538,2026-02-24 02:29:22.488792,2026-02-24 12:37:08.954798,2026-02-25 12:44:27.885515,Delivered,Closed,SHP080,Shipper 080,SME,Outer Java,ST18_Balikpapan,HB06_EASTERN_GATEWAY,Jabodetabek,ST01_JKT_Central,HB01_JKT_GATEWAY,Inter-Region,Regular,Prepaid,CR168,Bike,0.53,0.85,0.85,1029834,15825,13810,8,1,0,,63.0,72,1,0,,1,0,,0,,47.88,5.39,3.09,ST01_JKT_Central,
SHPM000191,AWB260000191,2026-03-08 05:07:20.858635,2026-03-08 05:43:20.858635,2026-03-08 06:10:20.858635,2026-03-08 08:41:12.724732,2026-03-08 09:09:12.724732,2026-03-08 10:20:12.724732,2026-03-08 16:11:06.184736,2026-03-09 00:20:19.700574,2026-03-09 01:54:28.710880,2026-03-09 17:45:37.976590,2026-03-10 07:46:24.043706,2026-03-11 05:07:20.858635,Delivered,Closed,SHP011,Shipper 011,Enterprise,Jabodetabek,ST03_JKT_East,HB01_JKT_GATEWAY,Central Java,ST09_Semarang,HB04_CTG_NATIONAL,Inter-Region,Regular,Prepaid,CR026,Van,0.37,0.4,0.4,432920,13800,9202,8,1,0,,28.0,72,1,0,,1,0,,0,,50.65,5.85,1.57,ST09_Semarang,
SHPM000192,AWB260000192,2026-03-06 05:30:13.319317,2026-03-06 06:08:13.319317,2026-03-06 06:40:13.319317,2026-03-06 10:52:06.325883,2026-03-06 11:27:06.325883,2026-03-06 13:19:06.325883,2026-03-06 14:30:14.013090,2026-03-06 23:53:02.556304,2026-03-07 02:58:08.545685,2026-03-07 15:26:17.825458,2026-03-08 01:19:14.177402,2026-03-07 17:30:13.319317,Delivered,Closed,SHP026,Shipper 026,Marketplace,Outer Java,ST19_Denpasar,HB06_EASTERN_GATEWAY,West Java,ST07_Cirebon,HB02_BDG_TRANSIT,Inter-Region,Next Day,Prepaid,CR174,Van,0.89,0.87,0.89,212296,24005,14600,4,0,0,,35.0,36,0,0,,1,0,,0,,43.82,1.19,3.08,ST07_Cirebon,First Mile Delay
SHPM000193,AWB260000193,2026-03-06 12:42:27.180255,2026-03-06 13:09:27.180255,2026-03-06 13:52:27.180255,2026-03-06 17:16:05.771846,2026-03-06 17:31:05.771846,2026-03-06 18:28:05.771846,2026-03-06 21:25:05.655546,2026-03-07 05:10:09.415089,2026-03-07 15:54:28.713381,2026-03-08 03:40:26.695468,2026-03-08 12:26:38.423010,2026-03-09 12:42:27.180255,Delivered,Closed,SHP072,Shipper 072,Enterprise,Outer Java,ST20_Banjarmasin,HB06_EASTERN_GATEWAY,East Java,ST12_Surabaya,HB03_SBY_GATEWAY,Inter-Region,Regular,COD,CR191,Van,1.41,1.45,1.45,2062532,22525,18014,8,1,0,,15.0,72,1,0,,1,0,,0,,47.74,2.95,10.74,ST12_Surabaya,
SHPM000194,AWB260000194,2026-03-15 21:46:28.424897,2026-03-15 21:51:28.424897,2026-03-15 21:56:28.424897,2026-03-16 03:49:01.475007,2026-03-16 04:43:01.475007,2026-03-16 06:18:01.475007,2026-03-16 10:37:40.844823,2026-03-16 19:23:02.323008,2026-03-16 23:20:21.395541,2026-03-17 08:13:44.030881,2026-03-17 17:30:58.383408,2026-03-18 21:46:28.424897,Delivered,Closed,SHP089,Shipper 089,Enterprise,Central Java,ST11_Yogyakarta,HB04_CTG_NATIONAL,Jabodetabek,ST03_JKT_East,HB01_JKT_GATEWAY,Inter-Region,Regular,COD,CR102,Van,0.84,0.76,0.84,1348152,19780,11866,8,1,0,,54.0,72,1,0,,1,0,,0,,43.74,4.33,3.96,ST03_JKT_East,
SHPM000195,AWB260000195,2026-03-20 12:33:56.077596,2026-03-20 13:15:56.077596,2026-03-20 13:30:56.077596,2026-03-20 18:41:32.512476,2026-03-20 19:19:32.512476,2026-03-20 21:19:32.512476,2026-03-20 23:08:23.682408,2026-03-21 05:11:10.316065,2026-03-21 11:46:34.410477,2026-03-21 22:43:35.369530,2026-03-22 09:06:09.161171,2026-03-23 12:33:56.077596,Delivered,Closed,SHP057,Shipper 057,SME,Central Java,ST09_Semarang,HB04_CTG_NATIONAL,East Java,ST12_Surabaya,HB03_SBY_GATEWAY,Inter-Region,Regular,COD,CR089,Van,2.79,2.72,2.79,1075552,28555,22424,8,1,0,,38.0,72,1,0,,1,0,,0,,44.54,1.81,6.59,ST12_Surabaya,
SHPM000196,AWB260000196,2026-02-16 19:47:03.759851,2026-02-16 20:29:03.759851,2026-02-16 20:53:03.759851,2026-02-16 23:44:33.523957,2026-02-17 01:26:33.523957,2026-02-17 01:49:33.523957,2026-02-17 09:35:22.159213,2026-02-17 16:10:26.261057,2026-02-18 10:42:11.562799,2026-02-19 01:51:38.712325,2026-02-19 10:43:05.932226,2026-02-18 07:47:03.759851,Delivered,Closed,SHP060,Shipper 060,Enterprise,East Java,ST12_Surabaya,HB03_SBY_GATEWAY,Central Java,ST09_Semarang,HB04_CTG_NATIONAL,Inter-Region,Next Day,Prepaid,CR108,Bike,1.26,1.59,1.59,650680,27155,15239,4,1,0,,102.0,36,0,0,,1,0,,0,,62.93,7.76,18.53,ST09_Semarang,Hub Bottleneck
SHPM000197,AWB260000197,2026-03-08 05:18:37.265938,2026-03-08 05:59:37.265938,2026-03-08 06:12:37.265938,2026-03-08 09:26:43.050327,2026-03-08 09:38:43.050327,2026-03-08 11:12:43.050327,2026-03-08 14:55:16.068247,2026-03-08 18:57:05.726613,2026-03-09 06:30:11.394713,2026-03-09 11:54:58.747027,2026-03-09 19:50:26.190051,2026-03-09 05:18:37.265938,Delivered,Closed,SHP049,Shipper 049,Enterprise,Jabodetabek,ST03_JKT_East,HB01_JKT_GATEWAY,Jabodetabek,ST05_Tangerang,HB01_JKT_GATEWAY,Intra-Region,Next Day,Prepaid,CR021,Van,0.95,1.02,1.02,1563162,24590,19877,4,1,0,,12.0,24,0,0,,1,0,,0,,38.53,3.71,11.55,ST05_Tangerang,Hub Bottleneck
SHPM000198,AWB260000198,2026-03-30 17:06:59.517402,2026-03-30 17:18:59.517402,2026-03-30 18:00:59.517402,2026-03-30 19:00:38.428313,2026-03-30 19:34:38.428313,2026-03-30 20:41:38.428313,2026-03-31 01:05:13.382533,2026-03-31 03:33:30.098091,2026-03-31 23:15:35.342637,2026-04-01 13:31:57.811814,2026-04-01 23:34:11.368896,2026-04-01 05:06:59.517402,Delivered,Closed,SHP021,Shipper 021,Marketplace,East Java,ST14_Kediri,HB03_SBY_GATEWAY,West Java,ST08_Bogor,HB01_JKT_GATEWAY,Inter-Region,Next Day,Prepaid,CR132,Bike,1.06,1.19,1.19,195912,25355,19299,4,1,0,,34.0,36,0,0,,1,0,,0,,54.45,4.39,19.7,ST08_Bogor,Hub Bottleneck
SHPM000199,AWB260000199,2026-03-30 00:53:55.433270,2026-03-30 01:33:55.433270,2026-03-30 01:57:55.433270,2026-03-30 03:11:17.665001,2026-03-30 03:40:17.665001,2026-03-30 05:35:17.665001,2026-03-30 11:25:40.072230,2026-03-30 16:24:51.262579,2026-03-31 11:55:44.797383,2026-03-31 23:55:01.464858,2026-04-01 04:52:46.358227,2026-03-30 16:53:55.433270,Delivered,Closed,SHP005,Shipper 005,Enterprise,Central Java,ST09_Semarang,HB04_CTG_NATIONAL,Outer Java,ST17_Makassar,HB06_EASTERN_GATEWAY,Inter-Region,Same Day,Prepaid,CR084,Bike,1.0,0.95,1.0,2056614,31500,20716,2,1,0,,29.0,16,0,0,,1,0,,0,,51.98,5.84,19.51,ST17_Makassar,Hub Bottleneck
SHPM000200,AWB260000200,2026-02-28 17:06:36.825340,2026-02-28 17:19:36.825340,2026-02-28 17:40:36.825340,2026-02-28 22:51:38.295631,2026-02-28 22:59:38.295631,2026-03-01 00:41:38.295631,2026-03-01 06:25:15.648020,2026-03-01 13:30:08.540580,2026-03-02 01:17:18.945731,2026-03-02 15:29:21.837321,2026-03-03 08:54:55.068363,2026-03-03 17:06:36.825340,Delivered,Closed,SHP001,Shipper 001,Marketplace,Jabodetabek,ST04_Bekasi,HB01_JKT_GATEWAY,East Java,ST13_Malang,HB03_SBY_GATEWAY,Inter-Region,Regular,Prepaid,CR042,Bike,2.07,2.84,2.84,298782,24780,14518,8,1,0,,8.0,72,1,0,,1,0,,0,,63.81,5.73,11.79,ST13_Malang,
SHPM000201,AWB260000201,2026-03-02 10:52:26.420808,2026-03-02 11:25:26.420808,2026-03-02 11:47:26.420808,2026-03-02 15:34:06.167112,2026-03-02 15:55:06.167112,2026-03-02 17:48:06.167112,2026-03-02 22:51:39.821864,2026-03-03 08:43:53.132303,2026-03-03 11:32:29.206390,2026-03-03 21:21:27.700400,,2026-03-03 22:52:26.420808,Delivery Exception,Exception,SHP013,Shipper 013,SME,Jabodetabek,ST05_Tangerang,HB01_JKT_GATEWAY,West Java,ST08_Bogor,HB01_JKT_GATEWAY,Inter-Region,Next Day,Prepaid,CR052,Bike,1.88,1.72,1.88,2018297,28460,23067,4,0,0,,21.0,36,0,1,Remote Area Delay,2,0,,0,,841.13,5.06,2.81,ST08_Bogor,Delivery Exception
SHPM000202,AWB260000202,2026-03-19 06:50:55.378086,2026-03-19 07:31:55.378086,2026-03-19 07:51:55.378086,2026-03-19 14:14:14.201860,2026-03-19 14:51:14.201860,2026-03-19 15:28:14.201860,2026-03-19 16:47:50.693110,2026-03-19 19:49:24.189283,2026-03-19 22:37:17.187570,2026-03-20 11:01:48.661574,2026-03-21 11:15:00.336509,2026-03-22 06:50:55.378086,Delivered,Closed,SHP083,Shipper 083,Marketplace,Jabodetabek,ST03_JKT_East,HB01_JKT_GATEWAY,Outer Java,ST18_Balikpapan,HB06_EASTERN_GATEWAY,Inter-Region,Regular,Prepaid,CR020,Van,1.19,1.07,1.19,2649258,17355,13977,8,1,0,,37.0,72,1,0,,1,0,,0,,52.4,1.33,2.8,ST18_Balikpapan,
SHPM000203,AWB260000203,2026-03-18 16:45:14.744857,2026-03-18 16:52:14.744857,2026-03-18 17:26:14.744857,,,,,,,,,2026-03-21 16:45:14.744857,Failed Pickup,Exception,SHP027,Shipper 027,SME,Jabodetabek,ST05_Tangerang,HB01_JKT_GATEWAY,West Java,ST08_Bogor,HB01_JKT_GATEWAY,Inter-Region,Regular,Prepaid,CR051,Bike,2.19,2.15,2.19,379700,21855,16551,8,0,1,Shipper Not Ready,,72,0,0,,0,0,,0,,451.25,,,ST05_Tangerang,
SHPM000204,AWB260000204,2026-03-13 00:49:08.060351,2026-03-13 01:09:08.060351,2026-03-13 01:43:08.060351,2026-03-13 02:21:32.701878,2026-03-13 03:08:32.701878,2026-03-13 03:32:32.701878,2026-03-13 08:25:16.192370,2026-03-13 11:53:57.950771,2026-03-14 02:32:36.318940,2026-03-14 08:23:07.549610,,2026-03-14 00:49:08.060351,Delivery Exception,Exception,SHP074,Shipper 074,Enterprise,Outer Java,ST18_Balikpapan,HB06_EASTERN_GATEWAY,Outer Java,ST16_Palembang,HB05_SUMATRA_GATEWAY,Intra-Region,Next Day,Prepaid,CR168,Van,1.43,1.52,1.52,1215233,26840,21485,4,1,0,,47.0,24,0,1,Customer Not Home,2,0,,0,,587.18,4.88,14.64,ST16_Palembang,Hub Bottleneck
SHPM000205,AWB260000205,2026-03-22 12:52:40.660572,2026-03-22 13:26:40.660572,2026-03-22 14:00:40.660572,2026-03-22 22:00:27.798849,2026-03-22 22:08:27.798849,2026-03-22 23:21:27.798849,2026-03-23 02:56:37.630915,2026-03-23 09:38:46.655581,2026-03-23 12:16:49.304678,2026-03-23 17:26:24.410329,2026-03-23 23:12:13.884289,2026-03-25 12:52:40.660572,Delivered,Closed,SHP081,Shipper 081,Marketplace,West Java,ST06_Bandung,HB01_JKT_GATEWAY,Central Java,ST09_Semarang,HB04_CTG_NATIONAL,Inter-Region,Regular,Prepaid,CR055,Bike,0.84,1.28,1.28,551501,17760,14027,8,0,0,,8.0,72,1,0,,1,0,,0,,34.33,3.59,2.63,ST09_Semarang,
SHPM000206,AWB260000206,2026-03-10 08:09:49.534172,2026-03-10 08:47:49.534172,2026-03-10 08:59:49.534172,2026-03-10 16:38:35.942403,2026-03-10 17:00:35.942403,2026-03-10 18:09:35.942403,2026-03-10 20:52:44.632257,2026-03-11 06:41:28.142494,2026-03-11 14:55:01.113650,2026-03-11 22:32:00.139479,2026-03-12 09:04:37.219842,2026-03-13 08:09:49.534172,Delivered,Closed,SHP053,Shipper 053,Marketplace,Jabodetabek,ST05_Tangerang,HB01_JKT_GATEWAY,Central Java,ST11_Yogyakarta,HB04_CTG_NATIONAL,Inter-Region,Regular,COD,CR049,Truck,0.2,0.19,0.2,675255,16900,11613,8,1,0,,22.0,72,1,0,,1,0,,0,,48.91,2.72,8.23,ST11_Yogyakarta,
SHPM000207,AWB260000207,2026-03-18 19:19:37.319314,2026-03-18 19:49:37.319314,2026-03-18 20:52:37.319314,2026-03-18 23:23:59.429869,2026-03-19 01:39:59.429869,2026-03-19 01:59:59.429869,2026-03-19 09:45:13.644540,2026-03-19 14:01:35.749999,2026-03-19 20:49:11.375042,2026-03-20 04:05:07.890592,2026-03-20 07:40:12.799140,2026-03-20 07:19:37.319314,Delivered,Closed,SHP060,Shipper 060,Enterprise,East Java,ST12_Surabaya,HB03_SBY_GATEWAY,Jabodetabek,ST01_JKT_Central,HB01_JKT_GATEWAY,Inter-Region,Next Day,COD,CR112,Bike,0.55,0.83,0.83,2391196,27735,18932,4,1,0,,136.0,36,0,0,,1,0,,0,,36.34,7.75,6.79,ST01_JKT_Central,Last Mile Delay
SHPM000208,AWB260000208,2026-02-20 04:35:59.610185,2026-02-20 04:48:59.610185,2026-02-20 05:18:59.610185,2026-02-20 07:14:19.422715,2026-02-20 07:39:19.422715,2026-02-20 08:25:19.422715,2026-02-20 14:01:37.667407,2026-02-20 22:07:54.439800,2026-02-21 11:09:03.691186,2026-02-21 19:58:31.443700,2026-02-22 02:46:43.754779,2026-02-21 16:35:59.610185,Delivered,Closed,SHP014,Shipper 014,Enterprise,Jabodetabek,ST05_Tangerang,HB01_JKT_GATEWAY,Outer Java,ST16_Palembang,HB05_SUMATRA_GATEWAY,Inter-Region,Next Day,Prepaid,CR045,Bike,3.38,3.7,3.7,2865761,36650,33082,4,1,0,,25.0,36,0,0,,1,0,,0,,46.18,5.61,13.02,ST16_Palembang,Hub Bottleneck
SHPM000209,AWB260000209,2026-03-13 18:41:55.344468,2026-03-13 19:16:55.344468,2026-03-13 19:42:55.344468,2026-03-13 21:32:17.777564,2026-03-13 22:30:17.777564,2026-03-13 23:10:17.777564,2026-03-14 02:25:55.218823,2026-03-14 06:18:25.495068,2026-03-14 10:06:08.337924,2026-03-14 20:37:39.407518,2026-03-15 01:48:51.256885,2026-03-16 18:41:55.344468,Delivered,Closed,SHP074,Shipper 074,Enterprise,Outer Java,ST20_Banjarmasin,HB06_EASTERN_GATEWAY,Central Java,ST10_Solo,HB04_CTG_NATIONAL,Inter-Region,Regular,Prepaid,CR193,Truck,1.25,1.21,1.25,787602,17625,14590,8,1,0,,58.0,72,1,0,,1,0,,0,,31.12,3.26,3.8,ST10_Solo,
SHPM000210,AWB260000210,2026-03-21 05:42:10.988302,2026-03-21 05:52:10.988302,2026-03-21 06:16:10.988302,2026-03-21 07:10:00.203563,2026-03-21 08:10:00.203563,2026-03-21 08:40:00.203563,2026-03-21 10:01:24.479754,2026-03-21 12:19:46.983648,2026-03-21 15:55:58.573009,2026-03-21 23:29:21.620919,2026-03-22 07:38:28.295205,2026-03-22 17:42:10.988302,Delivered,Closed,SHP057,Shipper 057,SME,Central Java,ST09_Semarang,HB04_CTG_NATIONAL,Jabodetabek,ST03_JKT_East,HB01_JKT_GATEWAY,Inter-Region,Next Day,Prepaid,CR084,Bike,0.73,0.93,0.93,467462,24185,15563,4,1,0,,60.0,36,1,0,,1,0,,0,,25.94,1.36,3.6,ST03_JKT_East,
SHPM000211,AWB260000211,2026-03-19 11:04:26.420542,2026-03-19 11:34:26.420542,2026-03-19 12:04:26.420542,2026-03-19 17:40:58.912251,2026-03-19 18:49:58.912251,2026-03-19 20:03:58.912251,2026-03-20 00:40:44.098575,2026-03-20 06:22:12.451328,2026-03-20 16:11:06.834108,2026-03-21 01:15:18.736316,2026-03-21 11:33:17.321868,2026-03-22 11:04:26.420542,Delivered,Closed,SHP100,Shipper 100,Marketplace,Central Java,ST11_Yogyakarta,HB04_CTG_NATIONAL,East Java,ST13_Malang,HB03_SBY_GATEWAY,Inter-Region,Regular,COD,CR106,Truck,1.02,1.05,1.05,968348,20725,15648,8,1,0,,69.0,72,1,0,,1,0,,0,,48.48,4.61,9.82,ST13_Malang,
SHPM000212,AWB260000212,2026-03-12 13:52:10.431781,2026-03-12 14:18:10.431781,2026-03-12 14:26:10.431781,2026-03-12 17:29:01.092866,2026-03-12 17:52:01.092866,2026-03-12 18:57:01.092866,2026-03-12 20:16:07.859332,2026-03-13 01:21:37.153959,2026-03-13 07:50:43.749304,2026-03-13 17:07:13.525077,2026-03-13 20:39:47.651645,2026-03-14 01:52:10.431781,Delivered,Closed,SHP061,Shipper 061,Enterprise,Outer Java,ST17_Makassar,HB06_EASTERN_GATEWAY,West Java,ST07_Cirebon,HB02_BDG_TRANSIT,Inter-Region,Next Day,COD,CR156,Bike,3.15,4.44,4.44,1161396,43980,24755,4,1,0,,23.0,36,1,0,,1,0,,0,,30.79,1.32,6.49,ST07_Cirebon,
SHPM000213,AWB260000213,2026-02-23 15:06:42.229737,2026-02-23 15:18:42.229737,2026-02-23 15:54:42.229737,2026-02-23 17:47:23.652579,2026-02-23 18:40:23.652579,2026-02-23 19:21:23.652579,2026-02-23 21:54:19.281752,2026-02-24 02:10:36.985638,2026-02-24 10:39:26.147639,2026-02-24 13:20:53.241385,2026-02-24 21:47:56.655718,2026-02-24 15:06:42.229737,Delivered,Closed,SHP062,Shipper 062,Enterprise,Jabodetabek,ST04_Bekasi,HB01_JKT_GATEWAY,Jabodetabek,ST04_Bekasi,HB01_JKT_GATEWAY,Intra-Region,Next Day,Prepaid,CR037,Bike,1.48,2.02,2.02,455544,29090,26003,4,1,0,,53.0,24,0,0,,1,0,,0,,30.69,2.55,8.48,ST04_Bekasi,Last Mile Delay
SHPM000214,AWB260000214,2026-02-24 18:44:59.274126,2026-02-24 19:00:59.274126,2026-02-24 19:21:59.274126,2026-02-24 23:42:32.832045,2026-02-25 00:26:32.832045,2026-02-25 02:10:32.832045,2026-02-25 06:01:07.906831,2026-02-25 11:10:02.184778,2026-02-26 01:39:27.780823,2026-02-26 17:58:29.033724,2026-02-27 16:28:17.583194,2026-02-27 18:44:59.274126,Delivered,Closed,SHP049,Shipper 049,Enterprise,Jabodetabek,ST05_Tangerang,HB01_JKT_GATEWAY,Outer Java,ST19_Denpasar,HB06_EASTERN_GATEWAY,Inter-Region,Regular,Prepaid,CR048,Bike,1.69,2.73,2.73,938368,24285,20159,8,1,0,,44.0,72,1,0,,1,0,,0,,69.72,3.84,14.49,ST19_Denpasar,
SHPM000215,AWB260000215,2026-02-25 06:34:12.483296,2026-02-25 07:03:12.483296,2026-02-25 07:24:12.483296,2026-02-25 10:48:27.747769,2026-02-25 11:42:27.747769,2026-02-25 12:14:27.747769,2026-02-25 14:52:35.734295,2026-02-25 22:51:57.603897,2026-02-26 06:25:47.089224,2026-02-26 18:33:33.544913,2026-02-27 15:06:46.433178,2026-02-28 06:34:12.483296,Delivered,Closed,SHP099,Shipper 099,SME,West Java,ST08_Bogor,HB01_JKT_GATEWAY,Outer Java,ST15_Medan,HB05_SUMATRA_GATEWAY,Inter-Region,Regular,COD,CR081,Van,1.08,1.11,1.11,203770,20995,16912,8,1,0,,54.0,72,1,0,,1,0,,0,,56.54,2.64,7.56,ST15_Medan,
SHPM000216,AWB260000216,2026-02-16 03:30:59.648662,2026-02-16 03:41:59.648662,2026-02-16 04:01:59.648662,2026-02-16 11:06:24.372982,2026-02-16 11:54:24.372982,2026-02-16 12:40:24.372982,2026-02-16 15:32:47.977645,2026-02-16 19:27:17.938950,2026-02-17 00:17:06.675135,2026-02-17 18:08:45.476383,2026-02-18 10:29:52.693686,2026-02-19 03:30:59.648662,Delivered,Closed,SHP031,Shipper 031,SME,East Java,ST13_Malang,HB03_SBY_GATEWAY,West Java,ST06_Bandung,HB01_JKT_GATEWAY,Inter-Region,Regular,Prepaid,CR124,Van,1.0,1.47,1.47,524597,18615,15426,8,1,0,,48.0,72,1,0,,1,0,,0,,54.98,2.87,4.83,ST06_Bandung,
SHPM000217,AWB260000217,2026-03-23 11:58:57.378114,2026-03-23 12:28:57.378114,2026-03-23 12:54:57.378114,2026-03-23 14:19:08.294044,2026-03-23 14:54:08.294044,2026-03-23 16:28:08.294044,2026-03-23 19:18:49.933342,2026-03-23 21:51:09.073876,2026-03-24 01:38:50.674202,2026-03-24 10:34:02.477039,2026-03-24 17:23:34.758620,2026-03-24 23:58:57.378114,Delivered,Closed,SHP017,Shipper 017,Marketplace,Outer Java,ST16_Palembang,HB05_SUMATRA_GATEWAY,West Java,ST07_Cirebon,HB02_BDG_TRANSIT,Inter-Region,Next Day,Prepaid,CR150,Bike,10.14,9.99,10.14,550377,65630,38876,4,1,0,,35.0,36,1,0,,1,0,,0,,29.41,2.84,3.79,ST07_Cirebon,
SHPM000218,AWB260000218,2026-03-25 15:13:00.579076,2026-03-25 15:56:00.579076,2026-03-25 16:35:00.579076,2026-03-25 21:27:26.764195,2026-03-25 21:53:26.764195,2026-03-25 22:09:26.764195,2026-03-26 00:19:13.670476,2026-03-26 07:15:04.512304,2026-03-26 21:37:08.650950,2026-03-27 12:12:42.992637,2026-03-27 22:44:13.114337,2026-03-28 15:13:00.579076,Delivered,Closed,SHP095,Shipper 095,Enterprise,Central Java,ST11_Yogyakarta,HB04_CTG_NATIONAL,Outer Java,ST20_Banjarmasin,HB06_EASTERN_GATEWAY,Inter-Region,Regular,COD,CR100,Bike,0.74,0.77,0.77,2585492,19465,15894,8,1,0,,26.0,72,1,0,,1,0,,0,,55.52,2.16,14.37,ST20_Banjarmasin,
SHPM000219,AWB260000219,2026-02-24 12:06:54.805174,2026-02-24 12:45:54.805174,2026-02-24 13:38:54.805174,2026-02-24 16:48:38.665899,2026-02-24 17:40:38.665899,2026-02-24 18:43:38.665899,2026-02-24 22:20:05.160594,2026-02-25 01:48:11.270232,2026-02-25 11:05:38.657544,2026-02-25 22:29:07.516687,,2026-02-26 00:06:54.805174,Delivery Exception,Exception,SHP092,Shipper 092,Marketplace,Jabodetabek,ST03_JKT_East,HB01_JKT_GATEWAY,Outer Java,ST17_Makassar,HB06_EASTERN_GATEWAY,Inter-Region,Next Day,Prepaid,CR024,Bike,2.13,2.24,2.24,544961,30080,25361,4,0,0,,52.0,36,0,1,Cash Issue,2,0,,0,,983.88,3.61,9.29,ST17_Makassar,Delivery Exception
SHPM000220,AWB260000220,2026-02-23 08:03:30.101840,2026-02-23 08:38:30.101840,2026-02-23 09:34:30.101840,2026-02-23 10:16:45.141241,2026-02-23 11:19:45.141241,2026-02-23 13:08:45.141241,2026-02-23 16:18:46.890081,2026-02-23 19:33:36.189960,2026-02-24 07:04:28.224328,2026-02-24 18:20:25.858194,2026-02-25 04:29:55.066165,2026-02-24 20:03:30.101840,Delivered,Closed,SHP080,Shipper 080,SME,Outer Java,ST19_Denpasar,HB06_EASTERN_GATEWAY,Central Java,ST10_Solo,HB04_CTG_NATIONAL,Inter-Region,Next Day,COD,CR178,Van,0.86,1.03,1.03,923189,28635,23029,4,1,0,,63.0,36,0,0,,1,0,,0,,44.44,3.17,11.51,ST10_Solo,Hub Bottleneck
SHPM000221,AWB260000221,2026-03-11 16:42:07.258398,2026-03-11 17:12:07.258398,2026-03-11 18:38:07.258398,,,,,,,,,2026-03-14 16:42:07.258398,Failed Pickup,Exception,SHP018,Shipper 018,Enterprise,West Java,ST07_Cirebon,HB02_BDG_TRANSIT,Jabodetabek,ST05_Tangerang,HB01_JKT_GATEWAY,Inter-Region,Regular,Prepaid,CR075,Bike,0.57,0.65,0.65,156575,14925,11197,8,0,1,Shipper Closed,,72,0,0,,0,0,,0,,619.3,,,ST07_Cirebon,
SHPM000222,AWB260000222,2026-03-22 00:33:28.414769,2026-03-22 00:47:28.414769,2026-03-22 01:14:28.414769,2026-03-22 02:45:27.075081,2026-03-22 03:44:27.075081,2026-03-22 04:19:27.075081,2026-03-22 05:23:09.148056,2026-03-22 13:33:13.146999,2026-03-22 21:49:11.368368,2026-03-23 14:44:21.485893,2026-03-23 21:24:22.086114,2026-03-23 12:33:28.414769,Delivered,Closed,SHP077,Shipper 077,Marketplace,Outer Java,ST17_Makassar,HB06_EASTERN_GATEWAY,Central Java,ST11_Yogyakarta,HB04_CTG_NATIONAL,Inter-Region,Next Day,Prepaid,CR154,Van,0.98,1.31,1.31,2216469,25895,17985,4,1,0,,59.0,36,0,0,,1,0,,0,,44.85,1.06,8.27,ST11_Yogyakarta,Last Mile Delay
SHPM000223,AWB260000223,2026-03-06 16:04:40.599654,2026-03-06 16:19:40.599654,2026-03-06 16:47:40.599654,2026-03-06 22:00:09.641771,2026-03-06 22:36:09.641771,2026-03-07 00:24:09.641771,2026-03-07 03:33:26.734434,2026-03-07 06:58:07.091804,2026-03-07 11:05:47.925825,2026-03-07 22:25:14.780768,2026-03-08 09:39:43.781597,2026-03-09 16:04:40.599654,Delivered,Closed,SHP027,Shipper 027,SME,Jabodetabek,ST05_Tangerang,HB01_JKT_GATEWAY,Outer Java,ST18_Balikpapan,HB06_EASTERN_GATEWAY,Inter-Region,Regular,COD,CR048,Bike,1.82,1.74,1.82,514133,24190,20544,8,1,0,,36.0,72,1,0,,1,0,,0,,41.58,3.15,4.13,ST18_Balikpapan,
SHPM000224,AWB260000224,2026-03-23 18:49:54.352765,2026-03-23 19:11:54.352765,2026-03-23 19:39:54.352765,2026-03-23 23:57:04.978415,2026-03-24 00:32:04.978415,2026-03-24 00:47:04.978415,2026-03-24 03:39:46.962874,2026-03-24 09:49:25.097575,2026-03-24 21:25:30.885412,2026-03-25 05:52:52.000794,2026-03-25 10:54:36.227315,2026-03-25 06:49:54.352765,Delivered,Closed,SHP098,Shipper 098,Marketplace,Outer Java,ST18_Balikpapan,HB06_EASTERN_GATEWAY,Central Java,ST11_Yogyakarta,HB04_CTG_NATIONAL,Inter-Region,Next Day,Prepaid,CR164,Bike,1.01,1.42,1.42,979718,26390,21616,4,0,0,,35.0,36,0,0,,1,0,,0,,40.08,2.88,11.6,ST11_Yogyakarta,First Mile Delay
SHPM000225,AWB260000225,2026-03-02 20:40:33.186388,2026-03-02 21:00:33.186388,2026-03-02 21:16:33.186388,2026-03-03 01:54:03.976526,2026-03-03 02:52:03.976526,2026-03-03 04:28:03.976526,2026-03-03 10:15:19.825094,2026-03-03 18:45:23.253670,2026-03-03 20:25:51.879165,2026-03-04 06:06:49.501813,2026-03-04 18:36:30.357835,2026-03-05 20:40:33.186388,Delivered,Closed,SHP024,Shipper 024,Marketplace,Jabodetabek,ST03_JKT_East,HB01_JKT_GATEWAY,West Java,ST07_Cirebon,HB02_BDG_TRANSIT,Inter-Region,Regular,COD,CR030,Van,0.63,0.57,0.63,381456,18835,14357,8,1,0,,58.0,72,1,0,,1,0,,0,,45.93,5.79,1.67,ST07_Cirebon,
SHPM000226,AWB260000226,2026-03-05 13:18:15.586421,2026-03-05 13:54:15.586421,2026-03-05 14:24:15.586421,2026-03-05 22:01:40.188000,2026-03-05 22:22:40.188000,2026-03-05 23:34:40.188000,2026-03-06 05:21:11.109993,2026-03-06 11:12:37.564098,2026-03-06 20:19:39.890038,2026-03-07 03:32:36.155037,2026-03-07 11:17:31.007856,2026-03-08 13:18:15.586421,Delivered,Closed,SHP009,Shipper 009,Marketplace,West Java,ST06_Bandung,HB01_JKT_GATEWAY,Outer Java,ST20_Banjarmasin,HB06_EASTERN_GATEWAY,Inter-Region,Regular,COD,CR063,Bike,1.77,1.95,1.95,1062998,24775,19293,8,0,0,,21.0,72,1,0,,1,0,,0,,45.99,5.78,9.12,ST20_Banjarmasin,
SHPM000227,AWB260000227,2026-03-02 03:27:20.724542,2026-03-02 03:53:20.724542,2026-03-02 04:07:20.724542,2026-03-02 06:20:21.703449,2026-03-02 07:20:21.703449,2026-03-02 08:30:21.703449,2026-03-02 13:32:53.758124,2026-03-02 17:20:12.022192,2026-03-02 20:03:05.102879,2026-03-03 02:11:28.542821,2026-03-03 10:53:34.157995,2026-03-03 15:27:20.724542,Delivered,Closed,SHP030,Shipper 030,Enterprise,Jabodetabek,ST05_Tangerang,HB01_JKT_GATEWAY,East Java,ST14_Kediri,HB03_SBY_GATEWAY,Inter-Region,Next Day,Prepaid,CR053,Bike,1.41,2.09,2.09,1999448,29405,27132,4,1,0,,60.0,36,1,0,,1,0,,0,,31.44,5.04,2.71,ST14_Kediri,
SHPM000228,AWB260000228,2026-03-04 04:41:21.448104,2026-03-04 05:11:21.448104,2026-03-04 06:02:21.448104,2026-03-04 09:17:26.352201,2026-03-04 09:57:26.352201,2026-03-04 11:39:26.352201,2026-03-04 14:56:10.473751,2026-03-04 21:44:52.677663,2026-03-05 00:46:46.590070,2026-03-05 14:25:45.003029,2026-03-05 19:12:33.085257,2026-03-05 16:41:21.448104,Delivered,Closed,SHP095,Shipper 095,Enterprise,Central Java,ST11_Yogyakarta,HB04_CTG_NATIONAL,Jabodetabek,ST05_Tangerang,HB01_JKT_GATEWAY,Inter-Region,Next Day,Prepaid,CR104,Bike,0.84,0.91,0.91,386555,24095,19649,4,0,0,,40.0,36,0,0,,1,0,,0,,38.52,3.28,3.03,ST05_Tangerang,First Mile Delay
SHPM000229,AWB260000229,2026-02-21 06:18:34.631111,2026-02-21 06:48:34.631111,2026-02-21 07:09:34.631111,2026-02-21 09:03:06.830007,2026-02-21 10:16:06.830007,2026-02-21 11:25:06.830007,2026-02-21 15:48:29.006358,2026-02-22 01:43:50.058197,2026-02-22 11:11:11.654392,2026-02-22 21:16:13.407223,2026-02-23 01:20:36.094484,2026-02-21 22:18:34.631111,Delivered,Closed,SHP072,Shipper 072,Enterprise,Outer Java,ST18_Balikpapan,HB06_EASTERN_GATEWAY,East Java,ST13_Malang,HB03_SBY_GATEWAY,Inter-Region,Same Day,COD,CR165,Van,0.31,0.34,0.34,538699,32530,27464,2,0,0,,73.0,16,0,0,,1,0,,0,,43.03,4.39,9.46,ST13_Malang,First Mile Delay
SHPM000230,AWB260000230,2026-03-05 01:34:59.724958,2026-03-05 01:39:59.724958,2026-03-05 01:51:59.724958,2026-03-05 05:39:05.354729,2026-03-05 06:46:05.354729,2026-03-05 07:55:05.354729,2026-03-05 12:18:55.369509,2026-03-05 15:39:40.189563,2026-03-05 18:28:56.569669,2026-03-06 05:38:33.954999,2026-03-06 12:08:53.702766,2026-03-06 13:34:59.724958,Delivered,Closed,SHP076,Shipper 076,Enterprise,West Java,ST06_Bandung,HB01_JKT_GATEWAY,Outer Java,ST20_Banjarmasin,HB06_EASTERN_GATEWAY,Inter-Region,Next Day,Prepaid,CR058,Van,1.42,1.53,1.53,514511,26885,23436,4,1,0,,67.0,36,1,0,,1,0,,0,,34.56,4.4,2.82,ST20_Banjarmasin,
SHPM000231,AWB260000231,2026-03-19 21:48:16.059411,2026-03-19 22:21:16.059411,2026-03-19 22:44:16.059411,2026-03-20 05:02:09.623099,2026-03-20 05:47:09.623099,2026-03-20 06:04:09.623099,2026-03-20 10:00:12.931936,2026-03-20 14:57:10.762369,2026-03-20 21:29:15.800606,2026-03-21 04:11:26.398617,2026-03-21 18:01:44.342633,2026-03-21 21:48:16.059411,Delivered,Closed,SHP011,Shipper 011,Enterprise,Jabodetabek,ST03_JKT_East,HB01_JKT_GATEWAY,Jabodetabek,ST02_JKT_West,HB01_JKT_GATEWAY,Intra-Region,Regular,Prepaid,CR023,Van,3.47,3.66,3.66,1972295,28470,23064,8,1,0,,45.0,48,1,0,,1,0,,0,,44.22,3.93,6.53,ST02_JKT_West,
SHPM000232,AWB260000232,2026-02-28 18:29:05.205424,2026-02-28 18:47:05.205424,2026-02-28 19:40:05.205424,2026-02-28 22:02:39.631846,2026-02-28 22:30:39.631846,2026-03-01 00:27:39.631846,2026-03-01 03:01:56.961332,2026-03-01 05:20:44.284367,2026-03-01 17:04:54.132850,2026-03-01 23:13:24.152328,2026-03-02 13:46:55.275129,2026-03-03 18:29:05.205424,Delivered,Closed,SHP034,Shipper 034,Enterprise,Jabodetabek,ST01_JKT_Central,HB01_JKT_GATEWAY,Outer Java,ST18_Balikpapan,HB06_EASTERN_GATEWAY,Inter-Region,Regular,Prepaid,CR011,Bike,1.4,1.4,1.4,1060672,18300,14345,8,1,0,,28.0,72,1,0,,1,0,,0,,43.3,2.57,11.74,ST18_Balikpapan,
SHPM000233,AWB260000233,2026-02-23 10:06:08.947408,2026-02-23 10:13:08.947408,2026-02-23 10:41:08.947408,2026-02-23 18:55:16.005194,2026-02-23 19:45:16.005194,2026-02-23 20:27:16.005194,2026-02-24 00:24:48.101692,2026-02-24 04:37:57.098392,2026-02-24 13:47:17.244875,2026-02-25 00:16:27.547430,2026-02-25 10:39:33.361979,2026-02-26 10:06:08.947408,Delivered,Closed,SHP069,Shipper 069,SME,West Java,ST06_Bandung,HB01_JKT_GATEWAY,Jabodetabek,ST03_JKT_East,HB01_JKT_GATEWAY,Inter-Region,Regular,Prepaid,CR058,Van,1.62,1.78,1.78,749483,20010,15313,8,0,0,,50.0,72,1,0,,1,0,,0,,48.56,3.96,9.16,ST03_JKT_East,
SHPM000234,AWB260000234,2026-03-30 02:05:05.924251,2026-03-30 02:37:05.924251,2026-03-30 02:42:05.924251,2026-03-30 08:20:18.972421,2026-03-30 09:33:18.972421,2026-03-30 10:40:18.972421,2026-03-30 12:00:06.240886,2026-03-30 19:07:23.352569,2026-03-31 00:25:57.929090,2026-03-31 09:46:06.541005,2026-03-31 19:02:55.202488,2026-04-02 02:05:05.924251,Delivered,Closed,SHP094,Shipper 094,SME,Outer Java,ST15_Medan,HB05_SUMATRA_GATEWAY,Jabodetabek,ST03_JKT_East,HB01_JKT_GATEWAY,Inter-Region,Regular,Prepaid,CR139,Bike,0.71,0.76,0.76,1242631,15420,11069,8,1,0,,73.0,72,1,0,,1,0,,0,,40.96,1.33,5.31,ST03_JKT_East,
SHPM000235,AWB260000235,2026-03-31 01:03:42.077774,2026-03-31 01:32:42.077774,2026-03-31 02:09:42.077774,2026-03-31 07:24:24.204505,2026-03-31 08:34:24.204505,2026-03-31 09:40:24.204505,2026-03-31 13:03:27.718142,2026-03-31 16:04:41.797592,2026-03-31 17:40:40.801913,2026-04-01 05:21:15.663521,2026-04-01 10:05:40.040643,2026-04-03 01:03:42.077774,Delivered,Closed,SHP011,Shipper 011,Enterprise,Jabodetabek,ST02_JKT_West,HB01_JKT_GATEWAY,Central Java,ST11_Yogyakarta,HB04_CTG_NATIONAL,Inter-Region,Regular,Prepaid,CR013,Bike,1.36,1.37,1.37,1248250,18165,16505,8,1,0,,70.0,72,1,0,,1,0,,0,,33.03,3.38,1.6,ST11_Yogyakarta,
SHPM000236,AWB260000236,2026-03-20 08:11:52.127031,2026-03-20 08:21:52.127031,2026-03-20 09:00:52.127031,2026-03-20 09:42:25.250347,2026-03-20 10:13:25.250347,2026-03-20 10:39:25.250347,2026-03-20 12:28:57.286607,2026-03-20 14:56:30.738449,2026-03-21 00:14:51.615922,2026-03-21 12:27:06.293385,2026-03-21 18:16:03.362792,2026-03-21 20:11:52.127031,Delivered,Closed,SHP072,Shipper 072,Enterprise,Outer Java,ST18_Balikpapan,HB06_EASTERN_GATEWAY,Central Java,ST09_Semarang,HB04_CTG_NATIONAL,Inter-Region,Next Day,Prepaid,CR166,Bike,1.16,1.16,1.16,1516461,25220,23190,4,1,0,,31.0,36,1,0,,1,0,,0,,34.07,1.83,9.31,ST09_Semarang,
SHPM000237,AWB260000237,2026-03-20 09:03:27.774380,2026-03-20 09:41:27.774380,2026-03-20 10:07:27.774380,2026-03-20 11:19:53.296782,2026-03-20 11:51:53.296782,2026-03-20 12:34:53.296782,2026-03-20 14:27:19.952292,2026-03-20 19:23:31.019281,2026-03-20 22:17:30.469943,2026-03-21 07:53:04.513712,2026-03-21 18:36:43.713990,2026-03-21 21:03:27.774380,Delivered,Closed,SHP057,Shipper 057,SME,Central Java,ST11_Yogyakarta,HB04_CTG_NATIONAL,East Java,ST14_Kediri,HB03_SBY_GATEWAY,Inter-Region,Next Day,COD,CR106,Truck,0.47,0.46,0.47,2787467,26115,21269,4,1,0,,32.0,36,1,0,,1,0,,0,,33.55,1.87,2.9,ST14_Kediri,
SHPM000238,AWB260000238,2026-03-18 04:42:19.767278,2026-03-18 05:08:19.767278,2026-03-18 05:34:19.767278,,,,,,,,,2026-03-19 16:42:19.767278,Failed Pickup,Exception,SHP087,Shipper 087,Enterprise,Jabodetabek,ST03_JKT_East,HB01_JKT_GATEWAY,East Java,ST14_Kediri,HB03_SBY_GATEWAY,Inter-Region,Next Day,COD,CR019,Van,1.44,1.55,1.55,1911188,30975,17748,4,0,1,Address Not Found,,36,0,0,,0,0,,0,,463.29,,,ST03_JKT_East,
SHPM000239,AWB260000239,2026-03-11 11:24:33.793575,2026-03-11 11:51:33.793575,2026-03-11 12:18:33.793575,2026-03-11 15:33:15.915444,2026-03-11 16:08:15.915444,2026-03-11 16:40:15.915444,2026-03-11 19:38:37.743539,2026-03-11 23:37:10.248951,2026-03-12 10:34:47.966180,2026-03-12 13:16:56.403709,2026-03-12 17:40:28.311402,2026-03-12 11:24:33.793575,Delivered,Closed,SHP045,Shipper 045,Marketplace,Jabodetabek,ST01_JKT_Central,HB01_JKT_GATEWAY,Jabodetabek,ST02_JKT_West,HB01_JKT_GATEWAY,Intra-Region,Next Day,Prepaid,CR008,Bike,0.3,0.29,0.3,2711719,21350,17347,4,1,0,,35.0,24,0,0,,1,0,,0,,30.27,2.97,10.96,ST02_JKT_West,Hub Bottleneck
SHPM000240,AWB260000240,2026-03-12 09:07:54.363310,2026-03-12 09:27:54.363310,2026-03-12 10:16:54.363310,2026-03-12 11:31:16.691349,2026-03-12 12:21:16.691349,2026-03-12 13:12:16.691349,2026-03-12 16:38:03.417739,2026-03-13 00:43:17.334777,2026-03-13 04:49:22.182687,2026-03-13 11:48:18.982614,2026-03-14 05:43:29.538460,2026-03-15 09:07:54.363310,Delivered,Closed,SHP072,Shipper 072,Enterprise,Outer Java,ST18_Balikpapan,HB06_EASTERN_GATEWAY,East Java,ST14_Kediri,HB03_SBY_GATEWAY,Inter-Region,Regular,COD,CR163,Van,1.86,1.97,1.97,386280,24865,17098,8,1,0,,50.0,72,1,0,,1,0,,0,,44.59,3.43,4.1,ST14_Kediri,
SHPM000241,AWB260000241,2026-02-26 18:20:55.732850,2026-02-26 18:52:55.732850,2026-02-26 19:27:55.732850,2026-02-27 00:33:25.006635,2026-02-27 01:12:25.006635,2026-02-27 01:56:25.006635,2026-02-27 04:02:56.960888,2026-02-27 09:27:27.945569,2026-02-27 14:15:22.980790,2026-02-27 20:41:13.552424,2026-02-28 18:19:39.566724,2026-03-01 18:20:55.732850,Delivered,Closed,SHP020,Shipper 020,SME,East Java,ST14_Kediri,HB03_SBY_GATEWAY,Outer Java,ST19_Denpasar,HB06_EASTERN_GATEWAY,Inter-Region,Regular,Prepaid,CR129,Truck,3.55,3.85,3.85,836560,29325,19341,8,1,0,,39.0,72,1,0,,1,0,,0,,47.98,2.11,4.8,ST19_Denpasar,
SHPM000242,AWB260000242,2026-02-15 14:10:59.195720,2026-02-15 14:38:59.195720,2026-02-15 15:05:59.195720,2026-02-15 16:33:18.486089,2026-02-15 16:44:18.486089,2026-02-15 17:10:18.486089,2026-02-15 22:36:27.974486,2026-02-16 00:07:46.964322,2026-02-16 09:25:36.769431,2026-02-16 11:49:46.336806,2026-02-16 15:32:36.385462,2026-02-16 14:10:59.195720,Delivered,Closed,SHP034,Shipper 034,Enterprise,Jabodetabek,ST01_JKT_Central,HB01_JKT_GATEWAY,Jabodetabek,ST04_Bekasi,HB01_JKT_GATEWAY,Intra-Region,Next Day,COD,CR006,Bike,0.98,0.99,0.99,1128088,28455,25461,4,1,0,,11.0,24,0,0,,1,0,,0,,25.36,5.44,9.3,ST04_Bekasi,Last Mile Delay
SHPM000243,AWB260000243,2026-03-28 23:17:22.152087,2026-03-28 23:45:22.152087,2026-03-28 23:54:22.152087,2026-03-29 04:41:21.056946,2026-03-29 05:29:21.056946,2026-03-29 06:48:21.056946,2026-03-29 11:45:36.990059,2026-03-29 15:05:44.721744,2026-03-29 19:28:27.540365,2026-03-30 13:03:05.929217,2026-03-30 19:42:51.551424,2026-03-31 23:17:22.152087,Delivered,Closed,SHP059,Shipper 059,Marketplace,Jabodetabek,ST02_JKT_West,HB01_JKT_GATEWAY,East Java,ST12_Surabaya,HB03_SBY_GATEWAY,Inter-Region,Regular,Prepaid,CR016,Truck,0.6,0.65,0.65,1628416,14925,13259,8,1,0,,48.0,72,1,0,,1,0,,0,,44.42,4.95,4.38,ST12_Surabaya,
SHPM000244,AWB260000244,2026-03-24 03:38:47.199183,2026-03-24 04:16:47.199183,2026-03-24 04:42:47.199183,2026-03-24 07:06:48.604755,2026-03-24 08:23:48.604755,2026-03-24 09:46:48.604755,2026-03-24 11:58:16.506702,2026-03-24 14:17:02.318154,2026-03-24 17:20:21.990360,2026-03-25 09:49:34.586060,2026-03-25 17:18:44.593006,2026-03-27 03:38:47.199183,Delivered,Closed,SHP058,Shipper 058,Enterprise,Jabodetabek,ST01_JKT_Central,HB01_JKT_GATEWAY,Central Java,ST11_Yogyakarta,HB04_CTG_NATIONAL,Inter-Region,Regular,Prepaid,CR009,Bike,0.89,1.03,1.03,1460234,16635,14999,8,1,0,,77.0,72,1,0,,1,0,,0,,37.67,2.19,3.06,ST11_Yogyakarta,
SHPM000245,AWB260000245,2026-03-24 13:37:44.534245,2026-03-24 13:56:44.534245,2026-03-24 14:22:44.534245,2026-03-24 20:32:48.937602,2026-03-24 20:53:48.937602,2026-03-24 22:47:48.937602,2026-03-25 02:42:47.639472,2026-03-25 10:29:38.582663,2026-03-25 19:13:09.344443,2026-03-26 12:30:46.059492,2026-03-26 22:42:12.177921,2026-03-27 13:37:44.534245,Delivered,Closed,SHP001,Shipper 001,Marketplace,Jabodetabek,ST03_JKT_East,HB01_JKT_GATEWAY,Central Java,ST09_Semarang,HB04_CTG_NATIONAL,Inter-Region,Regular,COD,CR019,Van,0.9,0.86,0.9,2660559,20050,16047,8,1,0,,21.0,72,1,0,,1,0,,0,,57.07,3.92,8.73,ST09_Semarang,
SHPM000246,AWB260000246,2026-03-01 23:14:35.734541,2026-03-01 23:20:35.734541,2026-03-01 23:38:35.734541,2026-03-02 02:57:18.912712,2026-03-02 04:13:18.912712,2026-03-02 05:22:18.912712,2026-03-02 07:35:53.481734,2026-03-02 16:52:16.456116,2026-03-03 04:33:37.026695,2026-03-03 10:51:47.968472,2026-03-03 18:17:34.678406,2026-03-03 11:14:35.734541,Delivered,Closed,SHP065,Shipper 065,Marketplace,Jabodetabek,ST04_Bekasi,HB01_JKT_GATEWAY,East Java,ST13_Malang,HB03_SBY_GATEWAY,Inter-Region,Next Day,Prepaid,CR033,Van,1.21,1.13,1.21,1165824,25445,23596,4,1,0,,76.0,36,0,0,,1,0,,0,,43.05,2.23,11.69,ST13_Malang,Hub Bottleneck
SHPM000247,AWB260000247,2026-02-16 13:38:19.720349,2026-02-16 14:13:19.720349,2026-02-16 14:42:19.720349,2026-02-16 16:23:24.747048,2026-02-16 16:31:24.747048,2026-02-16 17:55:24.747048,2026-02-16 22:23:01.488611,2026-02-17 05:24:13.081178,2026-02-17 08:11:45.335652,2026-02-17 23:55:11.821040,2026-02-18 09:26:53.882707,2026-02-18 01:38:19.720349,Delivered,Closed,SHP076,Shipper 076,Enterprise,West Java,ST06_Bandung,HB01_JKT_GATEWAY,Jabodetabek,ST01_JKT_Central,HB01_JKT_GATEWAY,Inter-Region,Next Day,COD,CR056,Bike,2.09,3.25,3.25,1108566,38625,33885,4,1,0,,8.0,36,0,0,,1,0,,0,,43.81,4.46,2.79,ST01_JKT_Central,Last Mile Delay
SHPM000248,AWB260000248,2026-03-28 08:22:49.180383,2026-03-28 08:48:49.180383,2026-03-28 09:36:49.180383,2026-03-28 13:13:00.803579,2026-03-28 14:21:00.803579,2026-03-28 15:43:00.803579,2026-03-28 18:23:27.996744,2026-03-28 21:50:31.322786,2026-03-29 03:48:25.566721,2026-03-29 20:25:03.468155,2026-03-30 06:17:46.498405,2026-03-29 20:22:49.180383,Delivered,Closed,SHP048,Shipper 048,Enterprise,Outer Java,ST17_Makassar,HB06_EASTERN_GATEWAY,East Java,ST14_Kediri,HB03_SBY_GATEWAY,Inter-Region,Next Day,COD,CR159,Bike,1.83,1.97,1.97,350060,32865,30641,4,0,0,,68.0,36,0,0,,1,0,,0,,45.92,2.67,5.97,ST14_Kediri,First Mile Delay
SHPM000249,AWB260000249,2026-03-09 21:52:55.090349,2026-03-09 22:14:55.090349,2026-03-09 22:48:55.090349,2026-03-10 02:43:00.831041,2026-03-10 03:34:00.831041,2026-03-10 04:50:00.831041,2026-03-10 09:18:02.406064,2026-03-10 14:36:44.003221,2026-03-11 00:26:38.363341,2026-03-11 09:46:44.532130,2026-03-11 20:44:18.487768,2026-03-12 21:52:55.090349,Delivered,Closed,SHP028,Shipper 028,Marketplace,Jabodetabek,ST01_JKT_Central,HB01_JKT_GATEWAY,East Java,ST12_Surabaya,HB03_SBY_GATEWAY,Inter-Region,Regular,Prepaid,CR007,Truck,0.6,0.66,0.66,1796266,14970,8911,8,1,0,,51.0,72,1,0,,1,0,,0,,46.86,4.47,9.83,ST12_Surabaya,
SHPM000250,AWB260000250,2026-03-11 12:47:49.354499,2026-03-11 13:14:49.354499,2026-03-11 13:27:49.354499,2026-03-11 14:46:35.652602,2026-03-11 15:53:35.652602,2026-03-11 17:18:35.652602,2026-03-11 23:10:08.405428,2026-03-12 08:28:21.478004,2026-03-12 12:31:07.880044,2026-03-13 04:16:49.940647,2026-03-13 12:36:58.337185,2026-03-13 00:47:49.354499,Delivered,Closed,SHP084,Shipper 084,Enterprise,Central Java,ST11_Yogyakarta,HB04_CTG_NATIONAL,East Java,ST14_Kediri,HB03_SBY_GATEWAY,Inter-Region,Next Day,Prepaid,CR100,Bike,1.01,0.98,1.01,972050,24545,14811,4,1,0,,67.0,36,0,0,,1,0,,0,,47.82,5.86,4.05,ST14_Kediri,Last Mile Delay
SHPM000251,AWB260000251,2026-02-16 21:06:13.553719,2026-02-16 21:19:13.553719,2026-02-16 21:46:13.553719,2026-02-17 01:40:54.445881,2026-02-17 01:48:54.445881,2026-02-17 03:31:54.445881,2026-02-17 04:35:52.215434,2026-02-17 07:29:16.695424,2026-02-17 09:37:04.725615,2026-02-17 22:58:11.585998,2026-02-18 08:54:02.072580,2026-02-19 21:06:13.553719,Delivered,Closed,SHP039,Shipper 039,Marketplace,Central Java,ST10_Solo,HB04_CTG_NATIONAL,East Java,ST14_Kediri,HB03_SBY_GATEWAY,Inter-Region,Regular,Prepaid,CR093,Bike,1.04,1.45,1.45,1793222,18525,11298,8,1,0,,8.0,72,1,0,,1,0,,0,,35.8,1.07,2.13,ST14_Kediri,
SHPM000252,AWB260000252,2026-03-30 03:38:39.426770,2026-03-30 04:18:39.426770,2026-03-30 04:42:39.426770,2026-03-30 07:07:30.481267,2026-03-30 07:40:30.481267,2026-03-30 08:43:30.481267,2026-03-30 10:32:57.319738,2026-03-30 18:58:33.490443,2026-03-31 03:15:56.754440,2026-03-31 10:47:50.146020,2026-03-31 20:25:00.286516,2026-03-31 15:38:39.426770,Delivered,Closed,SHP072,Shipper 072,Enterprise,Outer Java,ST18_Balikpapan,HB06_EASTERN_GATEWAY,Central Java,ST09_Semarang,HB04_CTG_NATIONAL,Inter-Region,Next Day,Prepaid,CR166,Bike,3.68,3.4,3.68,517813,36560,29160,4,1,0,,33.0,36,0,0,,1,0,,0,,40.77,1.82,8.29,ST09_Semarang,Last Mile Delay
SHPM000253,AWB260000253,2026-02-28 05:11:56.994350,2026-02-28 05:35:56.994350,2026-02-28 06:14:56.994350,2026-02-28 08:06:43.500145,2026-02-28 08:45:43.500145,2026-02-28 10:32:43.500145,2026-02-28 13:19:28.571415,2026-02-28 16:21:38.657845,2026-03-01 00:56:41.804434,2026-03-01 10:15:07.495622,2026-03-01 19:13:39.445630,2026-03-01 17:11:56.994350,Delivered,Closed,SHP007,Shipper 007,SME,Jabodetabek,ST05_Tangerang,HB01_JKT_GATEWAY,East Java,ST14_Kediri,HB03_SBY_GATEWAY,Inter-Region,Next Day,COD,CR044,Bike,0.89,0.81,0.89,2675064,28005,20822,4,1,0,,39.0,36,0,0,,1,0,,0,,38.03,2.78,8.58,ST14_Kediri,Last Mile Delay
SHPM000254,AWB260000254,2026-03-23 07:31:27.736198,2026-03-23 07:44:27.736198,2026-03-23 08:05:27.736198,2026-03-23 15:58:32.870459,2026-03-23 16:52:32.870459,2026-03-23 17:56:32.870459,2026-03-23 20:08:16.861760,2026-03-24 06:06:50.735301,2026-03-24 13:59:10.687579,2026-03-25 07:26:25.820076,2026-03-25 22:10:08.212723,2026-03-26 07:31:27.736198,Delivered,Closed,SHP088,Shipper 088,SME,Outer Java,ST19_Denpasar,HB06_EASTERN_GATEWAY,Jabodetabek,ST01_JKT_Central,HB01_JKT_GATEWAY,Inter-Region,Regular,Prepaid,CR179,Bike,3.29,3.07,3.29,2467054,26805,20278,8,0,0,,54.0,72,1,0,,1,0,,0,,62.64,2.2,7.87,ST01_JKT_Central,
SHPM000255,AWB260000255,2026-03-01 13:58:51.713013,2026-03-01 14:31:51.713013,2026-03-01 14:55:51.713013,2026-03-01 17:41:31.986608,2026-03-01 18:10:31.986608,2026-03-01 19:16:31.986608,2026-03-01 22:19:14.584755,2026-03-02 05:16:41.469655,2026-03-02 13:55:27.574408,2026-03-03 00:39:18.309734,2026-03-03 03:24:23.403494,2026-03-03 01:58:51.713013,Delivered,Closed,SHP080,Shipper 080,SME,Outer Java,ST18_Balikpapan,HB06_EASTERN_GATEWAY,Jabodetabek,ST03_JKT_East,HB01_JKT_GATEWAY,Inter-Region,Next Day,Prepaid,CR167,Van,1.03,1.59,1.59,591468,27155,20075,4,1,0,,29.0,36,0,0,,1,0,,0,,37.43,3.05,8.65,ST03_JKT_East,Last Mile Delay
SHPM000256,AWB260000256,2026-03-07 21:52:25.467566,2026-03-07 22:02:25.467566,2026-03-07 22:22:25.467566,2026-03-08 00:48:15.267647,2026-03-08 01:44:15.267647,2026-03-08 02:12:15.267647,2026-03-08 07:47:29.553981,2026-03-08 17:10:17.287545,2026-03-09 05:01:48.385771,2026-03-09 14:18:12.511589,2026-03-10 04:53:08.270561,2026-03-10 21:52:25.467566,Delivered,Closed,SHP099,Shipper 099,SME,West Java,ST08_Bogor,HB01_JKT_GATEWAY,Outer Java,ST16_Palembang,HB05_SUMATRA_GATEWAY,Inter-Region,Regular,Prepaid,CR082,Bike,0.79,0.8,0.8,1931033,15600,9971,8,1,0,,56.0,72,1,0,,1,0,,0,,55.01,5.59,11.86,ST16_Palembang,
SHPM000257,AWB260000257,2026-02-17 01:54:08.413740,2026-02-17 02:27:08.413740,2026-02-17 03:05:08.413740,2026-02-17 10:15:58.250846,2026-02-17 10:35:58.250846,2026-02-17 11:44:58.250846,2026-02-17 14:27:34.595508,2026-02-17 22:29:06.065766,2026-02-18 01:42:45.423800,2026-02-18 11:15:11.552726,2026-02-19 01:00:24.733051,2026-02-20 01:54:08.413740,Delivered,Closed,SHP051,Shipper 051,Marketplace,Outer Java,ST19_Denpasar,HB06_EASTERN_GATEWAY,West Java,ST08_Bogor,HB01_JKT_GATEWAY,Inter-Region,Regular,Prepaid,CR175,Bike,2.01,2.26,2.26,409736,22170,14622,8,1,0,,20.0,72,1,0,,1,0,,0,,47.1,2.71,3.23,ST08_Bogor,
SHPM000258,AWB260000258,2026-03-03 12:59:48.411551,2026-03-03 13:33:48.411551,2026-03-03 14:13:48.411551,2026-03-03 20:16:51.833382,2026-03-03 20:44:51.833382,2026-03-03 22:31:51.833382,2026-03-03 23:32:58.017424,2026-03-04 05:09:14.115687,2026-03-04 15:23:43.024982,2026-03-04 22:01:46.590179,2026-03-05 15:44:09.802419,2026-03-06 12:59:48.411551,Delivered,Closed,SHP042,Shipper 042,Marketplace,Jabodetabek,ST05_Tangerang,HB01_JKT_GATEWAY,East Java,ST12_Surabaya,HB03_SBY_GATEWAY,Inter-Region,Regular,Prepaid,CR044,Bike,0.38,0.4,0.4,1831143,13800,11636,8,1,0,,28.0,72,1,0,,1,0,,0,,50.74,1.02,10.24,ST12_Surabaya,
SHPM000259,AWB260000259,2026-03-06 10:15:03.815601,2026-03-06 10:54:03.815601,2026-03-06 10:59:03.815601,2026-03-06 16:06:46.169435,2026-03-06 17:08:46.169435,2026-03-06 18:33:46.169435,2026-03-06 22:32:14.222018,2026-03-07 04:52:45.792928,2026-03-07 10:23:08.886533,2026-03-08 02:22:19.173816,2026-03-08 19:19:26.007899,2026-03-09 10:15:03.815601,Delivered,Closed,SHP017,Shipper 017,Marketplace,Outer Java,ST16_Palembang,HB05_SUMATRA_GATEWAY,West Java,ST08_Bogor,HB01_JKT_GATEWAY,Inter-Region,Regular,Prepaid,CR151,Bike,2.97,3.09,3.09,1343306,25905,18972,8,1,0,,62.0,72,1,0,,1,0,,0,,57.07,3.97,5.51,ST08_Bogor,
SHPM000260,AWB260000260,2026-03-26 06:30:38.450647,2026-03-26 07:04:38.450647,2026-03-26 07:26:38.450647,2026-03-26 09:13:07.550903,2026-03-26 09:47:07.550903,2026-03-26 11:01:07.550903,2026-03-26 14:05:00.376262,2026-03-26 22:38:48.413948,2026-03-27 07:32:13.375314,2026-03-27 22:10:19.338376,,2026-03-26 22:30:38.450647,Damaged,Exception,SHP082,Shipper 082,SME,Outer Java,ST19_Denpasar,HB06_EASTERN_GATEWAY,East Java,ST13_Malang,HB03_SBY_GATEWAY,Inter-Region,Same Day,COD,CR180,Bike,1.65,1.65,1.65,1768088,38425,31396,2,0,0,,34.0,16,0,0,,1,1,Damaged,0,,269.49,3.06,8.89,HB06_EASTERN_GATEWAY,
SHPM000261,AWB260000261,2026-03-26 23:37:14.607834,2026-03-26 23:54:14.607834,2026-03-27 00:13:14.607834,2026-03-27 00:35:48.852674,2026-03-27 00:59:48.852674,2026-03-27 02:03:48.852674,2026-03-27 07:57:01.254097,2026-03-27 11:20:24.311496,2026-03-27 22:20:01.989370,2026-03-28 10:03:30.556621,2026-03-28 14:37:26.386426,2026-03-27 15:37:14.607834,Delivered,Closed,SHP085,Shipper 085,Marketplace,Central Java,ST10_Solo,HB04_CTG_NATIONAL,East Java,ST13_Malang,HB03_SBY_GATEWAY,Inter-Region,Same Day,Prepaid,CR099,Truck,1.33,1.49,1.49,1171223,33705,24335,2,1,0,,24.0,16,0,0,,1,0,,0,,39.0,5.89,10.99,ST13_Malang,Hub Bottleneck
SHPM000262,AWB260000262,2026-03-22 22:27:14.777185,2026-03-22 23:01:14.777185,2026-03-22 23:15:14.777185,2026-03-22 23:57:23.654695,2026-03-23 00:09:23.654695,2026-03-23 00:55:23.654695,2026-03-23 05:33:17.281869,2026-03-23 14:00:41.686878,2026-03-23 19:28:54.129870,2026-03-24 03:52:04.580923,2026-03-24 05:20:37.161365,2026-03-23 14:27:14.777185,Delivered,Closed,SHP064,Shipper 064,Marketplace,Jabodetabek,ST04_Bekasi,HB01_JKT_GATEWAY,Central Java,ST09_Semarang,HB04_CTG_NATIONAL,Inter-Region,Same Day,Prepaid,CR042,Bike,0.44,0.48,0.48,1170382,29160,16332,2,1,0,,12.0,16,0,0,,1,0,,0,,30.89,4.63,5.47,ST09_Semarang,Last Mile Delay
SHPM000263,AWB260000263,2026-03-26 08:24:12.546545,2026-03-26 09:05:12.546545,2026-03-26 09:16:12.546545,2026-03-26 11:23:22.193528,2026-03-26 11:32:22.193528,2026-03-26 13:03:22.193528,2026-03-26 16:47:18.883418,2026-03-26 20:03:20.465547,2026-03-27 12:17:47.175218,2026-03-27 19:48:12.333370,,2026-03-27 20:24:12.546545,Return To Sender,RTS,SHP092,Shipper 092,Marketplace,Jabodetabek,ST03_JKT_East,HB01_JKT_GATEWAY,Outer Java,ST16_Palembang,HB05_SUMATRA_GATEWAY,Inter-Region,Next Day,Prepaid,CR019,Truck,1.71,2.8,2.8,1776616,32600,20274,4,1,0,,9.0,36,0,1,Invalid Address,2,0,,1,Invalid Address,267.6,3.73,16.24,ST16_Palembang,Hub Bottleneck
SHPM000264,AWB260000264,2026-02-16 16:14:35.081204,2026-02-16 16:31:35.081204,2026-02-16 16:49:35.081204,2026-02-16 22:36:43.017240,2026-02-16 22:44:43.017240,2026-02-16 23:38:43.017240,2026-02-17 01:28:24.773318,2026-02-17 05:07:12.729245,2026-02-17 14:12:06.610428,2026-02-18 00:50:13.084648,2026-02-18 06:20:34.063881,2026-02-19 16:14:35.081204,Delivered,Closed,SHP009,Shipper 009,Marketplace,West Java,ST06_Bandung,HB01_JKT_GATEWAY,Jabodetabek,ST02_JKT_West,HB01_JKT_GATEWAY,Inter-Region,Regular,Prepaid,CR058,Bike,1.32,1.32,1.32,1048127,17940,12736,8,1,0,,8.0,72,1,0,,1,0,,0,,38.1,1.83,9.08,ST02_JKT_West,
SHPM000265,AWB260000265,2026-03-04 14:41:12.204637,2026-03-04 14:57:12.204637,2026-03-04 15:22:12.204637,2026-03-04 17:22:00.676047,2026-03-04 18:06:00.676047,2026-03-04 19:01:00.676047,2026-03-04 23:27:29.939500,2026-03-05 03:19:31.897255,2026-03-05 07:04:12.494997,2026-03-05 12:49:34.164817,2026-03-05 17:22:43.266599,2026-03-05 14:41:12.204637,Delivered,Closed,SHP036,Shipper 036,Marketplace,West Java,ST06_Bandung,HB01_JKT_GATEWAY,West Java,ST08_Bogor,HB01_JKT_GATEWAY,Intra-Region,Next Day,Prepaid,CR060,Bike,3.14,3.16,3.16,831189,34220,20390,4,1,0,,44.0,24,0,0,,1,0,,0,,26.69,4.44,3.74,ST08_Bogor,Last Mile Delay
SHPM000266,AWB260000266,2026-02-25 07:28:12.288653,2026-02-25 07:43:12.288653,2026-02-25 07:58:12.288653,2026-02-25 09:50:41.763410,2026-02-25 10:12:41.763410,2026-02-25 11:40:41.763410,2026-02-25 17:37:04.949191,2026-02-26 02:54:40.271723,2026-02-26 07:23:49.299677,2026-02-26 23:20:18.185703,2026-02-27 12:21:54.879290,2026-02-28 07:28:12.288653,Delivered,Closed,SHP072,Shipper 072,Enterprise,Outer Java,ST20_Banjarmasin,HB06_EASTERN_GATEWAY,Jabodetabek,ST04_Bekasi,HB01_JKT_GATEWAY,Inter-Region,Regular,Prepaid,CR183,Bike,1.89,2.54,2.54,253496,23430,15458,8,1,0,,22.0,72,1,0,,1,0,,0,,52.9,5.94,4.49,ST04_Bekasi,
SHPM000267,AWB260000267,2026-02-18 10:57:41.911237,2026-02-18 11:41:41.911237,2026-02-18 12:25:41.911237,2026-02-19 03:35:20.498822,2026-02-19 04:46:20.498822,2026-02-19 05:25:20.498822,2026-02-19 13:13:08.100871,2026-02-19 21:44:53.152248,2026-02-20 04:53:32.858606,2026-02-20 09:57:24.114192,2026-02-20 14:37:43.485050,2026-02-21 10:57:41.911237,Delivered,Closed,SHP081,Shipper 081,Marketplace,West Java,ST07_Cirebon,HB02_BDG_TRANSIT,Jabodetabek,ST01_JKT_Central,HB01_JKT_GATEWAY,Inter-Region,Regular,Prepaid,CR065,Van,1.5,1.49,1.5,1912340,18750,17566,8,0,0,,71.0,72,1,0,,1,0,,0,,51.67,7.8,7.14,ST01_JKT_Central,
SHPM000268,AWB260000268,2026-03-01 02:16:14.062345,2026-03-01 02:52:14.062345,2026-03-01 03:30:14.062345,2026-03-01 04:43:43.423837,2026-03-01 05:18:43.423837,2026-03-01 05:43:43.423837,2026-03-01 08:29:37.598392,2026-03-01 17:10:41.210778,2026-03-01 21:13:23.033327,2026-03-02 10:38:08.917269,2026-03-02 17:05:14.143579,2026-03-02 14:16:14.062345,Delivered,Closed,SHP071,Shipper 071,Enterprise,Jabodetabek,ST04_Bekasi,HB01_JKT_GATEWAY,West Java,ST06_Bandung,HB01_JKT_GATEWAY,Inter-Region,Next Day,Prepaid,CR034,Van,2.28,2.34,2.34,1389543,30530,23163,4,1,0,,35.0,36,0,0,,1,0,,0,,38.82,2.77,4.04,ST06_Bandung,Last Mile Delay
SHPM000269,AWB260000269,2026-03-17 15:49:13.346755,2026-03-17 16:26:13.346755,2026-03-17 16:57:13.346755,2026-03-17 23:14:27.249952,2026-03-18 00:11:27.249952,2026-03-18 01:39:27.249952,2026-03-18 05:53:58.143277,2026-03-18 07:29:19.115447,2026-03-18 18:11:19.333176,2026-03-19 01:16:35.034993,2026-03-19 14:32:34.064390,2026-03-19 15:49:13.346755,Delivered,Closed,SHP041,Shipper 041,SME,West Java,ST08_Bogor,HB01_JKT_GATEWAY,West Java,ST08_Bogor,HB01_JKT_GATEWAY,Intra-Region,Regular,Prepaid,CR079,Van,3.81,4.16,4.16,2193018,30720,21633,8,1,0,,57.0,48,1,0,,1,0,,0,,46.72,4.24,10.7,ST08_Bogor,
SHPM000270,AWB260000270,2026-03-07 18:30:28.715711,2026-03-07 19:13:28.715711,2026-03-07 19:38:28.715711,2026-03-07 20:38:22.360503,2026-03-07 21:42:22.360503,2026-03-07 22:11:22.360503,2026-03-08 00:17:14.796265,2026-03-08 02:42:45.164070,2026-03-08 04:35:14.168864,2026-03-08 13:02:51.310713,2026-03-08 20:37:46.462718,2026-03-09 06:30:28.715711,Delivered,Closed,SHP092,Shipper 092,Marketplace,Jabodetabek,ST03_JKT_East,HB01_JKT_GATEWAY,West Java,ST08_Bogor,HB01_JKT_GATEWAY,Inter-Region,Next Day,Prepaid,CR022,Bike,1.1,1.39,1.39,2249864,26255,16476,4,1,0,,64.0,36,1,0,,1,0,,0,,26.12,2.1,1.87,ST08_Bogor,
SHPM000271,AWB260000271,2026-03-04 23:16:25.606791,2026-03-04 23:36:25.606791,2026-03-05 00:12:25.606791,2026-03-05 01:52:09.491518,2026-03-05 02:56:09.491518,2026-03-05 04:36:09.491518,2026-03-05 07:58:32.303953,2026-03-05 12:38:53.063468,2026-03-05 16:00:43.132436,2026-03-06 00:26:30.478846,2026-03-06 07:47:16.245875,2026-03-06 11:16:25.606791,Delivered,Closed,SHP074,Shipper 074,Enterprise,Outer Java,ST17_Makassar,HB06_EASTERN_GATEWAY,West Java,ST06_Bandung,HB01_JKT_GATEWAY,Inter-Region,Next Day,Prepaid,CR158,Van,1.83,2.47,2.47,1469782,31115,23046,4,1,0,,64.0,36,1,0,,1,0,,0,,32.51,3.37,3.36,ST06_Bandung,
SHPM000272,AWB260000272,2026-03-13 17:41:40.704677,2026-03-13 18:02:40.704677,2026-03-13 18:25:40.704677,2026-03-13 22:09:09.282304,2026-03-13 22:33:09.282304,2026-03-13 23:54:09.282304,2026-03-14 04:46:30.755624,2026-03-14 09:12:10.924336,2026-03-15 01:50:56.124785,2026-03-15 04:11:40.673604,2026-03-16 05:42:17.839657,2026-03-15 17:41:40.704677,Delivered,Closed,SHP026,Shipper 026,Marketplace,Outer Java,ST18_Balikpapan,HB06_EASTERN_GATEWAY,Outer Java,ST17_Makassar,HB06_EASTERN_GATEWAY,Intra-Region,Regular,Prepaid,CR168,Truck,0.79,0.96,0.96,1563907,16320,11930,8,1,0,,24.0,48,0,0,,1,0,,0,,60.01,4.87,16.65,ST17_Makassar,Hub Bottleneck
SHPM000273,AWB260000273,2026-02-21 20:56:31.553523,2026-02-21 21:23:31.553523,2026-02-21 22:00:31.553523,2026-02-22 01:33:26.500617,2026-02-22 01:58:26.500617,2026-02-22 03:19:26.500617,2026-02-22 07:49:59.542045,2026-02-22 16:30:23.683202,2026-02-22 23:08:06.186179,2026-02-23 11:30:05.987928,2026-02-24 04:28:58.532667,2026-02-24 20:56:31.553523,Delivered,Closed,SHP025,Shipper 025,Marketplace,East Java,ST13_Malang,HB03_SBY_GATEWAY,West Java,ST06_Bandung,HB01_JKT_GATEWAY,Inter-Region,Regular,Prepaid,CR122,Bike,0.67,0.68,0.68,2172420,15060,14230,8,1,0,,25.0,72,1,0,,1,0,,0,,55.54,4.51,6.63,ST06_Bandung,
SHPM000274,AWB260000274,2026-02-22 04:42:38.903981,2026-02-22 04:55:38.903981,2026-02-22 05:17:38.903981,2026-02-22 12:18:34.815513,2026-02-22 13:09:34.815513,2026-02-22 13:35:34.815513,2026-02-22 18:09:32.363299,2026-02-22 21:18:00.517881,2026-02-23 06:29:49.926360,2026-02-23 17:06:49.903043,2026-02-24 00:35:45.819688,2026-02-25 04:42:38.903981,Delivered,Closed,SHP057,Shipper 057,SME,Central Java,ST09_Semarang,HB04_CTG_NATIONAL,West Java,ST06_Bandung,HB01_JKT_GATEWAY,Inter-Region,Regular,Prepaid,CR083,Bike,0.6,0.55,0.6,670463,14700,10615,8,1,0,,51.0,72,1,0,,1,0,,0,,43.89,4.57,9.2,ST06_Bandung,
SHPM000275,AWB260000275,2026-03-17 23:38:33.747371,2026-03-18 00:02:33.747371,2026-03-18 00:14:33.747371,2026-03-18 08:10:26.968645,2026-03-18 08:36:26.968645,2026-03-18 09:08:26.968645,2026-03-18 12:46:25.253778,2026-03-18 20:19:36.295362,2026-03-19 07:03:08.724555,2026-03-19 16:42:02.485358,2026-03-20 13:05:51.436513,2026-03-20 23:38:33.747371,Delivered,Closed,SHP043,Shipper 043,Marketplace,Central Java,ST10_Solo,HB04_CTG_NATIONAL,Outer Java,ST16_Palembang,HB05_SUMATRA_GATEWAY,Inter-Region,Regular,Prepaid,CR095,Bike,0.76,0.71,0.76,400627,15420,11899,8,0,0,,26.0,72,1,0,,1,0,,0,,61.45,3.63,10.73,ST16_Palembang,
SHPM000276,AWB260000276,2026-03-21 19:59:44.048371,2026-03-21 20:07:44.048371,2026-03-21 20:43:44.048371,2026-03-22 02:17:21.408417,2026-03-22 03:03:21.408417,2026-03-22 04:30:21.408417,2026-03-22 07:54:47.830623,2026-03-22 12:33:49.489401,2026-03-22 14:42:10.177700,2026-03-23 05:19:44.311268,2026-03-23 11:20:49.567049,2026-03-24 19:59:44.048371,Delivered,Closed,SHP014,Shipper 014,Enterprise,Jabodetabek,ST02_JKT_West,HB01_JKT_GATEWAY,Central Java,ST11_Yogyakarta,HB04_CTG_NATIONAL,Inter-Region,Regular,Prepaid,CR018,Bike,0.48,0.47,0.48,122582,14160,12361,8,1,0,,46.0,72,1,0,,1,0,,0,,39.35,3.41,2.14,ST11_Yogyakarta,
SHPM000277,AWB260000277,2026-03-20 19:36:39.940968,2026-03-20 19:54:39.940968,2026-03-20 20:24:39.940968,2026-03-21 04:23:36.260923,2026-03-21 05:03:36.260923,2026-03-21 06:19:36.260923,2026-03-21 12:14:24.793717,2026-03-21 20:48:08.597288,2026-03-22 12:07:50.441206,2026-03-23 03:48:45.367472,2026-03-23 20:43:54.756628,2026-03-23 19:36:39.940968,Delivered,Closed,SHP023,Shipper 023,Enterprise,West Java,ST08_Bogor,HB01_JKT_GATEWAY,Outer Java,ST17_Makassar,HB06_EASTERN_GATEWAY,Inter-Region,Regular,COD,CR080,Bike,3.02,3.16,3.16,426821,30220,27257,8,0,0,,40.0,72,0,0,,1,0,,0,,73.12,5.91,15.33,ST17_Makassar,First Mile Delay
SHPM000278,AWB260000278,2026-03-24 09:36:31.543845,2026-03-24 09:59:31.543845,2026-03-24 10:12:31.543845,2026-03-24 16:30:28.290337,2026-03-24 17:14:28.290337,2026-03-24 18:48:28.290337,2026-03-24 22:01:48.919246,2026-03-25 07:17:42.439381,2026-03-25 12:31:11.115183,2026-03-25 19:19:50.520097,2026-03-26 06:20:22.694427,2026-03-27 09:36:31.543845,Delivered,Closed,SHP017,Shipper 017,Marketplace,Outer Java,ST19_Denpasar,HB06_EASTERN_GATEWAY,Jabodetabek,ST03_JKT_East,HB01_JKT_GATEWAY,Inter-Region,Regular,COD,CR180,Bike,1.19,1.24,1.24,358333,21580,15467,8,1,0,,44.0,72,1,0,,1,0,,0,,44.73,3.22,5.22,ST03_JKT_East,
SHPM000279,AWB260000279,2026-03-26 03:00:42.255546,2026-03-26 03:35:42.255546,2026-03-26 03:53:42.255546,2026-03-26 06:47:02.468443,2026-03-26 07:40:02.468443,2026-03-26 09:02:02.468443,2026-03-26 11:19:48.536761,2026-03-26 18:54:44.275480,2026-03-27 11:20:40.431498,2026-03-27 23:56:34.714402,2026-03-28 08:32:19.945452,2026-03-27 15:00:42.255546,Delivered,Closed,SHP090,Shipper 090,Enterprise,East Java,ST14_Kediri,HB03_SBY_GATEWAY,Central Java,ST09_Semarang,HB04_CTG_NATIONAL,Inter-Region,Next Day,Prepaid,CR132,Bike,0.65,0.62,0.65,1637716,22925,15386,4,1,0,,53.0,36,0,0,,1,0,,0,,53.53,2.3,16.43,ST09_Semarang,Hub Bottleneck
SHPM000280,AWB260000280,2026-03-17 10:28:34.277299,2026-03-17 10:37:34.277299,2026-03-17 10:54:34.277299,2026-03-17 12:21:45.062779,2026-03-17 13:05:45.062779,2026-03-17 14:17:45.062779,2026-03-17 17:11:02.383804,2026-03-17 22:08:22.124244,2026-03-18 05:39:50.995454,2026-03-18 08:39:43.825023,2026-03-18 10:48:24.456530,2026-03-17 20:28:34.277299,Delivered,Closed,SHP070,Shipper 070,Enterprise,Jabodetabek,ST04_Bekasi,HB01_JKT_GATEWAY,Jabodetabek,ST02_JKT_West,HB01_JKT_GATEWAY,Intra-Region,Same Day,COD,CR031,Van,1.85,2.01,2.01,284104,40045,26037,2,1,0,,44.0,10,0,0,,1,0,,0,,24.33,2.89,7.52,ST02_JKT_West,Last Mile Delay
SHPM000281,AWB260000281,2026-03-24 06:01:53.336010,2026-03-24 06:19:53.336010,2026-03-24 06:55:53.336010,2026-03-24 08:51:57.892000,2026-03-24 10:03:57.892000,2026-03-24 10:27:57.892000,2026-03-24 15:22:28.151900,2026-03-24 21:30:44.861668,2026-03-25 00:04:19.373218,2026-03-25 18:13:53.693867,2026-03-25 20:23:38.742311,2026-03-24 22:01:53.336010,Delivered,Closed,SHP019,Shipper 019,Marketplace,West Java,ST07_Cirebon,HB02_BDG_TRANSIT,Central Java,ST09_Semarang,HB04_CTG_NATIONAL,Inter-Region,Same Day,Prepaid,CR072,Bike,2.14,3.16,3.16,2425248,41220,34678,2,0,0,,72.0,16,0,0,,1,1,Missed Cut-Off,0,,38.36,4.91,2.56,ST09_Semarang,First Mile Delay
SHPM000282,AWB260000282,2026-03-03 18:15:43.328139,2026-03-03 18:22:43.328139,2026-03-03 18:45:43.328139,2026-03-03 21:21:13.401568,2026-03-03 22:12:13.401568,2026-03-04 00:00:13.401568,2026-03-04 02:39:06.366628,2026-03-04 10:42:37.895858,2026-03-04 21:47:23.574473,2026-03-05 03:36:00.548474,2026-03-05 19:17:24.722667,2026-03-06 18:15:43.328139,Delivered,Closed,SHP015,Shipper 015,Marketplace,West Java,ST06_Bandung,HB01_JKT_GATEWAY,Central Java,ST11_Yogyakarta,HB04_CTG_NATIONAL,Inter-Region,Regular,Prepaid,CR059,Van,1.08,1.0,1.08,966376,16860,15459,8,1,0,,51.0,72,1,0,,1,0,,0,,49.03,2.65,11.08,ST11_Yogyakarta,
SHPM000283,AWB260000283,2026-03-23 18:32:41.823142,2026-03-23 18:40:41.823142,2026-03-23 19:28:41.823142,2026-03-23 21:59:21.163232,2026-03-23 22:42:21.163232,2026-03-23 22:59:21.163232,2026-03-24 02:45:06.090512,2026-03-24 05:10:07.734539,2026-03-24 14:42:30.495824,2026-03-25 04:44:57.112708,2026-03-25 10:41:26.785198,2026-03-25 06:32:41.823142,Delivered,Closed,SHP008,Shipper 008,SME,Outer Java,ST16_Palembang,HB05_SUMATRA_GATEWAY,East Java,ST14_Kediri,HB03_SBY_GATEWAY,Inter-Region,Next Day,Prepaid,CR148,Bike,1.61,1.52,1.61,746256,27245,20189,4,1,0,,43.0,36,0,0,,1,0,,0,,40.15,3.76,9.54,ST14_Kediri,Last Mile Delay
SHPM000284,AWB260000284,2026-03-31 15:48:51.869227,2026-03-31 15:57:51.869227,2026-03-31 16:56:51.869227,2026-03-31 17:02:49.902015,2026-03-31 18:32:49.902015,2026-03-31 19:48:49.902015,2026-04-01 02:38:54.960844,2026-04-01 05:15:34.643515,2026-04-01 16:36:45.034900,2026-04-02 00:17:19.327884,2026-04-02 05:18:27.399653,2026-04-01 07:48:51.869227,Delivered,Closed,SHP019,Shipper 019,Marketplace,West Java,ST07_Cirebon,HB02_BDG_TRANSIT,Jabodetabek,ST05_Tangerang,HB01_JKT_GATEWAY,Inter-Region,Same Day,Prepaid,CR067,Van,5.28,4.8,5.28,1755136,50760,45648,2,1,0,,90.0,16,0,0,,1,0,,0,,37.49,6.83,11.35,ST05_Tangerang,Hub Bottleneck
SHPM000285,AWB260000285,2026-03-01 01:36:20.750850,2026-03-01 01:55:20.750850,2026-03-01 02:30:20.750850,2026-03-01 08:27:20.620358,2026-03-01 10:17:20.620358,2026-03-01 10:46:20.620358,2026-03-01 12:39:19.234020,2026-03-01 16:49:03.832907,2026-03-02 06:52:09.307680,2026-03-03 17:56:00.938743,,2026-03-04 01:36:20.750850,Return To Sender,RTS,SHP060,Shipper 060,Enterprise,East Java,ST12_Surabaya,HB03_SBY_GATEWAY,Central Java,ST11_Yogyakarta,HB04_CTG_NATIONAL,Inter-Region,Regular,Prepaid,CR113,Truck,0.91,0.91,0.91,313485,16095,14724,8,1,0,,110.0,72,0,1,Invalid Address,3,1,Capacity Delay,1,Invalid Address,874.39,1.88,14.05,ST11_Yogyakarta,Hub Bottleneck
SHPM000286,AWB260000286,2026-03-06 17:05:39.690069,2026-03-06 17:13:39.690069,2026-03-06 17:46:39.690069,2026-03-06 21:14:22.635669,2026-03-06 21:28:22.635669,2026-03-06 22:51:22.635669,2026-03-07 02:10:25.681333,2026-03-07 08:45:16.634861,2026-03-07 16:13:18.490315,2026-03-08 03:58:03.612219,2026-03-08 09:48:49.996948,2026-03-09 17:05:39.690069,Delivered,Closed,SHP032,Shipper 032,Marketplace,West Java,ST06_Bandung,HB01_JKT_GATEWAY,Central Java,ST10_Solo,HB04_CTG_NATIONAL,Inter-Region,Regular,COD,CR061,Van,2.85,2.76,2.85,1844612,28825,20858,8,1,0,,14.0,72,1,0,,1,0,,0,,40.72,3.32,7.47,ST10_Solo,
SHPM000287,AWB260000287,2026-02-16 07:23:38.313449,2026-02-16 07:48:38.313449,2026-02-16 08:27:38.313449,2026-02-16 09:52:21.855139,2026-02-16 10:00:21.855139,2026-02-16 11:00:21.855139,2026-02-16 14:24:25.597518,2026-02-16 23:09:42.167037,2026-02-17 02:56:56.613536,2026-02-17 08:42:38.383860,2026-02-17 13:36:26.175651,2026-02-19 07:23:38.313449,Delivered,Closed,SHP095,Shipper 095,Enterprise,Central Java,ST11_Yogyakarta,HB04_CTG_NATIONAL,Jabodetabek,ST03_JKT_East,HB01_JKT_GATEWAY,Inter-Region,Regular,Prepaid,CR102,Van,0.87,1.27,1.27,1663662,17715,9830,8,1,0,,8.0,72,1,0,,1,0,,0,,30.21,3.4,3.79,ST03_JKT_East,
SHPM000288,AWB260000288,2026-02-23 16:50:52.767148,2026-02-23 16:56:52.767148,2026-02-23 17:13:52.767148,2026-02-23 18:11:02.378219,2026-02-23 18:19:02.378219,2026-02-23 18:43:02.378219,2026-02-23 22:15:07.261126,2026-02-24 01:09:26.918952,2026-02-24 04:01:56.727571,2026-02-24 16:26:49.851393,2026-02-24 17:49:35.988914,2026-02-24 08:50:52.767148,Delivered,Closed,SHP030,Shipper 030,Enterprise,Jabodetabek,ST02_JKT_West,HB01_JKT_GATEWAY,Outer Java,ST20_Banjarmasin,HB06_EASTERN_GATEWAY,Inter-Region,Same Day,Prepaid,CR014,Truck,3.18,4.78,4.78,281990,48510,40545,2,1,0,,8.0,16,0,0,,1,0,,0,,24.98,3.53,2.87,ST20_Banjarmasin,Remote Area
SHPM000289,AWB260000289,2026-03-14 18:07:37.014421,2026-03-14 18:44:37.014421,2026-03-14 19:15:37.014421,2026-03-14 21:02:07.824557,2026-03-14 21:10:07.824557,2026-03-14 21:44:07.824557,2026-03-15 00:38:27.438495,2026-03-15 10:37:24.679020,2026-03-15 12:56:49.898973,2026-03-15 18:57:08.074412,2026-03-15 22:07:07.224818,2026-03-15 10:07:37.014421,Delivered,Closed,SHP097,Shipper 097,SME,Jabodetabek,ST03_JKT_East,HB01_JKT_GATEWAY,West Java,ST08_Bogor,HB01_JKT_GATEWAY,Inter-Region,Same Day,Prepaid,CR030,Van,0.93,0.86,0.93,517207,31185,21057,2,0,0,,8.0,16,0,0,,1,0,,0,,27.99,2.91,2.32,ST08_Bogor,First Mile Delay
SHPM000290,AWB260000290,2026-03-06 09:51:25.141968,2026-03-06 10:03:25.141968,2026-03-06 10:26:25.141968,2026-03-06 12:36:52.927099,2026-03-06 12:53:52.927099,2026-03-06 13:17:52.927099,2026-03-06 18:52:16.366314,2026-03-07 02:05:52.268222,2026-03-07 09:57:09.530681,2026-03-07 20:47:21.234086,2026-03-07 23:55:00.346873,2026-03-07 21:51:25.141968,Delivered,Closed,SHP087,Shipper 087,Enterprise,Jabodetabek,ST02_JKT_West,HB01_JKT_GATEWAY,Central Java,ST10_Solo,HB04_CTG_NATIONAL,Inter-Region,Next Day,Prepaid,CR014,Van,3.14,4.9,4.9,2580367,42050,27011,4,1,0,,17.0,36,0,0,,1,0,,0,,38.06,5.57,7.85,ST10_Solo,Last Mile Delay
SHPM000291,AWB260000291,2026-03-22 09:38:25.107399,2026-03-22 09:50:25.107399,2026-03-22 10:00:25.107399,2026-03-22 11:43:14.861945,2026-03-22 12:37:14.861945,2026-03-22 13:47:14.861945,2026-03-22 14:54:25.628292,2026-03-22 18:14:33.374653,2026-03-22 20:30:33.330591,2026-03-23 08:12:10.514505,2026-03-23 10:59:16.823487,2026-03-23 01:38:25.107399,Delivered,Closed,SHP061,Shipper 061,Enterprise,Outer Java,ST17_Makassar,HB06_EASTERN_GATEWAY,Jabodetabek,ST03_JKT_East,HB01_JKT_GATEWAY,Inter-Region,Same Day,Prepaid,CR161,Bike,1.23,1.32,1.32,496238,32940,20487,2,1,0,,54.0,16,0,0,,1,0,,0,,25.35,1.12,2.27,ST03_JKT_East,Last Mile Delay
SHPM000292,AWB260000292,2026-02-26 06:41:01.027518,2026-02-26 06:57:01.027518,2026-02-26 07:22:01.027518,,,,,,,,,2026-02-26 22:41:01.027518,Failed Pickup,Exception,SHP035,Shipper 035,Enterprise,Jabodetabek,ST03_JKT_East,HB01_JKT_GATEWAY,Central Java,ST11_Yogyakarta,HB04_CTG_NATIONAL,Inter-Region,Same Day,COD,CR026,Van,0.91,0.9,0.91,1863595,35095,23363,2,0,1,Capacity Full,,16,0,0,,0,0,,0,,941.32,,,ST03_JKT_East,
SHPM000293,AWB260000293,2026-03-07 20:00:49.307588,2026-03-07 20:07:49.307588,2026-03-07 21:15:49.307588,2026-03-08 03:19:43.007172,2026-03-08 03:54:43.007172,2026-03-08 04:45:43.007172,2026-03-08 08:13:44.319215,2026-03-08 17:18:42.375115,2026-03-09 01:12:11.092744,2026-03-09 19:03:27.193618,2026-03-10 00:37:32.175794,2026-03-09 08:00:49.307588,Delivered,Closed,SHP018,Shipper 018,Enterprise,West Java,ST07_Cirebon,HB02_BDG_TRANSIT,Outer Java,ST17_Makassar,HB06_EASTERN_GATEWAY,Inter-Region,Next Day,Prepaid,CR066,Truck,1.27,1.38,1.38,636210,26210,18442,4,0,0,,35.0,36,0,0,,1,0,,0,,52.61,3.47,7.89,ST17_Makassar,First Mile Delay
SHPM000294,AWB260000294,2026-03-21 06:31:38.708359,2026-03-21 07:03:38.708359,2026-03-21 07:25:38.708359,2026-03-21 13:44:30.340842,2026-03-21 14:22:30.340842,2026-03-21 16:19:30.340842,2026-03-21 17:43:13.548270,2026-03-22 02:04:01.171618,2026-03-22 19:03:38.829045,2026-03-23 06:39:09.245126,2026-03-23 20:32:52.459123,2026-03-24 06:31:38.708359,Delivered,Closed,SHP090,Shipper 090,Enterprise,East Java,ST14_Kediri,HB03_SBY_GATEWAY,Central Java,ST10_Solo,HB04_CTG_NATIONAL,Inter-Region,Regular,Prepaid,CR127,Bike,1.64,1.75,1.75,652278,19875,11802,8,1,0,,38.0,72,1,0,,1,0,,0,,62.02,1.4,16.99,ST10_Solo,
SHPM000295,AWB260000295,2026-03-01 20:14:31.267910,2026-03-01 20:50:31.267910,2026-03-01 21:16:31.267910,2026-03-02 04:50:31.619174,2026-03-02 05:41:31.619174,2026-03-02 05:56:31.619174,2026-03-02 09:06:49.357239,2026-03-02 15:02:21.262414,2026-03-02 22:57:25.272098,2026-03-03 13:11:12.827974,2026-03-03 20:28:22.503632,2026-03-04 20:14:31.267910,Delivered,Closed,SHP048,Shipper 048,Enterprise,Outer Java,ST19_Denpasar,HB06_EASTERN_GATEWAY,Jabodetabek,ST01_JKT_Central,HB01_JKT_GATEWAY,Inter-Region,Regular,Prepaid,CR181,Van,0.62,0.59,0.62,492454,14790,10915,8,0,0,,51.0,72,1,0,,1,0,,0,,48.23,3.17,7.92,ST01_JKT_Central,
SHPM000296,AWB260000296,2026-03-03 04:54:16.879848,2026-03-03 05:27:16.879848,2026-03-03 05:46:16.879848,2026-03-03 09:41:13.309902,2026-03-03 10:45:13.309902,2026-03-03 12:29:13.309902,2026-03-03 15:28:38.917479,2026-03-03 18:30:06.984008,2026-03-04 12:40:13.645433,2026-03-05 04:54:09.277281,2026-03-05 16:53:46.956102,2026-03-06 04:54:16.879848,Delivered,Closed,SHP095,Shipper 095,Enterprise,Central Java,ST09_Semarang,HB04_CTG_NATIONAL,Outer Java,ST18_Balikpapan,HB06_EASTERN_GATEWAY,Inter-Region,Regular,Prepaid,CR087,Bike,0.9,0.97,0.97,2035063,16365,13942,8,1,0,,64.0,72,1,0,,1,0,,0,,59.99,2.99,18.17,ST18_Balikpapan,
SHPM000297,AWB260000297,2026-03-05 22:20:55.896021,2026-03-05 22:59:55.896021,2026-03-05 23:31:55.896021,2026-03-06 02:19:45.894349,2026-03-06 03:23:45.894349,2026-03-06 03:40:45.894349,2026-03-06 09:25:50.908487,2026-03-06 11:35:59.098051,2026-03-06 17:04:52.409308,2026-03-07 08:13:36.698321,2026-03-07 10:47:52.957211,2026-03-07 10:20:55.896021,Delivered,Closed,SHP034,Shipper 034,Enterprise,Jabodetabek,ST01_JKT_Central,HB01_JKT_GATEWAY,West Java,ST07_Cirebon,HB02_BDG_TRANSIT,Inter-Region,Next Day,COD,CR010,Van,0.47,0.74,0.74,674980,27330,19511,4,1,0,,64.0,36,0,0,,1,0,,0,,36.45,5.75,5.48,ST07_Cirebon,Last Mile Delay
SHPM000298,AWB260000298,2026-02-24 23:39:18.685712,2026-02-25 00:15:18.685712,2026-02-25 01:02:18.685712,2026-02-25 06:17:31.504626,2026-02-25 07:43:31.504626,2026-02-25 09:21:31.504626,2026-02-25 14:26:16.918660,2026-02-25 23:27:03.621985,2026-02-26 11:37:19.612847,2026-02-26 23:10:50.665075,2026-02-27 19:28:06.170379,2026-02-27 23:39:18.685712,Delivered,Closed,SHP099,Shipper 099,SME,West Java,ST07_Cirebon,HB02_BDG_TRANSIT,Outer Java,ST16_Palembang,HB05_SUMATRA_GATEWAY,Inter-Region,Regular,Prepaid,CR065,Bike,0.37,0.34,0.37,183135,13665,12655,8,1,0,,86.0,72,1,0,,1,0,,0,,67.81,5.08,12.17,ST16_Palembang,
SHPM000299,AWB260000299,2026-02-19 20:04:59.398649,2026-02-19 20:39:59.398649,2026-02-19 21:02:59.398649,2026-02-19 22:10:42.124561,2026-02-19 23:18:42.124561,2026-02-20 00:20:42.124561,2026-02-20 05:09:30.731454,2026-02-20 12:52:30.598983,2026-02-20 19:07:26.418327,2026-02-22 03:02:56.389316,2026-02-22 04:21:39.797117,2026-02-20 12:04:59.398649,Delivered,Closed,SHP042,Shipper 042,Marketplace,Jabodetabek,ST03_JKT_East,HB01_JKT_GATEWAY,East Java,ST14_Kediri,HB03_SBY_GATEWAY,Inter-Region,Same Day,Prepaid,CR025,Van,0.78,0.78,0.78,646121,30510,17916,2,1,0,,68.0,16,0,0,,1,1,Capacity Delay,0,,56.28,4.81,6.25,ST14_Kediri,Last Mile Delay
SHPM000300,AWB260000300,2026-03-15 16:08:35.810971,2026-03-15 16:22:35.810971,2026-03-15 17:36:35.810971,2026-03-15 18:25:23.071029,2026-03-15 20:03:23.071029,2026-03-15 21:21:23.071029,2026-03-16 01:26:16.722919,2026-03-16 06:00:45.656100,2026-03-17 13:26:25.117987,2026-03-19 10:19:25.669685,2026-03-19 14:49:09.522538,2026-03-17 04:08:35.810971,Delivered,Closed,SHP060,Shipper 060,Enterprise,East Java,ST12_Surabaya,HB03_SBY_GATEWAY,Outer Java,ST15_Medan,HB05_SUMATRA_GATEWAY,Inter-Region,Next Day,Prepaid,CR109,Van,1.1,1.04,1.1,1651562,24950,16237,4,1,0,,98.0,36,0,0,,1,1,Invalid Address,0,,94.68,4.08,31.43,ST15_Medan,Hub Bottleneck
SHPM000301,AWB260000301,2026-03-07 09:19:42.684243,2026-03-07 10:03:42.684243,2026-03-07 10:42:42.684243,2026-03-07 12:09:52.576197,2026-03-07 12:30:52.576197,2026-03-07 14:16:52.576197,2026-03-07 17:08:15.135742,2026-03-07 23:58:25.247867,2026-03-08 06:25:51.007246,2026-03-08 14:10:07.889024,2026-03-09 00:31:09.958467,2026-03-08 21:19:42.684243,Delivered,Closed,SHP005,Shipper 005,Enterprise,Central Java,ST09_Semarang,HB04_CTG_NATIONAL,Jabodetabek,ST04_Bekasi,HB01_JKT_GATEWAY,Inter-Region,Next Day,COD,CR087,Bike,1.11,1.88,1.88,1520356,32460,29281,4,1,0,,21.0,36,0,0,,1,0,,0,,39.19,2.86,6.46,ST04_Bekasi,Last Mile Delay
SHPM000302,AWB260000302,2026-03-19 16:01:35.933761,2026-03-19 16:20:35.933761,2026-03-19 16:46:35.933761,2026-03-19 18:25:23.619805,2026-03-19 19:05:23.619805,2026-03-19 20:53:23.619805,2026-03-19 23:25:07.125576,2026-03-20 06:24:52.752533,2026-03-20 12:08:56.296507,2026-03-20 20:27:38.567689,2026-03-20 23:49:57.034108,2026-03-21 04:01:35.933761,Delivered,Closed,SHP034,Shipper 034,Enterprise,Jabodetabek,ST01_JKT_Central,HB01_JKT_GATEWAY,West Java,ST06_Bandung,HB01_JKT_GATEWAY,Inter-Region,Next Day,Prepaid,CR006,Van,1.95,2.03,2.03,961990,29135,17847,4,1,0,,40.0,36,1,0,,1,0,,0,,31.81,2.53,5.73,ST06_Bandung,
SHPM000303,AWB260000303,2026-02-28 00:00:49.508435,2026-02-28 00:10:49.508435,2026-02-28 00:52:49.508435,2026-02-28 02:10:55.729558,2026-02-28 02:36:55.729558,2026-02-28 02:57:55.729558,2026-02-28 04:39:01.278246,2026-02-28 13:06:29.628603,2026-02-28 19:04:29.965509,2026-03-01 06:12:25.014344,2026-03-01 21:02:30.563318,2026-03-03 00:00:49.508435,Delivered,Closed,SHP011,Shipper 011,Enterprise,Jabodetabek,ST05_Tangerang,HB01_JKT_GATEWAY,East Java,ST14_Kediri,HB03_SBY_GATEWAY,Inter-Region,Regular,Prepaid,CR047,Truck,0.34,0.35,0.35,971049,13575,8379,8,1,0,,26.0,72,1,0,,1,0,,0,,45.03,1.68,5.97,ST14_Kediri,
SHPM000304,AWB260000304,2026-03-19 05:17:38.670247,2026-03-19 05:49:38.670247,2026-03-19 06:12:38.670247,2026-03-19 13:13:21.438784,2026-03-19 13:40:21.438784,2026-03-19 14:49:21.438784,2026-03-19 16:53:29.478077,2026-03-19 23:22:11.545931,2026-03-20 11:20:52.170198,2026-03-21 04:33:36.424766,2026-03-21 14:44:57.285367,2026-03-22 05:17:38.670247,Delivered,Closed,SHP085,Shipper 085,Marketplace,Central Java,ST09_Semarang,HB04_CTG_NATIONAL,Jabodetabek,ST02_JKT_West,HB01_JKT_GATEWAY,Inter-Region,Regular,COD,CR084,Bike,4.43,4.48,4.48,1003454,36160,31299,8,1,0,,27.0,72,1,0,,1,0,,0,,57.46,2.07,11.98,ST02_JKT_West,
SHPM000305,AWB260000305,2026-03-10 23:08:20.211928,2026-03-10 23:43:20.211928,2026-03-11 00:27:20.211928,2026-03-11 07:50:48.620078,2026-03-11 08:27:48.620078,2026-03-11 10:25:48.620078,2026-03-11 11:56:58.591165,2026-03-11 16:54:21.166316,2026-03-12 00:50:29.560917,2026-03-12 15:06:52.490045,2026-03-13 06:47:29.337334,2026-03-13 23:08:20.211928,Delivered,Closed,SHP033,Shipper 033,Marketplace,Jabodetabek,ST04_Bekasi,HB01_JKT_GATEWAY,West Java,ST06_Bandung,HB01_JKT_GATEWAY,Inter-Region,Regular,Prepaid,CR040,Van,0.75,1.12,1.12,583519,17040,13633,8,0,0,,37.0,72,1,0,,1,0,,0,,55.65,1.52,7.94,ST06_Bandung,
SHPM000306,AWB260000306,2026-02-20 20:24:52.870409,2026-02-20 20:54:52.870409,2026-02-20 21:06:52.870409,2026-02-20 21:37:31.282880,2026-02-20 22:29:31.282880,2026-02-20 23:18:31.282880,2026-02-21 00:43:42.719485,2026-02-21 06:16:32.606966,2026-02-21 10:40:07.469174,2026-02-21 18:15:05.852346,2026-02-21 22:33:42.189352,2026-02-21 12:24:52.870409,Delivered,Closed,SHP072,Shipper 072,Enterprise,Outer Java,ST18_Balikpapan,HB06_EASTERN_GATEWAY,East Java,ST14_Kediri,HB03_SBY_GATEWAY,Inter-Region,Same Day,COD,CR171,Bike,2.16,2.34,2.34,1202830,41530,38528,2,1,0,,52.0,16,0,0,,1,0,,0,,26.15,1.42,4.39,ST14_Kediri,Last Mile Delay
SHPM000307,AWB260000307,2026-02-27 18:10:15.737412,2026-02-27 18:38:15.737412,2026-02-27 18:43:15.737412,2026-02-27 20:56:07.915303,2026-02-27 21:44:07.915303,2026-02-27 22:23:07.915303,2026-02-28 03:07:21.267096,2026-02-28 11:01:38.848597,2026-02-28 15:47:15.259546,2026-03-01 01:43:06.988920,2026-03-01 05:10:27.465000,2026-02-28 10:10:15.737412,Delivered,Closed,SHP035,Shipper 035,Enterprise,Jabodetabek,ST04_Bekasi,HB01_JKT_GATEWAY,East Java,ST13_Malang,HB03_SBY_GATEWAY,Inter-Region,Same Day,COD,CR031,Bike,0.83,1.19,1.19,183397,36355,22457,2,0,0,,48.0,16,0,0,,1,0,,0,,35.0,4.74,4.76,ST13_Malang,First Mile Delay
SHPM000308,AWB260000308,2026-02-27 15:36:56.247565,2026-02-27 16:17:56.247565,2026-02-27 16:49:56.247565,2026-02-27 23:52:22.286866,2026-02-28 01:00:22.286866,2026-02-28 02:44:22.286866,2026-02-28 08:34:55.115062,2026-02-28 14:59:41.517799,2026-03-01 00:17:51.899274,2026-03-01 08:47:38.764555,2026-03-02 01:42:03.501131,2026-03-02 15:36:56.247565,Delivered,Closed,SHP097,Shipper 097,SME,Jabodetabek,ST03_JKT_East,HB01_JKT_GATEWAY,West Java,ST07_Cirebon,HB02_BDG_TRANSIT,Inter-Region,Regular,Prepaid,CR025,Bike,1.63,1.74,1.74,230297,19830,17527,8,1,0,,68.0,72,1,0,,1,0,,0,,58.09,5.84,9.3,ST07_Cirebon,
SHPM000309,AWB260000309,2026-03-10 19:42:12.029473,2026-03-10 19:58:12.029473,2026-03-10 20:34:12.029473,2026-03-10 22:07:20.128695,2026-03-10 22:36:20.128695,2026-03-10 23:49:20.128695,2026-03-11 03:47:24.474226,2026-03-11 11:20:46.029238,2026-03-11 20:31:16.122895,2026-03-12 07:40:39.295964,2026-03-12 17:17:37.412444,2026-03-13 19:42:12.029473,Delivered,Closed,SHP052,Shipper 052,Marketplace,Jabodetabek,ST04_Bekasi,HB01_JKT_GATEWAY,West Java,ST08_Bogor,HB01_JKT_GATEWAY,Inter-Region,Regular,Prepaid,CR041,Truck,2.24,2.02,2.24,873231,22080,15100,8,1,0,,29.0,72,1,0,,1,0,,0,,45.59,3.97,9.18,ST08_Bogor,
SHPM000310,AWB260000310,2026-02-17 11:37:45.052589,2026-02-17 12:11:45.052589,2026-02-17 12:28:45.052589,2026-02-17 13:58:52.836327,2026-02-17 14:49:52.836327,2026-02-17 15:27:52.836327,2026-02-17 17:38:44.140815,2026-02-17 21:16:19.813888,2026-02-17 23:43:08.122501,2026-02-18 07:54:01.604560,2026-02-18 10:27:34.046713,2026-02-18 03:37:45.052589,Delivered,Closed,SHP024,Shipper 024,Marketplace,Jabodetabek,ST05_Tangerang,HB01_JKT_GATEWAY,Central Java,ST11_Yogyakarta,HB04_CTG_NATIONAL,Inter-Region,Same Day,Prepaid,CR046,Van,1.69,2.83,2.83,2518353,39735,26769,2,1,0,,51.0,16,0,0,,1,0,,0,,22.83,2.18,2.45,ST11_Yogyakarta,Last Mile Delay
SHPM000311,AWB260000311,2026-03-08 18:19:57.411805,2026-03-08 18:28:57.411805,2026-03-08 18:45:57.411805,2026-03-08 19:35:05.352776,2026-03-08 20:37:05.352776,2026-03-08 21:22:05.352776,2026-03-09 00:12:49.738967,2026-03-09 04:55:57.446356,2026-03-09 20:25:35.527823,2026-03-10 11:11:54.360552,2026-03-10 16:35:34.604326,2026-03-10 06:19:57.411805,Delivered,Closed,SHP071,Shipper 071,Enterprise,Jabodetabek,ST04_Bekasi,HB01_JKT_GATEWAY,Outer Java,ST15_Medan,HB05_SUMATRA_GATEWAY,Inter-Region,Next Day,Prepaid,CR040,Bike,2.74,3.28,3.28,1405432,34760,31251,4,1,0,,62.0,36,0,0,,1,0,,0,,46.26,2.85,15.49,ST15_Medan,Hub Bottleneck
SHPM000312,AWB260000312,2026-03-02 20:17:38.534930,2026-03-02 20:47:38.534930,2026-03-02 21:15:38.534930,2026-03-02 23:58:40.187559,2026-03-03 00:33:40.187559,2026-03-03 01:50:40.187559,2026-03-03 06:06:48.897809,2026-03-03 13:28:30.511703,2026-03-03 19:24:39.388853,2026-03-04 01:07:10.517158,2026-03-04 10:23:01.370077,2026-03-04 08:17:38.534930,Delivered,Closed,SHP048,Shipper 048,Enterprise,Outer Java,ST17_Makassar,HB06_EASTERN_GATEWAY,West Java,ST06_Bandung,HB01_JKT_GATEWAY,Inter-Region,Next Day,COD,CR155,Van,0.67,0.62,0.67,1769225,27015,18600,4,1,0,,35.0,36,0,0,,1,0,,0,,38.09,4.27,5.94,ST06_Bandung,Last Mile Delay
SHPM000313,AWB260000313,2026-03-10 05:02:11.573011,2026-03-10 05:36:11.573011,2026-03-10 06:02:11.573011,2026-03-10 13:49:38.554571,2026-03-10 14:36:38.554571,2026-03-10 15:23:38.554571,2026-03-10 18:31:21.200239,2026-03-11 01:55:21.093143,2026-03-11 11:28:27.408933,2026-03-11 16:46:48.629113,2026-03-12 00:56:51.869854,2026-03-13 05:02:11.573011,Delivered,Closed,SHP072,Shipper 072,Enterprise,Outer Java,ST17_Makassar,HB06_EASTERN_GATEWAY,Jabodetabek,ST04_Bekasi,HB01_JKT_GATEWAY,Inter-Region,Regular,Prepaid,CR161,Bike,1.54,2.55,2.55,1210033,23475,14766,8,0,0,,47.0,72,1,0,,1,0,,0,,43.91,3.13,9.55,ST04_Bekasi,
SHPM000314,AWB260000314,2026-02-16 22:34:52.014000,2026-02-16 22:59:52.014000,2026-02-16 23:22:52.014000,2026-02-17 01:21:21.958796,2026-02-17 02:07:21.958796,2026-02-17 03:54:21.958796,2026-02-17 05:17:59.726381,2026-02-17 14:43:10.014255,2026-02-18 00:05:12.306826,2026-02-19 00:17:07.371005,2026-02-19 05:14:06.468130,2026-02-17 14:34:52.014000,Delivered,Closed,SHP074,Shipper 074,Enterprise,Outer Java,ST15_Medan,HB05_SUMATRA_GATEWAY,West Java,ST08_Bogor,HB01_JKT_GATEWAY,Inter-Region,Same Day,COD,CR144,Bike,1.58,2.65,2.65,1440735,42925,27799,2,0,0,,46.0,16,0,0,,1,1,Weather Delay,0,,54.65,1.39,9.37,ST08_Bogor,First Mile Delay
SHPM000315,AWB260000315,2026-02-20 14:39:21.245607,2026-02-20 15:22:21.245607,2026-02-20 15:43:21.245607,2026-02-20 18:49:21.081390,2026-02-20 19:34:21.081390,2026-02-20 21:13:21.081390,2026-02-20 22:52:16.886366,2026-02-21 03:00:28.020823,2026-02-21 10:47:53.224067,2026-02-22 04:29:05.232794,2026-02-22 09:22:36.844706,2026-02-23 14:39:21.245607,Delivered,Closed,SHP028,Shipper 028,Marketplace,Jabodetabek,ST04_Bekasi,HB01_JKT_GATEWAY,Central Java,ST09_Semarang,HB04_CTG_NATIONAL,Inter-Region,Regular,Prepaid,CR039,Van,1.36,1.3,1.36,1440413,18120,11312,8,1,0,,45.0,72,1,0,,1,0,,0,,42.72,1.65,7.79,ST09_Semarang,
SHPM000316,AWB260000316,2026-02-28 12:58:41.350350,2026-02-28 13:28:41.350350,2026-02-28 14:18:41.350350,2026-02-28 15:49:12.199334,2026-02-28 16:34:12.199334,2026-02-28 17:15:12.199334,2026-02-28 21:59:36.395463,2026-03-01 04:13:48.637845,2026-03-01 08:55:21.075048,2026-03-01 23:41:01.206959,2026-03-02 01:12:59.043384,2026-03-01 04:58:41.350350,Delivered,Closed,SHP084,Shipper 084,Enterprise,Central Java,ST11_Yogyakarta,HB04_CTG_NATIONAL,West Java,ST08_Bogor,HB01_JKT_GATEWAY,Inter-Region,Same Day,Prepaid,CR105,Bike,0.9,0.94,0.94,515882,31230,25892,2,0,0,,45.0,16,0,0,,1,0,,0,,36.24,4.74,4.69,ST08_Bogor,First Mile Delay
SHPM000317,AWB260000317,2026-03-12 21:14:15.942089,2026-03-12 21:54:15.942089,2026-03-12 22:28:15.942089,2026-03-13 01:49:35.879285,2026-03-13 03:25:35.879285,2026-03-13 04:44:35.879285,2026-03-13 10:01:21.151567,2026-03-13 18:53:41.981288,2026-03-14 01:35:26.676787,2026-03-14 12:37:17.849274,2026-03-14 16:13:12.952011,2026-03-14 09:14:15.942089,Delivered,Closed,SHP076,Shipper 076,Enterprise,West Java,ST07_Cirebon,HB02_BDG_TRANSIT,Central Java,ST09_Semarang,HB04_CTG_NATIONAL,Inter-Region,Next Day,Prepaid,CR075,Truck,0.61,0.66,0.66,642986,22970,20580,4,1,0,,96.0,36,0,0,,1,0,,0,,42.98,5.28,6.7,ST09_Semarang,Last Mile Delay
SHPM000318,AWB260000318,2026-03-11 09:37:10.239090,2026-03-11 09:57:10.239090,2026-03-11 10:33:10.239090,2026-03-11 14:34:11.493475,2026-03-11 15:36:11.493475,2026-03-11 17:32:11.493475,2026-03-11 21:48:25.582282,2026-03-12 04:13:24.834234,2026-03-12 22:08:07.415763,2026-03-13 05:13:59.965771,2026-03-13 19:46:29.567613,2026-03-12 21:37:10.239090,Delivered,Closed,SHP050,Shipper 050,Marketplace,Jabodetabek,ST04_Bekasi,HB01_JKT_GATEWAY,Outer Java,ST20_Banjarmasin,HB06_EASTERN_GATEWAY,Inter-Region,Next Day,Prepaid,CR031,Bike,0.56,0.51,0.56,1167800,22520,16068,4,0,0,,62.0,36,0,0,,1,0,,0,,58.16,4.27,17.91,ST20_Banjarmasin,First Mile Delay
SHPM000319,AWB260000319,2026-02-28 20:21:53.731768,2026-02-28 20:30:53.731768,2026-02-28 21:01:53.731768,2026-03-01 05:29:01.202432,2026-03-01 06:07:01.202432,2026-03-01 06:31:01.202432,2026-03-01 11:25:55.971608,2026-03-01 21:05:34.126323,2026-03-02 19:37:28.822224,2026-03-03 09:55:48.021307,2026-03-04 01:31:06.814459,2026-03-03 20:21:53.731768,Delivered,Closed,SHP021,Shipper 021,Marketplace,East Java,ST14_Kediri,HB03_SBY_GATEWAY,Jabodetabek,ST02_JKT_West,HB01_JKT_GATEWAY,Inter-Region,Regular,COD,CR133,Van,1.22,1.18,1.22,2209948,21490,13188,8,0,0,,38.0,72,0,0,,1,0,,0,,77.15,4.92,22.53,ST02_JKT_West,First Mile Delay
SHPM000320,AWB260000320,2026-02-18 07:41:08.863009,2026-02-18 08:07:08.863009,2026-02-18 08:40:08.863009,2026-02-18 12:25:45.510275,2026-02-18 13:14:45.510275,2026-02-18 14:27:45.510275,2026-02-18 19:57:31.025878,2026-02-19 01:53:28.441477,2026-02-19 05:57:39.176668,2026-02-19 14:20:27.155769,2026-02-20 02:17:46.007736,2026-02-21 07:41:08.863009,Delivered,Closed,SHP084,Shipper 084,Enterprise,Central Java,ST09_Semarang,HB04_CTG_NATIONAL,West Java,ST08_Bogor,HB01_JKT_GATEWAY,Inter-Region,Regular,Prepaid,CR085,Bike,1.75,1.84,1.84,1187592,20280,17575,8,1,0,,49.0,72,1,0,,1,0,,0,,42.61,5.5,4.07,ST08_Bogor,
SHPM000321,AWB260000321,2026-03-14 08:35:44.187069,2026-03-14 08:58:44.187069,2026-03-14 09:31:44.187069,2026-03-14 13:12:44.761060,2026-03-14 13:38:44.761060,2026-03-14 13:54:44.761060,2026-03-14 16:12:34.342164,2026-03-14 23:58:43.155955,2026-03-15 09:18:21.439570,2026-03-16 03:15:19.739562,2026-03-16 08:21:12.258344,2026-03-15 20:35:44.187069,Delivered,Closed,SHP014,Shipper 014,Enterprise,Jabodetabek,ST05_Tangerang,HB01_JKT_GATEWAY,West Java,ST07_Cirebon,HB02_BDG_TRANSIT,Inter-Region,Next Day,Prepaid,CR046,Bike,1.36,1.41,1.41,428977,26345,22974,4,0,0,,26.0,36,0,0,,1,0,,0,,47.76,2.3,9.33,ST07_Cirebon,First Mile Delay
SHPM000322,AWB260000322,2026-03-25 18:57:44.181905,2026-03-25 19:33:44.181905,2026-03-25 19:48:44.181905,2026-03-26 03:13:42.526119,2026-03-26 04:34:42.526119,2026-03-26 05:35:42.526119,2026-03-26 11:48:49.650149,2026-03-26 14:36:16.242732,2026-03-26 19:33:51.912792,2026-03-27 01:26:16.766425,2026-03-27 11:17:29.512307,2026-03-27 06:57:44.181905,Delivered,Closed,SHP040,Shipper 040,Marketplace,West Java,ST07_Cirebon,HB02_BDG_TRANSIT,East Java,ST13_Malang,HB03_SBY_GATEWAY,Inter-Region,Next Day,COD,CR074,Bike,0.95,1.14,1.14,1682664,29130,25218,4,0,0,,81.0,36,0,0,,1,0,,0,,40.33,6.22,4.96,ST13_Malang,First Mile Delay
SHPM000323,AWB260000323,2026-02-18 01:07:11.299199,2026-02-18 01:20:11.299199,2026-02-18 01:43:11.299199,2026-02-18 07:24:19.314224,2026-02-18 08:00:19.314224,2026-02-18 09:23:19.314224,2026-02-18 14:47:48.846974,2026-02-18 17:12:20.031606,2026-02-19 03:00:02.641202,2026-02-19 08:57:01.593959,2026-02-19 21:12:06.137809,2026-02-21 01:07:11.299199,Delivered,Closed,SHP026,Shipper 026,Marketplace,Outer Java,ST18_Balikpapan,HB06_EASTERN_GATEWAY,East Java,ST14_Kediri,HB03_SBY_GATEWAY,Inter-Region,Regular,Prepaid,CR164,Truck,1.64,1.56,1.64,623379,19380,16419,8,1,0,,36.0,72,1,0,,1,0,,0,,44.08,5.41,9.8,ST14_Kediri,
SHPM000324,AWB260000324,2026-03-14 08:09:24.772365,2026-03-14 08:35:24.772365,2026-03-14 08:48:24.772365,2026-03-14 16:39:39.748726,2026-03-14 17:15:39.748726,2026-03-14 18:05:39.748726,2026-03-14 22:29:00.914701,2026-03-15 04:30:29.108375,2026-03-15 14:01:02.445107,2026-03-16 04:51:11.897282,,2026-03-17 08:09:24.772365,Delivery Exception,Exception,SHP002,Shipper 002,Enterprise,Jabodetabek,ST01_JKT_Central,HB01_JKT_GATEWAY,Outer Java,ST18_Balikpapan,HB06_EASTERN_GATEWAY,Inter-Region,Regular,Prepaid,CR008,Van,2.96,2.66,2.96,1614819,25320,20016,8,0,0,,36.0,72,0,1,Remote Area Delay,3,0,,0,,555.84,4.39,9.51,ST18_Balikpapan,Delivery Exception
SHPM000325,AWB260000325,2026-02-23 15:42:11.369764,2026-02-23 16:26:11.369764,2026-02-23 16:58:11.369764,2026-02-23 21:12:36.617434,2026-02-23 22:18:36.617434,2026-02-23 22:53:36.617434,2026-02-24 02:56:38.835565,2026-02-24 06:12:04.256110,2026-02-25 02:49:50.296734,2026-02-25 16:19:33.658207,2026-02-26 10:30:17.845768,2026-02-26 15:42:11.369764,Delivered,Closed,SHP070,Shipper 070,Enterprise,Jabodetabek,ST04_Bekasi,HB01_JKT_GATEWAY,Outer Java,ST20_Banjarmasin,HB06_EASTERN_GATEWAY,Inter-Region,Regular,Prepaid,CR032,Van,4.53,6.12,6.12,694403,39540,30135,8,1,0,,66.0,72,1,0,,1,0,,0,,66.8,4.05,20.63,ST20_Banjarmasin,
SHPM000326,AWB260000326,2026-03-01 00:21:26.769163,2026-03-01 00:42:26.769163,2026-03-01 01:06:26.769163,2026-03-01 04:59:14.034508,2026-03-01 05:55:14.034508,2026-03-01 06:35:14.034508,2026-03-01 11:34:28.577612,2026-03-01 18:30:54.185749,2026-03-02 00:38:10.084813,2026-03-02 09:11:51.554151,2026-03-02 21:29:55.743605,2026-03-04 00:21:26.769163,Delivered,Closed,SHP035,Shipper 035,Enterprise,Jabodetabek,ST04_Bekasi,HB01_JKT_GATEWAY,East Java,ST13_Malang,HB03_SBY_GATEWAY,Inter-Region,Regular,COD,CR042,Bike,0.53,0.49,0.53,939474,18385,12128,8,1,0,,56.0,72,1,0,,1,0,,0,,45.14,4.99,6.12,ST13_Malang,
SHPM000327,AWB260000327,2026-03-30 12:40:33.875172,2026-03-30 12:49:33.875172,2026-03-30 13:07:33.875172,2026-03-30 14:24:10.124170,2026-03-30 15:32:10.124170,2026-03-30 16:12:10.124170,2026-03-30 20:00:43.179098,2026-03-30 22:45:54.140347,2026-03-31 06:05:33.370724,2026-03-31 12:32:52.021957,2026-03-31 18:10:12.614898,2026-03-31 12:40:33.875172,Delivered,Closed,SHP078,Shipper 078,SME,Outer Java,ST17_Makassar,HB06_EASTERN_GATEWAY,Outer Java,ST16_Palembang,HB05_SUMATRA_GATEWAY,Intra-Region,Next Day,Prepaid,CR155,Bike,1.05,1.0,1.05,779789,24725,22733,4,1,0,,68.0,24,0,0,,1,0,,0,,29.49,3.81,7.33,ST16_Palembang,Remote Area
SHPM000328,AWB260000328,2026-03-19 01:34:55.206914,2026-03-19 02:05:55.206914,2026-03-19 02:13:55.206914,2026-03-19 06:15:32.513330,2026-03-19 07:08:32.513330,2026-03-19 08:10:32.513330,2026-03-19 09:15:24.136179,2026-03-19 14:45:15.695374,2026-03-19 16:35:28.471243,2026-03-20 04:08:45.572202,2026-03-20 11:19:09.593413,2026-03-20 13:34:55.206914,Delivered,Closed,SHP095,Shipper 095,Enterprise,Central Java,ST11_Yogyakarta,HB04_CTG_NATIONAL,East Java,ST12_Surabaya,HB03_SBY_GATEWAY,Inter-Region,Next Day,Prepaid,CR100,Bike,1.14,1.19,1.19,587275,25355,21527,4,0,0,,53.0,36,1,0,,1,0,,0,,33.74,1.08,1.84,ST12_Surabaya,
SHPM000329,AWB260000329,2026-03-20 13:50:29.690494,2026-03-20 14:06:29.690494,2026-03-20 14:27:29.690494,2026-03-20 21:50:58.945368,2026-03-20 22:13:58.945368,2026-03-20 22:30:58.945368,2026-03-21 01:31:25.334600,2026-03-21 05:52:27.171679,2026-03-21 16:55:29.430418,2026-03-21 22:02:09.004377,2026-03-22 20:26:44.133742,2026-03-23 13:50:29.690494,Delivered,Closed,SHP097,Shipper 097,SME,Jabodetabek,ST05_Tangerang,HB01_JKT_GATEWAY,Outer Java,ST19_Denpasar,HB06_EASTERN_GATEWAY,Inter-Region,Regular,Prepaid,CR054,Bike,2.06,2.71,2.71,2033628,24195,20458,8,1,0,,23.0,72,1,0,,1,0,,0,,54.6,3.01,11.05,ST19_Denpasar,
SHPM000330,AWB260000330,2026-03-16 18:54:18.115777,2026-03-16 19:16:18.115777,2026-03-16 19:46:18.115777,2026-03-16 20:22:31.531074,2026-03-16 21:44:31.531074,2026-03-16 22:14:31.531074,2026-03-17 03:24:46.361448,2026-03-17 08:24:49.642975,2026-03-17 18:24:00.366414,2026-03-18 09:01:08.283806,2026-03-18 15:31:17.858170,2026-03-18 06:54:18.115777,Delivered,Closed,SHP084,Shipper 084,Enterprise,Central Java,ST11_Yogyakarta,HB04_CTG_NATIONAL,Outer Java,ST16_Palembang,HB05_SUMATRA_GATEWAY,Inter-Region,Next Day,Prepaid,CR102,Bike,3.27,3.99,3.99,546703,37955,24045,4,1,0,,82.0,36,0,0,,1,0,,0,,44.62,5.17,9.99,ST16_Palembang,Remote Area
SHPM000331,AWB260000331,2026-02-19 13:01:51.350187,2026-02-19 13:07:51.350187,2026-02-19 13:56:51.350187,2026-02-19 17:36:49.313898,2026-02-19 18:15:49.313898,2026-02-19 18:38:49.313898,2026-02-19 21:49:03.993826,2026-02-20 06:36:00.868756,2026-02-20 11:15:27.118495,2026-02-21 05:15:13.385695,2026-02-21 22:34:19.366564,2026-02-22 13:01:51.350187,Delivered,Closed,SHP091,Shipper 091,SME,Outer Java,ST15_Medan,HB05_SUMATRA_GATEWAY,Jabodetabek,ST04_Bekasi,HB01_JKT_GATEWAY,Inter-Region,Regular,Prepaid,CR138,Truck,3.14,3.34,3.34,1036653,27030,20034,8,1,0,,39.0,72,1,0,,1,0,,0,,57.54,3.17,4.66,ST04_Bekasi,
SHPM000332,AWB260000332,2026-02-27 22:10:01.257195,2026-02-27 22:25:01.257195,2026-02-27 22:46:01.257195,2026-02-28 06:04:58.580440,2026-02-28 06:48:58.580440,2026-02-28 07:49:58.580440,2026-02-28 13:13:41.973849,2026-02-28 14:39:57.212543,2026-02-28 17:52:14.938946,2026-02-28 23:06:08.934517,2026-03-01 07:35:51.000366,2026-03-01 22:10:01.257195,Delivered,Closed,SHP034,Shipper 034,Enterprise,Jabodetabek,ST01_JKT_Central,HB01_JKT_GATEWAY,Jabodetabek,ST02_JKT_West,HB01_JKT_GATEWAY,Intra-Region,Regular,Prepaid,CR010,Bike,1.18,1.11,1.18,1573911,17310,11549,8,1,0,,44.0,48,1,0,,1,0,,0,,33.43,5.4,3.2,ST02_JKT_West,
SHPM000333,AWB260000333,2026-03-22 16:14:46.432694,2026-03-22 16:49:46.432694,2026-03-22 17:04:46.432694,2026-03-23 00:49:40.707632,2026-03-23 01:31:40.707632,2026-03-23 01:46:40.707632,2026-03-23 04:20:06.463517,2026-03-23 10:05:27.688566,2026-03-23 23:09:16.853479,2026-03-24 12:41:15.169421,2026-03-25 13:28:08.336756,2026-03-25 16:14:46.432694,Delivered,Closed,SHP089,Shipper 089,Enterprise,Central Java,ST11_Yogyakarta,HB04_CTG_NATIONAL,Outer Java,ST15_Medan,HB05_SUMATRA_GATEWAY,Inter-Region,Regular,COD,CR100,Bike,1.65,2.05,2.05,534935,25225,18110,8,1,0,,42.0,72,1,0,,1,0,,0,,69.22,2.56,13.06,ST15_Medan,
SHPM000334,AWB260000334,2026-02-24 05:10:59.431790,2026-02-24 05:48:59.431790,2026-02-24 05:53:59.431790,2026-02-24 07:19:01.184878,2026-02-24 07:37:01.184878,2026-02-24 09:06:01.184878,2026-02-24 13:46:56.570760,2026-02-24 22:35:18.125256,2026-02-25 07:56:30.103886,2026-02-25 23:20:19.404764,2026-02-26 01:28:03.428836,2026-02-25 17:10:59.431790,Delivered,Closed,SHP013,Shipper 013,SME,Jabodetabek,ST02_JKT_West,HB01_JKT_GATEWAY,East Java,ST14_Kediri,HB03_SBY_GATEWAY,Inter-Region,Next Day,COD,CR017,Van,0.69,1.01,1.01,709046,28545,26820,4,1,0,,18.0,36,0,0,,1,0,,0,,44.28,4.68,9.35,ST14_Kediri,Last Mile Delay
SHPM000335,AWB260000335,2026-03-24 23:35:15.766918,2026-03-25 00:12:15.766918,2026-03-25 00:49:15.766918,2026-03-25 07:51:11.877095,2026-03-25 08:20:11.877095,2026-03-25 09:45:11.877095,2026-03-25 13:02:05.565215,2026-03-25 15:48:24.863473,2026-03-26 02:17:49.767200,2026-03-26 17:13:10.771563,2026-03-27 04:49:34.038411,2026-03-27 23:35:15.766918,Delivered,Closed,SHP043,Shipper 043,Marketplace,Central Java,ST09_Semarang,HB04_CTG_NATIONAL,West Java,ST06_Bandung,HB01_JKT_GATEWAY,Inter-Region,Regular,COD,CR087,Van,1.43,2.05,2.05,1115832,25225,15062,8,1,0,,29.0,72,1,0,,1,0,,0,,53.24,3.28,10.49,ST06_Bandung,
SHPM000336,AWB260000336,2026-02-19 22:54:03.891528,2026-02-19 23:00:03.891528,2026-02-19 23:34:03.891528,2026-02-20 02:57:53.439170,2026-02-20 04:06:53.439170,2026-02-20 04:27:53.439170,2026-02-20 09:27:58.118972,2026-02-20 14:22:02.616101,2026-02-20 18:17:12.626104,2026-02-21 11:35:59.877898,2026-02-21 15:05:26.468617,2026-02-21 10:54:03.891528,Delivered,Closed,SHP084,Shipper 084,Enterprise,Central Java,ST11_Yogyakarta,HB04_CTG_NATIONAL,East Java,ST13_Malang,HB03_SBY_GATEWAY,Inter-Region,Next Day,Prepaid,CR106,Van,2.79,3.04,3.04,2893341,33680,21149,4,1,0,,69.0,36,0,0,,1,0,,0,,40.19,5.0,3.92,ST13_Malang,Last Mile Delay
SHPM000337,AWB260000337,2026-03-15 11:04:17.009956,2026-03-15 11:28:17.009956,2026-03-15 12:05:17.009956,2026-03-15 13:39:19.771154,2026-03-15 14:17:19.771154,2026-03-15 14:40:19.771154,2026-03-15 15:58:05.771240,2026-03-15 21:15:04.586478,2026-03-16 02:17:41.430465,2026-03-16 17:14:04.379611,2026-03-17 06:15:22.132040,2026-03-16 23:04:17.009956,Delivered,Closed,SHP076,Shipper 076,Enterprise,West Java,ST06_Bandung,HB01_JKT_GATEWAY,Outer Java,ST16_Palembang,HB05_SUMATRA_GATEWAY,Inter-Region,Next Day,COD,CR057,Van,2.49,2.73,2.73,2088598,36285,26749,4,1,0,,38.0,36,0,0,,1,0,,0,,43.18,1.3,5.04,ST16_Palembang,Remote Area
SHPM000338,AWB260000338,2026-02-24 08:11:03.450729,2026-02-24 08:54:03.450729,2026-02-24 09:04:03.450729,2026-02-24 16:06:04.826345,2026-02-24 16:49:04.826345,2026-02-24 17:13:04.826345,2026-02-24 22:37:08.910188,2026-02-25 06:39:11.317605,2026-02-25 15:42:47.575349,2026-02-26 08:05:28.595702,2026-02-26 20:52:04.271882,2026-02-27 08:11:03.450729,Delivered,Closed,SHP008,Shipper 008,SME,Outer Java,ST17_Makassar,HB06_EASTERN_GATEWAY,Jabodetabek,ST05_Tangerang,HB01_JKT_GATEWAY,Inter-Region,Regular,Prepaid,CR155,Van,1.01,0.91,1.01,373106,16545,11159,8,1,0,,43.0,72,1,0,,1,0,,0,,60.68,5.4,9.06,ST05_Tangerang,
SHPM000339,AWB260000339,2026-03-06 12:40:04.728391,2026-03-06 13:25:04.728391,2026-03-06 13:40:04.728391,2026-03-06 15:31:23.928074,2026-03-06 16:07:23.928074,2026-03-06 18:05:23.928074,2026-03-06 21:31:03.805733,2026-03-07 04:12:14.388348,2026-03-07 08:01:42.859881,2026-03-07 18:40:03.157031,2026-03-07 23:21:03.490195,2026-03-07 04:40:04.728391,Delivered,Closed,SHP072,Shipper 072,Enterprise,Outer Java,ST18_Balikpapan,HB06_EASTERN_GATEWAY,East Java,ST12_Surabaya,HB03_SBY_GATEWAY,Inter-Region,Same Day,COD,CR167,Truck,1.2,1.09,1.2,355160,36400,31230,2,0,0,,36.0,16,0,0,,1,0,,0,,34.68,3.43,3.82,ST12_Surabaya,First Mile Delay
SHPM000340,AWB260000340,2026-03-12 23:56:09.482510,2026-03-13 00:29:09.482510,2026-03-13 01:06:09.482510,2026-03-13 08:10:41.131428,2026-03-13 08:27:41.131428,2026-03-13 10:21:41.131428,2026-03-13 13:31:13.483781,2026-03-13 22:47:06.225457,2026-03-14 02:33:12.519886,2026-03-14 09:54:11.043746,2026-03-14 14:18:01.122604,2026-03-15 23:56:09.482510,Delivered,Closed,SHP088,Shipper 088,SME,Outer Java,ST19_Denpasar,HB06_EASTERN_GATEWAY,Jabodetabek,ST01_JKT_Central,HB01_JKT_GATEWAY,Inter-Region,Regular,Prepaid,CR174,Bike,1.94,2.1,2.1,874006,21450,15175,8,1,0,,17.0,72,1,0,,1,0,,0,,38.36,3.16,3.77,ST01_JKT_Central,
SHPM000341,AWB260000341,2026-03-08 05:03:44.904404,2026-03-08 05:19:44.904404,2026-03-08 06:00:44.904404,2026-03-08 08:40:17.293708,2026-03-08 08:48:17.293708,2026-03-08 09:32:17.293708,2026-03-08 12:07:14.908325,2026-03-08 16:34:02.961101,2026-03-09 03:39:58.636757,2026-03-09 09:50:30.877043,2026-03-09 18:39:03.566145,2026-03-09 17:03:44.904404,Delivered,Closed,SHP037,Shipper 037,Marketplace,Central Java,ST11_Yogyakarta,HB04_CTG_NATIONAL,West Java,ST07_Cirebon,HB02_BDG_TRANSIT,Inter-Region,Next Day,Prepaid,CR103,Van,0.34,0.52,0.52,1118735,22340,15163,4,1,0,,8.0,36,0,0,,1,0,,0,,37.59,2.58,11.1,ST07_Cirebon,Hub Bottleneck
SHPM000342,AWB260000342,2026-03-26 00:18:30.543845,2026-03-26 00:27:30.543845,2026-03-26 00:56:30.543845,2026-03-26 04:47:26.987978,2026-03-26 05:33:26.987978,2026-03-26 07:19:26.987978,2026-03-26 10:01:29.939080,2026-03-26 14:51:19.369044,2026-03-26 17:45:07.989383,2026-03-27 03:45:37.228904,2026-03-27 12:56:48.215264,2026-03-27 12:18:30.543845,Delivered,Closed,SHP035,Shipper 035,Enterprise,Jabodetabek,ST04_Bekasi,HB01_JKT_GATEWAY,West Java,ST06_Bandung,HB01_JKT_GATEWAY,Inter-Region,Next Day,Prepaid,CR037,Van,3.32,3.36,3.36,1621070,35120,26877,4,0,0,,46.0,36,0,0,,1,0,,0,,36.64,2.7,2.9,ST06_Bandung,First Mile Delay
SHPM000343,AWB260000343,2026-03-31 02:38:35.730235,2026-03-31 02:44:35.730235,2026-03-31 03:20:35.730235,2026-03-31 04:08:00.125545,2026-03-31 04:28:00.125545,2026-03-31 05:06:00.125545,2026-03-31 10:20:22.411503,2026-03-31 16:59:12.205161,2026-04-01 01:04:22.448272,2026-04-01 17:37:29.122073,2026-04-01 21:44:47.263183,2026-03-31 18:38:35.730235,Delivered,Closed,SHP023,Shipper 023,Enterprise,West Java,ST06_Bandung,HB01_JKT_GATEWAY,Central Java,ST10_Solo,HB04_CTG_NATIONAL,Inter-Region,Same Day,Prepaid,CR059,Bike,1.61,1.59,1.61,1786162,34245,20826,2,1,0,,20.0,16,0,0,,1,0,,0,,43.1,5.24,8.09,ST10_Solo,Last Mile Delay
SHPM000344,AWB260000344,2026-02-27 07:20:39.165691,2026-02-27 08:03:39.165691,2026-02-27 08:32:39.165691,2026-02-27 12:46:17.590103,2026-02-27 13:42:17.590103,2026-02-27 14:31:17.590103,2026-02-27 18:23:34.254862,2026-02-27 20:49:06.456775,2026-02-28 13:11:16.929678,2026-02-28 23:51:30.352592,2026-03-01 06:53:21.824336,2026-02-28 19:20:39.165691,Delivered,Closed,SHP090,Shipper 090,Enterprise,East Java,ST13_Malang,HB03_SBY_GATEWAY,Central Java,ST11_Yogyakarta,HB04_CTG_NATIONAL,Inter-Region,Next Day,COD,CR119,Bike,1.28,1.35,1.35,1037736,30075,22264,4,0,0,,56.0,36,0,0,,1,0,,0,,47.55,3.87,16.37,ST11_Yogyakarta,First Mile Delay
SHPM000345,AWB260000345,2026-03-03 07:05:13.634450,2026-03-03 07:24:13.634450,2026-03-03 07:29:13.634450,2026-03-03 08:57:06.742828,2026-03-03 09:17:06.742828,2026-03-03 10:12:06.742828,2026-03-03 15:30:55.956123,2026-03-03 20:23:56.750845,2026-03-03 22:27:19.051672,2026-03-04 05:36:49.642319,2026-03-04 08:11:11.213401,2026-03-04 07:05:13.634450,Delivered,Closed,SHP014,Shipper 014,Enterprise,Jabodetabek,ST05_Tangerang,HB01_JKT_GATEWAY,Jabodetabek,ST05_Tangerang,HB01_JKT_GATEWAY,Intra-Region,Next Day,COD,CR054,Bike,0.88,1.12,1.12,1374001,29040,19570,4,1,0,,20.0,24,0,0,,1,0,,0,,25.1,5.31,2.06,ST05_Tangerang,Last Mile Delay
SHPM000346,AWB260000346,2026-02-22 15:02:59.951968,2026-02-22 15:26:59.951968,2026-02-22 15:42:59.951968,2026-02-22 17:37:56.290135,2026-02-22 18:39:56.290135,2026-02-22 19:23:56.290135,2026-02-22 22:09:17.902461,2026-02-23 05:19:57.990321,2026-02-23 07:41:21.275845,2026-02-23 18:33:42.122506,2026-02-23 23:29:39.899858,2026-02-23 07:02:59.951968,Delivered,Closed,SHP098,Shipper 098,Marketplace,Outer Java,ST16_Palembang,HB05_SUMATRA_GATEWAY,East Java,ST13_Malang,HB03_SBY_GATEWAY,Inter-Region,Same Day,COD,CR150,Bike,6.17,6.06,6.17,1459456,58765,35576,2,0,0,,62.0,16,0,0,,1,0,,0,,32.44,2.76,2.36,ST13_Malang,First Mile Delay
SHPM000347,AWB260000347,2026-03-18 01:16:54.458675,2026-03-18 01:59:54.458675,2026-03-18 02:21:54.458675,2026-03-18 06:12:47.370117,2026-03-18 06:58:47.370117,2026-03-18 08:57:47.370117,2026-03-18 14:03:29.288204,2026-03-18 16:18:03.128217,2026-03-18 19:06:59.002156,2026-03-19 12:34:14.870258,2026-03-19 18:37:07.242020,2026-03-19 13:16:54.458675,Delivered,Closed,SHP001,Shipper 001,Marketplace,Jabodetabek,ST01_JKT_Central,HB01_JKT_GATEWAY,Outer Java,ST19_Denpasar,HB06_EASTERN_GATEWAY,Inter-Region,Next Day,Prepaid,CR011,Truck,0.45,0.45,0.45,2564817,22025,12968,4,0,0,,46.0,36,0,0,,1,0,,0,,41.34,5.09,2.82,ST19_Denpasar,First Mile Delay
SHPM000348,AWB260000348,2026-03-10 23:58:12.942572,2026-03-11 00:34:12.942572,2026-03-11 01:06:12.942572,2026-03-11 09:01:05.283706,2026-03-11 09:57:05.283706,2026-03-11 11:36:05.283706,2026-03-11 16:08:22.757533,2026-03-12 00:51:07.748991,2026-03-12 04:33:58.776965,2026-03-12 18:11:31.166639,2026-03-13 08:44:05.149128,2026-03-13 23:58:12.942572,Delivered,Closed,SHP056,Shipper 056,Enterprise,Jabodetabek,ST03_JKT_East,HB01_JKT_GATEWAY,Outer Java,ST18_Balikpapan,HB06_EASTERN_GATEWAY,Inter-Region,Regular,Prepaid,CR022,Truck,0.98,1.36,1.36,725687,18120,12616,8,0,0,,56.0,72,1,0,,1,0,,0,,56.76,4.54,3.71,ST18_Balikpapan,
SHPM000349,AWB260000349,2026-02-24 11:12:35.347784,2026-02-24 11:20:35.347784,2026-02-24 11:44:35.347784,2026-02-24 13:30:36.747067,2026-02-24 14:06:36.747067,2026-02-24 15:30:36.747067,2026-02-24 17:22:37.204713,2026-02-24 21:53:10.429287,2026-02-25 00:07:45.624429,2026-02-25 17:41:50.376188,2026-02-26 07:26:38.434695,2026-02-25 23:12:35.347784,Delivered,Closed,SHP049,Shipper 049,Enterprise,Jabodetabek,ST05_Tangerang,HB01_JKT_GATEWAY,Outer Java,ST18_Balikpapan,HB06_EASTERN_GATEWAY,Inter-Region,Next Day,Prepaid,CR048,Van,1.2,1.17,1.2,1018233,25400,21959,4,1,0,,36.0,36,0,0,,1,0,,0,,44.23,1.87,2.24,ST18_Balikpapan,Remote Area
SHPM000350,AWB260000350,2026-03-10 12:32:13.284000,2026-03-10 12:44:13.284000,2026-03-10 13:13:13.284000,2026-03-10 20:33:22.145771,2026-03-10 21:10:22.145771,2026-03-10 22:14:22.145771,2026-03-11 03:22:20.445574,2026-03-11 08:20:47.818365,2026-03-11 18:38:36.178713,2026-03-12 00:13:30.796307,2026-03-12 10:08:41.962563,2026-03-13 12:32:13.284000,Delivered,Closed,SHP056,Shipper 056,Enterprise,Jabodetabek,ST03_JKT_East,HB01_JKT_GATEWAY,West Java,ST06_Bandung,HB01_JKT_GATEWAY,Inter-Region,Regular,Prepaid,CR022,Truck,0.67,0.97,0.97,167471,16365,15036,8,1,0,,37.0,72,1,0,,1,0,,0,,45.61,5.13,10.3,ST06_Bandung,
SHPM000351,AWB260000351,2026-03-13 07:49:13.243929,2026-03-13 08:19:13.243929,2026-03-13 09:06:13.243929,2026-03-13 11:56:25.595344,2026-03-13 12:42:25.595344,2026-03-13 13:17:25.595344,2026-03-13 18:48:05.503877,2026-03-14 00:42:35.363873,2026-03-14 05:15:45.235792,2026-03-14 22:31:41.182022,2026-03-15 06:10:57.226728,2026-03-14 19:49:13.243929,Delivered,Closed,SHP064,Shipper 064,Marketplace,Jabodetabek,ST04_Bekasi,HB01_JKT_GATEWAY,Outer Java,ST17_Makassar,HB06_EASTERN_GATEWAY,Inter-Region,Next Day,Prepaid,CR031,Van,2.18,2.04,2.18,1686262,29810,19417,4,1,0,,46.0,36,0,0,,1,0,,0,,46.36,5.51,4.55,ST17_Makassar,Remote Area
SHPM000352,AWB260000352,2026-03-12 23:48:06.915261,2026-03-13 00:08:06.915261,2026-03-13 00:25:06.915261,2026-03-13 02:48:53.801094,2026-03-13 03:33:53.801094,2026-03-13 04:52:53.801094,2026-03-13 09:42:56.024356,2026-03-13 13:13:38.343771,2026-03-13 18:08:00.012401,2026-03-14 06:31:39.915628,2026-03-14 20:07:23.599878,2026-03-14 11:48:06.915261,Delivered,Closed,SHP011,Shipper 011,Enterprise,Jabodetabek,ST02_JKT_West,HB01_JKT_GATEWAY,Outer Java,ST18_Balikpapan,HB06_EASTERN_GATEWAY,Inter-Region,Next Day,Prepaid,CR017,Van,0.45,0.46,0.46,812807,22070,12876,4,1,0,,45.0,36,0,0,,1,0,,0,,44.32,4.83,4.91,ST18_Balikpapan,Remote Area
SHPM000353,AWB260000353,2026-03-16 10:34:44.768488,2026-03-16 11:05:44.768488,2026-03-16 11:30:44.768488,2026-03-16 12:59:33.494844,2026-03-16 13:36:33.494844,2026-03-16 14:04:33.494844,2026-03-16 18:29:51.193771,2026-03-16 20:32:41.160074,2026-03-16 22:04:50.472104,2026-03-17 03:50:24.413087,2026-03-17 08:40:04.904058,2026-03-17 02:34:44.768488,Delivered,Closed,SHP014,Shipper 014,Enterprise,Jabodetabek,ST05_Tangerang,HB01_JKT_GATEWAY,East Java,ST13_Malang,HB03_SBY_GATEWAY,Inter-Region,Same Day,Prepaid,CR045,Van,3.19,3.55,3.55,1118414,42975,29094,2,1,0,,37.0,16,0,0,,1,0,,0,,22.09,4.42,1.54,ST13_Malang,Last Mile Delay
SHPM000354,AWB260000354,2026-03-11 20:25:37.450906,2026-03-11 20:53:37.450906,2026-03-11 21:22:37.450906,2026-03-12 01:33:11.833845,2026-03-12 02:27:11.833845,2026-03-12 03:02:11.833845,2026-03-12 05:52:37.239569,2026-03-12 08:02:40.228787,2026-03-12 18:00:06.256891,2026-03-13 00:52:24.697524,2026-03-13 04:54:59.031318,2026-03-13 08:25:37.450906,Delivered,Closed,SHP084,Shipper 084,Enterprise,Central Java,ST11_Yogyakarta,HB04_CTG_NATIONAL,East Java,ST13_Malang,HB03_SBY_GATEWAY,Inter-Region,Next Day,COD,CR101,Bike,2.07,3.5,3.5,935863,39750,36481,4,0,0,,54.0,36,1,0,,1,0,,0,,32.49,2.84,9.96,ST13_Malang,
SHPM000355,AWB260000355,2026-03-25 05:52:32.122612,2026-03-25 06:36:32.122612,2026-03-25 06:55:32.122612,2026-03-25 11:13:57.501904,2026-03-25 12:07:57.501904,2026-03-25 13:12:57.501904,2026-03-25 14:55:21.468722,2026-03-25 17:47:30.593957,2026-03-26 02:08:25.169228,2026-03-26 11:02:40.158071,2026-03-26 18:05:05.936258,2026-03-28 05:52:32.122612,Delivered,Closed,SHP094,Shipper 094,SME,Outer Java,ST15_Medan,HB05_SUMATRA_GATEWAY,West Java,ST07_Cirebon,HB02_BDG_TRANSIT,Inter-Region,Regular,Prepaid,CR140,Truck,0.71,0.97,0.97,572173,16365,13665,8,1,0,,54.0,72,1,0,,1,0,,0,,36.21,1.71,8.35,ST07_Cirebon,
SHPM000356,AWB260000356,2026-03-12 04:23:44.566583,2026-03-12 04:48:44.566583,2026-03-12 04:53:44.566583,2026-03-12 09:21:04.100349,2026-03-12 10:06:04.100349,2026-03-12 11:39:04.100349,2026-03-12 15:18:14.686343,2026-03-12 22:19:43.552193,2026-03-13 00:11:57.953836,2026-03-13 06:27:40.577711,,2026-03-13 16:23:44.566583,Delivery Exception,Exception,SHP041,Shipper 041,SME,West Java,ST08_Bogor,HB01_JKT_GATEWAY,Jabodetabek,ST02_JKT_West,HB01_JKT_GATEWAY,Inter-Region,Next Day,Prepaid,CR077,Bike,0.45,0.42,0.45,837633,22025,19001,4,0,0,,45.0,36,0,1,Cash Issue,1,0,,0,,607.6,3.65,1.87,ST02_JKT_West,Delivery Exception
SHPM000357,AWB260000357,2026-02-19 17:27:30.085045,2026-02-19 17:39:30.085045,2026-02-19 17:50:30.085045,2026-02-19 22:56:43.190496,2026-02-19 23:28:43.190496,2026-02-20 01:11:43.190496,2026-02-20 06:26:07.095219,2026-02-20 10:25:49.521380,2026-02-20 13:07:14.546001,2026-02-21 06:24:39.351114,2026-02-21 17:01:49.130726,2026-02-22 17:27:30.085045,Delivered,Closed,SHP036,Shipper 036,Marketplace,West Java,ST06_Bandung,HB01_JKT_GATEWAY,Jabodetabek,ST05_Tangerang,HB01_JKT_GATEWAY,Inter-Region,Regular,Prepaid,CR057,Bike,2.45,2.35,2.45,349711,23025,17838,8,1,0,,32.0,72,1,0,,1,0,,0,,47.57,5.24,2.69,ST05_Tangerang,
SHPM000358,AWB260000358,2026-03-09 01:42:06.586397,2026-03-09 02:06:06.586397,2026-03-09 02:22:06.586397,2026-03-09 06:39:17.781466,2026-03-09 06:47:17.781466,2026-03-09 08:23:17.781466,2026-03-09 10:59:30.355975,2026-03-09 18:40:58.911600,2026-03-10 07:57:27.917551,2026-03-10 20:47:39.545279,,2026-03-10 13:42:06.586397,Delivery Exception,Exception,SHP062,Shipper 062,Enterprise,Jabodetabek,ST03_JKT_East,HB01_JKT_GATEWAY,Outer Java,ST16_Palembang,HB05_SUMATRA_GATEWAY,Inter-Region,Next Day,Prepaid,CR021,Bike,1.19,1.47,1.47,324288,26615,18576,4,0,0,,8.0,36,0,1,Remote Area Delay,3,0,,0,,682.3,2.6,13.27,ST16_Palembang,Hub Bottleneck
SHPM000359,AWB260000359,2026-03-03 19:57:37.491962,2026-03-03 20:41:37.491962,2026-03-03 21:24:37.491962,2026-03-04 01:59:04.540387,2026-03-04 02:38:04.540387,2026-03-04 04:21:04.540387,2026-03-04 08:42:38.810906,2026-03-04 16:17:08.266348,2026-03-04 21:18:35.266033,2026-03-05 12:45:02.500277,2026-03-06 05:57:04.975560,2026-03-06 19:57:37.491962,Delivered,Closed,SHP056,Shipper 056,Enterprise,Jabodetabek,ST01_JKT_Central,HB01_JKT_GATEWAY,West Java,ST06_Bandung,HB01_JKT_GATEWAY,Inter-Region,Regular,Prepaid,CR001,Bike,0.95,0.98,0.98,1368265,16410,11210,8,1,0,,39.0,72,1,0,,1,0,,0,,57.99,4.36,5.02,ST06_Bandung,
SHPM000360,AWB260000360,2026-03-19 21:10:13.087225,2026-03-19 21:15:13.087225,2026-03-19 21:39:13.087225,2026-03-19 23:44:46.733156,2026-03-19 23:52:46.733156,2026-03-20 01:05:46.733156,2026-03-20 05:15:04.785661,2026-03-20 09:53:54.724027,2026-03-20 22:51:55.977322,2026-03-21 04:35:44.565576,2026-03-21 22:14:05.141741,2026-03-22 21:10:13.087225,Delivered,Closed,SHP054,Shipper 054,Marketplace,West Java,ST06_Bandung,HB01_JKT_GATEWAY,Outer Java,ST15_Medan,HB05_SUMATRA_GATEWAY,Inter-Region,Regular,COD,CR056,Van,1.8,1.88,1.88,1170627,24460,15771,8,1,0,,8.0,72,1,0,,1,0,,0,,49.06,4.16,12.97,ST15_Medan,
SHPM000361,AWB260000361,2026-03-07 01:27:46.536532,2026-03-07 01:44:46.536532,2026-03-07 02:09:46.536532,2026-03-07 03:27:56.784183,2026-03-07 04:45:56.784183,2026-03-07 05:24:56.784183,2026-03-07 07:21:03.649157,2026-03-07 11:55:20.126008,2026-03-07 23:50:16.985612,2026-03-08 06:56:58.408986,2026-03-08 13:30:34.013282,2026-03-08 13:27:46.536532,Delivered,Closed,SHP022,Shipper 022,Marketplace,Central Java,ST09_Semarang,HB04_CTG_NATIONAL,West Java,ST06_Bandung,HB01_JKT_GATEWAY,Inter-Region,Next Day,Prepaid,CR083,Bike,0.75,0.8,0.8,282853,23600,14725,4,1,0,,78.0,36,0,0,,1,0,,0,,36.05,1.94,11.92,ST06_Bandung,Hub Bottleneck
SHPM000362,AWB260000362,2026-03-06 19:53:23.487498,2026-03-06 20:03:23.487498,2026-03-06 20:22:23.487498,2026-03-06 23:42:33.166871,2026-03-07 00:51:33.166871,2026-03-07 02:18:33.166871,2026-03-07 04:37:17.038349,2026-03-07 13:20:21.123429,2026-03-07 19:34:20.870172,2026-03-08 10:13:15.486049,2026-03-08 15:02:32.065490,2026-03-08 07:53:23.487498,Delivered,Closed,SHP074,Shipper 074,Enterprise,Outer Java,ST15_Medan,HB05_SUMATRA_GATEWAY,East Java,ST13_Malang,HB03_SBY_GATEWAY,Inter-Region,Next Day,Prepaid,CR144,Bike,0.46,0.42,0.46,1617898,22070,15935,4,1,0,,69.0,36,0,0,,1,0,,0,,43.15,2.31,6.23,ST13_Malang,Last Mile Delay
SHPM000363,AWB260000363,2026-02-24 02:22:48.527146,2026-02-24 03:07:48.527146,2026-02-24 03:41:48.527146,2026-02-24 07:14:10.624764,2026-02-24 08:07:10.624764,2026-02-24 08:45:10.624764,2026-02-24 10:50:16.512932,2026-02-24 12:58:08.526656,2026-02-24 19:25:41.021457,2026-02-25 03:56:58.677292,2026-02-25 13:25:03.489815,2026-02-25 14:22:48.527146,Delivered,Closed,SHP005,Shipper 005,Enterprise,Central Java,ST09_Semarang,HB04_CTG_NATIONAL,West Java,ST07_Cirebon,HB02_BDG_TRANSIT,Inter-Region,Next Day,COD,CR088,Bike,1.15,1.13,1.15,197189,29175,17673,4,0,0,,53.0,36,1,0,,1,0,,0,,35.04,2.08,6.46,ST07_Cirebon,
SHPM000364,AWB260000364,2026-02-27 20:46:57.444996,2026-02-27 21:10:57.444996,2026-02-27 21:30:57.444996,2026-02-28 03:27:50.439350,2026-02-28 03:51:50.439350,2026-02-28 05:13:50.439350,2026-02-28 07:38:24.587559,2026-02-28 15:26:17.581967,2026-03-01 01:24:46.879924,2026-03-01 17:38:46.644635,2026-03-02 03:29:03.473801,2026-03-02 20:46:57.444996,Delivered,Closed,SHP063,Shipper 063,Enterprise,Jabodetabek,ST05_Tangerang,HB01_JKT_GATEWAY,West Java,ST07_Cirebon,HB02_BDG_TRANSIT,Inter-Region,Regular,Prepaid,CR050,Bike,0.84,0.98,0.98,2334451,16410,14300,8,1,0,,24.0,72,1,0,,1,0,,0,,54.7,2.41,9.97,ST07_Cirebon,
SHPM000365,AWB260000365,2026-02-24 20:28:28.107010,2026-02-24 21:12:28.107010,2026-02-24 22:06:28.107010,2026-02-25 06:02:05.605288,2026-02-25 07:45:05.605288,2026-02-25 09:19:05.605288,2026-02-25 13:16:34.997875,2026-02-25 18:58:40.448639,2026-02-26 05:55:56.722936,2026-02-26 23:14:43.075452,2026-02-27 14:01:28.338258,2026-02-27 20:28:28.107010,Delivered,Closed,SHP023,Shipper 023,Enterprise,West Java,ST07_Cirebon,HB02_BDG_TRANSIT,Central Java,ST10_Solo,HB04_CTG_NATIONAL,Inter-Region,Regular,Prepaid,CR067,Van,1.39,1.51,1.51,697485,18795,15093,8,0,0,,103.0,72,1,0,,1,0,,0,,65.55,3.96,10.95,ST10_Solo,
SHPM000366,AWB260000366,2026-03-19 11:29:52.990396,2026-03-19 12:12:52.990396,2026-03-19 12:32:52.990396,2026-03-19 17:52:45.245632,2026-03-19 18:19:45.245632,2026-03-19 19:05:45.245632,2026-03-20 00:02:58.013115,2026-03-20 05:26:00.163295,2026-03-20 15:31:42.734305,2026-03-20 20:40:13.510208,2026-03-21 11:20:37.141128,2026-03-22 11:29:52.990396,Delivered,Closed,SHP078,Shipper 078,SME,Outer Java,ST17_Makassar,HB06_EASTERN_GATEWAY,Jabodetabek,ST03_JKT_East,HB01_JKT_GATEWAY,Inter-Region,Regular,Prepaid,CR157,Truck,0.71,1.2,1.2,1242245,17400,13302,8,1,0,,27.0,72,1,0,,1,0,,0,,47.85,4.95,10.1,ST03_JKT_East,
SHPM000367,AWB260000367,2026-02-19 00:39:21.026659,2026-02-19 00:51:21.026659,2026-02-19 01:29:21.026659,2026-02-19 02:23:40.205530,2026-02-19 03:06:40.205530,2026-02-19 03:24:40.205530,2026-02-19 07:33:20.231628,2026-02-19 14:43:34.487173,2026-02-20 01:14:13.125955,2026-02-20 17:06:21.357439,,2026-02-20 12:39:21.026659,Damaged,Exception,SHP090,Shipper 090,Enterprise,East Java,ST14_Kediri,HB03_SBY_GATEWAY,Central Java,ST11_Yogyakarta,HB04_CTG_NATIONAL,Inter-Region,Next Day,Prepaid,CR131,Truck,2.99,4.26,4.26,635392,39170,30732,4,1,0,,43.0,36,0,0,,1,1,Damaged,0,,1115.34,4.14,10.51,HB03_SBY_GATEWAY,
SHPM000368,AWB260000368,2026-03-27 01:28:44.306556,2026-03-27 02:07:44.306556,2026-03-27 02:46:44.306556,2026-03-27 04:09:01.748510,2026-03-27 04:54:01.748510,2026-03-27 05:35:01.748510,2026-03-27 08:49:34.715137,2026-03-27 11:44:53.890592,2026-03-27 22:49:05.731970,2026-03-28 07:12:29.051521,2026-03-28 10:37:45.074584,2026-03-27 17:28:44.306556,Delivered,Closed,SHP072,Shipper 072,Enterprise,Outer Java,ST18_Balikpapan,HB06_EASTERN_GATEWAY,Jabodetabek,ST02_JKT_West,HB01_JKT_GATEWAY,Inter-Region,Same Day,Prepaid,CR164,Bike,1.59,1.54,1.59,318002,34155,23479,2,0,0,,45.0,16,0,0,,1,0,,0,,33.15,3.24,11.07,ST02_JKT_West,First Mile Delay
SHPM000369,AWB260000369,2026-02-25 10:59:07.465863,2026-02-25 11:06:07.465863,2026-02-25 11:35:07.465863,2026-02-25 13:58:10.707707,2026-02-25 14:41:10.707707,2026-02-25 15:43:10.707707,2026-02-25 19:15:55.383123,2026-02-26 03:53:51.639410,2026-02-26 09:34:05.099738,2026-02-27 17:13:52.193541,2026-02-27 22:43:36.994601,2026-02-26 22:59:07.465863,Delivered,Closed,SHP023,Shipper 023,Enterprise,West Java,ST08_Bogor,HB01_JKT_GATEWAY,Jabodetabek,ST05_Tangerang,HB01_JKT_GATEWAY,Inter-Region,Next Day,Prepaid,CR079,Bike,1.57,1.5,1.57,194253,27065,22623,4,1,0,,43.0,36,0,0,,1,1,Missed Cut-Off,0,,59.74,3.55,5.67,ST05_Tangerang,Last Mile Delay
SHPM000370,AWB260000370,2026-03-21 08:04:04.702584,2026-03-21 08:45:04.702584,2026-03-21 09:12:04.702584,2026-03-21 10:33:56.907018,2026-03-21 10:54:56.907018,2026-03-21 12:08:56.907018,2026-03-21 13:25:15.523000,2026-03-21 20:25:47.710845,2026-03-22 14:51:25.520464,2026-03-22 23:08:14.685079,2026-03-23 02:45:56.465441,2026-03-22 20:04:04.702584,Delivered,Closed,SHP020,Shipper 020,SME,East Java,ST13_Malang,HB03_SBY_GATEWAY,Jabodetabek,ST01_JKT_Central,HB01_JKT_GATEWAY,Inter-Region,Next Day,COD,CR117,Bike,2.81,3.03,3.03,811714,37635,22305,4,1,0,,21.0,36,0,0,,1,0,,0,,42.7,1.27,18.43,ST01_JKT_Central,Hub Bottleneck
SHPM000371,AWB260000371,2026-03-10 01:45:34.386253,2026-03-10 01:50:34.386253,2026-03-10 02:44:34.386253,2026-03-10 04:17:32.224381,2026-03-10 04:39:32.224381,2026-03-10 05:00:32.224381,2026-03-10 07:50:57.120146,2026-03-10 15:00:55.357082,2026-03-11 02:42:36.896573,2026-03-11 17:21:15.312118,2026-03-11 22:01:53.337758,2026-03-11 13:45:34.386253,Delivered,Closed,SHP073,Shipper 073,Marketplace,Outer Java,ST15_Medan,HB05_SUMATRA_GATEWAY,West Java,ST07_Cirebon,HB02_BDG_TRANSIT,Inter-Region,Next Day,Prepaid,CR137,Van,3.28,3.0,3.28,358223,34760,19121,4,1,0,,22.0,36,0,0,,1,0,,0,,44.27,2.84,11.69,ST07_Cirebon,Hub Bottleneck
SHPM000372,AWB260000372,2026-02-20 18:06:03.669209,2026-02-20 18:47:03.669209,2026-02-20 18:55:03.669209,2026-02-21 01:31:49.754704,2026-02-21 02:13:49.754704,2026-02-21 03:31:49.754704,2026-02-21 06:41:34.530132,2026-02-21 09:33:20.632929,2026-02-21 12:53:36.498264,2026-02-21 14:29:34.762983,2026-02-22 04:25:53.810918,2026-02-22 18:06:03.669209,Delivered,Closed,SHP049,Shipper 049,Enterprise,Jabodetabek,ST02_JKT_West,HB01_JKT_GATEWAY,Jabodetabek,ST01_JKT_Central,HB01_JKT_GATEWAY,Intra-Region,Regular,COD,CR014,Bike,0.81,0.8,0.81,2057792,19645,16265,8,1,0,,42.0,48,1,0,,1,0,,0,,34.33,3.16,3.34,ST01_JKT_Central,
SHPM000373,AWB260000373,2026-03-19 17:24:26.965329,2026-03-19 17:34:26.965329,2026-03-19 17:51:26.965329,2026-03-20 00:11:03.719170,2026-03-20 00:36:03.719170,2026-03-20 02:01:03.719170,2026-03-20 05:43:17.525442,2026-03-20 10:17:14.009102,2026-03-20 18:30:00.085283,2026-03-21 04:47:27.762300,2026-03-21 10:51:28.474879,2026-03-22 17:24:26.965329,Delivered,Closed,SHP029,Shipper 029,SME,Outer Java,ST18_Balikpapan,HB06_EASTERN_GATEWAY,East Java,ST12_Surabaya,HB03_SBY_GATEWAY,Inter-Region,Regular,Prepaid,CR163,Bike,2.0,2.08,2.08,1724726,21360,17861,8,1,0,,25.0,72,1,0,,1,0,,0,,41.45,3.7,8.21,ST12_Surabaya,
SHPM000374,AWB260000374,2026-03-17 22:21:53.527020,2026-03-17 23:06:53.527020,2026-03-17 23:40:53.527020,2026-03-18 07:04:21.193040,2026-03-18 07:56:21.193040,2026-03-18 09:55:21.193040,2026-03-18 14:53:02.193433,2026-03-18 23:28:53.135955,2026-03-19 08:58:21.793339,2026-03-20 01:25:19.630455,2026-03-20 13:00:00.711074,2026-03-20 22:21:53.527020,Delivered,Closed,SHP070,Shipper 070,Enterprise,Jabodetabek,ST04_Bekasi,HB01_JKT_GATEWAY,Outer Java,ST17_Makassar,HB06_EASTERN_GATEWAY,Inter-Region,Regular,Prepaid,CR039,Truck,0.91,0.98,0.98,443973,16410,9306,8,1,0,,52.0,72,1,0,,1,0,,0,,62.64,4.96,9.49,ST17_Makassar,
SHPM000375,AWB260000375,2026-03-30 00:04:12.582286,2026-03-30 00:38:12.582286,2026-03-30 01:16:12.582286,2026-03-30 08:53:20.807375,2026-03-30 09:56:20.807375,2026-03-30 11:53:20.807375,2026-03-30 13:25:41.222988,2026-03-30 15:00:19.942905,2026-03-30 17:15:49.355172,2026-03-31 01:53:22.341417,2026-03-31 07:14:30.337579,2026-04-01 00:04:12.582286,Delivered,Closed,SHP071,Shipper 071,Enterprise,Jabodetabek,ST04_Bekasi,HB01_JKT_GATEWAY,Jabodetabek,ST03_JKT_East,HB01_JKT_GATEWAY,Intra-Region,Regular,Prepaid,CR034,Van,1.63,1.71,1.71,1437752,19695,18615,8,0,0,,63.0,48,1,0,,1,0,,0,,31.17,1.54,2.26,ST03_JKT_East,
SHPM000376,AWB260000376,2026-03-23 22:53:20.236768,2026-03-23 23:00:20.236768,2026-03-23 23:13:20.236768,2026-03-24 00:30:20.203374,2026-03-24 00:38:20.203374,2026-03-24 02:35:20.203374,2026-03-24 05:30:27.798275,2026-03-24 08:39:49.647439,2026-03-24 11:11:34.305154,2026-03-24 17:51:26.265985,2026-03-24 23:13:21.716947,2026-03-24 08:53:20.236768,Delivered,Closed,SHP004,Shipper 004,Marketplace,Jabodetabek,ST01_JKT_Central,HB01_JKT_GATEWAY,Jabodetabek,ST01_JKT_Central,HB01_JKT_GATEWAY,Intra-Region,Same Day,Prepaid,CR011,Van,1.44,1.38,1.44,1274760,33480,30728,2,1,0,,8.0,10,0,0,,1,0,,0,,24.33,2.92,2.53,ST01_JKT_Central,Last Mile Delay
SHPM000377,AWB260000377,2026-02-17 05:38:23.226812,2026-02-17 06:11:23.226812,2026-02-17 06:41:23.226812,2026-02-17 14:13:43.687332,2026-02-17 15:11:43.687332,2026-02-17 16:30:43.687332,2026-02-17 19:44:03.426824,2026-02-18 01:45:03.118030,2026-02-18 16:10:32.444450,2026-02-19 02:13:19.179934,2026-02-19 15:59:49.294626,2026-02-20 05:38:23.226812,Delivered,Closed,SHP090,Shipper 090,Enterprise,East Java,ST14_Kediri,HB03_SBY_GATEWAY,Central Java,ST11_Yogyakarta,HB04_CTG_NATIONAL,Inter-Region,Regular,Prepaid,CR134,Van,0.59,0.84,0.84,963113,15780,10716,8,0,0,,58.0,72,1,0,,1,0,,0,,58.36,3.22,14.42,ST11_Yogyakarta,
SHPM000378,AWB260000378,2026-03-09 18:24:34.339763,2026-03-09 19:06:34.339763,2026-03-09 19:38:34.339763,2026-03-09 22:46:21.010522,2026-03-09 23:12:21.010522,2026-03-09 23:44:21.010522,2026-03-10 01:23:56.992638,2026-03-10 11:13:46.344400,2026-03-10 19:59:59.489131,2026-03-11 07:26:59.106062,2026-03-11 22:49:53.521630,2026-03-11 06:24:34.339763,Delivered,Closed,SHP030,Shipper 030,Enterprise,Jabodetabek,ST05_Tangerang,HB01_JKT_GATEWAY,Outer Java,ST16_Palembang,HB05_SUMATRA_GATEWAY,Inter-Region,Next Day,Prepaid,CR047,Bike,0.75,0.7,0.75,792627,23375,15682,4,1,0,,26.0,36,0,0,,1,0,,0,,52.42,1.66,8.77,ST16_Palembang,Remote Area
SHPM000379,AWB260000379,2026-03-06 03:26:59.736359,2026-03-06 03:42:59.736359,2026-03-06 04:04:59.736359,2026-03-06 05:29:09.214965,2026-03-06 06:02:09.214965,2026-03-06 07:07:09.214965,2026-03-06 08:10:30.700142,2026-03-06 10:39:18.526942,2026-03-06 20:25:48.219036,2026-03-07 02:53:45.039923,2026-03-07 12:49:09.502419,2026-03-07 15:26:59.736359,Delivered,Closed,SHP048,Shipper 048,Enterprise,Outer Java,ST17_Makassar,HB06_EASTERN_GATEWAY,Jabodetabek,ST03_JKT_East,HB01_JKT_GATEWAY,Inter-Region,Next Day,Prepaid,CR161,Bike,0.69,1.01,1.01,1115914,24545,18971,4,1,0,,33.0,36,1,0,,1,0,,0,,33.37,1.06,9.77,ST03_JKT_East,
SHPM000380,AWB260000380,2026-03-29 01:59:45.771256,2026-03-29 02:19:45.771256,2026-03-29 02:38:45.771256,2026-03-29 10:07:30.757388,2026-03-29 10:30:30.757388,2026-03-29 12:21:30.757388,2026-03-29 15:31:04.436009,2026-03-30 00:28:59.695334,2026-03-30 10:10:47.584920,2026-03-30 15:32:22.317990,2026-03-31 07:40:35.863470,2026-04-01 01:59:45.771256,Delivered,Closed,SHP081,Shipper 081,Marketplace,West Java,ST06_Bandung,HB01_JKT_GATEWAY,Jabodetabek,ST04_Bekasi,HB01_JKT_GATEWAY,Inter-Region,Regular,Prepaid,CR056,Van,4.53,6.94,6.94,979314,43230,40893,8,1,0,,23.0,72,1,0,,1,0,,0,,53.68,3.16,9.7,ST04_Bekasi,
SHPM000381,AWB260000381,2026-03-21 00:46:13.621995,2026-03-21 00:53:13.621995,2026-03-21 01:12:13.621995,2026-03-21 04:57:10.801738,2026-03-21 05:49:10.801738,2026-03-21 07:12:10.801738,2026-03-21 11:13:46.127383,2026-03-21 20:35:02.738992,2026-03-22 07:03:56.061528,2026-03-22 18:10:27.937727,2026-03-23 01:28:49.717448,2026-03-22 12:46:13.621995,Delivered,Closed,SHP063,Shipper 063,Enterprise,Jabodetabek,ST04_Bekasi,HB01_JKT_GATEWAY,East Java,ST12_Surabaya,HB03_SBY_GATEWAY,Inter-Region,Next Day,Prepaid,CR043,Bike,1.22,1.2,1.22,1148915,25490,21202,4,0,0,,52.0,36,0,0,,1,0,,0,,48.71,4.03,10.48,ST12_Surabaya,First Mile Delay
SHPM000382,AWB260000382,2026-03-18 05:45:06.890011,2026-03-18 06:11:06.890011,2026-03-18 06:26:06.890011,2026-03-18 12:47:56.490453,2026-03-18 13:22:56.490453,2026-03-18 15:17:56.490453,2026-03-18 16:59:43.488563,2026-03-19 01:09:16.868609,2026-03-19 11:31:34.146035,2026-03-19 21:13:31.734801,2026-03-20 03:39:11.881524,2026-03-21 05:45:06.890011,Delivered,Closed,SHP079,Shipper 079,Marketplace,East Java,ST13_Malang,HB03_SBY_GATEWAY,West Java,ST07_Cirebon,HB02_BDG_TRANSIT,Inter-Region,Regular,Prepaid,CR118,Bike,1.4,1.35,1.4,561583,18300,11465,8,1,0,,35.0,72,1,0,,1,0,,0,,45.9,1.7,10.37,ST07_Cirebon,
SHPM000383,AWB260000383,2026-03-20 06:19:17.656042,2026-03-20 06:40:17.656042,2026-03-20 07:43:17.656042,2026-03-20 13:48:21.456492,2026-03-20 15:28:21.456492,2026-03-20 16:53:21.456492,2026-03-20 22:14:31.806841,2026-03-21 04:46:54.471698,2026-03-21 08:22:23.854268,2026-03-21 14:02:10.328543,2026-03-21 23:27:09.317003,2026-03-23 06:19:17.656042,Delivered,Closed,SHP066,Shipper 066,Marketplace,West Java,ST07_Cirebon,HB02_BDG_TRANSIT,East Java,ST12_Surabaya,HB03_SBY_GATEWAY,Inter-Region,Regular,COD,CR068,Van,0.97,1.05,1.05,943632,20725,14228,8,1,0,,100.0,72,1,0,,1,0,,0,,41.13,5.35,3.59,ST12_Surabaya,
SHPM000384,AWB260000384,2026-02-20 17:48:41.050129,2026-02-20 18:08:41.050129,2026-02-20 18:38:41.050129,2026-02-21 00:00:46.968143,2026-02-21 01:05:46.968143,2026-02-21 01:39:46.968143,2026-02-21 02:46:40.141327,2026-02-21 09:27:02.797550,2026-02-21 18:57:19.673816,2026-02-22 02:11:21.895104,2026-02-22 08:26:05.842386,2026-02-23 17:48:41.050129,Delivered,Closed,SHP037,Shipper 037,Marketplace,Central Java,ST09_Semarang,HB04_CTG_NATIONAL,Jabodetabek,ST01_JKT_Central,HB01_JKT_GATEWAY,Inter-Region,Regular,Prepaid,CR087,Bike,1.59,1.61,1.61,143395,19245,13183,8,1,0,,65.0,72,1,0,,1,0,,0,,38.62,1.11,9.5,ST01_JKT_Central,
SHPM000385,AWB260000385,2026-03-13 06:04:50.947674,2026-03-13 06:37:50.947674,2026-03-13 06:46:50.947674,2026-03-13 09:58:04.871643,2026-03-13 10:47:04.871643,2026-03-13 11:36:04.871643,2026-03-13 13:37:37.189426,2026-03-13 17:19:12.870169,2026-03-13 23:24:18.251113,2026-03-14 07:28:07.212372,,2026-03-14 06:04:50.947674,Delivery Exception,Exception,SHP097,Shipper 097,SME,Jabodetabek,ST01_JKT_Central,HB01_JKT_GATEWAY,Jabodetabek,ST02_JKT_West,HB01_JKT_GATEWAY,Intra-Region,Next Day,Prepaid,CR002,Bike,1.71,1.83,1.83,919230,28235,18151,4,1,0,,49.0,24,0,1,Invalid Address,3,0,,0,,581.92,2.03,6.08,ST02_JKT_West,Delivery Exception
SHPM000386,AWB260000386,2026-03-04 08:49:57.003387,2026-03-04 09:09:57.003387,2026-03-04 09:34:57.003387,2026-03-04 10:14:56.312359,2026-03-04 10:46:56.312359,2026-03-04 11:03:56.312359,2026-03-04 14:31:13.546855,2026-03-04 22:18:49.887335,2026-03-05 09:21:37.195070,2026-03-05 15:31:23.965432,2026-03-06 02:29:49.975661,2026-03-05 20:49:57.003387,Delivered,Closed,SHP062,Shipper 062,Enterprise,Jabodetabek,ST04_Bekasi,HB01_JKT_GATEWAY,West Java,ST06_Bandung,HB01_JKT_GATEWAY,Inter-Region,Next Day,Prepaid,CR041,Truck,0.5,0.49,0.5,2022328,22250,20787,4,1,0,,32.0,36,0,0,,1,0,,0,,41.66,3.45,11.05,ST06_Bandung,Hub Bottleneck
SHPM000387,AWB260000387,2026-02-23 05:33:41.250822,2026-02-23 05:48:41.250822,2026-02-23 06:07:41.250822,2026-02-23 07:00:34.615433,2026-02-23 07:36:34.615433,2026-02-23 09:25:34.615433,2026-02-23 11:18:21.606139,2026-02-23 17:41:22.236423,2026-02-25 05:30:00.042408,2026-02-25 21:00:01.746965,2026-02-26 00:48:33.283592,2026-02-24 17:33:41.250822,Delivered,Closed,SHP067,Shipper 067,SME,East Java,ST14_Kediri,HB03_SBY_GATEWAY,Outer Java,ST18_Balikpapan,HB06_EASTERN_GATEWAY,Inter-Region,Next Day,COD,CR129,Bike,2.95,4.72,4.72,625085,45240,41457,4,1,0,,36.0,36,0,0,,1,0,,0,,67.25,1.88,35.81,ST18_Balikpapan,Hub Bottleneck
SHPM000388,AWB260000388,2026-02-21 01:41:37.084100,2026-02-21 01:54:37.084100,2026-02-21 02:22:37.084100,2026-02-21 05:53:10.678085,2026-02-21 06:58:10.678085,2026-02-21 08:43:10.678085,2026-02-21 10:16:08.449388,2026-02-21 14:15:17.035553,2026-02-21 22:28:34.180880,2026-02-22 13:17:05.418024,2026-02-22 19:25:54.453651,2026-02-22 13:41:37.084100,Delivered,Closed,SHP076,Shipper 076,Enterprise,West Java,ST06_Bandung,HB01_JKT_GATEWAY,Central Java,ST09_Semarang,HB04_CTG_NATIONAL,Inter-Region,Next Day,Prepaid,CR062,Bike,0.31,0.33,0.33,823092,21485,13251,4,1,0,,65.0,36,0,0,,1,0,,0,,41.74,1.55,8.22,ST09_Semarang,Last Mile Delay
SHPM000389,AWB260000389,2026-03-17 22:40:39.419481,2026-03-17 22:47:39.419481,2026-03-17 23:19:39.419481,2026-03-18 00:55:42.108481,2026-03-18 01:59:42.108481,2026-03-18 03:02:42.108481,2026-03-18 05:32:33.431800,2026-03-18 07:44:01.056274,2026-03-18 14:20:58.032476,2026-03-19 05:06:12.604816,2026-03-19 11:09:10.674897,2026-03-19 10:40:39.419481,Delivered,Closed,SHP058,Shipper 058,Enterprise,Jabodetabek,ST01_JKT_Central,HB01_JKT_GATEWAY,Central Java,ST11_Yogyakarta,HB04_CTG_NATIONAL,Inter-Region,Next Day,Prepaid,CR008,Bike,3.23,3.25,3.25,848146,34625,26012,4,1,0,,64.0,36,0,0,,1,0,,0,,36.48,2.5,6.62,ST11_Yogyakarta,Last Mile Delay
SHPM000390,AWB260000390,2026-03-21 11:51:18.514668,2026-03-21 12:02:18.514668,2026-03-21 12:28:18.514668,2026-03-21 14:30:26.612349,2026-03-21 15:14:26.612349,2026-03-21 16:45:26.612349,2026-03-21 19:13:37.731018,2026-03-22 03:47:45.244518,2026-03-22 11:05:15.978751,2026-03-22 16:36:52.521381,2026-03-22 21:35:51.578206,2026-03-22 23:51:18.514668,Delivered,Closed,SHP080,Shipper 080,SME,Outer Java,ST19_Denpasar,HB06_EASTERN_GATEWAY,Jabodetabek,ST04_Bekasi,HB01_JKT_GATEWAY,Inter-Region,Next Day,Prepaid,CR176,Truck,1.78,1.94,1.94,2438142,28730,18621,4,1,0,,44.0,36,1,0,,1,0,,0,,33.74,2.47,7.29,ST04_Bekasi,
SHPM000391,AWB260000391,2026-03-10 02:21:55.882171,2026-03-10 02:54:55.882171,2026-03-10 03:22:55.882171,2026-03-10 08:45:05.223780,2026-03-10 09:01:05.223780,2026-03-10 10:20:05.223780,2026-03-10 11:40:16.429039,2026-03-10 21:24:58.557406,2026-03-11 19:03:22.010968,2026-03-12 08:38:38.852012,2026-03-13 01:27:14.590686,2026-03-13 02:21:55.882171,Delivered,Closed,SHP010,Shipper 010,Enterprise,East Java,ST14_Kediri,HB03_SBY_GATEWAY,Jabodetabek,ST02_JKT_West,HB01_JKT_GATEWAY,Inter-Region,Regular,Prepaid,CR134,Van,1.12,1.09,1.12,705498,17040,11880,8,1,0,,16.0,72,1,0,,1,0,,0,,71.09,1.34,21.64,ST02_JKT_West,
SHPM000392,AWB260000392,2026-02-19 15:29:01.194793,2026-02-19 16:04:01.194793,2026-02-19 16:33:01.194793,2026-02-19 17:41:46.656626,2026-02-19 18:05:46.656626,2026-02-19 19:45:46.656626,2026-02-19 23:03:39.569684,2026-02-20 08:15:22.442630,2026-02-20 16:13:57.420417,2026-02-21 09:57:56.061073,2026-02-21 16:59:33.683260,2026-02-21 03:29:01.194793,Delivered,Closed,SHP043,Shipper 043,Marketplace,Central Java,ST09_Semarang,HB04_CTG_NATIONAL,Jabodetabek,ST02_JKT_West,HB01_JKT_GATEWAY,Inter-Region,Next Day,Prepaid,CR083,Bike,1.01,0.95,1.01,2735140,24545,15103,4,1,0,,24.0,36,0,0,,1,0,,0,,49.51,3.3,7.98,ST02_JKT_West,Last Mile Delay
SHPM000393,AWB260000393,2026-03-24 01:50:12.698251,2026-03-24 02:20:12.698251,2026-03-24 03:03:12.698251,2026-03-24 10:06:19.236911,2026-03-24 10:52:19.236911,2026-03-24 12:47:19.236911,2026-03-24 14:53:00.382956,2026-03-25 00:31:58.274707,2026-03-25 06:54:30.613151,2026-03-25 13:54:03.099535,2026-03-25 23:46:15.392662,2026-03-27 01:50:12.698251,Delivered,Closed,SHP070,Shipper 070,Enterprise,Jabodetabek,ST04_Bekasi,HB01_JKT_GATEWAY,East Java,ST14_Kediri,HB03_SBY_GATEWAY,Inter-Region,Regular,Prepaid,CR039,Bike,3.36,3.41,3.41,990385,27345,18629,8,1,0,,46.0,72,1,0,,1,0,,0,,45.93,2.09,6.38,ST14_Kediri,
SHPM000394,AWB260000394,2026-03-02 05:31:17.315411,2026-03-02 06:07:17.315411,2026-03-02 06:45:17.315411,2026-03-02 09:46:02.120879,2026-03-02 10:15:02.120879,2026-03-02 12:12:02.120879,2026-03-02 14:01:30.220563,2026-03-02 17:17:54.950172,2026-03-03 00:01:44.105009,2026-03-03 06:06:22.812927,2026-03-03 19:47:11.075598,2026-03-05 05:31:17.315411,Delivered,Closed,SHP016,Shipper 016,Marketplace,Jabodetabek,ST02_JKT_West,HB01_JKT_GATEWAY,Outer Java,ST17_Makassar,HB06_EASTERN_GATEWAY,Inter-Region,Regular,Prepaid,CR014,Bike,1.02,1.12,1.12,717867,17040,11896,8,1,0,,29.0,72,1,0,,1,0,,0,,38.26,1.82,6.73,ST17_Makassar,
SHPM000395,AWB260000395,2026-03-31 06:44:45.653348,2026-03-31 07:26:45.653348,2026-03-31 08:06:45.653348,2026-03-31 12:54:31.368916,2026-03-31 14:00:31.368916,2026-03-31 14:49:31.368916,2026-03-31 21:03:01.456862,2026-04-01 03:15:32.776667,2026-04-01 21:48:43.470128,2026-04-02 03:39:22.780056,2026-04-02 09:00:07.237624,2026-04-03 06:44:45.653348,Delivered,Closed,SHP067,Shipper 067,SME,East Java,ST12_Surabaya,HB03_SBY_GATEWAY,West Java,ST07_Cirebon,HB02_BDG_TRANSIT,Inter-Region,Regular,Prepaid,CR109,Bike,4.04,4.1,4.1,239157,30450,27622,8,1,0,,66.0,72,1,0,,1,0,,0,,50.26,6.23,18.55,ST07_Cirebon,
SHPM000396,AWB260000396,2026-03-14 20:53:33.342365,2026-03-14 21:13:33.342365,2026-03-14 21:22:33.342365,2026-03-15 05:21:06.911415,2026-03-15 06:06:06.911415,2026-03-15 07:18:06.911415,2026-03-15 08:55:56.886784,2026-03-15 16:42:52.655018,2026-03-15 21:10:50.219890,2026-03-16 06:30:21.900223,2026-03-16 23:31:27.513037,2026-03-17 20:53:33.342365,Delivered,Closed,SHP004,Shipper 004,Marketplace,Jabodetabek,ST02_JKT_West,HB01_JKT_GATEWAY,East Java,ST13_Malang,HB03_SBY_GATEWAY,Inter-Region,Regular,Prepaid,CR017,Bike,3.08,3.35,3.35,1731776,27075,24065,8,0,0,,45.0,72,1,0,,1,0,,0,,50.63,1.63,4.47,ST13_Malang,
SHPM000397,AWB260000397,2026-03-17 15:26:50.271411,2026-03-17 15:51:50.271411,2026-03-17 16:18:50.271411,2026-03-17 17:38:56.734609,2026-03-17 17:46:56.734609,2026-03-17 18:24:56.734609,2026-03-17 19:27:10.631270,2026-03-18 03:43:06.983658,2026-03-18 15:14:19.129492,2026-03-19 01:38:38.617887,2026-03-19 03:08:25.616630,2026-03-18 07:26:50.271411,Delivered,Closed,SHP074,Shipper 074,Enterprise,Outer Java,ST15_Medan,HB05_SUMATRA_GATEWAY,East Java,ST14_Kediri,HB03_SBY_GATEWAY,Inter-Region,Same Day,Prepaid,CR142,Bike,0.87,0.9,0.9,829717,31050,25885,2,1,0,,8.0,16,0,0,,1,0,,0,,35.69,1.04,11.52,ST14_Kediri,Hub Bottleneck
SHPM000398,AWB260000398,2026-03-14 20:48:22.345949,2026-03-14 21:10:22.345949,2026-03-14 21:15:22.345949,2026-03-15 03:27:30.403496,2026-03-15 03:56:30.403496,2026-03-15 05:44:30.403496,2026-03-15 10:44:35.433528,2026-03-15 16:22:58.065542,2026-03-16 11:24:20.600375,2026-03-16 23:24:36.077793,,2026-03-17 20:48:22.345949,Delivery Exception,Exception,SHP090,Shipper 090,Enterprise,East Java,ST13_Malang,HB03_SBY_GATEWAY,Jabodetabek,ST03_JKT_East,HB01_JKT_GATEWAY,Inter-Region,Regular,COD,CR125,Van,1.1,1.04,1.1,715696,20950,17042,8,1,0,,29.0,72,0,1,Customer Not Home,3,0,,0,,543.19,5.0,19.02,ST03_JKT_East,Hub Bottleneck
SHPM000399,AWB260000399,2026-02-18 11:07:04.336819,2026-02-18 11:12:04.336819,2026-02-18 11:17:04.336819,2026-02-18 18:54:07.838703,2026-02-18 19:53:07.838703,2026-02-18 21:01:07.838703,2026-02-18 22:06:02.019968,2026-02-19 07:02:56.142659,2026-02-20 18:37:59.910306,2026-02-21 09:37:44.470594,2026-02-22 05:11:50.724904,2026-02-21 11:07:04.336819,Delivered,Closed,SHP046,Shipper 046,SME,East Java,ST14_Kediri,HB03_SBY_GATEWAY,Outer Java,ST17_Makassar,HB06_EASTERN_GATEWAY,Inter-Region,Regular,Prepaid,CR133,Bike,1.91,1.72,1.91,545297,20595,13154,8,1,0,,59.0,72,0,0,,1,0,,0,,90.08,1.08,35.58,ST17_Makassar,Hub Bottleneck
SHPM000400,AWB260000400,2026-03-26 03:54:31.973603,2026-03-26 04:25:31.973603,2026-03-26 04:59:31.973603,2026-03-26 06:47:56.330873,2026-03-26 07:42:56.330873,2026-03-26 09:06:56.330873,2026-03-26 13:34:24.365755,2026-03-26 20:41:08.216754,2026-03-26 22:59:09.550950,2026-03-27 06:00:30.162418,2026-03-27 08:36:07.988065,2026-03-27 15:54:31.973603,Delivered,Closed,SHP042,Shipper 042,Marketplace,Jabodetabek,ST02_JKT_West,HB01_JKT_GATEWAY,Central Java,ST11_Yogyakarta,HB04_CTG_NATIONAL,Inter-Region,Next Day,Prepaid,CR014,Van,0.71,1.17,1.17,1549904,25265,15603,4,1,0,,55.0,36,1,0,,1,0,,0,,28.69,4.46,2.3,ST11_Yogyakarta,
SHPM000401,AWB260000401,2026-03-21 12:49:27.246068,2026-03-21 13:10:27.246068,2026-03-21 14:02:27.246068,2026-03-21 20:50:33.297265,2026-03-21 21:52:33.297265,2026-03-21 22:31:33.297265,2026-03-22 04:28:51.028486,2026-03-22 11:32:00.251970,2026-03-22 13:20:46.280237,2026-03-23 05:26:30.371580,2026-03-23 14:25:28.305915,2026-03-23 00:49:27.246068,Delivered,Closed,SHP018,Shipper 018,Enterprise,West Java,ST07_Cirebon,HB02_BDG_TRANSIT,Jabodetabek,ST05_Tangerang,HB01_JKT_GATEWAY,Inter-Region,Next Day,Prepaid,CR067,Bike,1.58,2.45,2.45,751434,31025,21877,4,0,0,,62.0,36,0,0,,1,0,,0,,49.6,5.95,1.81,ST05_Tangerang,First Mile Delay
SHPM000402,AWB260000402,2026-02-23 02:08:08.177483,2026-02-23 02:25:08.177483,2026-02-23 03:04:08.177483,2026-02-23 06:58:04.203780,2026-02-23 07:36:04.203780,2026-02-23 07:51:04.203780,2026-02-23 13:41:56.710916,2026-02-23 22:35:42.508096,2026-02-24 00:59:24.023028,2026-02-24 16:56:57.470621,2026-02-24 20:10:16.428408,2026-02-24 14:08:08.177483,Delivered,Closed,SHP053,Shipper 053,Marketplace,Jabodetabek,ST05_Tangerang,HB01_JKT_GATEWAY,East Java,ST14_Kediri,HB03_SBY_GATEWAY,Inter-Region,Next Day,Prepaid,CR044,Bike,3.04,2.97,3.04,1328311,33680,21206,4,0,0,,38.0,36,0,0,,1,0,,0,,42.04,5.85,2.39,ST14_Kediri,First Mile Delay
SHPM000403,AWB260000403,2026-04-01 10:05:08.050615,2026-04-01 10:34:08.050615,2026-04-01 11:11:08.050615,2026-04-01 15:17:52.375024,2026-04-01 15:54:52.375024,2026-04-01 17:12:52.375024,2026-04-01 19:45:23.307396,2026-04-01 21:57:20.717348,2026-04-01 23:41:39.995857,2026-04-02 08:33:13.850199,2026-04-02 18:56:11.544456,2026-04-02 10:05:08.050615,Delivered,Closed,SHP035,Shipper 035,Enterprise,Jabodetabek,ST04_Bekasi,HB01_JKT_GATEWAY,Jabodetabek,ST03_JKT_East,HB01_JKT_GATEWAY,Intra-Region,Next Day,Prepaid,CR042,Bike,1.12,1.86,1.86,1381284,28370,26933,4,0,0,,37.0,24,0,0,,1,0,,0,,32.85,2.54,1.74,ST03_JKT_East,First Mile Delay
SHPM000404,AWB260000404,2026-03-25 18:19:14.896848,2026-03-25 18:58:14.896848,2026-03-25 19:40:14.896848,2026-03-26 09:01:02.128873,2026-03-26 10:28:02.128873,2026-03-26 12:07:02.128873,2026-03-26 16:30:08.855147,2026-03-26 19:35:51.334200,2026-03-27 01:55:15.223087,2026-03-27 06:58:22.865290,2026-03-27 12:28:10.168348,2026-03-28 18:19:14.896848,Delivered,Closed,SHP010,Shipper 010,Enterprise,East Java,ST12_Surabaya,HB03_SBY_GATEWAY,West Java,ST06_Bandung,HB01_JKT_GATEWAY,Inter-Region,Regular,Prepaid,CR111,Van,0.51,0.55,0.55,315521,14475,12088,8,0,0,,87.0,72,1,0,,1,0,,0,,42.15,4.39,6.32,ST06_Bandung,
SHPM000405,AWB260000405,2026-02-22 19:54:29.067328,2026-02-22 20:25:29.067328,2026-02-22 21:07:29.067328,2026-02-23 03:51:30.877589,2026-02-23 04:29:30.877589,2026-02-23 05:54:30.877589,2026-02-23 08:05:53.288219,2026-02-23 13:32:09.313941,2026-02-24 04:50:13.344353,2026-02-24 20:33:44.531956,2026-02-25 08:39:32.449442,2026-02-25 19:54:29.067328,Delivered,Closed,SHP090,Shipper 090,Enterprise,East Java,ST14_Kediri,HB03_SBY_GATEWAY,West Java,ST08_Bogor,HB01_JKT_GATEWAY,Inter-Region,Regular,Prepaid,CR136,Bike,2.36,2.18,2.36,1568474,22620,19880,8,1,0,,38.0,72,1,0,,1,0,,0,,60.75,2.19,15.3,ST08_Bogor,
SHPM000406,AWB260000406,2026-02-27 16:04:22.462508,2026-02-27 16:11:22.462508,2026-02-27 16:40:22.462508,2026-02-27 20:57:09.375442,2026-02-27 21:50:09.375442,2026-02-27 22:40:09.375442,2026-02-28 04:27:58.572072,2026-02-28 11:03:46.324119,2026-02-28 19:24:26.367395,2026-03-01 09:43:53.035819,,2026-03-02 16:04:22.462508,Return To Sender,RTS,SHP089,Shipper 089,Enterprise,Central Java,ST11_Yogyakarta,HB04_CTG_NATIONAL,Jabodetabek,ST01_JKT_Central,HB01_JKT_GATEWAY,Inter-Region,Regular,Prepaid,CR105,Bike,0.77,0.87,0.87,1324325,15915,9517,8,1,0,,53.0,72,0,1,Customer Not Home,2,0,,1,Customer Not Home,907.93,5.8,8.34,ST01_JKT_Central,Delivery Exception
SHPM000407,AWB260000407,2026-02-20 23:47:28.531818,2026-02-21 00:08:28.531818,2026-02-21 00:49:28.531818,2026-02-21 04:31:09.185734,2026-02-21 05:09:09.185734,2026-02-21 06:01:09.185734,2026-02-21 08:02:18.303553,2026-02-21 10:55:18.298349,2026-02-21 15:26:14.833950,2026-02-22 00:07:20.114822,2026-02-22 08:59:09.434878,2026-02-22 11:47:28.531818,Delivered,Closed,SHP097,Shipper 097,SME,Jabodetabek,ST03_JKT_East,HB01_JKT_GATEWAY,Central Java,ST11_Yogyakarta,HB04_CTG_NATIONAL,Inter-Region,Next Day,Prepaid,CR023,Bike,0.74,0.79,0.79,1375210,23555,17571,4,0,0,,38.0,36,1,0,,1,0,,0,,33.19,2.02,4.52,ST11_Yogyakarta,
SHPM000408,AWB260000408,2026-03-07 20:48:55.212085,2026-03-07 21:02:55.212085,2026-03-07 21:44:55.212085,2026-03-08 00:40:13.151467,2026-03-08 01:38:13.151467,2026-03-08 03:35:13.151467,2026-03-08 06:08:17.060661,2026-03-08 11:22:04.045142,2026-03-08 15:11:35.028433,2026-03-08 21:35:08.204759,2026-03-09 15:46:53.636756,2026-03-09 08:48:55.212085,Delivered,Closed,SHP023,Shipper 023,Enterprise,West Java,ST08_Bogor,HB01_JKT_GATEWAY,Outer Java,ST18_Balikpapan,HB06_EASTERN_GATEWAY,Inter-Region,Next Day,Prepaid,CR080,Bike,1.13,1.16,1.16,806593,25220,23822,4,1,0,,58.0,36,0,0,,1,0,,0,,42.97,2.55,3.83,ST18_Balikpapan,Remote Area
SHPM000409,AWB260000409,2026-03-13 12:36:39.855464,2026-03-13 13:21:39.855464,2026-03-13 13:30:39.855464,2026-03-13 16:02:01.321755,2026-03-13 17:02:01.321755,2026-03-13 17:42:01.321755,2026-03-13 23:09:05.949011,2026-03-14 03:44:57.742620,2026-03-14 14:15:22.448073,2026-03-14 23:53:44.462654,2026-03-15 11:46:11.200611,2026-03-16 12:36:39.855464,Delivered,Closed,SHP091,Shipper 091,SME,Outer Java,ST16_Palembang,HB05_SUMATRA_GATEWAY,West Java,ST08_Bogor,HB01_JKT_GATEWAY,Inter-Region,Regular,Prepaid,CR149,Van,0.87,1.32,1.32,1522835,17940,12915,8,1,0,,60.0,72,1,0,,1,0,,0,,47.16,5.45,10.51,ST08_Bogor,
SHPM000410,AWB260000410,2026-03-18 08:56:22.430739,2026-03-18 09:27:22.430739,2026-03-18 10:02:22.430739,2026-03-18 12:55:11.358551,2026-03-18 13:44:11.358551,2026-03-18 14:29:11.358551,2026-03-18 18:32:43.291193,2026-03-18 21:17:36.383712,2026-03-19 11:44:56.932145,2026-03-20 04:56:48.048382,2026-03-21 04:51:14.359918,2026-03-21 08:56:22.430739,Delivered,Closed,SHP090,Shipper 090,Enterprise,East Java,ST14_Kediri,HB03_SBY_GATEWAY,Outer Java,ST18_Balikpapan,HB06_EASTERN_GATEWAY,Inter-Region,Regular,COD,CR126,Truck,1.48,1.7,1.7,782305,23650,13353,8,1,0,,49.0,72,1,0,,1,0,,0,,67.91,4.06,14.46,ST18_Balikpapan,
SHPM000411,AWB260000411,2026-03-29 04:13:19.086327,2026-03-29 04:54:19.086327,2026-03-29 05:46:19.086327,2026-03-29 08:28:50.667195,2026-03-29 09:40:50.667195,2026-03-29 10:11:50.667195,2026-03-29 13:15:30.243483,2026-03-29 18:51:14.893442,2026-03-30 02:50:59.720291,2026-03-30 08:15:33.494434,2026-03-30 22:54:52.561748,2026-04-01 04:13:19.086327,Delivered,Closed,SHP099,Shipper 099,SME,West Java,ST07_Cirebon,HB02_BDG_TRANSIT,Jabodetabek,ST02_JKT_West,HB01_JKT_GATEWAY,Inter-Region,Regular,Prepaid,CR065,Truck,1.08,1.07,1.08,1458248,16860,9454,8,1,0,,72.0,72,1,0,,1,0,,0,,42.69,3.06,8.0,ST02_JKT_West,
SHPM000412,AWB260000412,2026-03-25 00:50:39.597360,2026-03-25 01:05:39.597360,2026-03-25 01:31:39.597360,2026-03-25 02:41:35.980068,2026-03-25 03:43:35.980068,2026-03-25 05:12:35.980068,2026-03-25 11:07:55.315504,2026-03-25 20:13:23.295690,2026-03-25 23:22:32.908231,2026-03-26 17:20:22.694701,2026-03-26 22:37:17.913040,2026-03-25 16:50:39.597360,Delivered,Closed,SHP071,Shipper 071,Enterprise,Jabodetabek,ST02_JKT_West,HB01_JKT_GATEWAY,West Java,ST07_Cirebon,HB02_BDG_TRANSIT,Inter-Region,Same Day,Prepaid,CR015,Bike,2.36,2.62,2.62,304545,38790,27774,2,1,0,,62.0,16,0,0,,1,0,,0,,45.78,5.92,3.15,ST07_Cirebon,Last Mile Delay
SHPM000413,AWB260000413,2026-03-23 04:05:08.222719,2026-03-23 04:44:08.222719,2026-03-23 05:17:08.222719,2026-03-23 09:11:27.897893,2026-03-23 09:45:27.897893,2026-03-23 10:17:27.897893,2026-03-23 11:33:18.868463,2026-03-23 14:59:36.895183,2026-03-24 01:41:22.100556,2026-03-24 17:04:32.628027,2026-03-24 23:58:07.552612,2026-03-24 16:05:08.222719,Delivered,Closed,SHP028,Shipper 028,Marketplace,Jabodetabek,ST04_Bekasi,HB01_JKT_GATEWAY,East Java,ST12_Surabaya,HB03_SBY_GATEWAY,Inter-Region,Next Day,Prepaid,CR031,Bike,2.16,3.04,3.04,1739022,33680,20231,4,0,0,,34.0,36,0,0,,1,0,,0,,43.88,1.26,10.7,ST12_Surabaya,First Mile Delay
SHPM000414,AWB260000414,2026-03-11 13:57:31.658978,2026-03-11 14:22:31.658978,2026-03-11 14:32:31.658978,,,,,,,,,2026-03-13 01:57:31.658978,Failed Pickup,Exception,SHP058,Shipper 058,Enterprise,Jabodetabek,ST01_JKT_Central,HB01_JKT_GATEWAY,Outer Java,ST15_Medan,HB05_SUMATRA_GATEWAY,Inter-Region,Next Day,COD,CR009,Bike,0.52,0.53,0.53,301436,26385,22120,4,0,1,Shipper Not Ready,,36,0,0,,0,0,,0,,622.04,,,ST01_JKT_Central,
SHPM000415,AWB260000415,2026-02-16 17:14:23.145782,2026-02-16 17:57:23.145782,2026-02-16 18:31:23.145782,2026-02-16 19:11:32.768381,2026-02-16 19:50:32.768381,2026-02-16 21:27:32.768381,2026-02-16 23:54:30.280717,2026-02-17 04:14:43.853108,2026-02-17 07:25:04.427396,2026-02-17 19:30:46.708315,2026-02-17 22:51:03.734266,2026-02-17 09:14:23.145782,Delivered,Closed,SHP004,Shipper 004,Marketplace,Jabodetabek,ST01_JKT_Central,HB01_JKT_GATEWAY,East Java,ST14_Kediri,HB03_SBY_GATEWAY,Inter-Region,Same Day,Prepaid,CR011,Van,1.09,1.18,1.18,1340091,32310,18510,2,1,0,,39.0,16,0,0,,1,0,,0,,29.61,2.45,3.17,ST14_Kediri,Last Mile Delay
SHPM000416,AWB260000416,2026-03-21 21:55:54.636790,2026-03-21 22:25:54.636790,2026-03-21 22:48:54.636790,2026-03-22 04:00:49.037596,2026-03-22 04:45:49.037596,2026-03-22 05:47:49.037596,2026-03-22 10:06:12.867892,2026-03-22 15:01:59.734375,2026-03-23 01:09:35.390840,2026-03-23 16:21:59.938521,2026-03-23 21:06:32.989340,2026-03-24 21:55:54.636790,Delivered,Closed,SHP084,Shipper 084,Enterprise,Central Java,ST11_Yogyakarta,HB04_CTG_NATIONAL,West Java,ST06_Bandung,HB01_JKT_GATEWAY,Inter-Region,Regular,Prepaid,CR102,Bike,5.94,6.1,6.1,330159,39450,33120,8,1,0,,45.0,72,1,0,,1,0,,0,,47.18,4.31,10.13,ST06_Bandung,
SHPM000417,AWB260000417,2026-02-24 19:39:06.014544,2026-02-24 19:51:06.014544,2026-02-24 20:39:06.014544,2026-02-25 02:59:04.796466,2026-02-25 03:08:04.796466,2026-02-25 04:45:04.796466,2026-02-25 06:38:18.807781,2026-02-25 16:13:34.030098,2026-02-25 22:57:35.335150,2026-02-26 16:03:41.445127,2026-02-26 20:57:35.407646,2026-02-27 19:39:06.014544,Delivered,Closed,SHP087,Shipper 087,Enterprise,Jabodetabek,ST02_JKT_West,HB01_JKT_GATEWAY,Central Java,ST09_Semarang,HB04_CTG_NATIONAL,Inter-Region,Regular,COD,CR014,Van,1.26,1.97,1.97,2250482,24865,22281,8,1,0,,9.0,72,1,0,,1,0,,0,,49.31,1.89,6.73,ST09_Semarang,
SHPM000418,AWB260000418,2026-02-27 09:46:19.211864,2026-02-27 10:24:19.211864,2026-02-27 10:46:19.211864,2026-02-27 15:38:20.737028,2026-02-27 16:19:20.737028,2026-02-27 17:23:20.737028,2026-02-27 19:50:49.992797,2026-02-28 05:42:17.594451,2026-02-28 11:17:55.090660,2026-02-28 20:54:33.931313,2026-03-01 06:33:19.202173,2026-03-02 09:46:19.211864,Delivered,Closed,SHP007,Shipper 007,SME,Jabodetabek,ST05_Tangerang,HB01_JKT_GATEWAY,Central Java,ST09_Semarang,HB04_CTG_NATIONAL,Inter-Region,Regular,Prepaid,CR046,Bike,1.6,1.62,1.62,2029211,19290,16446,8,1,0,,41.0,72,1,0,,1,0,,0,,44.78,2.46,5.59,ST09_Semarang,
SHPM000419,AWB260000419,2026-02-25 21:09:46.410834,2026-02-25 21:20:46.410834,2026-02-25 21:37:46.410834,2026-02-26 06:13:20.369343,2026-02-26 07:09:20.369343,2026-02-26 07:41:20.369343,2026-02-26 11:01:02.657896,2026-02-26 15:20:39.906330,2026-02-26 17:29:25.743391,2026-02-27 00:09:08.690542,2026-02-27 07:29:45.072620,2026-02-27 21:09:46.410834,Delivered,Closed,SHP035,Shipper 035,Enterprise,Jabodetabek,ST04_Bekasi,HB01_JKT_GATEWAY,Jabodetabek,ST01_JKT_Central,HB01_JKT_GATEWAY,Intra-Region,Regular,Prepaid,CR031,Van,0.44,0.44,0.44,2440606,13980,10654,8,0,0,,56.0,48,1,0,,1,0,,0,,34.33,3.33,2.15,ST01_JKT_Central,
SHPM000420,AWB260000420,2026-03-28 14:53:38.945730,2026-03-28 15:05:38.945730,2026-03-28 15:17:38.945730,2026-03-28 21:30:36.960343,2026-03-28 22:00:36.960343,2026-03-28 22:42:36.960343,2026-03-29 00:23:01.685662,2026-03-29 07:32:09.698799,2026-03-29 21:03:31.730489,2026-03-30 07:20:42.806747,,2026-03-31 14:53:38.945730,Delivery Exception,Exception,SHP076,Shipper 076,Enterprise,West Java,ST06_Bandung,HB01_JKT_GATEWAY,Outer Java,ST17_Makassar,HB06_EASTERN_GATEWAY,Inter-Region,Regular,Prepaid,CR062,Van,4.56,4.19,4.56,1497712,32520,23801,8,1,0,,30.0,72,0,1,Customer Not Home,3,0,,0,,213.11,1.67,13.52,ST17_Makassar,Hub Bottleneck
SHPM000421,AWB260000421,2026-03-05 00:06:18.196099,2026-03-05 00:51:18.196099,2026-03-05 01:16:18.196099,2026-03-05 01:57:56.242802,2026-03-05 02:20:56.242802,2026-03-05 03:28:56.242802,2026-03-05 09:03:56.340927,2026-03-05 18:07:26.041525,2026-03-06 02:45:54.605983,2026-03-06 12:51:29.039971,2026-03-06 17:49:18.196281,2026-03-05 16:06:18.196099,Delivered,Closed,SHP056,Shipper 056,Enterprise,Jabodetabek,ST03_JKT_East,HB01_JKT_GATEWAY,Central Java,ST09_Semarang,HB04_CTG_NATIONAL,Inter-Region,Same Day,Prepaid,CR025,Bike,1.73,2.45,2.45,2230859,38025,24630,2,1,0,,23.0,16,0,0,,1,0,,0,,41.72,5.58,8.64,ST09_Semarang,Last Mile Delay
SHPM000422,AWB260000422,2026-03-24 00:54:11.222767,2026-03-24 01:31:11.222767,2026-03-24 02:22:11.222767,2026-03-24 07:04:45.592113,2026-03-24 08:31:45.592113,2026-03-24 09:02:45.592113,2026-03-24 14:14:36.038895,2026-03-24 22:13:13.824048,2026-03-25 08:25:52.064242,2026-03-25 21:37:38.432657,2026-03-26 03:11:12.520890,2026-03-25 12:54:11.222767,Delivered,Closed,SHP066,Shipper 066,Marketplace,West Java,ST07_Cirebon,HB02_BDG_TRANSIT,Jabodetabek,ST02_JKT_West,HB01_JKT_GATEWAY,Inter-Region,Next Day,Prepaid,CR067,Van,3.04,2.98,3.04,453663,33680,28263,4,0,0,,87.0,36,0,0,,1,0,,0,,50.28,5.2,10.21,ST02_JKT_West,First Mile Delay
SHPM000423,AWB260000423,2026-03-22 21:27:14.578043,2026-03-22 22:01:14.578043,2026-03-22 22:54:14.578043,2026-03-23 05:23:37.962898,2026-03-23 06:21:37.962898,2026-03-23 07:19:37.962898,2026-03-23 10:06:22.279002,2026-03-23 14:22:32.805588,2026-03-23 21:13:15.871474,2026-03-24 00:05:47.776708,2026-03-24 11:57:20.868146,2026-03-24 21:27:14.578043,Delivered,Closed,SHP071,Shipper 071,Enterprise,Jabodetabek,ST04_Bekasi,HB01_JKT_GATEWAY,Jabodetabek,ST01_JKT_Central,HB01_JKT_GATEWAY,Intra-Region,Regular,COD,CR037,Bike,2.39,2.44,2.44,1807759,26980,23070,8,1,0,,58.0,48,1,0,,1,0,,0,,38.5,2.78,6.85,ST01_JKT_Central,
SHPM000424,AWB260000424,2026-03-28 03:49:23.079378,2026-03-28 03:56:23.079378,2026-03-28 04:28:23.079378,2026-03-28 05:24:41.275266,2026-03-28 06:29:41.275266,2026-03-28 08:12:41.275266,2026-03-28 12:40:52.684347,2026-03-28 19:31:36.327640,2026-03-28 21:31:31.497406,2026-03-29 07:18:45.261501,2026-03-29 11:53:04.028559,2026-03-29 15:49:23.079378,Delivered,Closed,SHP098,Shipper 098,Marketplace,Outer Java,ST17_Makassar,HB06_EASTERN_GATEWAY,East Java,ST12_Surabaya,HB03_SBY_GATEWAY,Inter-Region,Next Day,Prepaid,CR162,Bike,1.96,3.14,3.14,2173998,34130,28828,4,1,0,,65.0,36,1,0,,1,0,,0,,32.06,4.47,2.0,ST12_Surabaya,
SHPM000425,AWB260000425,2026-02-16 09:59:19.625790,2026-02-16 10:33:19.625790,2026-02-16 11:13:19.625790,2026-02-16 16:36:37.471259,2026-02-16 17:26:37.471259,2026-02-16 18:53:37.471259,2026-02-16 21:08:05.085885,2026-02-17 01:46:39.275560,2026-02-17 04:21:30.558057,2026-02-17 09:38:06.151558,2026-02-17 16:21:26.481404,2026-02-19 09:59:19.625790,Delivered,Closed,SHP099,Shipper 099,SME,West Java,ST08_Bogor,HB01_JKT_GATEWAY,Jabodetabek,ST05_Tangerang,HB01_JKT_GATEWAY,Inter-Region,Regular,Prepaid,CR080,Van,2.45,2.59,2.59,654727,23655,18239,8,1,0,,50.0,72,1,0,,1,0,,0,,30.37,2.24,2.58,ST05_Tangerang,
SHPM000426,AWB260000426,2026-02-23 06:02:14.320062,2026-02-23 06:33:14.320062,2026-02-23 07:03:14.320062,2026-02-23 14:04:23.311127,2026-02-23 14:41:23.311127,2026-02-23 16:02:23.311127,2026-02-23 20:04:24.470454,2026-02-24 00:40:46.879360,2026-02-24 09:08:11.016994,2026-02-25 01:56:18.865629,2026-02-25 09:51:14.063073,2026-02-24 18:02:14.320062,Delivered,Closed,SHP018,Shipper 018,Enterprise,West Java,ST06_Bandung,HB01_JKT_GATEWAY,Jabodetabek,ST04_Bekasi,HB01_JKT_GATEWAY,Inter-Region,Next Day,Prepaid,CR056,Bike,2.78,3.05,3.05,970222,33725,23917,4,0,0,,37.0,36,0,0,,1,0,,0,,51.82,4.03,8.46,ST04_Bekasi,First Mile Delay
SHPM000427,AWB260000427,2026-02-16 10:05:13.005924,2026-02-16 10:44:13.005924,2026-02-16 11:06:13.005924,2026-02-16 11:48:56.935697,2026-02-16 12:06:56.935697,2026-02-16 13:13:56.935697,2026-02-16 17:23:03.286690,2026-02-17 02:46:18.975616,2026-02-17 06:32:47.669205,2026-02-17 18:50:59.631264,2026-02-17 23:33:13.623265,2026-02-17 02:05:13.005924,Delivered,Closed,SHP030,Shipper 030,Enterprise,Jabodetabek,ST05_Tangerang,HB01_JKT_GATEWAY,West Java,ST08_Bogor,HB01_JKT_GATEWAY,Inter-Region,Same Day,Prepaid,CR053,Van,2.13,2.95,2.95,1913416,40275,24523,2,1,0,,18.0,16,0,0,,1,0,,0,,37.47,4.15,3.77,ST08_Bogor,Last Mile Delay
SHPM000428,AWB260000428,2026-03-23 17:56:52.835629,2026-03-23 18:33:52.835629,2026-03-23 18:50:52.835629,2026-03-23 20:57:02.638426,2026-03-23 21:42:02.638426,2026-03-23 23:34:02.638426,2026-03-24 02:30:12.012211,2026-03-24 06:07:11.302007,2026-03-24 08:28:21.195180,2026-03-24 15:59:09.174631,2026-03-25 09:13:14.487901,2026-03-26 17:56:52.835629,Delivered,Closed,SHP035,Shipper 035,Enterprise,Jabodetabek,ST01_JKT_Central,HB01_JKT_GATEWAY,Central Java,ST09_Semarang,HB04_CTG_NATIONAL,Inter-Region,Regular,COD,CR004,Bike,2.09,2.24,2.24,1855798,26080,16057,8,1,0,,45.0,72,1,0,,1,0,,0,,39.27,2.94,2.35,ST09_Semarang,
SHPM000429,AWB260000429,2026-03-04 04:45:59.820507,2026-03-04 05:07:59.820507,2026-03-04 05:31:59.820507,2026-03-04 08:24:31.893003,2026-03-04 09:44:31.893003,2026-03-04 10:56:31.893003,2026-03-04 16:22:09.732276,2026-03-05 00:10:39.143149,2026-03-05 18:45:03.632441,2026-03-06 01:26:28.979404,,2026-03-05 16:45:59.820507,Delivery Exception,Exception,SHP067,Shipper 067,SME,East Java,ST14_Kediri,HB03_SBY_GATEWAY,Central Java,ST11_Yogyakarta,HB04_CTG_NATIONAL,Inter-Region,Next Day,Prepaid,CR131,Bike,1.48,1.52,1.52,1292340,26840,15302,4,1,0,,80.0,36,0,1,Remote Area Delay,3,0,,0,,799.23,5.43,18.57,ST11_Yogyakarta,Hub Bottleneck
SHPM000430,AWB260000430,2026-03-24 20:18:53.279655,2026-03-24 20:43:53.279655,2026-03-24 20:53:53.279655,2026-03-24 21:41:46.248000,2026-03-24 22:54:46.248000,2026-03-24 23:19:46.248000,2026-03-25 02:39:02.838630,2026-03-25 06:17:24.449449,2026-03-25 18:14:57.440079,2026-03-26 11:02:54.894629,2026-03-26 12:36:59.331831,2026-03-25 12:18:53.279655,Delivered,Closed,SHP092,Shipper 092,Marketplace,Jabodetabek,ST05_Tangerang,HB01_JKT_GATEWAY,East Java,ST13_Malang,HB03_SBY_GATEWAY,Inter-Region,Same Day,COD,CR046,Truck,1.59,1.49,1.59,933747,38155,22346,2,1,0,,73.0,16,0,0,,1,0,,0,,40.3,3.32,11.96,ST13_Malang,Hub Bottleneck
SHPM000431,AWB260000431,2026-03-06 14:54:11.510243,2026-03-06 15:19:11.510243,2026-03-06 16:09:11.510243,2026-03-06 16:28:59.767434,2026-03-06 17:17:59.767434,2026-03-06 18:08:59.767434,2026-03-07 00:07:28.486772,2026-03-07 04:00:59.903018,2026-03-07 07:40:04.756957,2026-03-07 15:55:10.650758,2026-03-07 19:11:44.103913,2026-03-08 02:54:11.510243,Delivered,Closed,SHP097,Shipper 097,SME,Jabodetabek,ST03_JKT_East,HB01_JKT_GATEWAY,West Java,ST07_Cirebon,HB02_BDG_TRANSIT,Inter-Region,Next Day,Prepaid,CR021,Van,0.71,0.68,0.71,1215286,23195,19492,4,1,0,,49.0,36,1,0,,1,0,,0,,28.29,5.97,3.65,ST07_Cirebon,
SHPM000432,AWB260000432,2026-03-23 03:53:04.320280,2026-03-23 04:19:04.320280,2026-03-23 04:45:04.320280,2026-03-23 07:57:17.706038,2026-03-23 08:11:17.706038,2026-03-23 10:11:17.706038,2026-03-23 12:20:47.024384,2026-03-23 20:55:36.295163,2026-03-24 00:58:42.806193,2026-03-24 07:28:24.125949,2026-03-24 16:12:43.078098,2026-03-26 03:53:04.320280,Delivered,Closed,SHP017,Shipper 017,Marketplace,Outer Java,ST16_Palembang,HB05_SUMATRA_GATEWAY,Jabodetabek,ST01_JKT_Central,HB01_JKT_GATEWAY,Inter-Region,Regular,COD,CR147,Van,2.17,2.46,2.46,1061727,27070,25431,8,1,0,,14.0,72,1,0,,1,0,,0,,36.33,2.16,4.05,ST01_JKT_Central,
SHPM000433,AWB260000433,2026-03-13 05:42:56.971307,2026-03-13 05:56:56.971307,2026-03-13 06:25:56.971307,2026-03-13 08:22:42.249557,2026-03-13 08:57:42.249557,2026-03-13 09:33:42.249557,2026-03-13 11:27:50.331077,2026-03-13 18:29:50.569003,2026-03-13 23:26:24.833770,2026-03-14 06:30:36.196374,2026-03-14 08:38:36.758107,2026-03-14 17:42:56.971307,Delivered,Closed,SHP074,Shipper 074,Enterprise,Outer Java,ST15_Medan,HB05_SUMATRA_GATEWAY,East Java,ST14_Kediri,HB03_SBY_GATEWAY,Inter-Region,Next Day,Prepaid,CR143,Bike,3.35,3.28,3.35,2304898,35075,22601,4,1,0,,35.0,36,1,0,,1,0,,0,,26.93,1.9,4.94,ST14_Kediri,
SHPM000434,AWB260000434,2026-04-01 04:21:13.790935,2026-04-01 04:41:13.790935,2026-04-01 04:54:13.790935,2026-04-01 05:48:25.241438,2026-04-01 06:37:25.241438,2026-04-01 06:56:25.241438,2026-04-01 12:11:40.945709,2026-04-01 20:34:54.436555,2026-04-02 08:04:17.356044,2026-04-02 22:03:53.281005,2026-04-03 00:54:02.193766,2026-04-01 20:21:13.790935,Delivered,Closed,SHP071,Shipper 071,Enterprise,Jabodetabek,ST04_Bekasi,HB01_JKT_GATEWAY,East Java,ST12_Surabaya,HB03_SBY_GATEWAY,Inter-Region,Same Day,Prepaid,CR043,Van,0.89,0.91,0.91,236814,31095,24448,2,1,0,,49.0,16,0,0,,1,0,,0,,44.55,5.25,11.49,ST12_Surabaya,Hub Bottleneck
SHPM000435,AWB260000435,2026-02-26 23:31:25.187411,2026-02-27 00:04:25.187411,2026-02-27 00:54:25.187411,2026-02-27 05:12:24.182512,2026-02-27 06:14:24.182512,2026-02-27 07:38:24.182512,2026-02-27 12:29:08.113990,2026-02-27 19:44:21.843936,2026-02-27 23:36:16.032174,2026-02-28 08:10:41.354250,2026-03-01 01:48:18.566347,2026-03-01 23:31:25.187411,Delivered,Closed,SHP067,Shipper 067,SME,East Java,ST14_Kediri,HB03_SBY_GATEWAY,Central Java,ST11_Yogyakarta,HB04_CTG_NATIONAL,Inter-Region,Regular,Prepaid,CR126,Van,1.54,1.55,1.55,941364,18975,16586,8,1,0,,62.0,72,1,0,,1,0,,0,,50.28,4.85,3.87,ST11_Yogyakarta,
SHPM000436,AWB260000436,2026-03-09 18:48:43.525273,2026-03-09 19:26:43.525273,2026-03-09 20:11:43.525273,2026-03-09 23:27:23.628882,2026-03-10 00:05:23.628882,2026-03-10 00:23:23.628882,2026-03-10 04:42:27.890911,2026-03-10 13:39:00.171495,2026-03-10 23:05:00.609700,2026-03-11 09:09:19.837100,2026-03-11 11:30:01.268877,2026-03-11 06:48:43.525273,Delivered,Closed,SHP041,Shipper 041,SME,West Java,ST08_Bogor,HB01_JKT_GATEWAY,Central Java,ST11_Yogyakarta,HB04_CTG_NATIONAL,Inter-Region,Next Day,COD,CR081,Bike,1.88,1.77,1.88,2786916,32460,18348,4,0,0,,38.0,36,0,0,,1,0,,0,,40.69,4.32,9.43,ST11_Yogyakarta,First Mile Delay
SHPM000437,AWB260000437,2026-02-23 05:21:03.242055,2026-02-23 06:02:03.242055,2026-02-23 06:59:03.242055,2026-02-23 13:16:49.505164,2026-02-23 13:55:49.505164,2026-02-23 14:43:49.505164,2026-02-23 16:58:44.047593,2026-02-23 21:36:07.010804,2026-02-24 04:41:55.932387,2026-02-24 14:05:29.088013,2026-02-24 19:10:53.649855,2026-02-24 17:21:03.242055,Delivered,Closed,SHP018,Shipper 018,Enterprise,West Java,ST07_Cirebon,HB02_BDG_TRANSIT,Jabodetabek,ST05_Tangerang,HB01_JKT_GATEWAY,Inter-Region,Next Day,Prepaid,CR066,Van,0.72,0.69,0.72,1318458,23240,18675,4,0,0,,39.0,36,0,0,,1,0,,0,,37.83,2.25,7.1,ST05_Tangerang,First Mile Delay
SHPM000438,AWB260000438,2026-03-13 08:30:56.474208,2026-03-13 09:10:56.474208,2026-03-13 09:30:56.474208,2026-03-13 13:07:11.158538,2026-03-13 14:09:11.158538,2026-03-13 14:24:11.158538,2026-03-13 16:22:26.030255,2026-03-13 23:23:56.109482,2026-03-14 02:09:31.269520,2026-03-14 15:56:21.239704,2026-03-14 18:57:28.819066,2026-03-14 20:30:56.474208,Delivered,Closed,SHP062,Shipper 062,Enterprise,Jabodetabek,ST02_JKT_West,HB01_JKT_GATEWAY,West Java,ST08_Bogor,HB01_JKT_GATEWAY,Inter-Region,Next Day,Prepaid,CR015,Truck,1.36,1.48,1.48,1002551,26660,17466,4,1,0,,62.0,36,1,0,,1,0,,0,,34.44,1.97,2.76,ST08_Bogor,
SHPM000439,AWB260000439,2026-03-09 02:27:28.482066,2026-03-09 02:45:28.482066,2026-03-09 03:18:28.482066,2026-03-09 05:45:03.981041,2026-03-09 06:02:03.981041,2026-03-09 06:57:03.981041,2026-03-09 08:10:48.240101,2026-03-09 17:51:30.486171,2026-03-09 22:08:56.003386,2026-03-10 14:09:17.121060,2026-03-11 00:42:29.653079,2026-03-10 14:27:28.482066,Delivered,Closed,SHP057,Shipper 057,SME,Central Java,ST09_Semarang,HB04_CTG_NATIONAL,Jabodetabek,ST03_JKT_East,HB01_JKT_GATEWAY,Inter-Region,Next Day,Prepaid,CR088,Van,0.85,1.05,1.05,358165,24725,20807,4,1,0,,17.0,36,0,0,,1,0,,0,,46.25,1.23,4.29,ST03_JKT_East,Last Mile Delay
SHPM000440,AWB260000440,2026-02-17 00:32:46.176748,2026-02-17 00:59:46.176748,2026-02-17 01:06:46.176748,2026-02-17 09:23:11.076676,2026-02-17 10:25:11.076676,2026-02-17 11:33:11.076676,2026-02-17 12:50:41.721545,2026-02-17 17:26:26.030464,2026-02-18 07:25:36.117895,2026-02-18 22:43:35.551772,2026-02-19 14:00:48.575258,2026-02-20 00:32:46.176748,Delivered,Closed,SHP049,Shipper 049,Enterprise,Jabodetabek,ST05_Tangerang,HB01_JKT_GATEWAY,Outer Java,ST19_Denpasar,HB06_EASTERN_GATEWAY,Inter-Region,Regular,Prepaid,CR052,Bike,2.48,2.24,2.48,764941,23160,14915,8,0,0,,62.0,72,1,0,,1,0,,0,,61.47,1.29,13.99,ST19_Denpasar,
SHPM000441,AWB260000441,2026-03-02 18:40:34.239401,2026-03-02 19:12:34.239401,2026-03-02 19:42:34.239401,2026-03-02 21:29:07.174518,2026-03-02 22:06:07.174518,2026-03-02 23:00:07.174518,2026-03-03 01:51:52.239288,2026-03-03 05:42:03.952871,2026-03-03 13:59:53.406796,2026-03-03 22:00:55.198426,2026-03-04 13:35:39.839908,2026-03-05 18:40:34.239401,Delivered,Closed,SHP070,Shipper 070,Enterprise,Jabodetabek,ST04_Bekasi,HB01_JKT_GATEWAY,West Java,ST07_Cirebon,HB02_BDG_TRANSIT,Inter-Region,Regular,Prepaid,CR032,Van,2.26,2.46,2.46,2427029,23070,21090,8,1,0,,37.0,72,1,0,,1,0,,0,,42.92,2.86,8.3,ST07_Cirebon,
SHPM000442,AWB260000442,2026-03-23 14:56:30.916959,2026-03-23 15:32:30.916959,2026-03-23 16:19:30.916959,2026-03-23 20:30:12.339776,2026-03-23 21:48:12.339776,2026-03-23 23:43:12.339776,2026-03-24 02:55:31.488656,2026-03-24 12:31:15.864830,2026-03-24 20:46:26.768287,2026-03-25 03:43:12.947564,,2026-03-26 14:56:30.916959,Damaged,Exception,SHP008,Shipper 008,SME,Outer Java,ST16_Palembang,HB05_SUMATRA_GATEWAY,West Java,ST06_Bandung,HB01_JKT_GATEWAY,Inter-Region,Regular,Prepaid,CR151,Van,2.82,3.38,3.38,1062503,27210,21679,8,1,0,,78.0,72,0,0,,1,1,Damaged,0,,333.06,3.21,8.25,HB05_SUMATRA_GATEWAY,
SHPM000443,AWB260000443,2026-02-22 23:48:50.424759,2026-02-22 23:53:50.424759,2026-02-23 00:31:50.424759,2026-02-23 03:19:30.142017,2026-02-23 03:41:30.142017,2026-02-23 04:40:30.142017,2026-02-23 05:47:46.199000,2026-02-23 09:06:59.902234,2026-02-23 22:28:36.231383,2026-02-24 04:36:32.131857,2026-02-24 13:06:02.914491,2026-02-25 23:48:50.424759,Delivered,Closed,SHP021,Shipper 021,Marketplace,East Java,ST14_Kediri,HB03_SBY_GATEWAY,Jabodetabek,ST05_Tangerang,HB01_JKT_GATEWAY,Inter-Region,Regular,Prepaid,CR126,Bike,0.42,0.43,0.43,1292189,13935,11142,8,1,0,,22.0,72,1,0,,1,0,,0,,37.29,1.12,13.36,ST05_Tangerang,
SHPM000444,AWB260000444,2026-03-21 01:12:16.553016,2026-03-21 01:20:16.553016,2026-03-21 01:40:16.553016,2026-03-21 02:47:50.872236,2026-03-21 03:21:50.872236,2026-03-21 05:03:50.872236,2026-03-21 07:08:22.105607,2026-03-21 12:40:57.576910,2026-03-21 21:42:47.523491,2026-03-22 05:32:15.756061,2026-03-22 15:04:42.452974,2026-03-22 13:12:16.553016,Delivered,Closed,SHP064,Shipper 064,Marketplace,Jabodetabek,ST04_Bekasi,HB01_JKT_GATEWAY,West Java,ST06_Bandung,HB01_JKT_GATEWAY,Inter-Region,Next Day,Prepaid,CR042,Bike,1.29,1.28,1.29,2114294,25805,19909,4,1,0,,34.0,36,0,0,,1,0,,0,,37.87,2.08,9.03,ST06_Bandung,Last Mile Delay
SHPM000445,AWB260000445,2026-02-23 12:53:03.534160,2026-02-23 13:21:03.534160,2026-02-23 13:46:03.534160,2026-02-23 16:46:23.834135,2026-02-23 17:09:23.834135,2026-02-23 18:03:23.834135,2026-02-23 20:23:25.842879,2026-02-23 23:22:03.951495,2026-02-24 08:28:40.864672,2026-02-24 19:29:50.549122,2026-02-25 02:57:26.168417,2026-02-26 12:53:03.534160,Delivered,Closed,SHP095,Shipper 095,Enterprise,Central Java,ST09_Semarang,HB04_CTG_NATIONAL,East Java,ST12_Surabaya,HB03_SBY_GATEWAY,Inter-Region,Regular,COD,CR085,Bike,1.86,1.76,1.86,1125773,24370,15708,8,1,0,,23.0,72,1,0,,1,0,,0,,38.07,2.33,9.11,ST12_Surabaya,
SHPM000446,AWB260000446,2026-02-16 07:27:04.961275,2026-02-16 07:53:04.961275,2026-02-16 08:21:04.961275,2026-02-16 13:22:07.024274,2026-02-16 14:43:07.024274,2026-02-16 16:00:07.024274,2026-02-16 20:32:29.559985,2026-02-17 05:04:53.566999,2026-02-17 10:17:39.078735,2026-02-18 03:35:22.719500,2026-02-19 02:08:38.483490,2026-02-19 07:27:04.961275,Delivered,Closed,SHP087,Shipper 087,Enterprise,Jabodetabek,ST02_JKT_West,HB01_JKT_GATEWAY,Outer Java,ST20_Banjarmasin,HB06_EASTERN_GATEWAY,Inter-Region,Regular,Prepaid,CR012,Bike,0.87,0.86,0.87,478644,15915,9863,8,1,0,,81.0,72,1,0,,1,0,,0,,66.69,4.54,5.21,ST20_Banjarmasin,
SHPM000447,AWB260000447,2026-03-03 23:44:37.986328,2026-03-04 00:12:37.986328,2026-03-04 00:34:37.986328,2026-03-04 03:14:36.643626,2026-03-04 03:35:36.643626,2026-03-04 05:26:36.643626,2026-03-04 10:23:42.692661,2026-03-04 18:54:14.677847,2026-03-04 20:49:43.226282,2026-03-05 02:03:14.598763,2026-03-05 04:47:31.718886,2026-03-05 11:44:37.986328,Delivered,Closed,SHP074,Shipper 074,Enterprise,Outer Java,ST15_Medan,HB05_SUMATRA_GATEWAY,Jabodetabek,ST01_JKT_Central,HB01_JKT_GATEWAY,Inter-Region,Next Day,Prepaid,CR142,Van,8.77,8.8,8.8,1034673,59600,46343,4,1,0,,21.0,36,1,0,,1,0,,0,,29.05,4.95,1.92,ST01_JKT_Central,
SHPM000448,AWB260000448,2026-03-23 03:59:45.304790,2026-03-23 04:34:45.304790,2026-03-23 04:57:45.304790,2026-03-23 12:20:31.183878,2026-03-23 13:37:31.183878,2026-03-23 15:05:31.183878,2026-03-23 18:10:11.703216,2026-03-23 23:55:50.485616,2026-03-24 05:33:07.310580,2026-03-24 11:45:36.398367,2026-03-24 19:52:18.369506,2026-03-26 03:59:45.304790,Delivered,Closed,SHP049,Shipper 049,Enterprise,Jabodetabek,ST05_Tangerang,HB01_JKT_GATEWAY,Outer Java,ST20_Banjarmasin,HB06_EASTERN_GATEWAY,Inter-Region,Regular,COD,CR045,Bike,1.48,1.61,1.61,1599993,23245,18958,8,1,0,,77.0,72,1,0,,1,0,,0,,39.88,3.08,5.62,ST20_Banjarmasin,
SHPM000449,AWB260000449,2026-02-20 21:23:36.279405,2026-02-20 21:56:36.279405,2026-02-20 22:31:36.279405,2026-02-20 23:52:48.195655,2026-02-21 00:43:48.195655,2026-02-21 02:17:48.195655,2026-02-21 07:01:50.111310,2026-02-21 10:44:35.880919,2026-02-21 15:19:34.422973,2026-02-21 22:49:40.829016,2026-02-21 23:41:27.710449,2026-02-21 13:23:36.279405,Delivered,Closed,SHP071,Shipper 071,Enterprise,Jabodetabek,ST04_Bekasi,HB01_JKT_GATEWAY,West Java,ST06_Bandung,HB01_JKT_GATEWAY,Inter-Region,Same Day,COD,CR040,Van,1.52,1.4,1.52,2176657,37840,21445,2,1,0,,51.0,16,0,0,,1,0,,0,,26.3,4.73,4.58,ST06_Bandung,Last Mile Delay
SHPM000450,AWB260000450,2026-03-17 08:22:11.845681,2026-03-17 08:45:11.845681,2026-03-17 09:11:11.845681,2026-03-17 10:29:21.030954,2026-03-17 11:09:21.030954,2026-03-17 12:08:21.030954,2026-03-17 16:44:49.366644,2026-03-18 01:27:51.173235,2026-03-18 03:39:26.637538,2026-03-18 18:18:17.481640,2026-03-19 02:18:26.679716,2026-03-18 20:22:11.845681,Delivered,Closed,SHP057,Shipper 057,SME,Central Java,ST09_Semarang,HB04_CTG_NATIONAL,East Java,ST12_Surabaya,HB03_SBY_GATEWAY,Inter-Region,Next Day,COD,CR085,Bike,2.11,2.61,2.61,137959,35745,29166,4,1,0,,40.0,36,0,0,,1,0,,0,,41.94,4.61,2.19,ST12_Surabaya,Last Mile Delay
SHPM000451,AWB260000451,2026-02-21 08:24:18.731104,2026-02-21 08:33:18.731104,2026-02-21 09:16:18.731104,2026-02-21 13:19:03.299103,2026-02-21 13:34:03.299103,2026-02-21 14:35:03.299103,2026-02-21 18:39:19.819855,2026-02-21 21:34:21.891046,2026-02-22 04:55:36.464665,2026-02-22 08:30:40.595570,2026-02-22 17:00:18.734539,2026-02-22 08:24:18.731104,Delivered,Closed,SHP056,Shipper 056,Enterprise,Jabodetabek,ST03_JKT_East,HB01_JKT_GATEWAY,Jabodetabek,ST01_JKT_Central,HB01_JKT_GATEWAY,Intra-Region,Next Day,Prepaid,CR019,Bike,3.59,3.51,3.59,1637615,36155,21770,4,0,0,,15.0,24,0,0,,1,0,,0,,32.6,4.07,7.35,ST01_JKT_Central,First Mile Delay
SHPM000452,AWB260000452,2026-03-06 17:12:10.487371,2026-03-06 17:40:10.487371,2026-03-06 18:18:10.487371,2026-03-06 22:08:36.833047,2026-03-06 22:34:36.833047,2026-03-07 00:29:36.833047,2026-03-07 03:02:05.500949,2026-03-07 05:33:14.113652,2026-03-08 06:22:57.847417,2026-03-08 16:13:06.034003,2026-03-09 02:58:07.720896,2026-03-08 05:12:10.487371,Delivered,Closed,SHP046,Shipper 046,SME,East Java,ST14_Kediri,HB03_SBY_GATEWAY,Outer Java,ST15_Medan,HB05_SUMATRA_GATEWAY,Inter-Region,Next Day,Prepaid,CR127,Bike,2.17,3.25,3.25,636538,34625,22502,4,0,0,,26.0,36,0,0,,1,0,,0,,57.77,2.54,24.83,ST15_Medan,First Mile Delay
SHPM000453,AWB260000453,2026-02-26 18:31:45.716176,2026-02-26 19:03:45.716176,2026-02-26 19:16:45.716176,2026-02-26 23:08:58.474943,2026-02-26 23:43:58.474943,2026-02-27 00:16:58.474943,2026-02-27 04:14:47.927704,2026-02-27 13:11:38.786418,2026-02-27 15:49:48.051577,2026-02-28 01:17:07.300492,2026-02-28 06:57:45.513890,2026-02-28 06:31:45.716176,Delivered,Closed,SHP011,Shipper 011,Enterprise,Jabodetabek,ST03_JKT_East,HB01_JKT_GATEWAY,East Java,ST14_Kediri,HB03_SBY_GATEWAY,Inter-Region,Next Day,Prepaid,CR020,Bike,4.46,4.22,4.46,925175,40070,26464,4,0,0,,35.0,36,0,0,,1,0,,0,,36.43,3.96,2.64,ST14_Kediri,First Mile Delay
SHPM000454,AWB260000454,2026-02-18 00:19:11.776793,2026-02-18 00:52:11.776793,2026-02-18 01:08:11.776793,,,,,,,,,2026-02-19 12:19:11.776793,Failed Pickup,Exception,SHP034,Shipper 034,Enterprise,Jabodetabek,ST03_JKT_East,HB01_JKT_GATEWAY,West Java,ST07_Cirebon,HB02_BDG_TRANSIT,Inter-Region,Next Day,Prepaid,CR027,Van,1.08,1.09,1.09,898539,24905,17173,4,0,1,Shipper Not Ready,,36,0,0,,0,0,,0,,1139.68,,,ST03_JKT_East,
SHPM000455,AWB260000455,2026-03-26 14:56:42.733806,2026-03-26 15:26:42.733806,2026-03-26 15:49:42.733806,2026-03-26 18:49:37.872795,2026-03-26 19:31:37.872795,2026-03-26 20:00:37.872795,2026-03-26 21:15:48.268775,2026-03-27 03:58:17.480238,2026-03-27 14:03:34.648633,2026-03-28 21:54:24.043468,2026-03-29 02:13:37.473497,2026-03-28 02:56:42.733806,Delivered,Closed,SHP044,Shipper 044,Marketplace,Jabodetabek,ST04_Bekasi,HB01_JKT_GATEWAY,Outer Java,ST18_Balikpapan,HB06_EASTERN_GATEWAY,Inter-Region,Next Day,Prepaid,CR031,Truck,1.03,1.13,1.13,1930742,25085,13987,4,1,0,,42.0,36,0,0,,1,1,Missed Cut-Off,0,,59.28,1.25,10.09,ST18_Balikpapan,Hub Bottleneck
SHPM000456,AWB260000456,2026-03-26 03:51:52.875896,2026-03-26 04:21:52.875896,2026-03-26 04:52:52.875896,2026-03-26 06:12:52.828208,2026-03-26 06:25:52.828208,2026-03-26 07:36:52.828208,2026-03-26 12:02:25.631041,2026-03-26 20:32:59.191787,2026-03-27 02:03:47.154990,2026-03-27 14:17:53.321278,2026-03-27 17:11:39.608461,2026-03-27 15:51:52.875896,Delivered,Closed,SHP029,Shipper 029,SME,Outer Java,ST18_Balikpapan,HB06_EASTERN_GATEWAY,Jabodetabek,ST01_JKT_Central,HB01_JKT_GATEWAY,Inter-Region,Next Day,Prepaid,CR170,Truck,0.61,0.86,0.86,1337823,23870,18837,4,1,0,,13.0,36,0,0,,1,0,,0,,37.33,4.43,5.51,ST01_JKT_Central,Last Mile Delay
SHPM000457,AWB260000457,2026-02-28 05:04:42.509930,2026-02-28 05:25:42.509930,2026-02-28 05:59:42.509930,2026-02-28 08:56:15.718921,2026-02-28 09:52:15.718921,2026-02-28 11:12:15.718921,2026-02-28 14:30:29.071218,2026-02-28 23:44:26.473296,2026-03-01 10:06:19.156615,2026-03-01 16:28:45.504202,2026-03-02 00:24:45.652925,2026-03-01 17:04:42.509930,Delivered,Closed,SHP053,Shipper 053,Marketplace,Jabodetabek,ST05_Tangerang,HB01_JKT_GATEWAY,West Java,ST06_Bandung,HB01_JKT_GATEWAY,Inter-Region,Next Day,Prepaid,CR044,Bike,1.27,1.78,1.78,368121,28010,22246,4,1,0,,56.0,36,0,0,,1,0,,0,,43.33,3.3,10.36,ST06_Bandung,Hub Bottleneck
SHPM000458,AWB260000458,2026-03-17 02:52:12.915856,2026-03-17 03:25:12.915856,2026-03-17 04:11:12.915856,2026-03-17 06:47:56.057887,2026-03-17 07:17:56.057887,2026-03-17 08:37:56.057887,2026-03-17 09:47:05.702034,2026-03-17 18:20:51.740339,2026-03-17 21:40:15.155544,2026-03-18 07:51:28.433100,2026-03-18 13:11:25.006698,2026-03-18 14:52:12.915856,Delivered,Closed,SHP087,Shipper 087,Enterprise,Jabodetabek,ST05_Tangerang,HB01_JKT_GATEWAY,Outer Java,ST16_Palembang,HB05_SUMATRA_GATEWAY,Inter-Region,Next Day,Prepaid,CR045,Bike,1.59,1.75,1.75,1198193,27875,25375,4,1,0,,30.0,36,1,0,,1,0,,0,,34.32,1.15,3.32,ST16_Palembang,
SHPM000459,AWB260000459,2026-03-11 02:04:35.225637,2026-03-11 02:45:35.225637,2026-03-11 03:26:35.225637,2026-03-11 06:13:19.208933,2026-03-11 07:04:19.208933,2026-03-11 08:22:19.208933,2026-03-11 12:44:37.337264,2026-03-11 16:06:19.528419,2026-03-12 01:54:56.840664,2026-03-12 07:54:54.186860,2026-03-12 16:27:03.243245,2026-03-12 02:04:35.225637,Delivered,Closed,SHP023,Shipper 023,Enterprise,West Java,ST08_Bogor,HB01_JKT_GATEWAY,West Java,ST08_Bogor,HB01_JKT_GATEWAY,Intra-Region,Next Day,COD,CR082,Bike,0.92,0.92,0.92,337961,28140,24961,4,1,0,,51.0,24,0,0,,1,0,,0,,38.37,4.37,9.81,ST08_Bogor,Last Mile Delay
SHPM000460,AWB260000460,2026-03-30 00:26:04.330770,2026-03-30 00:49:04.330770,2026-03-30 01:06:04.330770,2026-03-30 02:24:49.140466,2026-03-30 02:32:49.140466,2026-03-30 04:26:49.140466,2026-03-30 10:06:07.323485,2026-03-30 16:45:01.095481,2026-03-31 03:16:11.042985,2026-03-31 16:49:54.981198,2026-03-31 20:38:23.757892,2026-03-30 16:26:04.330770,Delivered,Closed,SHP087,Shipper 087,Enterprise,Jabodetabek,ST02_JKT_West,HB01_JKT_GATEWAY,West Java,ST08_Bogor,HB01_JKT_GATEWAY,Inter-Region,Same Day,COD,CR013,Bike,0.41,0.53,0.53,1011815,33385,25731,2,1,0,,8.0,16,0,0,,1,0,,0,,44.21,5.66,10.52,ST08_Bogor,Hub Bottleneck
SHPM000461,AWB260000461,2026-03-19 00:00:08.328827,2026-03-19 00:20:08.328827,2026-03-19 00:53:08.328827,2026-03-19 01:48:39.118126,2026-03-19 02:07:39.118126,2026-03-19 04:03:39.118126,2026-03-19 08:57:15.093095,2026-03-19 13:04:53.537877,2026-03-19 18:46:58.472444,2026-03-20 08:50:23.462830,2026-03-20 19:42:17.865768,2026-03-20 12:00:08.328827,Delivered,Closed,SHP063,Shipper 063,Enterprise,Jabodetabek,ST05_Tangerang,HB01_JKT_GATEWAY,Central Java,ST09_Semarang,HB04_CTG_NATIONAL,Inter-Region,Next Day,Prepaid,CR049,Van,0.61,0.75,0.75,809006,23375,14350,4,1,0,,19.0,36,0,0,,1,0,,0,,43.7,4.89,5.7,ST09_Semarang,Last Mile Delay
SHPM000462,AWB260000462,2026-02-22 12:19:15.681879,2026-02-22 12:34:15.681879,2026-02-22 13:26:15.681879,2026-02-22 13:58:52.581031,2026-02-22 14:35:52.581031,2026-02-22 14:50:52.581031,2026-02-22 17:33:23.703328,2026-02-23 03:24:16.866838,2026-02-23 05:54:34.653453,2026-02-23 18:08:29.202099,2026-02-23 21:58:24.091563,2026-02-24 00:19:15.681879,Delivered,Closed,SHP058,Shipper 058,Enterprise,Jabodetabek,ST01_JKT_Central,HB01_JKT_GATEWAY,Outer Java,ST15_Medan,HB05_SUMATRA_GATEWAY,Inter-Region,Next Day,Prepaid,CR010,Van,2.97,3.1,3.1,759283,33950,28932,4,1,0,,37.0,36,1,0,,1,0,,0,,33.65,2.71,2.5,ST15_Medan,
SHPM000463,AWB260000463,2026-02-27 22:42:39.154133,2026-02-27 22:47:39.154133,2026-02-27 23:23:39.154133,2026-02-28 01:21:05.564416,2026-02-28 01:42:05.564416,2026-02-28 03:03:05.564416,2026-02-28 08:17:25.800694,2026-02-28 11:07:37.885323,2026-02-28 15:00:18.608750,2026-03-01 00:14:56.376807,2026-03-01 10:09:34.506109,2026-03-02 22:42:39.154133,Delivered,Closed,SHP014,Shipper 014,Enterprise,Jabodetabek,ST05_Tangerang,HB01_JKT_GATEWAY,Central Java,ST10_Solo,HB04_CTG_NATIONAL,Inter-Region,Regular,Prepaid,CR052,Truck,1.3,1.32,1.32,1117371,17940,10167,8,1,0,,21.0,72,1,0,,1,0,,0,,35.45,5.24,3.88,ST10_Solo,
SHPM000464,AWB260000464,2026-03-17 09:23:43.629468,2026-03-17 09:31:43.629468,2026-03-17 10:11:43.629468,2026-03-17 13:06:39.504719,2026-03-17 14:01:39.504719,2026-03-17 15:17:39.504719,2026-03-17 21:16:03.817095,2026-03-18 01:14:20.036355,2026-03-18 12:29:26.723129,2026-03-19 05:02:59.121951,2026-03-19 10:51:07.543946,2026-03-18 21:23:43.629468,Delivered,Closed,SHP091,Shipper 091,SME,Outer Java,ST16_Palembang,HB05_SUMATRA_GATEWAY,Central Java,ST11_Yogyakarta,HB04_CTG_NATIONAL,Inter-Region,Next Day,COD,CR150,Van,1.01,0.93,1.01,729026,28545,18682,4,1,0,,55.0,36,0,0,,1,0,,0,,49.46,5.97,11.25,ST11_Yogyakarta,Hub Bottleneck
SHPM000465,AWB260000465,2026-02-25 18:11:41.392467,2026-02-25 18:35:41.392467,2026-02-25 18:47:41.392467,2026-02-25 19:31:00.842934,2026-02-25 20:04:00.842934,2026-02-25 20:54:00.842934,2026-02-26 01:49:40.151329,2026-02-26 09:45:08.281306,2026-02-26 17:05:53.521020,2026-02-27 03:45:07.216041,2026-02-27 08:15:40.106451,2026-02-26 10:11:41.392467,Delivered,Closed,SHP076,Shipper 076,Enterprise,West Java,ST06_Bandung,HB01_JKT_GATEWAY,Jabodetabek,ST02_JKT_West,HB01_JKT_GATEWAY,Inter-Region,Same Day,Prepaid,CR059,Van,0.76,0.69,0.76,198068,30420,24713,2,1,0,,33.0,16,0,0,,1,0,,0,,38.07,4.93,7.35,ST02_JKT_West,Last Mile Delay
SHPM000466,AWB260000466,2026-03-22 23:51:02.271623,2026-03-23 00:19:02.271623,2026-03-23 00:46:02.271623,2026-03-23 06:45:07.311730,2026-03-23 07:43:07.311730,2026-03-23 08:41:07.311730,2026-03-23 13:11:18.083306,2026-03-23 15:37:18.824492,2026-03-23 21:17:06.161041,2026-03-24 06:37:37.458482,2026-03-24 20:04:50.943029,2026-03-25 23:51:02.271623,Delivered,Closed,SHP047,Shipper 047,Marketplace,Central Java,ST10_Solo,HB04_CTG_NATIONAL,East Java,ST12_Surabaya,HB03_SBY_GATEWAY,Inter-Region,Regular,COD,CR093,Bike,0.89,1.38,1.38,1766167,22210,12472,8,1,0,,58.0,72,1,0,,1,0,,0,,44.23,4.5,5.66,ST12_Surabaya,
SHPM000467,AWB260000467,2026-02-22 13:57:09.549244,2026-02-22 14:08:09.549244,2026-02-22 15:24:09.549244,,,,,,,,,2026-02-25 13:57:09.549244,Failed Pickup,Exception,SHP018,Shipper 018,Enterprise,West Java,ST07_Cirebon,HB02_BDG_TRANSIT,Outer Java,ST18_Balikpapan,HB06_EASTERN_GATEWAY,Inter-Region,Regular,Prepaid,CR065,Bike,1.57,1.92,1.92,294108,20640,11581,8,0,1,Shipper Closed,,72,0,0,,0,0,,0,,1030.05,,,ST07_Cirebon,
SHPM000468,AWB260000468,2026-03-10 16:31:58.138791,2026-03-10 16:46:58.138791,2026-03-10 17:05:58.138791,2026-03-10 19:56:06.660925,2026-03-10 20:17:06.660925,2026-03-10 21:04:06.660925,2026-03-10 23:12:45.197123,2026-03-11 07:17:25.195043,2026-03-11 13:49:00.879365,2026-03-11 21:46:50.153610,2026-03-12 02:27:14.075458,2026-03-13 16:31:58.138791,Delivered,Closed,SHP072,Shipper 072,Enterprise,Outer Java,ST16_Palembang,HB05_SUMATRA_GATEWAY,Jabodetabek,ST05_Tangerang,HB01_JKT_GATEWAY,Inter-Region,Regular,COD,CR151,Van,0.91,1.42,1.42,919136,22390,21218,8,1,0,,21.0,72,1,0,,1,0,,0,,33.92,2.14,6.53,ST05_Tangerang,
SHPM000469,AWB260000469,2026-03-12 15:10:23.775670,2026-03-12 15:42:23.775670,2026-03-12 16:28:23.775670,2026-03-12 19:16:03.462616,2026-03-12 20:50:03.462616,2026-03-12 21:22:03.462616,2026-03-13 04:45:49.390297,2026-03-13 12:28:01.637003,2026-03-13 18:39:55.224442,2026-03-14 09:40:19.567822,2026-03-14 17:48:41.943759,2026-03-14 03:10:23.775670,Delivered,Closed,SHP066,Shipper 066,Marketplace,West Java,ST07_Cirebon,HB02_BDG_TRANSIT,Jabodetabek,ST03_JKT_East,HB01_JKT_GATEWAY,Inter-Region,Next Day,Prepaid,CR068,Bike,1.62,1.91,1.91,1739996,28595,26935,4,1,0,,94.0,36,0,0,,1,0,,0,,50.64,7.4,6.2,ST03_JKT_East,Last Mile Delay
SHPM000470,AWB260000470,2026-03-24 00:41:43.746856,2026-03-24 00:49:43.746856,2026-03-24 01:18:43.746856,2026-03-24 05:29:08.232397,2026-03-24 05:59:08.232397,2026-03-24 07:45:08.232397,2026-03-24 11:55:44.382020,2026-03-24 14:11:40.546058,2026-03-24 22:05:16.239846,2026-03-25 13:23:40.504512,2026-03-25 16:41:52.878159,2026-03-25 12:41:43.746856,Delivered,Closed,SHP048,Shipper 048,Enterprise,Outer Java,ST16_Palembang,HB05_SUMATRA_GATEWAY,Jabodetabek,ST02_JKT_West,HB01_JKT_GATEWAY,Inter-Region,Next Day,Prepaid,CR145,Van,3.07,2.87,3.07,303784,33815,25019,4,0,0,,30.0,36,0,0,,1,0,,0,,40.0,4.18,7.89,ST02_JKT_West,First Mile Delay
SHPM000471,AWB260000471,2026-02-25 23:16:11.791196,2026-02-25 23:38:11.791196,2026-02-26 00:05:11.791196,2026-02-26 04:37:44.727610,2026-02-26 05:59:44.727610,2026-02-26 06:40:44.727610,2026-02-26 11:46:34.813974,2026-02-26 20:48:30.249676,2026-02-27 09:18:45.870782,2026-02-27 22:22:00.393346,2026-02-28 21:15:51.780585,2026-02-28 23:16:11.791196,Delivered,Closed,SHP089,Shipper 089,Enterprise,Central Java,ST11_Yogyakarta,HB04_CTG_NATIONAL,Outer Java,ST20_Banjarmasin,HB06_EASTERN_GATEWAY,Inter-Region,Regular,Prepaid,CR102,Truck,1.82,1.74,1.82,2138234,20190,17909,8,1,0,,82.0,72,1,0,,1,0,,0,,69.99,5.1,12.5,ST20_Banjarmasin,
SHPM000472,AWB260000472,2026-03-20 02:18:50.816357,2026-03-20 03:01:50.816357,2026-03-20 04:04:50.816357,2026-03-20 05:57:38.507871,2026-03-20 06:58:38.507871,2026-03-20 07:48:38.507871,2026-03-20 13:00:33.930001,2026-03-20 20:27:27.413722,2026-03-21 03:46:12.884607,2026-03-21 19:18:11.359661,2026-03-22 09:14:59.178729,2026-03-23 02:18:50.816357,Delivered,Closed,SHP067,Shipper 067,SME,East Java,ST14_Kediri,HB03_SBY_GATEWAY,Central Java,ST11_Yogyakarta,HB04_CTG_NATIONAL,Inter-Region,Regular,COD,CR128,Truck,4.66,4.59,4.66,1201695,36970,27941,8,1,0,,61.0,72,1,0,,1,0,,0,,54.94,5.2,7.31,ST11_Yogyakarta,
SHPM000473,AWB260000473,2026-02-23 05:21:14.124874,2026-02-23 05:29:14.124874,2026-02-23 05:53:14.124874,2026-02-23 07:02:27.378555,2026-02-23 07:15:27.378555,2026-02-23 07:53:27.378555,2026-02-23 10:02:27.728548,2026-02-23 19:09:09.882017,2026-02-23 22:55:49.433328,2026-02-24 08:56:51.416791,2026-02-24 15:31:08.127973,2026-02-24 17:21:14.124874,Delivered,Closed,SHP020,Shipper 020,SME,East Java,ST14_Kediri,HB03_SBY_GATEWAY,Jabodetabek,ST05_Tangerang,HB01_JKT_GATEWAY,Inter-Region,Next Day,Prepaid,CR134,Van,1.22,1.33,1.33,1159279,25985,24513,4,1,0,,13.0,36,1,0,,1,0,,0,,34.17,2.15,3.78,ST05_Tangerang,
SHPM000474,AWB260000474,2026-03-17 17:46:19.054100,2026-03-17 18:26:19.054100,2026-03-17 18:49:19.054100,2026-03-17 22:43:50.784613,2026-03-17 23:10:50.784613,2026-03-18 01:06:50.784613,2026-03-18 02:36:08.631182,2026-03-18 04:37:53.748713,2026-03-18 13:49:53.821066,2026-03-19 07:45:40.405696,2026-03-19 09:47:34.074933,2026-03-19 05:46:19.054100,Delivered,Closed,SHP081,Shipper 081,Marketplace,West Java,ST06_Bandung,HB01_JKT_GATEWAY,Jabodetabek,ST03_JKT_East,HB01_JKT_GATEWAY,Inter-Region,Next Day,Prepaid,CR062,Bike,0.86,1.43,1.43,1208897,26435,22523,4,0,0,,27.0,36,0,0,,1,0,,0,,40.02,1.49,9.2,ST03_JKT_East,First Mile Delay
SHPM000475,AWB260000475,2026-02-27 23:33:27.932955,2026-02-27 23:52:27.932955,2026-02-28 00:20:27.932955,2026-02-28 04:39:58.279630,2026-02-28 05:16:58.279630,2026-02-28 06:46:58.279630,2026-02-28 09:07:37.841762,2026-02-28 16:04:33.918070,2026-02-28 18:00:59.917822,2026-03-01 07:00:50.132646,2026-03-01 13:50:46.158134,2026-03-02 23:33:27.932955,Delivered,Closed,SHP074,Shipper 074,Enterprise,Outer Java,ST15_Medan,HB05_SUMATRA_GATEWAY,Jabodetabek,ST04_Bekasi,HB01_JKT_GATEWAY,Inter-Region,Regular,Prepaid,CR138,Van,1.11,1.61,1.61,2190323,19245,12887,8,1,0,,37.0,72,1,0,,1,0,,0,,38.29,2.34,1.94,ST04_Bekasi,
SHPM000476,AWB260000476,2026-03-12 09:03:25.868163,2026-03-12 09:12:25.868163,2026-03-12 09:32:25.868163,2026-03-12 14:22:54.932434,2026-03-12 15:14:54.932434,2026-03-12 16:27:54.932434,2026-03-12 21:56:57.191740,2026-03-13 00:08:10.352323,2026-03-13 07:52:50.072704,2026-03-13 14:31:30.469165,2026-03-13 23:32:39.206360,2026-03-15 09:03:25.868163,Delivered,Closed,SHP074,Shipper 074,Enterprise,Outer Java,ST15_Medan,HB05_SUMATRA_GATEWAY,West Java,ST07_Cirebon,HB02_BDG_TRANSIT,Inter-Region,Regular,Prepaid,CR144,Van,1.35,1.39,1.39,374626,18255,13904,8,1,0,,52.0,72,1,0,,1,0,,0,,38.49,5.48,7.74,ST07_Cirebon,
SHPM000477,AWB260000477,2026-03-25 18:31:20.406127,2026-03-25 19:05:20.406127,2026-03-25 19:31:20.406127,2026-03-25 23:47:04.839675,2026-03-26 00:33:04.839675,2026-03-26 00:57:04.839675,2026-03-26 02:26:03.135556,2026-03-26 09:49:04.794591,2026-03-26 20:04:59.693382,2026-03-27 08:15:06.421557,2026-03-27 18:21:07.841275,2026-03-28 18:31:20.406127,Delivered,Closed,SHP061,Shipper 061,Enterprise,Outer Java,ST16_Palembang,HB05_SUMATRA_GATEWAY,West Java,ST06_Bandung,HB01_JKT_GATEWAY,Inter-Region,Regular,Prepaid,CR146,Bike,1.03,1.36,1.36,721001,18120,12244,8,1,0,,46.0,72,1,0,,1,0,,0,,47.83,1.48,10.27,ST06_Bandung,
SHPM000478,AWB260000478,2026-02-23 07:35:50.563961,2026-02-23 07:42:50.563961,2026-02-23 08:01:50.563961,2026-02-23 10:42:17.269617,2026-02-23 11:51:17.269617,2026-02-23 12:52:17.269617,2026-02-23 16:21:22.278945,2026-02-23 18:21:24.031975,2026-02-24 01:53:20.986807,2026-02-24 19:05:03.923531,2026-02-25 03:52:29.348766,2026-02-26 07:35:50.563961,Delivered,Closed,SHP094,Shipper 094,SME,Outer Java,ST15_Medan,HB05_SUMATRA_GATEWAY,Central Java,ST11_Yogyakarta,HB04_CTG_NATIONAL,Inter-Region,Regular,COD,CR141,Bike,0.46,0.5,0.5,1824715,18250,12567,8,1,0,,69.0,72,1,0,,1,0,,0,,44.28,3.48,7.53,ST11_Yogyakarta,
SHPM000479,AWB260000479,2026-02-27 16:38:46.015555,2026-02-27 17:16:46.015555,2026-02-27 18:23:46.015555,2026-02-28 18:47:03.552704,2026-02-28 20:35:03.552704,2026-02-28 20:50:03.552704,2026-03-01 01:02:36.937076,2026-03-01 05:51:18.186477,2026-03-01 17:37:12.006940,2026-03-02 10:57:15.443067,2026-03-03 14:20:11.549030,2026-03-02 16:38:46.015555,Delivered,Closed,SHP018,Shipper 018,Enterprise,West Java,ST07_Cirebon,HB02_BDG_TRANSIT,Outer Java,ST16_Palembang,HB05_SUMATRA_GATEWAY,Inter-Region,Regular,COD,CR074,Truck,3.67,3.51,3.67,277362,32515,24197,8,0,0,,108.0,72,0,0,,1,0,,0,,93.69,4.21,11.76,ST16_Palembang,First Mile Delay
SHPM000480,AWB260000480,2026-02-20 13:06:24.129026,2026-02-20 13:41:24.129026,2026-02-20 14:38:24.129026,2026-02-20 19:04:57.823157,2026-02-20 20:51:57.823157,2026-02-20 21:35:57.823157,2026-02-21 04:05:27.042815,2026-02-21 10:37:50.667710,2026-02-22 00:26:37.086643,2026-02-22 12:53:37.434155,2026-02-22 17:12:27.177333,2026-02-22 01:06:24.129026,Delivered,Closed,SHP010,Shipper 010,Enterprise,East Java,ST12_Surabaya,HB03_SBY_GATEWAY,Jabodetabek,ST03_JKT_East,HB01_JKT_GATEWAY,Inter-Region,Next Day,COD,CR107,Bike,1.35,1.42,1.42,889430,30390,20530,4,0,0,,107.0,36,0,0,,1,0,,0,,52.1,6.49,13.81,ST03_JKT_East,First Mile Delay
SHPM000481,AWB260000481,2026-03-21 22:24:16.531634,2026-03-21 23:04:16.531634,2026-03-21 23:25:16.531634,2026-03-22 00:19:56.631345,2026-03-22 00:39:56.631345,2026-03-22 02:34:56.631345,2026-03-22 07:32:08.653087,2026-03-22 12:24:55.012939,2026-03-22 16:36:13.082298,2026-03-23 07:32:05.515706,2026-03-23 13:19:15.446008,2026-03-23 10:24:16.531634,Delivered,Closed,SHP074,Shipper 074,Enterprise,Outer Java,ST20_Banjarmasin,HB06_EASTERN_GATEWAY,Central Java,ST10_Solo,HB04_CTG_NATIONAL,Inter-Region,Next Day,Prepaid,CR184,Bike,1.29,1.36,1.36,227303,26120,17837,4,1,0,,20.0,36,0,0,,1,0,,0,,38.92,4.95,4.19,ST10_Solo,Last Mile Delay
SHPM000482,AWB260000482,2026-03-26 11:47:52.348138,2026-03-26 12:11:52.348138,2026-03-26 12:33:52.348138,2026-03-26 17:18:59.353311,2026-03-26 18:02:59.353311,2026-03-26 18:52:59.353311,2026-03-26 23:24:23.735935,2026-03-27 04:33:15.774057,2026-03-27 10:46:07.431281,2026-03-27 20:07:51.805097,2026-03-28 10:20:22.806389,2026-03-29 11:47:52.348138,Delivered,Closed,SHP048,Shipper 048,Enterprise,Outer Java,ST18_Balikpapan,HB06_EASTERN_GATEWAY,Jabodetabek,ST03_JKT_East,HB01_JKT_GATEWAY,Inter-Region,Regular,COD,CR173,Truck,1.23,1.19,1.23,543117,21535,19778,8,1,0,,44.0,72,1,0,,1,0,,0,,46.54,4.52,6.21,ST03_JKT_East,
SHPM000483,AWB260000483,2026-02-15 17:51:07.069182,2026-02-15 17:57:07.069182,2026-02-15 18:38:07.069182,2026-02-15 22:40:31.509381,2026-02-15 23:46:31.509381,2026-02-16 00:23:31.509381,2026-02-16 02:13:58.930985,2026-02-16 04:25:24.169600,2026-02-16 13:27:10.049104,2026-02-16 23:16:30.464025,2026-02-17 04:26:21.618535,2026-02-18 17:51:07.069182,Delivered,Closed,SHP094,Shipper 094,SME,Outer Java,ST17_Makassar,HB06_EASTERN_GATEWAY,Jabodetabek,ST03_JKT_East,HB01_JKT_GATEWAY,Inter-Region,Regular,Prepaid,CR160,Bike,3.35,3.55,3.55,347663,27975,24102,8,1,0,,66.0,72,1,0,,1,0,,0,,34.59,1.84,9.03,ST03_JKT_East,
SHPM000484,AWB260000484,2026-02-23 06:18:11.163638,2026-02-23 06:45:11.163638,2026-02-23 07:30:11.163638,2026-02-23 08:44:22.897525,2026-02-23 09:15:22.897525,2026-02-23 09:34:22.897525,2026-02-23 12:45:48.007882,2026-02-23 15:06:50.193422,2026-02-24 01:22:43.876928,2026-02-24 07:40:38.872209,2026-02-24 15:01:55.590958,2026-02-24 18:18:11.163638,Delivered,Closed,SHP009,Shipper 009,Marketplace,West Java,ST06_Bandung,HB01_JKT_GATEWAY,East Java,ST14_Kediri,HB03_SBY_GATEWAY,Inter-Region,Next Day,COD,CR057,Truck,3.2,3.92,3.92,723826,41640,37273,4,1,0,,31.0,36,1,0,,1,0,,0,,32.73,3.19,10.26,ST14_Kediri,
SHPM000485,AWB260000485,2026-03-03 12:36:23.248907,2026-03-03 12:58:23.248907,2026-03-03 13:09:23.248907,2026-03-03 15:09:14.547872,2026-03-03 16:25:14.547872,2026-03-03 18:17:14.547872,2026-03-03 20:42:30.352359,2026-03-03 23:17:04.201510,2026-03-04 06:23:40.135307,2026-03-04 12:36:49.753217,2026-03-04 20:09:21.583366,2026-03-04 04:36:23.248907,Delivered,Closed,SHP070,Shipper 070,Enterprise,Jabodetabek,ST04_Bekasi,HB01_JKT_GATEWAY,Outer Java,ST15_Medan,HB05_SUMATRA_GATEWAY,Inter-Region,Same Day,COD,CR040,Bike,0.59,0.72,0.72,1524124,34240,21615,2,0,0,,76.0,16,0,0,,1,0,,0,,31.55,2.42,7.11,ST15_Medan,First Mile Delay
SHPM000486,AWB260000486,2026-03-03 04:17:50.119997,2026-03-03 04:46:50.119997,2026-03-03 05:11:50.119997,2026-03-03 05:27:35.815624,2026-03-03 05:42:35.815624,2026-03-03 06:31:35.815624,2026-03-03 10:59:54.803107,2026-03-03 14:00:03.627085,2026-03-04 08:51:44.924490,2026-03-04 16:22:56.890047,2026-03-04 20:28:02.096624,2026-03-03 20:17:50.119997,Delivered,Closed,SHP090,Shipper 090,Enterprise,East Java,ST14_Kediri,HB03_SBY_GATEWAY,West Java,ST07_Cirebon,HB02_BDG_TRANSIT,Inter-Region,Same Day,Prepaid,CR126,Bike,1.56,1.54,1.56,2180092,34020,29927,2,1,0,,15.0,16,0,0,,1,0,,0,,40.17,4.47,18.86,ST07_Cirebon,Hub Bottleneck
SHPM000487,AWB260000487,2026-02-16 09:04:42.224712,2026-02-16 09:25:42.224712,2026-02-16 09:54:42.224712,2026-02-16 16:20:44.127260,2026-02-16 17:04:44.127260,2026-02-16 19:00:44.127260,2026-02-16 21:07:07.929739,2026-02-17 01:46:01.593172,2026-02-17 04:16:02.001907,2026-02-17 09:27:54.922377,2026-02-18 01:12:37.007567,2026-02-19 09:04:42.224712,Delivered,Closed,SHP049,Shipper 049,Enterprise,Jabodetabek,ST02_JKT_West,HB01_JKT_GATEWAY,West Java,ST06_Bandung,HB01_JKT_GATEWAY,Inter-Region,Regular,COD,CR012,Bike,0.67,0.64,0.67,2110737,19015,11855,8,1,0,,44.0,72,1,0,,1,0,,0,,40.13,2.11,2.5,ST06_Bandung,
SHPM000488,AWB260000488,2026-02-17 11:32:57.447297,2026-02-17 12:06:57.447297,2026-02-17 12:21:57.447297,2026-02-17 13:43:42.919114,2026-02-17 14:56:42.919114,2026-02-17 16:23:42.919114,2026-02-17 21:41:55.586665,2026-02-18 00:24:02.119662,2026-02-18 12:07:00.858433,2026-02-18 22:37:20.552259,,2026-02-18 03:32:57.447297,Delivery Exception,Exception,SHP066,Shipper 066,Marketplace,West Java,ST08_Bogor,HB01_JKT_GATEWAY,Outer Java,ST16_Palembang,HB05_SUMATRA_GATEWAY,Inter-Region,Same Day,COD,CR081,Bike,0.61,0.65,0.65,1267995,33925,18746,2,1,0,,73.0,16,0,1,Cash Issue,2,0,,0,,1152.45,5.3,11.72,ST16_Palembang,Hub Bottleneck
SHPM000489,AWB260000489,2026-03-23 13:13:37.958438,2026-03-23 13:32:37.958438,2026-03-23 13:56:37.958438,2026-03-23 14:28:10.401333,2026-03-23 14:41:10.401333,2026-03-23 16:37:10.401333,2026-03-23 20:39:34.300898,2026-03-24 03:56:29.594294,2026-03-24 06:09:02.045566,2026-03-24 22:56:25.169683,2026-03-25 02:25:57.803965,2026-03-24 05:13:37.958438,Delivered,Closed,SHP002,Shipper 002,Enterprise,Jabodetabek,ST01_JKT_Central,HB01_JKT_GATEWAY,West Java,ST06_Bandung,HB01_JKT_GATEWAY,Inter-Region,Same Day,Prepaid,CR006,Van,1.17,1.05,1.17,916887,32265,18918,2,1,0,,13.0,16,0,0,,1,0,,0,,37.21,4.04,2.21,ST06_Bandung,Last Mile Delay
SHPM000490,AWB260000490,2026-03-03 19:16:12.265017,2026-03-03 19:54:12.265017,2026-03-03 20:25:12.265017,2026-03-03 23:33:27.861155,2026-03-04 00:12:27.861155,2026-03-04 02:10:27.861155,2026-03-04 06:40:16.416974,2026-03-04 15:32:09.124015,2026-03-04 17:44:28.102351,2026-03-05 11:28:09.488572,2026-03-05 17:52:57.352271,2026-03-06 19:16:12.265017,Delivered,Closed,SHP011,Shipper 011,Enterprise,Jabodetabek,ST03_JKT_East,HB01_JKT_GATEWAY,West Java,ST07_Cirebon,HB02_BDG_TRANSIT,Inter-Region,Regular,Prepaid,CR020,Bike,1.41,1.46,1.46,965351,18570,15442,8,1,0,,39.0,72,1,0,,1,0,,0,,46.61,4.5,2.21,ST07_Cirebon,
SHPM000491,AWB260000491,2026-03-10 08:06:24.011967,2026-03-10 08:16:24.011967,2026-03-10 08:41:24.011967,2026-03-10 11:11:42.325155,2026-03-10 12:11:42.325155,2026-03-10 13:33:42.325155,2026-03-10 18:18:02.232850,2026-03-10 20:49:44.155810,2026-03-11 08:33:19.015415,2026-03-12 01:59:25.953142,2026-03-12 16:17:26.205387,2026-03-13 08:06:24.011967,Delivered,Closed,SHP089,Shipper 089,Enterprise,Central Java,ST11_Yogyakarta,HB04_CTG_NATIONAL,Jabodetabek,ST02_JKT_West,HB01_JKT_GATEWAY,Inter-Region,Regular,Prepaid,CR101,Bike,0.78,1.29,1.29,2598529,17805,10756,8,1,0,,60.0,72,1,0,,1,0,,0,,56.18,4.74,11.73,ST02_JKT_West,
SHPM000492,AWB260000492,2026-03-20 09:50:42.480713,2026-03-20 10:03:42.480713,2026-03-20 10:29:42.480713,,,,,,,,,2026-03-23 09:50:42.480713,Failed Pickup,Exception,SHP066,Shipper 066,Marketplace,West Java,ST07_Cirebon,HB02_BDG_TRANSIT,Outer Java,ST16_Palembang,HB05_SUMATRA_GATEWAY,Inter-Region,Regular,Prepaid,CR067,Bike,1.1,1.14,1.14,352273,17130,11976,8,0,1,Schedule Miss,,72,0,0,,0,0,,0,,410.15,,,ST07_Cirebon,
SHPM000493,AWB260000493,2026-03-08 03:20:44.196118,2026-03-08 03:26:44.196118,2026-03-08 03:52:44.196118,2026-03-08 05:54:49.593141,2026-03-08 07:10:49.593141,2026-03-08 07:45:49.593141,2026-03-08 09:31:04.636896,2026-03-08 12:10:02.041033,2026-03-08 22:47:16.420106,2026-03-09 15:59:36.283981,,2026-03-11 03:20:44.196118,Delivery Exception,Exception,SHP061,Shipper 061,Enterprise,Outer Java,ST17_Makassar,HB06_EASTERN_GATEWAY,Jabodetabek,ST01_JKT_Central,HB01_JKT_GATEWAY,Inter-Region,Regular,COD,CR162,Bike,0.62,0.56,0.62,2343630,18790,14709,8,1,0,,76.0,72,0,1,Customer Not Home,3,0,,0,,704.65,1.75,10.62,ST01_JKT_Central,Hub Bottleneck
SHPM000494,AWB260000494,2026-03-25 11:57:07.172527,2026-03-25 12:04:07.172527,2026-03-25 12:20:07.172527,2026-03-25 15:40:16.027372,2026-03-25 16:25:16.027372,2026-03-25 17:08:16.027372,2026-03-25 20:58:31.979258,2026-03-25 23:21:02.553895,2026-03-26 09:28:12.449406,2026-03-26 12:13:28.869780,2026-03-26 18:07:45.281861,2026-03-26 11:57:07.172527,Delivered,Closed,SHP090,Shipper 090,Enterprise,East Java,ST14_Kediri,HB03_SBY_GATEWAY,East Java,ST13_Malang,HB03_SBY_GATEWAY,Intra-Region,Next Day,Prepaid,CR130,Bike,0.5,0.49,0.5,281286,22250,17410,4,1,0,,45.0,24,0,0,,1,0,,0,,30.18,3.84,10.12,ST13_Malang,Hub Bottleneck
SHPM000495,AWB260000495,2026-02-19 16:13:22.789735,2026-02-19 16:56:22.789735,2026-02-19 17:39:22.789735,2026-02-19 19:58:20.266211,2026-02-19 20:27:20.266211,2026-02-19 21:21:20.266211,2026-02-20 02:53:34.183894,2026-02-20 10:34:57.198353,2026-02-20 23:11:35.312957,2026-02-21 09:08:11.773859,2026-02-22 10:10:01.644328,2026-02-22 16:13:22.789735,Delivered,Closed,SHP027,Shipper 027,SME,Jabodetabek,ST02_JKT_West,HB01_JKT_GATEWAY,Outer Java,ST20_Banjarmasin,HB06_EASTERN_GATEWAY,Inter-Region,Regular,Prepaid,CR017,Bike,1.51,1.51,1.51,2057146,18795,10632,8,1,0,,29.0,72,1,0,,1,0,,0,,65.94,5.54,12.61,ST20_Banjarmasin,
SHPM000496,AWB260000496,2026-02-28 03:52:53.341837,2026-02-28 04:14:53.341837,2026-02-28 04:32:53.341837,2026-02-28 08:43:46.104254,2026-02-28 09:37:46.104254,2026-02-28 10:34:46.104254,2026-02-28 15:33:35.292870,2026-02-28 20:46:14.939865,2026-03-01 05:44:52.559755,2026-03-01 20:06:54.393861,2026-03-02 06:21:38.840126,2026-03-01 15:52:53.341837,Delivered,Closed,SHP095,Shipper 095,Enterprise,Central Java,ST11_Yogyakarta,HB04_CTG_NATIONAL,Jabodetabek,ST02_JKT_West,HB01_JKT_GATEWAY,Inter-Region,Next Day,COD,CR100,Bike,1.54,1.5,1.54,1390091,30930,23191,4,0,0,,54.0,36,0,0,,1,0,,0,,50.48,4.98,8.98,ST02_JKT_West,First Mile Delay
SHPM000497,AWB260000497,2026-02-24 15:59:18.025353,2026-02-24 16:43:18.025353,2026-02-24 17:19:18.025353,2026-02-25 00:02:40.554467,2026-02-25 00:31:40.554467,2026-02-25 01:27:40.554467,2026-02-25 06:23:38.047305,2026-02-25 11:21:49.059620,2026-02-25 16:52:01.702458,2026-02-26 01:47:39.376515,2026-02-26 17:58:33.210285,2026-02-27 15:59:18.025353,Delivered,Closed,SHP048,Shipper 048,Enterprise,Outer Java,ST17_Makassar,HB06_EASTERN_GATEWAY,West Java,ST08_Bogor,HB01_JKT_GATEWAY,Inter-Region,Regular,Prepaid,CR154,Van,0.78,0.97,0.97,780652,16365,12506,8,1,0,,29.0,72,1,0,,1,0,,0,,49.99,4.93,5.5,ST08_Bogor,
SHPM000498,AWB260000498,2026-02-27 19:40:28.436404,2026-02-27 20:04:28.436404,2026-02-27 20:36:28.436404,2026-02-28 02:40:44.630525,2026-02-28 03:53:44.630525,2026-02-28 04:21:44.630525,2026-02-28 10:10:03.540505,2026-02-28 17:36:46.825559,2026-02-28 19:18:09.946103,2026-03-01 07:14:48.536142,2026-03-02 00:07:24.064506,2026-03-02 19:40:28.436404,Delivered,Closed,SHP078,Shipper 078,SME,Outer Java,ST17_Makassar,HB06_EASTERN_GATEWAY,Jabodetabek,ST01_JKT_Central,HB01_JKT_GATEWAY,Inter-Region,Regular,Prepaid,CR158,Van,1.83,2.98,2.98,2320620,25410,22275,8,1,0,,73.0,72,1,0,,1,0,,0,,52.45,5.81,1.69,ST01_JKT_Central,
SHPM000499,AWB260000499,2026-02-21 17:39:29.953356,2026-02-21 18:15:29.953356,2026-02-21 18:56:29.953356,2026-02-21 19:52:48.010179,2026-02-21 20:37:48.010179,2026-02-21 20:55:48.010179,2026-02-22 01:23:15.027830,2026-02-22 06:40:29.585415,2026-02-22 11:45:35.908938,2026-02-23 02:24:20.192520,2026-02-23 05:35:38.835475,2026-02-23 05:39:29.953356,Delivered,Closed,SHP039,Shipper 039,Marketplace,Central Java,ST10_Solo,HB04_CTG_NATIONAL,Jabodetabek,ST03_JKT_East,HB01_JKT_GATEWAY,Inter-Region,Next Day,Prepaid,CR098,Bike,3.42,3.2,3.42,2069229,35390,26620,4,1,0,,45.0,36,1,0,,1,0,,0,,35.94,4.46,5.09,ST03_JKT_East,
SHPM000500,AWB260000500,2026-03-18 03:35:36.363433,2026-03-18 03:42:36.363433,2026-03-18 05:01:36.363433,2026-03-18 08:28:51.964455,2026-03-18 09:48:51.964455,2026-03-18 10:18:51.964455,2026-03-18 15:12:02.304377,2026-03-18 19:00:51.528313,2026-03-19 02:32:16.037645,2026-03-19 17:49:50.435214,2026-03-20 07:32:54.474392,2026-03-21 03:35:36.363433,Delivered,Closed,SHP019,Shipper 019,Marketplace,West Java,ST07_Cirebon,HB02_BDG_TRANSIT,Jabodetabek,ST01_JKT_Central,HB01_JKT_GATEWAY,Inter-Region,Regular,Prepaid,CR069,Van,1.01,1.02,1.02,197509,16590,15336,8,1,0,,80.0,72,1,0,,1,0,,0,,51.96,4.89,7.52,ST01_JKT_Central,
SHPM000501,AWB260000501,2026-03-09 14:34:19.528614,2026-03-09 15:02:19.528614,2026-03-09 15:40:19.528614,2026-03-09 18:32:38.395331,2026-03-09 19:06:38.395331,2026-03-09 19:42:38.395331,2026-03-09 21:27:52.368492,2026-03-10 05:00:37.248552,2026-03-10 15:03:52.211919,2026-03-10 23:00:48.297516,2026-03-11 02:34:55.822708,2026-03-11 02:34:19.528614,Delivered,Closed,SHP004,Shipper 004,Marketplace,Jabodetabek,ST01_JKT_Central,HB01_JKT_GATEWAY,West Java,ST08_Bogor,HB01_JKT_GATEWAY,Inter-Region,Next Day,COD,CR004,Bike,0.33,0.31,0.33,1537123,25485,22742,4,1,0,,34.0,36,0,0,,1,0,,0,,36.01,1.75,10.05,ST08_Bogor,Hub Bottleneck
SHPM000502,AWB260000502,2026-03-25 23:00:18.447550,2026-03-25 23:36:18.447550,2026-03-26 00:05:18.447550,2026-03-26 01:12:25.290111,2026-03-26 01:40:25.290111,2026-03-26 02:07:25.290111,2026-03-26 03:11:40.160517,2026-03-26 06:11:30.981602,2026-03-26 11:51:15.873998,2026-03-26 21:27:33.405575,2026-03-27 07:29:44.934337,2026-03-27 11:00:18.447550,Delivered,Closed,SHP084,Shipper 084,Enterprise,Central Java,ST09_Semarang,HB04_CTG_NATIONAL,East Java,ST12_Surabaya,HB03_SBY_GATEWAY,Inter-Region,Next Day,Prepaid,CR085,Bike,1.03,1.11,1.11,1126959,24995,18337,4,1,0,,28.0,36,1,0,,1,0,,0,,32.49,1.07,5.66,ST12_Surabaya,
SHPM000503,AWB260000503,2026-03-12 21:39:26.653093,2026-03-12 21:57:26.653093,2026-03-12 22:58:26.653093,,,,,,,,,2026-03-15 21:39:26.653093,Failed Pickup,Exception,SHP072,Shipper 072,Enterprise,Outer Java,ST18_Balikpapan,HB06_EASTERN_GATEWAY,East Java,ST13_Malang,HB03_SBY_GATEWAY,Inter-Region,Regular,COD,CR165,Bike,1.29,1.21,1.29,912573,21805,14283,8,0,1,Shipper Not Ready,,72,0,0,,0,0,,0,,590.34,,,ST18_Balikpapan,
SHPM000504,AWB260000504,2026-02-26 18:35:47.393713,2026-02-26 18:43:47.393713,2026-02-26 19:48:47.393713,2026-02-27 05:45:44.428639,2026-02-27 07:08:44.428639,2026-02-27 07:30:44.428639,2026-02-27 11:18:31.858183,2026-02-27 17:14:35.015753,2026-02-27 23:49:33.451501,2026-02-28 08:55:27.399933,2026-02-28 19:14:10.284895,2026-03-01 18:35:47.393713,Delivered,Closed,SHP060,Shipper 060,Enterprise,East Java,ST12_Surabaya,HB03_SBY_GATEWAY,Outer Java,ST20_Banjarmasin,HB06_EASTERN_GATEWAY,Inter-Region,Regular,Prepaid,CR109,Bike,1.83,2.06,2.06,2066075,21270,20146,8,0,0,,83.0,72,1,0,,1,0,,0,,48.64,3.8,6.58,ST20_Banjarmasin,
SHPM000505,AWB260000505,2026-03-17 01:59:17.383058,2026-03-17 02:08:17.383058,2026-03-17 02:44:17.383058,2026-03-17 04:32:15.555200,2026-03-17 04:40:15.555200,2026-03-17 05:04:15.555200,2026-03-17 06:27:30.432173,2026-03-17 14:35:23.533485,2026-03-17 23:09:31.643910,2026-03-18 08:26:53.225133,2026-03-18 15:38:03.141180,2026-03-18 13:59:17.383058,Delivered,Closed,SHP041,Shipper 041,SME,West Java,ST08_Bogor,HB01_JKT_GATEWAY,Jabodetabek,ST04_Bekasi,HB01_JKT_GATEWAY,Inter-Region,Next Day,COD,CR078,Bike,1.17,1.77,1.77,1721024,31965,18156,4,1,0,,8.0,36,0,0,,1,0,,0,,37.65,1.39,8.57,ST04_Bekasi,Last Mile Delay
SHPM000506,AWB260000506,2026-03-31 20:27:23.566748,2026-03-31 20:44:23.566748,2026-03-31 20:53:23.566748,2026-04-01 01:33:52.615251,2026-04-01 01:56:52.615251,2026-04-01 03:33:52.615251,2026-04-01 06:50:02.873142,2026-04-01 09:07:29.340758,2026-04-02 01:37:58.167178,2026-04-02 07:35:50.416061,2026-04-03 06:55:32.427720,2026-04-03 20:27:23.566748,Delivered,Closed,SHP049,Shipper 049,Enterprise,Jabodetabek,ST05_Tangerang,HB01_JKT_GATEWAY,Outer Java,ST15_Medan,HB05_SUMATRA_GATEWAY,Inter-Region,Regular,Prepaid,CR046,Bike,1.49,1.49,1.49,401025,18705,15238,8,1,0,,23.0,72,1,0,,1,0,,0,,58.47,3.27,16.51,ST15_Medan,
SHPM000507,AWB260000507,2026-03-07 03:46:15.860836,2026-03-07 04:29:15.860836,2026-03-07 05:14:15.860836,2026-03-07 13:09:51.946505,2026-03-07 14:05:51.946505,2026-03-07 16:00:51.946505,2026-03-07 19:54:19.877933,2026-03-07 22:14:42.022735,2026-03-08 02:11:36.032496,2026-03-08 04:46:43.788819,2026-03-08 13:39:58.702806,2026-03-09 03:46:15.860836,Delivered,Closed,SHP076,Shipper 076,Enterprise,West Java,ST06_Bandung,HB01_JKT_GATEWAY,West Java,ST08_Bogor,HB01_JKT_GATEWAY,Intra-Region,Regular,Prepaid,CR059,Bike,1.32,1.44,1.44,2319161,18480,15227,8,0,0,,56.0,48,1,0,,1,0,,0,,33.9,3.89,3.95,ST08_Bogor,
SHPM000508,AWB260000508,2026-03-23 17:52:53.147580,2026-03-23 18:25:53.147580,2026-03-23 18:30:53.147580,2026-03-24 02:08:41.784232,2026-03-24 02:20:41.784232,2026-03-24 03:19:41.784232,2026-03-24 06:27:41.131661,2026-03-24 16:23:10.633464,2026-03-24 20:35:02.646608,2026-03-25 05:52:55.937304,,2026-03-26 17:52:53.147580,Damaged,Exception,SHP030,Shipper 030,Enterprise,Jabodetabek,ST05_Tangerang,HB01_JKT_GATEWAY,East Java,ST12_Surabaya,HB03_SBY_GATEWAY,Inter-Region,Regular,Prepaid,CR050,Bike,1.0,0.96,1.0,1382631,16500,11947,8,1,0,,12.0,72,0,0,,1,1,Damaged,0,,330.12,3.13,4.2,HB01_JKT_GATEWAY,
SHPM000509,AWB260000509,2026-02-24 12:00:10.310144,2026-02-24 12:12:10.310144,2026-02-24 12:43:10.310144,2026-02-24 16:18:02.993691,2026-02-24 17:06:02.993691,2026-02-24 18:01:02.993691,2026-02-24 22:05:16.461033,2026-02-25 07:25:02.017057,2026-02-25 15:26:06.931220,2026-02-26 03:42:35.795324,2026-02-26 13:30:18.749585,2026-02-27 12:00:10.310144,Delivered,Closed,SHP041,Shipper 041,SME,West Java,ST08_Bogor,HB01_JKT_GATEWAY,Jabodetabek,ST05_Tangerang,HB01_JKT_GATEWAY,Inter-Region,Regular,Prepaid,CR077,Bike,1.62,2.41,2.41,1217498,22845,19135,8,1,0,,48.0,72,1,0,,1,0,,0,,49.5,4.07,8.02,ST05_Tangerang,
SHPM000510,AWB260000510,2026-03-06 23:22:47.517067,2026-03-06 23:42:47.517067,2026-03-07 00:24:47.517067,2026-03-07 02:54:38.925289,2026-03-07 03:02:38.925289,2026-03-07 03:51:38.925289,2026-03-07 09:14:46.246941,2026-03-07 13:21:23.524371,2026-03-08 00:24:08.373896,2026-03-08 13:56:53.882610,2026-03-08 21:41:32.011686,2026-03-08 11:22:47.517067,Delivered,Closed,SHP034,Shipper 034,Enterprise,Jabodetabek,ST01_JKT_Central,HB01_JKT_GATEWAY,Outer Java,ST20_Banjarmasin,HB06_EASTERN_GATEWAY,Inter-Region,Next Day,Prepaid,CR004,Van,5.63,6.11,6.11,1165244,47495,37587,4,1,0,,8.0,36,0,0,,1,0,,0,,46.31,5.39,11.05,ST20_Banjarmasin,Hub Bottleneck
SHPM000511,AWB260000511,2026-03-09 03:32:31.472862,2026-03-09 03:44:31.472862,2026-03-09 04:24:31.472862,2026-03-09 11:42:12.439743,2026-03-09 11:53:12.439743,2026-03-09 12:44:12.439743,2026-03-09 16:53:17.790357,2026-03-10 01:09:47.617840,2026-03-10 06:33:14.182035,2026-03-10 17:41:52.687220,2026-03-10 22:17:55.388243,2026-03-12 03:32:31.472862,Delivered,Closed,SHP099,Shipper 099,SME,West Java,ST08_Bogor,HB01_JKT_GATEWAY,Central Java,ST11_Yogyakarta,HB04_CTG_NATIONAL,Inter-Region,Regular,COD,CR076,Van,0.72,0.79,0.79,1630965,19555,14240,8,1,0,,11.0,72,1,0,,1,0,,0,,42.76,4.15,5.39,ST11_Yogyakarta,
SHPM000512,AWB260000512,2026-02-27 23:43:01.387420,2026-02-28 00:21:01.387420,2026-02-28 00:45:01.387420,2026-02-28 07:05:35.415962,2026-02-28 07:23:35.415962,2026-02-28 07:38:35.415962,2026-02-28 11:25:12.206229,2026-02-28 16:51:43.236820,2026-03-01 02:49:36.252243,2026-03-01 19:49:18.512849,2026-03-02 03:59:55.082497,2026-03-02 23:43:01.387420,Delivered,Closed,SHP032,Shipper 032,Marketplace,West Java,ST06_Bandung,HB01_JKT_GATEWAY,East Java,ST12_Surabaya,HB03_SBY_GATEWAY,Inter-Region,Regular,Prepaid,CR061,Van,1.84,1.99,1.99,1557531,20955,15393,8,1,0,,18.0,72,1,0,,1,0,,0,,52.28,3.78,9.96,ST12_Surabaya,
SHPM000513,AWB260000513,2026-02-27 02:23:50.856623,2026-02-27 02:57:50.856623,2026-02-27 03:22:50.856623,2026-02-27 03:56:18.128188,2026-02-27 04:49:18.128188,2026-02-27 06:35:18.128188,2026-02-27 10:29:08.148382,2026-02-27 16:31:15.867610,2026-02-28 01:17:56.802852,2026-02-28 16:42:43.427298,2026-02-28 21:25:07.248539,2026-02-27 18:23:50.856623,Delivered,Closed,SHP041,Shipper 041,SME,West Java,ST08_Bogor,HB01_JKT_GATEWAY,Jabodetabek,ST03_JKT_East,HB01_JKT_GATEWAY,Inter-Region,Same Day,Prepaid,CR077,Bike,2.09,2.27,2.27,1576689,37215,20966,2,1,0,,53.0,16,0,0,,1,0,,0,,43.02,3.9,8.78,ST03_JKT_East,Last Mile Delay
SHPM000514,AWB260000514,2026-04-01 01:10:26.259237,2026-04-01 01:29:26.259237,2026-04-01 01:36:26.259237,2026-04-01 02:40:08.284487,2026-04-01 03:09:08.284487,2026-04-01 03:59:08.284487,2026-04-01 07:05:46.522009,2026-04-01 11:48:10.727117,2026-04-01 18:00:42.351898,2026-04-02 03:23:23.379492,2026-04-02 07:11:57.135382,2026-04-02 13:10:26.259237,Delivered,Closed,SHP072,Shipper 072,Enterprise,Outer Java,ST19_Denpasar,HB06_EASTERN_GATEWAY,Central Java,ST09_Semarang,HB04_CTG_NATIONAL,Inter-Region,Next Day,COD,CR179,Bike,1.07,1.27,1.27,2775397,29715,19933,4,1,0,,29.0,36,1,0,,1,0,,0,,30.03,3.11,6.21,ST09_Semarang,
SHPM000515,AWB260000515,2026-02-22 12:30:55.895837,2026-02-22 13:04:55.895837,2026-02-22 13:17:55.895837,2026-02-22 15:42:15.452220,2026-02-22 16:47:15.452220,2026-02-22 17:46:15.452220,2026-02-22 22:31:31.719927,2026-02-23 03:02:49.154496,2026-02-23 13:58:57.935656,2026-02-23 19:43:09.882628,2026-02-24 06:11:36.495651,2026-02-24 00:30:55.895837,Delivered,Closed,SHP002,Shipper 002,Enterprise,Jabodetabek,ST01_JKT_Central,HB01_JKT_GATEWAY,West Java,ST06_Bandung,HB01_JKT_GATEWAY,Inter-Region,Next Day,COD,CR011,Truck,0.83,1.1,1.1,294812,28950,23938,4,1,0,,65.0,36,0,0,,1,0,,0,,41.68,4.75,10.94,ST06_Bandung,Hub Bottleneck
SHPM000516,AWB260000516,2026-02-25 22:06:50.352741,2026-02-25 22:21:50.352741,2026-02-25 23:06:50.352741,2026-02-25 23:12:08.322561,2026-02-25 23:42:08.322561,2026-02-26 01:29:08.322561,2026-02-26 04:33:12.891169,2026-02-26 13:12:15.064801,2026-02-26 21:38:24.000307,2026-02-27 09:44:38.540595,2026-02-27 14:27:10.854616,2026-02-26 14:06:50.352741,Delivered,Closed,SHP077,Shipper 077,Marketplace,Outer Java,ST16_Palembang,HB05_SUMATRA_GATEWAY,Jabodetabek,ST02_JKT_West,HB01_JKT_GATEWAY,Inter-Region,Same Day,Prepaid,CR145,Bike,0.51,0.54,0.54,1740763,29430,26984,2,1,0,,30.0,16,0,0,,1,0,,0,,40.34,3.07,8.44,ST02_JKT_West,Last Mile Delay
SHPM000517,AWB260000517,2026-03-09 22:03:21.677318,2026-03-09 22:40:21.677318,2026-03-09 23:11:21.677318,2026-03-10 06:17:28.821482,2026-03-10 06:49:28.821482,2026-03-10 08:32:28.821482,2026-03-10 11:15:27.179492,2026-03-10 16:24:40.223688,2026-03-11 20:39:04.063381,2026-03-12 11:04:20.355421,2026-03-13 08:17:33.423961,2026-03-12 22:03:21.677318,Delivered,Closed,SHP046,Shipper 046,SME,East Java,ST14_Kediri,HB03_SBY_GATEWAY,Outer Java,ST16_Palembang,HB05_SUMATRA_GATEWAY,Inter-Region,Regular,Prepaid,CR136,Bike,0.87,0.94,0.94,428437,16230,13325,8,1,0,,32.0,72,0,0,,1,0,,0,,82.24,2.72,28.24,ST16_Palembang,Hub Bottleneck
SHPM000518,AWB260000518,2026-03-23 01:58:50.850520,2026-03-23 02:06:50.850520,2026-03-23 03:15:50.850520,2026-03-23 07:16:18.098186,2026-03-23 08:12:18.098186,2026-03-23 09:55:18.098186,2026-03-23 14:14:50.442496,2026-03-23 22:07:44.739637,2026-03-24 15:49:38.941033,2026-03-24 22:09:13.648434,2026-03-25 06:53:23.049132,2026-03-24 13:58:50.850520,Delivered,Closed,SHP010,Shipper 010,Enterprise,East Java,ST12_Surabaya,HB03_SBY_GATEWAY,Central Java,ST09_Semarang,HB04_CTG_NATIONAL,Inter-Region,Next Day,Prepaid,CR107,Bike,1.75,1.79,1.79,1392882,28055,25427,4,0,0,,56.0,36,0,0,,1,0,,0,,52.91,4.33,17.7,ST09_Semarang,First Mile Delay
SHPM000519,AWB260000519,2026-03-12 10:58:43.306267,2026-03-12 11:15:43.306267,2026-03-12 11:52:43.306267,2026-03-12 13:23:30.052696,2026-03-12 13:58:30.052696,2026-03-12 15:19:30.052696,2026-03-12 18:49:13.776181,2026-03-13 01:36:51.321324,2026-03-13 12:47:59.879542,2026-03-13 17:57:09.478613,2026-03-14 07:30:58.553138,2026-03-15 10:58:43.306267,Delivered,Closed,SHP002,Shipper 002,Enterprise,Jabodetabek,ST02_JKT_West,HB01_JKT_GATEWAY,West Java,ST07_Cirebon,HB02_BDG_TRANSIT,Inter-Region,Regular,Prepaid,CR016,Van,2.42,2.62,2.62,1574428,23790,13098,8,1,0,,35.0,72,1,0,,1,0,,0,,44.54,3.5,11.19,ST07_Cirebon,
SHPM000520,AWB260000520,2026-03-22 01:04:30.726878,2026-03-22 01:20:30.726878,2026-03-22 01:34:30.726878,2026-03-22 02:59:23.116990,2026-03-22 03:43:23.116990,2026-03-22 04:00:23.116990,2026-03-22 07:05:53.612466,2026-03-22 16:11:05.293393,2026-03-22 21:21:08.443376,2026-03-23 03:26:26.303299,2026-03-23 10:35:41.932942,2026-03-23 13:04:30.726878,Delivered,Closed,SHP008,Shipper 008,SME,Outer Java,ST17_Makassar,HB06_EASTERN_GATEWAY,Jabodetabek,ST04_Bekasi,HB01_JKT_GATEWAY,Inter-Region,Next Day,Prepaid,CR160,Bike,0.66,0.62,0.66,2021999,22970,19442,4,1,0,,44.0,36,1,0,,1,0,,0,,33.52,3.09,5.17,ST04_Bekasi,
SHPM000521,AWB260000521,2026-02-22 04:50:25.805384,2026-02-22 05:13:25.805384,2026-02-22 05:25:25.805384,2026-02-22 07:39:22.935711,2026-02-22 07:47:22.935711,2026-02-22 09:07:22.935711,2026-02-22 10:15:30.156919,2026-02-22 17:36:32.264696,2026-02-22 22:40:30.748778,2026-02-23 06:12:14.834921,2026-02-23 15:51:58.032572,2026-02-23 16:50:25.805384,Delivered,Closed,SHP008,Shipper 008,SME,Outer Java,ST18_Balikpapan,HB06_EASTERN_GATEWAY,Jabodetabek,ST03_JKT_East,HB01_JKT_GATEWAY,Inter-Region,Next Day,Prepaid,CR165,Van,1.38,2.03,2.03,1788866,29135,23549,4,1,0,,8.0,36,1,0,,1,0,,0,,35.03,1.14,5.07,ST03_JKT_East,
SHPM000522,AWB260000522,2026-03-13 11:19:30.125798,2026-03-13 11:51:30.125798,2026-03-13 12:04:30.125798,2026-03-13 14:14:34.617754,2026-03-13 14:45:34.617754,2026-03-13 15:14:34.617754,2026-03-13 18:53:49.707123,2026-03-13 22:59:39.450775,2026-03-14 08:47:46.103172,2026-03-15 02:39:02.964079,2026-03-15 08:46:01.840522,2026-03-14 03:19:30.125798,Delivered,Closed,SHP023,Shipper 023,Enterprise,West Java,ST06_Bandung,HB01_JKT_GATEWAY,Outer Java,ST16_Palembang,HB05_SUMATRA_GATEWAY,Inter-Region,Same Day,COD,CR063,Bike,2.02,2.96,2.96,2045410,44320,36984,2,0,0,,31.0,16,0,0,,1,0,,0,,45.44,3.65,9.8,ST16_Palembang,First Mile Delay
SHPM000523,AWB260000523,2026-03-10 06:59:54.940222,2026-03-10 07:17:54.940222,2026-03-10 07:42:54.940222,2026-03-10 12:21:05.131792,2026-03-10 13:11:05.131792,2026-03-10 13:35:05.131792,2026-03-10 15:33:04.674668,2026-03-10 17:41:17.377861,2026-03-11 02:26:06.068801,2026-03-11 08:01:34.164593,2026-03-11 15:57:56.951804,2026-03-13 06:59:54.940222,Delivered,Closed,SHP048,Shipper 048,Enterprise,Outer Java,ST17_Makassar,HB06_EASTERN_GATEWAY,Jabodetabek,ST03_JKT_East,HB01_JKT_GATEWAY,Inter-Region,Regular,COD,CR160,Van,1.51,1.59,1.59,1673959,23155,13835,8,1,0,,50.0,72,1,0,,1,0,,0,,32.97,1.97,8.75,ST03_JKT_East,
SHPM000524,AWB260000524,2026-03-09 08:33:22.152349,2026-03-09 08:50:22.152349,2026-03-09 09:29:22.152349,,,,,,,,,2026-03-10 20:33:22.152349,Failed Pickup,Exception,SHP089,Shipper 089,Enterprise,Central Java,ST11_Yogyakarta,HB04_CTG_NATIONAL,Outer Java,ST19_Denpasar,HB06_EASTERN_GATEWAY,Inter-Region,Next Day,COD,CR101,Bike,0.93,0.89,0.93,1444909,28185,16590,4,0,1,Schedule Miss,,36,0,0,,0,0,,0,,675.44,,,ST11_Yogyakarta,
SHPM000525,AWB260000525,2026-02-15 09:21:18.902870,2026-02-15 10:01:18.902870,2026-02-15 10:18:18.902870,2026-02-15 16:38:30.518780,2026-02-15 16:46:30.518780,2026-02-15 18:19:30.518780,2026-02-15 19:38:14.578540,2026-02-16 01:14:46.312248,2026-02-16 15:17:06.349059,2026-02-17 06:58:45.664892,2026-02-17 18:45:38.489115,2026-02-18 09:21:18.902870,Delivered,Closed,SHP093,Shipper 093,SME,East Java,ST14_Kediri,HB03_SBY_GATEWAY,West Java,ST06_Bandung,HB01_JKT_GATEWAY,Inter-Region,Regular,Prepaid,CR126,Truck,1.52,1.78,1.78,1082072,20010,12885,8,1,0,,8.0,72,1,0,,1,0,,0,,57.41,1.31,14.04,ST06_Bandung,
SHPM000526,AWB260000526,2026-03-27 16:31:06.110446,2026-03-27 16:40:06.110446,2026-03-27 17:14:06.110446,2026-03-27 20:14:51.452988,2026-03-27 21:19:51.452988,2026-03-27 21:46:51.452988,2026-03-28 02:08:45.937207,2026-03-28 10:56:21.418964,2026-03-28 22:28:15.560114,2026-03-29 15:08:28.458404,2026-03-30 06:13:18.104535,2026-03-30 16:31:06.110446,Delivered,Closed,SHP056,Shipper 056,Enterprise,Jabodetabek,ST02_JKT_West,HB01_JKT_GATEWAY,Outer Java,ST15_Medan,HB05_SUMATRA_GATEWAY,Inter-Region,Regular,Prepaid,CR012,Bike,1.76,1.67,1.76,1128886,19920,18646,8,1,0,,65.0,72,1,0,,1,0,,0,,61.7,4.37,11.53,ST15_Medan,
SHPM000527,AWB260000527,2026-03-20 17:11:20.492264,2026-03-20 17:20:20.492264,2026-03-20 17:38:20.492264,2026-03-20 22:33:48.728916,2026-03-20 22:55:48.728916,2026-03-20 23:24:48.728916,2026-03-21 02:10:30.908151,2026-03-21 08:55:21.427812,2026-03-21 16:30:28.621880,2026-03-22 04:26:24.301080,2026-03-22 18:43:19.282699,2026-03-23 17:11:20.492264,Delivered,Closed,SHP045,Shipper 045,Marketplace,Jabodetabek,ST04_Bekasi,HB01_JKT_GATEWAY,West Java,ST07_Cirebon,HB02_BDG_TRANSIT,Inter-Region,Regular,COD,CR035,Bike,1.89,2.05,2.05,1068236,25225,22513,8,1,0,,22.0,72,1,0,,1,0,,0,,49.53,2.76,7.59,ST07_Cirebon,
SHPM000528,AWB260000528,2026-02-16 08:07:44.809070,2026-02-16 08:26:44.809070,2026-02-16 08:39:44.809070,2026-02-16 13:33:22.117829,2026-02-16 13:53:22.117829,2026-02-16 14:25:22.117829,2026-02-16 18:19:10.086193,2026-02-17 01:10:55.583630,2026-02-17 07:21:18.541904,2026-02-17 20:30:40.935801,2026-02-18 04:46:28.380883,2026-02-19 08:07:44.809070,Delivered,Closed,SHP074,Shipper 074,Enterprise,Outer Java,ST15_Medan,HB05_SUMATRA_GATEWAY,West Java,ST07_Cirebon,HB02_BDG_TRANSIT,Inter-Region,Regular,COD,CR139,Bike,1.48,1.37,1.48,923088,22660,15255,8,1,0,,20.0,72,1,0,,1,0,,0,,44.65,3.9,6.17,ST07_Cirebon,
SHPM000529,AWB260000529,2026-03-21 22:22:06.144248,2026-03-21 22:59:06.144248,2026-03-21 23:30:06.144248,2026-03-22 01:04:59.325804,2026-03-22 01:33:59.325804,2026-03-22 02:31:59.325804,2026-03-22 04:33:51.967693,2026-03-22 12:25:44.560443,2026-03-22 19:33:41.796371,2026-03-23 07:29:36.397243,2026-03-23 09:44:42.119129,2026-03-23 10:22:06.144248,Delivered,Closed,SHP043,Shipper 043,Marketplace,Central Java,ST09_Semarang,HB04_CTG_NATIONAL,Jabodetabek,ST04_Bekasi,HB01_JKT_GATEWAY,Inter-Region,Next Day,Prepaid,CR086,Van,0.8,0.81,0.81,844425,23645,13716,4,1,0,,29.0,36,1,0,,1,0,,0,,35.38,2.03,7.13,ST04_Bekasi,
SHPM000530,AWB260000530,2026-02-15 23:42:56.556785,2026-02-16 00:21:56.556785,2026-02-16 00:55:56.556785,,,,,,,,,2026-02-18 23:42:56.556785,Failed Pickup,Exception,SHP069,Shipper 069,SME,West Java,ST06_Bandung,HB01_JKT_GATEWAY,Outer Java,ST15_Medan,HB05_SUMATRA_GATEWAY,Inter-Region,Regular,COD,CR055,Bike,0.79,0.77,0.79,643863,19555,15462,8,0,1,Schedule Miss,,72,0,0,,0,0,,0,,1188.28,,,ST06_Bandung,
SHPM000531,AWB260000531,2026-02-24 02:48:26.848177,2026-02-24 03:06:26.848177,2026-02-24 03:44:26.848177,2026-02-24 05:49:12.775549,2026-02-24 06:32:12.775549,2026-02-24 08:26:12.775549,2026-02-24 12:25:08.699528,2026-02-24 19:34:46.119735,2026-02-24 21:15:39.583275,2026-02-25 14:50:53.259207,2026-02-25 21:31:48.986772,2026-02-27 02:48:26.848177,Delivered,Closed,SHP005,Shipper 005,Enterprise,Central Java,ST09_Semarang,HB04_CTG_NATIONAL,East Java,ST12_Surabaya,HB03_SBY_GATEWAY,Inter-Region,Regular,COD,CR083,Bike,0.61,1.01,1.01,920945,20545,14344,8,1,0,,43.0,72,1,0,,1,0,,0,,42.72,3.98,1.68,ST12_Surabaya,
SHPM000532,AWB260000532,2026-03-07 05:45:01.931290,2026-03-07 06:17:01.931290,2026-03-07 06:32:01.931290,2026-03-07 10:21:11.716675,2026-03-07 11:20:11.716675,2026-03-07 12:07:11.716675,2026-03-07 13:46:39.197376,2026-03-07 20:32:24.010423,2026-03-07 22:29:39.459921,2026-03-08 09:47:08.224663,2026-03-09 01:14:40.635008,2026-03-10 05:45:01.931290,Delivered,Closed,SHP086,Shipper 086,Marketplace,Jabodetabek,ST04_Bekasi,HB01_JKT_GATEWAY,West Java,ST07_Cirebon,HB02_BDG_TRANSIT,Inter-Region,Regular,COD,CR041,Van,1.76,2.84,2.84,1761049,28780,16188,8,1,0,,59.0,72,1,0,,1,0,,0,,43.49,1.66,1.95,ST07_Cirebon,
SHPM000533,AWB260000533,2026-03-04 06:10:19.558402,2026-03-04 06:28:19.558402,2026-03-04 07:11:19.558402,2026-03-04 10:16:56.777273,2026-03-04 10:42:56.777273,2026-03-04 11:46:56.777273,2026-03-04 14:18:01.109136,2026-03-04 18:36:32.031763,2026-03-05 04:21:22.698210,2026-03-05 14:11:49.399845,2026-03-06 05:38:45.570285,2026-03-07 06:10:19.558402,Delivered,Closed,SHP005,Shipper 005,Enterprise,Central Java,ST09_Semarang,HB04_CTG_NATIONAL,East Java,ST13_Malang,HB03_SBY_GATEWAY,Inter-Region,Regular,Prepaid,CR083,Bike,1.18,1.1,1.18,2309108,17310,10772,8,1,0,,26.0,72,1,0,,1,0,,0,,47.47,2.52,9.75,ST13_Malang,
SHPM000534,AWB260000534,2026-03-11 11:15:11.364286,2026-03-11 12:00:11.364286,2026-03-11 12:47:11.364286,2026-03-11 14:37:13.554320,2026-03-11 15:56:13.554320,2026-03-11 17:44:13.554320,2026-03-11 19:58:08.408240,2026-03-12 00:44:27.753681,2026-03-12 05:36:40.987326,2026-03-12 19:23:15.983986,2026-03-13 00:08:06.856389,2026-03-12 23:15:11.364286,Delivered,Closed,SHP054,Shipper 054,Marketplace,West Java,ST06_Bandung,HB01_JKT_GATEWAY,Jabodetabek,ST03_JKT_East,HB01_JKT_GATEWAY,Inter-Region,Next Day,Prepaid,CR062,Bike,0.87,0.94,0.94,295297,24230,20276,4,1,0,,79.0,36,0,0,,1,0,,0,,36.88,2.23,4.87,ST03_JKT_East,Last Mile Delay
SHPM000535,AWB260000535,2026-03-03 04:06:19.410045,2026-03-03 04:34:19.410045,2026-03-03 04:54:19.410045,2026-03-03 10:16:28.304827,2026-03-03 10:39:28.304827,2026-03-03 12:27:28.304827,2026-03-03 14:56:12.643561,2026-03-03 23:36:10.728276,2026-03-04 11:51:58.431329,2026-03-05 00:24:49.620232,2026-03-06 01:11:24.002145,2026-03-06 04:06:19.410045,Delivered,Closed,SHP033,Shipper 033,Marketplace,Jabodetabek,ST04_Bekasi,HB01_JKT_GATEWAY,Outer Java,ST17_Makassar,HB06_EASTERN_GATEWAY,Inter-Region,Regular,Prepaid,CR035,Bike,1.34,1.37,1.37,592089,18165,13290,8,1,0,,23.0,72,1,0,,1,0,,0,,69.08,2.48,12.26,ST17_Makassar,
SHPM000536,AWB260000536,2026-02-17 00:53:32.878622,2026-02-17 01:33:32.878622,2026-02-17 02:20:32.878622,2026-02-17 03:37:35.874099,2026-02-17 04:29:35.874099,2026-02-17 05:39:35.874099,2026-02-17 07:34:47.054867,2026-02-17 15:03:14.065698,2026-02-17 19:50:42.888948,2026-02-18 02:26:03.118896,2026-02-18 11:01:05.974685,2026-02-20 00:53:32.878622,Delivered,Closed,SHP056,Shipper 056,Enterprise,Jabodetabek,ST03_JKT_East,HB01_JKT_GATEWAY,West Java,ST06_Bandung,HB01_JKT_GATEWAY,Inter-Region,Regular,Prepaid,CR027,Truck,8.79,8.66,8.79,232015,51554,38138,8,1,0,,52.0,72,1,0,,1,0,,0,,34.13,1.92,4.79,ST06_Bandung,
SHPM000537,AWB260000537,2026-02-25 19:39:43.087813,2026-02-25 20:09:43.087813,2026-02-25 20:33:43.087813,2026-02-25 21:57:34.521822,2026-02-25 22:31:34.521822,2026-02-25 23:59:34.521822,2026-02-26 02:16:39.667377,2026-02-26 07:17:10.500470,2026-02-27 00:52:27.112005,2026-02-28 17:13:39.981066,,2026-02-27 07:39:43.087813,Delivery Exception,Exception,SHP079,Shipper 079,Marketplace,East Java,ST13_Malang,HB03_SBY_GATEWAY,Central Java,ST10_Solo,HB04_CTG_NATIONAL,Inter-Region,Next Day,Prepaid,CR116,Van,0.21,0.22,0.22,912717,20990,14725,4,1,0,,34.0,36,0,1,Customer Not Home,1,1,Missed Cut-Off,0,,952.34,2.28,17.59,ST10_Solo,Hub Bottleneck
SHPM000538,AWB260000538,2026-03-09 02:50:24.720730,2026-03-09 03:14:24.720730,2026-03-09 03:21:24.720730,2026-03-09 05:21:03.854761,2026-03-09 05:29:03.854761,2026-03-09 06:05:03.854761,2026-03-09 09:53:22.574867,2026-03-09 18:54:15.616166,2026-03-10 12:23:34.692531,2026-03-10 21:39:52.864366,2026-03-11 03:11:48.078963,2026-03-09 18:50:24.720730,Delivered,Closed,SHP058,Shipper 058,Enterprise,Jabodetabek,ST01_JKT_Central,HB01_JKT_GATEWAY,Outer Java,ST16_Palembang,HB05_SUMATRA_GATEWAY,Inter-Region,Same Day,Prepaid,CR009,Van,1.67,2.01,2.01,1347179,36045,25445,2,0,0,,8.0,16,0,0,,1,0,,0,,48.36,3.81,17.49,ST16_Palembang,First Mile Delay
SHPM000539,AWB260000539,2026-02-17 15:53:02.737546,2026-02-17 16:19:02.737546,2026-02-17 16:47:02.737546,2026-02-17 20:37:06.770550,2026-02-17 20:50:06.770550,2026-02-17 21:39:06.770550,2026-02-18 02:37:33.261170,2026-02-18 06:16:29.248805,2026-02-18 12:59:10.891130,2026-02-19 05:20:47.007162,2026-02-19 19:30:43.427585,2026-02-20 15:53:02.737546,Delivered,Closed,SHP048,Shipper 048,Enterprise,Outer Java,ST17_Makassar,HB06_EASTERN_GATEWAY,East Java,ST14_Kediri,HB03_SBY_GATEWAY,Inter-Region,Regular,COD,CR155,Bike,2.03,2.09,2.09,2148735,25405,18564,8,1,0,,13.0,72,1,0,,1,0,,0,,51.63,4.97,6.71,ST14_Kediri,
SHPM000540,AWB260000540,2026-03-16 02:21:00.530395,2026-03-16 02:36:00.530395,2026-03-16 03:10:00.530395,2026-03-16 05:38:05.265826,2026-03-16 05:57:05.265826,2026-03-16 07:06:05.265826,2026-03-16 11:01:38.885913,2026-03-16 14:47:44.007335,2026-03-17 02:10:29.707138,2026-03-17 17:57:09.664258,2026-03-18 11:16:49.766556,2026-03-19 02:21:00.530395,Delivered,Closed,SHP056,Shipper 056,Enterprise,Jabodetabek,ST05_Tangerang,HB01_JKT_GATEWAY,Outer Java,ST18_Balikpapan,HB06_EASTERN_GATEWAY,Inter-Region,Regular,Prepaid,CR053,Van,2.58,4.06,4.06,1568547,30270,24121,8,1,0,,19.0,72,1,0,,1,0,,0,,56.93,3.93,11.38,ST18_Balikpapan,
SHPM000541,AWB260000541,2026-03-22 03:59:44.655893,2026-03-22 04:24:44.655893,2026-03-22 05:09:44.655893,2026-03-22 16:11:50.354786,2026-03-22 17:53:50.354786,2026-03-22 19:39:50.354786,2026-03-22 21:52:36.209717,2026-03-23 00:21:52.910040,2026-03-23 03:17:19.686541,2026-03-23 11:02:49.589612,2026-03-24 02:10:41.357858,2026-03-25 03:59:44.655893,Delivered,Closed,SHP019,Shipper 019,Marketplace,West Java,ST07_Cirebon,HB02_BDG_TRANSIT,Jabodetabek,ST01_JKT_Central,HB01_JKT_GATEWAY,Inter-Region,Regular,COD,CR066,Van,0.65,0.6,0.65,1174041,18925,13999,8,0,0,,102.0,72,1,0,,1,0,,0,,46.18,2.21,2.92,ST01_JKT_Central,
SHPM000542,AWB260000542,2026-03-11 06:27:37.522282,2026-03-11 07:12:37.522282,2026-03-11 07:52:37.522282,2026-03-11 15:14:09.031548,2026-03-11 15:45:09.031548,2026-03-11 16:30:09.031548,2026-03-11 20:25:35.128613,2026-03-12 02:58:16.403444,2026-03-12 08:13:13.587262,2026-03-12 23:29:18.750119,2026-03-13 12:04:36.343906,2026-03-14 06:27:37.522282,Delivered,Closed,SHP076,Shipper 076,Enterprise,West Java,ST06_Bandung,HB01_JKT_GATEWAY,East Java,ST13_Malang,HB03_SBY_GATEWAY,Inter-Region,Regular,Prepaid,CR061,Bike,0.57,0.58,0.58,1113082,14610,13735,8,0,0,,31.0,72,1,0,,1,0,,0,,53.62,3.92,5.25,ST13_Malang,
SHPM000543,AWB260000543,2026-03-17 08:12:35.276580,2026-03-17 08:33:35.276580,2026-03-17 09:18:35.276580,2026-03-17 11:17:37.322877,2026-03-17 12:08:37.322877,2026-03-17 13:22:37.322877,2026-03-17 19:10:17.516248,2026-03-17 23:45:29.414806,2026-03-18 20:03:05.250051,2026-03-19 12:23:23.853852,2026-03-19 21:36:58.424730,2026-03-20 08:12:35.276580,Delivered,Closed,SHP090,Shipper 090,Enterprise,East Java,ST14_Kediri,HB03_SBY_GATEWAY,Jabodetabek,ST02_JKT_West,HB01_JKT_GATEWAY,Inter-Region,Regular,Prepaid,CR132,Van,1.97,3.23,3.23,652351,26535,20126,8,1,0,,51.0,72,1,0,,1,0,,0,,61.41,5.79,20.29,ST02_JKT_West,
SHPM000544,AWB260000544,2026-02-20 23:17:02.384830,2026-02-20 23:59:02.384830,2026-02-21 00:44:02.384830,2026-02-21 04:33:33.443135,2026-02-21 06:04:33.443135,2026-02-21 07:47:33.443135,2026-02-21 16:09:40.858373,2026-02-22 01:02:36.549774,2026-02-22 19:18:54.630728,2026-02-23 00:21:42.819835,2026-02-23 04:51:57.135440,2026-02-22 11:17:02.384830,Delivered,Closed,SHP060,Shipper 060,Enterprise,East Java,ST12_Surabaya,HB03_SBY_GATEWAY,West Java,ST07_Cirebon,HB02_BDG_TRANSIT,Inter-Region,Next Day,Prepaid,CR110,Bike,0.33,0.3,0.33,1307935,21485,17630,4,0,0,,91.0,36,0,0,,1,0,,0,,53.58,8.37,18.27,ST07_Cirebon,First Mile Delay
SHPM000545,AWB260000545,2026-03-07 20:23:18.786249,2026-03-07 20:35:18.786249,2026-03-07 21:07:18.786249,2026-03-08 04:01:05.409766,2026-03-08 04:09:05.409766,2026-03-08 04:28:05.409766,2026-03-08 06:29:01.121085,2026-03-08 16:03:37.918663,2026-03-09 04:37:47.663781,2026-03-09 21:20:41.290078,2026-03-10 10:57:06.001382,2026-03-10 20:23:18.786249,Delivered,Closed,SHP034,Shipper 034,Enterprise,Jabodetabek,ST01_JKT_Central,HB01_JKT_GATEWAY,Outer Java,ST17_Makassar,HB06_EASTERN_GATEWAY,Inter-Region,Regular,COD,CR009,Truck,0.55,0.59,0.59,187210,18655,17482,8,1,0,,8.0,72,1,0,,1,0,,0,,62.56,2.02,12.57,ST17_Makassar,
SHPM000546,AWB260000546,2026-03-20 08:01:35.150904,2026-03-20 08:16:35.150904,2026-03-20 08:49:35.150904,2026-03-20 09:24:31.901748,2026-03-20 09:50:31.901748,2026-03-20 10:22:31.901748,2026-03-20 11:24:43.712241,2026-03-20 19:28:33.015423,2026-03-20 21:58:42.337882,2026-03-21 11:57:00.949749,2026-03-21 22:01:50.532286,2026-03-21 20:01:35.150904,Delivered,Closed,SHP030,Shipper 030,Enterprise,Jabodetabek,ST05_Tangerang,HB01_JKT_GATEWAY,Outer Java,ST17_Makassar,HB06_EASTERN_GATEWAY,Inter-Region,Next Day,COD,CR048,Bike,0.82,0.97,0.97,447925,28365,16049,4,1,0,,26.0,36,0,0,,1,0,,0,,38.0,1.04,2.5,ST17_Makassar,Remote Area
SHPM000547,AWB260000547,2026-03-22 18:38:51.529147,2026-03-22 18:59:51.529147,2026-03-22 19:37:51.529147,2026-03-22 21:32:40.370394,2026-03-22 21:50:40.370394,2026-03-22 22:43:40.370394,2026-03-23 03:41:42.487005,2026-03-23 07:10:45.525531,2026-03-23 11:09:27.194567,2026-03-24 01:10:41.584223,2026-03-24 13:53:03.175285,2026-03-25 18:38:51.529147,Delivered,Closed,SHP067,Shipper 067,SME,East Java,ST14_Kediri,HB03_SBY_GATEWAY,West Java,ST06_Bandung,HB01_JKT_GATEWAY,Inter-Region,Regular,COD,CR128,Van,0.71,0.64,0.71,1547677,19195,14841,8,1,0,,18.0,72,1,0,,1,0,,0,,43.24,4.97,3.98,ST06_Bandung,
SHPM000548,AWB260000548,2026-02-17 00:20:11.416849,2026-02-17 00:51:11.416849,2026-02-17 01:18:11.416849,2026-02-17 03:24:30.232632,2026-02-17 03:54:30.232632,2026-02-17 04:52:30.232632,2026-02-17 08:11:57.466732,2026-02-17 15:02:19.024393,2026-02-17 16:51:13.971865,2026-02-17 23:05:56.461397,2026-02-18 09:47:25.039305,2026-02-18 12:20:11.416849,Delivered,Closed,SHP058,Shipper 058,Enterprise,Jabodetabek,ST01_JKT_Central,HB01_JKT_GATEWAY,West Java,ST06_Bandung,HB01_JKT_GATEWAY,Inter-Region,Next Day,Prepaid,CR004,Bike,1.59,1.48,1.59,226368,27155,21393,4,1,0,,30.0,36,1,0,,1,0,,0,,33.45,3.32,1.82,ST06_Bandung,
SHPM000549,AWB260000549,2026-03-08 07:27:35.349865,2026-03-08 07:48:35.349865,2026-03-08 08:39:35.349865,2026-03-08 12:48:37.746327,2026-03-08 15:02:37.746327,2026-03-08 17:00:37.746327,2026-03-09 00:24:43.629351,2026-03-09 09:05:09.585482,2026-03-09 20:36:49.974939,2026-03-10 06:54:20.491274,2026-03-10 22:54:04.650014,2026-03-11 07:27:35.349865,Delivered,Closed,SHP010,Shipper 010,Enterprise,East Java,ST12_Surabaya,HB03_SBY_GATEWAY,Jabodetabek,ST02_JKT_West,HB01_JKT_GATEWAY,Inter-Region,Regular,Prepaid,CR107,Van,0.43,0.44,0.44,1014292,13980,8727,8,1,0,,134.0,72,1,0,,1,0,,0,,63.44,7.4,11.53,ST02_JKT_West,
SHPM000550,AWB260000550,2026-03-29 05:26:41.612675,2026-03-29 05:59:41.612675,2026-03-29 06:31:41.612675,2026-03-29 09:20:22.501976,2026-03-29 09:36:22.501976,2026-03-29 11:13:22.501976,2026-03-29 15:21:01.680543,2026-03-29 19:52:36.901129,2026-03-29 23:44:08.644748,2026-03-30 06:25:58.384078,2026-03-30 11:08:01.881541,2026-03-30 17:26:41.612675,Delivered,Closed,SHP037,Shipper 037,Marketplace,Central Java,ST11_Yogyakarta,HB04_CTG_NATIONAL,West Java,ST06_Bandung,HB01_JKT_GATEWAY,Inter-Region,Next Day,Prepaid,CR102,Van,1.7,1.85,1.85,1548311,28325,22188,4,1,0,,16.0,36,1,0,,1,0,,0,,29.69,4.13,3.86,ST06_Bandung,
SHPM000551,AWB260000551,2026-03-31 05:55:24.668017,2026-03-31 06:27:24.668017,2026-03-31 06:43:24.668017,2026-03-31 08:25:12.931446,2026-03-31 08:57:12.931446,2026-03-31 10:04:12.931446,2026-03-31 12:20:48.318105,2026-03-31 18:47:41.192919,2026-04-01 04:36:07.181226,2026-04-01 21:24:35.664337,2026-04-01 23:12:54.749273,2026-03-31 21:55:24.668017,Delivered,Closed,SHP029,Shipper 029,SME,Outer Java,ST18_Balikpapan,HB06_EASTERN_GATEWAY,East Java,ST13_Malang,HB03_SBY_GATEWAY,Inter-Region,Same Day,Prepaid,CR164,Bike,0.43,0.72,0.72,1097550,30240,27786,2,1,0,,32.0,16,0,0,,1,0,,0,,41.29,2.28,9.81,ST13_Malang,Last Mile Delay
SHPM000552,AWB260000552,2026-02-15 22:42:01.928329,2026-02-15 23:12:01.928329,2026-02-15 23:22:01.928329,2026-02-16 07:27:24.021191,2026-02-16 07:51:24.021191,2026-02-16 08:56:24.021191,2026-02-16 12:58:46.751344,2026-02-16 20:49:21.184319,2026-02-16 23:39:54.199699,2026-02-17 07:13:51.606933,2026-02-17 15:01:00.725532,2026-02-18 22:42:01.928329,Delivered,Closed,SHP033,Shipper 033,Marketplace,Jabodetabek,ST04_Bekasi,HB01_JKT_GATEWAY,Central Java,ST11_Yogyakarta,HB04_CTG_NATIONAL,Inter-Region,Regular,Prepaid,CR035,Bike,1.45,1.48,1.48,1160708,18660,10903,8,0,0,,24.0,72,1,0,,1,0,,0,,40.32,4.04,2.84,ST11_Yogyakarta,
SHPM000553,AWB260000553,2026-03-29 19:30:12.786833,2026-03-29 19:57:12.786833,2026-03-29 20:25:12.786833,,,,,,,,,2026-03-31 07:30:12.786833,Failed Pickup,Exception,SHP015,Shipper 015,Marketplace,West Java,ST06_Bandung,HB01_JKT_GATEWAY,Outer Java,ST17_Makassar,HB06_EASTERN_GATEWAY,Inter-Region,Next Day,Prepaid,CR057,Van,1.97,1.85,1.97,1538723,28865,23799,4,0,1,Capacity Full,,36,0,0,,0,0,,0,,184.5,,,ST06_Bandung,
SHPM000554,AWB260000554,2026-02-28 17:10:09.289184,2026-02-28 17:55:09.289184,2026-02-28 18:28:09.289184,2026-02-28 23:06:59.296711,2026-02-28 23:55:59.296711,2026-03-01 01:36:59.296711,2026-03-01 05:16:34.082428,2026-03-01 13:27:46.112381,2026-03-01 22:35:37.477445,2026-03-02 13:12:50.068817,2026-03-02 21:25:00.227898,2026-03-03 17:10:09.289184,Delivered,Closed,SHP044,Shipper 044,Marketplace,Jabodetabek,ST05_Tangerang,HB01_JKT_GATEWAY,Central Java,ST11_Yogyakarta,HB04_CTG_NATIONAL,Inter-Region,Regular,Prepaid,CR045,Bike,0.66,0.59,0.66,1187232,14970,13358,8,1,0,,49.0,72,1,0,,1,0,,0,,52.25,3.66,9.13,ST11_Yogyakarta,
SHPM000555,AWB260000555,2026-04-01 04:37:15.172879,2026-04-01 04:47:15.172879,2026-04-01 05:28:15.172879,2026-04-01 06:08:20.120319,2026-04-01 06:35:20.120319,2026-04-01 08:18:20.120319,2026-04-01 10:36:04.602540,2026-04-01 16:36:40.559406,2026-04-02 02:04:59.437619,2026-04-02 19:36:00.946424,2026-04-02 23:56:17.631684,2026-04-02 16:37:15.172879,Delivered,Closed,SHP094,Shipper 094,SME,Outer Java,ST19_Denpasar,HB06_EASTERN_GATEWAY,West Java,ST07_Cirebon,HB02_BDG_TRANSIT,Inter-Region,Next Day,Prepaid,CR177,Truck,3.62,3.44,3.62,375262,36290,21364,4,1,0,,27.0,36,0,0,,1,0,,0,,43.32,2.3,9.47,ST07_Cirebon,Last Mile Delay
SHPM000556,AWB260000556,2026-02-15 23:37:53.553494,2026-02-16 00:17:53.553494,2026-02-16 01:01:53.553494,2026-02-16 04:22:35.903600,2026-02-16 05:31:35.903600,2026-02-16 05:57:35.903600,2026-02-16 10:24:12.833543,2026-02-16 13:37:16.410849,2026-02-16 16:34:04.221691,2026-02-17 00:27:36.856976,2026-02-17 02:28:13.423380,2026-02-17 11:37:53.553494,Delivered,Closed,SHP034,Shipper 034,Enterprise,Jabodetabek,ST01_JKT_Central,HB01_JKT_GATEWAY,West Java,ST07_Cirebon,HB02_BDG_TRANSIT,Inter-Region,Next Day,Prepaid,CR001,Bike,1.42,1.36,1.42,842239,26390,19176,4,0,0,,69.0,36,1,0,,1,0,,0,,26.84,4.44,2.95,ST07_Cirebon,
SHPM000557,AWB260000557,2026-03-04 21:42:19.484417,2026-03-04 22:22:19.484417,2026-03-04 22:48:19.484417,2026-03-05 00:51:29.455516,2026-03-05 01:19:29.455516,2026-03-05 02:54:29.455516,2026-03-05 08:46:51.406546,2026-03-05 13:32:54.811728,2026-03-05 16:11:30.072571,2026-03-06 08:47:27.571877,,2026-03-07 21:42:19.484417,Return To Sender,RTS,SHP035,Shipper 035,Enterprise,Jabodetabek,ST04_Bekasi,HB01_JKT_GATEWAY,Outer Java,ST20_Banjarmasin,HB06_EASTERN_GATEWAY,Inter-Region,Regular,Prepaid,CR039,Truck,0.89,0.94,0.94,1275886,16230,15369,8,1,0,,28.0,72,0,1,Invalid Address,2,0,,1,Invalid Address,782.29,5.87,2.64,ST20_Banjarmasin,Delivery Exception
SHPM000558,AWB260000558,2026-02-17 18:21:45.154208,2026-02-17 18:57:45.154208,2026-02-17 19:43:45.154208,2026-02-18 03:41:29.107001,2026-02-18 04:36:29.107001,2026-02-18 05:39:29.107001,2026-02-18 13:54:18.879774,2026-02-18 18:20:56.171003,2026-02-18 23:55:55.729163,2026-02-19 10:38:58.650081,2026-02-19 20:04:35.694670,2026-02-19 06:21:45.154208,Delivered,Closed,SHP025,Shipper 025,Marketplace,East Java,ST12_Surabaya,HB03_SBY_GATEWAY,Jabodetabek,ST02_JKT_West,HB01_JKT_GATEWAY,Inter-Region,Next Day,COD,CR112,Bike,1.42,1.45,1.45,2135727,30525,28345,4,0,0,,55.0,36,0,0,,1,0,,0,,49.71,8.25,5.58,ST02_JKT_West,First Mile Delay
SHPM000559,AWB260000559,2026-03-15 10:07:52.790235,2026-03-15 10:32:52.790235,2026-03-15 11:00:52.790235,2026-03-15 19:13:01.184475,2026-03-15 19:21:01.184475,2026-03-15 19:36:01.184475,2026-03-15 23:08:50.167451,2026-03-16 07:55:32.522997,2026-03-16 16:48:48.314715,2026-03-17 02:50:59.891421,2026-03-17 08:40:13.000914,2026-03-18 10:07:52.790235,Delivered,Closed,SHP002,Shipper 002,Enterprise,Jabodetabek,ST01_JKT_Central,HB01_JKT_GATEWAY,East Java,ST12_Surabaya,HB03_SBY_GATEWAY,Inter-Region,Regular,Prepaid,CR009,Bike,2.05,3.43,3.43,321146,27435,26054,8,0,0,,8.0,72,1,0,,1,0,,0,,46.54,3.55,8.89,ST12_Surabaya,
SHPM000560,AWB260000560,2026-03-31 22:48:51.158351,2026-03-31 22:55:51.158351,2026-03-31 23:00:51.158351,2026-04-01 04:53:24.916065,2026-04-01 05:55:24.916065,2026-04-01 06:28:24.916065,2026-04-01 08:06:04.889354,2026-04-01 12:36:25.251154,2026-04-01 18:02:08.562749,2026-04-01 23:43:59.269147,2026-04-02 22:00:46.682750,2026-04-03 22:48:51.158351,Delivered,Closed,SHP063,Shipper 063,Enterprise,Jabodetabek,ST05_Tangerang,HB01_JKT_GATEWAY,Outer Java,ST18_Balikpapan,HB06_EASTERN_GATEWAY,Inter-Region,Regular,COD,CR047,Bike,1.93,1.77,1.93,436899,24685,14170,8,1,0,,62.0,72,1,0,,1,0,,0,,47.2,1.63,5.43,ST18_Balikpapan,
SHPM000561,AWB260000561,2026-03-02 16:33:09.640820,2026-03-02 17:12:09.640820,2026-03-02 17:25:09.640820,2026-03-02 23:53:00.631428,2026-03-03 00:23:00.631428,2026-03-03 01:06:00.631428,2026-03-03 03:47:13.168554,2026-03-03 10:28:51.838038,2026-03-03 14:59:59.346121,2026-03-04 07:22:02.741242,2026-03-04 19:34:51.739987,2026-03-05 16:33:09.640820,Delivered,Closed,SHP086,Shipper 086,Marketplace,Jabodetabek,ST02_JKT_West,HB01_JKT_GATEWAY,East Java,ST13_Malang,HB03_SBY_GATEWAY,Inter-Region,Regular,Prepaid,CR015,Van,0.86,0.91,0.91,349084,16095,13424,8,1,0,,30.0,72,1,0,,1,0,,0,,51.03,2.69,4.52,ST13_Malang,
SHPM000562,AWB260000562,2026-03-06 04:35:22.099017,2026-03-06 04:41:22.099017,2026-03-06 05:17:22.099017,,,,,,,,,2026-03-09 04:35:22.099017,Failed Pickup,Exception,SHP044,Shipper 044,Marketplace,Jabodetabek,ST05_Tangerang,HB01_JKT_GATEWAY,East Java,ST12_Surabaya,HB03_SBY_GATEWAY,Inter-Region,Regular,COD,CR046,Bike,0.8,0.77,0.8,1361335,19600,12967,8,0,1,Shipper Closed,,72,0,0,,0,0,,0,,751.41,,,ST05_Tangerang,
SHPM000563,AWB260000563,2026-02-20 02:49:05.994536,2026-02-20 03:24:05.994536,2026-02-20 03:55:05.994536,2026-02-20 05:21:07.371218,2026-02-20 05:45:07.371218,2026-02-20 07:37:07.371218,2026-02-20 11:52:47.539223,2026-02-20 17:11:57.836541,2026-02-21 02:53:47.324488,2026-02-21 09:15:39.559589,2026-02-21 14:25:09.693047,2026-02-20 18:49:05.994536,Delivered,Closed,SHP088,Shipper 088,SME,Outer Java,ST19_Denpasar,HB06_EASTERN_GATEWAY,Jabodetabek,ST02_JKT_West,HB01_JKT_GATEWAY,Inter-Region,Same Day,Prepaid,CR174,Bike,3.22,2.93,3.22,331383,41490,27400,2,1,0,,24.0,16,0,0,,1,0,,0,,35.6,4.26,9.7,ST02_JKT_West,Last Mile Delay
SHPM000564,AWB260000564,2026-03-18 07:36:38.632755,2026-03-18 08:02:38.632755,2026-03-18 08:11:38.632755,2026-03-18 12:33:00.128778,2026-03-18 13:05:00.128778,2026-03-18 14:16:00.128778,2026-03-18 17:52:46.681088,2026-03-18 19:54:26.418810,2026-03-18 22:51:07.767643,2026-03-19 09:56:09.325527,2026-03-19 20:26:43.312032,2026-03-19 19:36:38.632755,Delivered,Closed,SHP076,Shipper 076,Enterprise,West Java,ST06_Bandung,HB01_JKT_GATEWAY,Central Java,ST11_Yogyakarta,HB04_CTG_NATIONAL,Inter-Region,Next Day,COD,CR062,Bike,1.13,1.23,1.23,1296255,29535,17154,4,0,0,,32.0,36,0,0,,1,0,,0,,36.83,3.61,2.94,ST11_Yogyakarta,First Mile Delay
SHPM000565,AWB260000565,2026-02-16 19:35:31.913437,2026-02-16 20:15:31.913437,2026-02-16 20:59:31.913437,2026-02-17 02:05:17.066483,2026-02-17 02:13:17.066483,2026-02-17 03:59:17.066483,2026-02-17 07:43:59.804049,2026-02-17 16:00:29.894161,2026-02-18 03:22:25.602536,2026-02-18 08:46:58.764697,2026-02-19 04:22:25.824998,2026-02-19 19:35:31.913437,Delivered,Closed,SHP011,Shipper 011,Enterprise,Jabodetabek,ST03_JKT_East,HB01_JKT_GATEWAY,Outer Java,ST16_Palembang,HB05_SUMATRA_GATEWAY,Inter-Region,Regular,COD,CR026,Van,0.71,0.81,0.81,726554,19645,12586,8,1,0,,8.0,72,1,0,,1,0,,0,,56.78,3.75,11.37,ST16_Palembang,
SHPM000566,AWB260000566,2026-03-05 03:44:40.230048,2026-03-05 03:53:40.230048,2026-03-05 04:04:40.230048,2026-03-05 12:17:42.875251,2026-03-05 13:06:42.875251,2026-03-05 14:56:42.875251,2026-03-05 20:38:35.730055,2026-03-06 06:11:23.400979,2026-03-06 08:37:44.334572,2026-03-06 14:20:34.530289,2026-03-06 19:21:38.591581,2026-03-08 03:44:40.230048,Delivered,Closed,SHP097,Shipper 097,SME,Jabodetabek,ST03_JKT_East,HB01_JKT_GATEWAY,Central Java,ST10_Solo,HB04_CTG_NATIONAL,Inter-Region,Regular,COD,CR029,Van,1.78,2.61,2.61,182785,27745,24147,8,0,0,,49.0,72,1,0,,1,0,,0,,39.62,5.7,2.44,ST10_Solo,
SHPM000567,AWB260000567,2026-03-08 21:51:59.769309,2026-03-08 22:10:59.769309,2026-03-08 22:48:59.769309,2026-03-09 05:50:55.865953,2026-03-09 06:30:55.865953,2026-03-09 06:46:55.865953,2026-03-09 09:21:50.936767,2026-03-09 13:11:35.571725,2026-03-09 19:52:07.871325,2026-03-10 07:03:37.362210,2026-03-10 20:11:53.895548,2026-03-11 21:51:59.769309,Delivered,Closed,SHP020,Shipper 020,SME,East Java,ST14_Kediri,HB03_SBY_GATEWAY,Outer Java,ST19_Denpasar,HB06_EASTERN_GATEWAY,Inter-Region,Regular,COD,CR130,Bike,2.56,2.75,2.75,1183446,28375,18881,8,1,0,,40.0,72,1,0,,1,0,,0,,46.33,2.58,6.68,ST19_Denpasar,
SHPM000568,AWB260000568,2026-02-26 14:21:03.379461,2026-02-26 14:53:03.379461,2026-02-26 15:49:03.379461,2026-02-26 19:44:42.295522,2026-02-26 21:07:42.295522,2026-02-26 23:00:42.295522,2026-02-27 01:02:31.916770,2026-02-27 06:59:01.080406,2026-02-27 23:25:00.990619,2026-02-28 12:06:59.476143,2026-02-28 17:22:37.367156,2026-02-28 02:21:03.379461,Delivered,Closed,SHP093,Shipper 093,SME,East Java,ST12_Surabaya,HB03_SBY_GATEWAY,Jabodetabek,ST01_JKT_Central,HB01_JKT_GATEWAY,Inter-Region,Next Day,COD,CR113,Van,2.19,2.08,2.19,2776760,33855,25263,4,0,0,,83.0,36,0,0,,1,0,,0,,51.03,2.03,16.43,ST01_JKT_Central,First Mile Delay
SHPM000569,AWB260000569,2026-03-25 23:48:12.242354,2026-03-25 23:57:12.242354,2026-03-26 00:38:12.242354,2026-03-26 04:54:18.639635,2026-03-26 06:23:18.639635,2026-03-26 07:46:18.639635,2026-03-26 17:38:21.454733,2026-03-26 23:29:18.702586,2026-03-27 08:34:35.254175,2026-03-27 16:23:28.064024,2026-03-27 18:32:04.706189,2026-03-27 11:48:12.242354,Delivered,Closed,SHP076,Shipper 076,Enterprise,West Java,ST07_Cirebon,HB02_BDG_TRANSIT,Jabodetabek,ST01_JKT_Central,HB01_JKT_GATEWAY,Inter-Region,Next Day,COD,CR066,Bike,0.93,0.98,0.98,875886,28410,20882,4,0,0,,89.0,36,0,0,,1,0,,0,,42.73,9.87,9.09,ST01_JKT_Central,First Mile Delay
SHPM000570,AWB260000570,2026-03-07 12:53:52.483800,2026-03-07 13:31:52.483800,2026-03-07 14:19:52.483800,2026-03-07 16:09:35.879287,2026-03-07 16:17:35.879287,2026-03-07 17:20:35.879287,2026-03-07 21:45:33.346845,2026-03-08 00:54:35.271830,2026-03-08 12:20:18.777914,2026-03-09 04:30:51.183841,2026-03-09 11:27:02.255094,2026-03-09 00:53:52.483800,Delivered,Closed,SHP085,Shipper 085,Marketplace,Central Java,ST09_Semarang,HB04_CTG_NATIONAL,West Java,ST06_Bandung,HB01_JKT_GATEWAY,Inter-Region,Next Day,Prepaid,CR090,Bike,0.75,0.78,0.78,839351,23510,14317,4,1,0,,8.0,36,0,0,,1,0,,0,,46.55,4.42,11.43,ST06_Bandung,Hub Bottleneck
SHPM000571,AWB260000571,2026-03-08 23:52:31.150945,2026-03-09 00:11:31.150945,2026-03-09 00:47:31.150945,2026-03-09 04:00:35.798610,2026-03-09 05:05:35.798610,2026-03-09 05:23:35.798610,2026-03-09 09:49:47.273587,2026-03-09 19:22:42.672640,2026-03-10 04:47:57.593572,2026-03-10 12:23:58.286057,,2026-03-11 23:52:31.150945,Delivery Exception,Exception,SHP037,Shipper 037,Marketplace,Central Java,ST11_Yogyakarta,HB04_CTG_NATIONAL,Outer Java,ST19_Denpasar,HB06_EASTERN_GATEWAY,Inter-Region,Regular,Prepaid,CR103,Van,0.89,1.05,1.05,2201908,16725,12699,8,1,0,,65.0,72,0,1,Cash Issue,3,0,,0,,684.12,4.44,9.42,ST19_Denpasar,Delivery Exception
SHPM000572,AWB260000572,2026-02-26 21:03:01.848615,2026-02-26 21:41:01.848615,2026-02-26 22:32:01.848615,2026-02-27 11:33:12.681710,2026-02-27 13:12:12.681710,2026-02-27 14:57:12.681710,2026-02-27 18:16:28.455716,2026-02-27 21:27:08.536891,2026-02-28 00:02:12.802286,2026-02-28 14:56:14.593137,2026-03-01 03:25:54.656323,2026-03-01 21:03:01.848615,Delivered,Closed,SHP019,Shipper 019,Marketplace,West Java,ST07_Cirebon,HB02_BDG_TRANSIT,East Java,ST14_Kediri,HB03_SBY_GATEWAY,Inter-Region,Regular,Prepaid,CR067,Van,1.75,2.79,2.79,1202501,24555,21978,8,0,0,,99.0,72,1,0,,1,0,,0,,54.38,3.32,2.58,ST14_Kediri,
SHPM000573,AWB260000573,2026-03-30 22:16:30.164532,2026-03-30 22:58:30.164532,2026-03-30 23:30:30.164532,2026-03-31 00:39:35.065818,2026-03-31 01:07:35.065818,2026-03-31 02:34:35.065818,2026-03-31 07:32:59.907768,2026-03-31 09:39:40.635823,2026-03-31 21:37:42.848325,2026-04-01 14:12:17.473362,2026-04-01 16:54:06.275460,2026-04-01 10:16:30.164532,Delivered,Closed,SHP016,Shipper 016,Marketplace,Jabodetabek,ST02_JKT_West,HB01_JKT_GATEWAY,Central Java,ST09_Semarang,HB04_CTG_NATIONAL,Inter-Region,Next Day,COD,CR016,Bike,0.96,1.08,1.08,352760,28860,20777,4,1,0,,28.0,36,0,0,,1,0,,0,,42.63,4.97,11.97,ST09_Semarang,Hub Bottleneck
SHPM000574,AWB260000574,2026-02-16 11:00:34.834340,2026-02-16 11:33:34.834340,2026-02-16 12:06:34.834340,,,,,,,,,2026-02-17 23:00:34.834340,Failed Pickup,Exception,SHP050,Shipper 050,Marketplace,Jabodetabek,ST01_JKT_Central,HB01_JKT_GATEWAY,Outer Java,ST15_Medan,HB05_SUMATRA_GATEWAY,Inter-Region,Next Day,Prepaid,CR002,Van,0.7,0.67,0.7,626977,23150,18080,4,0,1,Shipper Not Ready,,36,0,0,,0,0,,0,,1176.99,,,ST01_JKT_Central,
SHPM000575,AWB260000575,2026-03-20 23:18:35.617762,2026-03-20 23:28:35.617762,2026-03-21 00:04:35.617762,2026-03-21 06:02:31.496328,2026-03-21 07:02:31.496328,2026-03-21 08:55:31.496328,2026-03-21 12:44:29.316726,2026-03-21 18:10:31.370038,2026-03-21 22:07:22.898572,2026-03-22 08:34:48.663450,2026-03-23 00:48:34.875102,2026-03-23 23:18:35.617762,Delivered,Closed,SHP034,Shipper 034,Enterprise,Jabodetabek,ST01_JKT_Central,HB01_JKT_GATEWAY,Outer Java,ST19_Denpasar,HB06_EASTERN_GATEWAY,Inter-Region,Regular,Prepaid,CR008,Bike,0.41,0.39,0.41,949224,13845,8489,8,1,0,,60.0,72,1,0,,1,0,,0,,49.5,3.82,3.95,ST19_Denpasar,
SHPM000576,AWB260000576,2026-03-31 12:17:24.183936,2026-03-31 12:37:24.183936,2026-03-31 12:57:24.183936,2026-03-31 18:43:00.679786,2026-03-31 19:09:00.679786,2026-03-31 19:44:00.679786,2026-03-31 22:28:33.606126,2026-04-01 02:00:55.547178,2026-04-01 05:40:53.308070,2026-04-01 10:46:00.341406,2026-04-02 03:26:56.098679,2026-04-03 12:17:24.183936,Delivered,Closed,SHP028,Shipper 028,Marketplace,Jabodetabek,ST05_Tangerang,HB01_JKT_GATEWAY,West Java,ST06_Bandung,HB01_JKT_GATEWAY,Inter-Region,Regular,Prepaid,CR048,Truck,3.15,4.85,4.85,2134231,33825,29111,8,1,0,,26.0,72,1,0,,1,0,,0,,39.16,2.74,3.67,ST06_Bandung,
SHPM000577,AWB260000577,2026-03-23 16:13:48.115201,2026-03-23 16:31:48.115201,2026-03-23 16:44:48.115201,2026-03-23 20:51:20.126585,2026-03-23 21:05:20.126585,2026-03-23 21:40:20.126585,2026-03-24 01:37:57.845539,2026-03-24 04:41:27.011281,2026-03-24 15:54:16.831746,2026-03-25 04:14:27.505839,2026-03-25 08:30:44.883541,2026-03-25 04:13:48.115201,Delivered,Closed,SHP097,Shipper 097,SME,Jabodetabek,ST03_JKT_East,HB01_JKT_GATEWAY,Outer Java,ST17_Makassar,HB06_EASTERN_GATEWAY,Inter-Region,Next Day,COD,CR023,Van,1.51,1.53,1.53,1791436,30885,26975,4,0,0,,14.0,36,0,0,,1,0,,0,,40.28,3.96,11.21,ST17_Makassar,First Mile Delay
SHPM000578,AWB260000578,2026-02-27 12:27:27.308774,2026-02-27 12:36:27.308774,2026-02-27 13:13:27.308774,2026-02-27 19:05:38.423091,2026-02-27 19:32:38.423091,2026-02-27 20:44:38.423091,2026-02-27 23:27:12.583987,2026-02-28 09:20:28.913847,2026-02-28 11:52:05.334719,2026-02-28 18:35:23.483930,2026-03-01 01:50:22.288258,2026-03-02 12:27:27.308774,Delivered,Closed,SHP061,Shipper 061,Enterprise,Outer Java,ST17_Makassar,HB06_EASTERN_GATEWAY,West Java,ST07_Cirebon,HB02_BDG_TRANSIT,Inter-Region,Regular,Prepaid,CR159,Bike,0.7,0.66,0.7,985967,15150,10204,8,1,0,,27.0,72,1,0,,1,0,,0,,37.38,2.71,2.53,ST07_Cirebon,
SHPM000579,AWB260000579,2026-03-05 17:17:11.026302,2026-03-05 17:23:11.026302,2026-03-05 18:07:11.026302,2026-03-06 01:42:11.147413,2026-03-06 02:20:11.147413,2026-03-06 02:52:11.147413,2026-03-06 05:13:19.825499,2026-03-06 06:59:10.972346,2026-03-06 15:53:25.662682,2026-03-06 17:51:41.116844,2026-03-07 01:39:14.768125,2026-03-07 17:17:11.026302,Delivered,Closed,SHP087,Shipper 087,Enterprise,Jabodetabek,ST02_JKT_West,HB01_JKT_GATEWAY,Jabodetabek,ST05_Tangerang,HB01_JKT_GATEWAY,Intra-Region,Regular,Prepaid,CR018,Van,0.34,0.35,0.35,1278282,13575,8120,8,0,0,,38.0,48,1,0,,1,0,,0,,32.37,2.35,8.9,ST05_Tangerang,
SHPM000580,AWB260000580,2026-03-19 17:46:28.964170,2026-03-19 18:00:28.964170,2026-03-19 18:41:28.964170,2026-03-20 00:24:21.684504,2026-03-20 00:57:21.684504,2026-03-20 02:41:21.684504,2026-03-20 08:20:53.560077,2026-03-20 16:40:40.607534,2026-03-21 00:22:49.096331,2026-03-21 14:56:51.732769,2026-03-22 00:59:15.404514,2026-03-22 17:46:28.964170,Delivered,Closed,SHP061,Shipper 061,Enterprise,Outer Java,ST17_Makassar,HB06_EASTERN_GATEWAY,Jabodetabek,ST05_Tangerang,HB01_JKT_GATEWAY,Inter-Region,Regular,Prepaid,CR158,Van,1.62,2.31,2.31,387366,22395,18519,8,1,0,,33.0,72,1,0,,1,0,,0,,55.21,5.66,7.7,ST05_Tangerang,
SHPM000581,AWB260000581,2026-03-16 04:03:58.648059,2026-03-16 04:30:58.648059,2026-03-16 04:56:58.648059,2026-03-16 13:19:29.693288,2026-03-16 13:32:29.693288,2026-03-16 14:42:29.693288,2026-03-16 19:15:40.519611,2026-03-17 01:05:01.906702,2026-03-17 10:47:31.338383,2026-03-18 01:24:27.242561,2026-03-18 10:28:52.837426,2026-03-19 04:03:58.648059,Delivered,Closed,SHP020,Shipper 020,SME,East Java,ST14_Kediri,HB03_SBY_GATEWAY,Jabodetabek,ST05_Tangerang,HB01_JKT_GATEWAY,Inter-Region,Regular,Prepaid,CR136,Bike,1.13,1.47,1.47,275248,18615,14108,8,0,0,,13.0,72,1,0,,1,0,,0,,54.42,4.55,9.71,ST05_Tangerang,
SHPM000582,AWB260000582,2026-03-29 05:31:07.063000,2026-03-29 05:55:07.063000,2026-03-29 06:24:07.063000,2026-03-29 08:40:44.112673,2026-03-29 09:56:44.112673,2026-03-29 11:52:44.112673,2026-03-29 15:03:24.766938,2026-03-29 16:24:20.295920,2026-03-29 23:53:16.150584,2026-03-31 05:45:55.125057,2026-03-31 14:00:28.544607,2026-03-30 05:31:07.063000,Delivered,Closed,SHP066,Shipper 066,Marketplace,West Java,ST07_Cirebon,HB02_BDG_TRANSIT,West Java,ST07_Cirebon,HB02_BDG_TRANSIT,Intra-Region,Next Day,Prepaid,CR074,Bike,0.71,0.71,0.71,750441,23195,20140,4,1,0,,76.0,24,0,0,,1,1,Invalid Address,0,,56.49,3.18,7.48,ST07_Cirebon,Last Mile Delay
SHPM000583,AWB260000583,2026-03-05 17:42:16.398688,2026-03-05 18:06:16.398688,2026-03-05 18:36:16.398688,2026-03-05 19:56:55.995946,2026-03-05 20:26:55.995946,2026-03-05 21:34:55.995946,2026-03-06 03:24:27.625723,2026-03-06 12:51:42.435664,2026-03-06 15:52:09.236695,2026-03-07 03:11:07.182151,2026-03-07 13:29:47.573798,2026-03-07 05:42:16.398688,Delivered,Closed,SHP091,Shipper 091,SME,Outer Java,ST15_Medan,HB05_SUMATRA_GATEWAY,Jabodetabek,ST01_JKT_Central,HB01_JKT_GATEWAY,Inter-Region,Next Day,Prepaid,CR139,Bike,1.4,1.42,1.42,571535,26390,22568,4,1,0,,30.0,36,0,0,,1,0,,0,,43.79,5.83,3.01,ST01_JKT_Central,Last Mile Delay
SHPM000584,AWB260000584,2026-03-24 16:58:43.178544,2026-03-24 17:16:43.178544,2026-03-24 18:08:43.178544,2026-03-24 19:17:39.703147,2026-03-24 19:50:39.703147,2026-03-24 20:38:39.703147,2026-03-24 23:03:35.760360,2026-03-25 00:25:57.170528,2026-03-25 06:30:10.483501,2026-03-25 09:01:55.339676,2026-03-25 11:28:19.845229,2026-03-25 02:58:43.178544,Delivered,Closed,SHP097,Shipper 097,SME,Jabodetabek,ST04_Bekasi,HB01_JKT_GATEWAY,Jabodetabek,ST03_JKT_East,HB01_JKT_GATEWAY,Intra-Region,Same Day,Prepaid,CR034,Van,0.85,0.9,0.9,1834248,31050,25262,2,0,0,,33.0,10,0,0,,1,0,,0,,18.49,2.42,6.07,ST03_JKT_East,First Mile Delay
SHPM000585,AWB260000585,2026-03-28 13:35:27.296270,2026-03-28 14:07:27.296270,2026-03-28 14:59:27.296270,2026-03-28 20:01:17.060474,2026-03-28 20:49:17.060474,2026-03-28 21:26:17.060474,2026-03-29 00:42:38.729403,2026-03-29 09:46:06.227918,2026-03-29 15:25:34.264924,2026-03-30 00:25:32.399728,,2026-03-31 13:35:27.296270,Return To Sender,RTS,SHP018,Shipper 018,Enterprise,West Java,ST07_Cirebon,HB02_BDG_TRANSIT,Outer Java,ST18_Balikpapan,HB06_EASTERN_GATEWAY,Inter-Region,Regular,COD,CR064,Van,1.99,2.11,2.11,1241431,25495,15858,8,1,0,,48.0,72,0,1,Invalid Address,2,0,,1,Invalid Address,214.41,3.27,5.66,ST18_Balikpapan,Delivery Exception
SHPM000586,AWB260000586,2026-02-24 11:19:09.902029,2026-02-24 11:57:09.902029,2026-02-24 12:07:09.902029,2026-02-24 20:39:13.317163,2026-02-24 21:29:13.317163,2026-02-24 22:13:13.317163,2026-02-25 01:43:28.793760,2026-02-25 06:25:20.619122,2026-02-25 17:13:17.674442,2026-02-26 04:29:01.645950,2026-02-26 12:58:54.515108,2026-02-27 11:19:09.902029,Delivered,Closed,SHP061,Shipper 061,Enterprise,Outer Java,ST17_Makassar,HB06_EASTERN_GATEWAY,East Java,ST13_Malang,HB03_SBY_GATEWAY,Inter-Region,Regular,COD,CR161,Bike,1.01,0.94,1.01,1144118,20545,11640,8,0,0,,50.0,72,1,0,,1,0,,0,,49.66,3.5,10.8,ST13_Malang,
SHPM000587,AWB260000587,2026-03-13 20:19:25.394444,2026-03-13 20:37:25.394444,2026-03-13 20:53:25.394444,2026-03-14 01:46:59.975513,2026-03-14 02:29:59.975513,2026-03-14 03:28:59.975513,2026-03-14 08:52:32.440327,2026-03-14 12:55:36.968131,2026-03-14 18:46:29.715414,2026-03-15 05:51:01.874622,2026-03-15 21:10:42.288594,2026-03-16 20:19:25.394444,Delivered,Closed,SHP081,Shipper 081,Marketplace,West Java,ST06_Bandung,HB01_JKT_GATEWAY,Jabodetabek,ST03_JKT_East,HB01_JKT_GATEWAY,Inter-Region,Regular,Prepaid,CR063,Bike,1.18,1.08,1.18,534030,17310,13018,8,1,0,,43.0,72,1,0,,1,0,,0,,48.85,5.39,5.85,ST03_JKT_East,
SHPM000588,AWB260000588,2026-03-30 17:31:16.233970,2026-03-30 17:38:16.233970,2026-03-30 18:00:16.233970,2026-03-30 21:40:05.643605,2026-03-30 21:50:05.643605,2026-03-30 22:57:05.643605,2026-03-31 03:42:57.821406,2026-03-31 09:08:35.876022,2026-03-31 14:11:11.899059,2026-03-31 19:39:40.332036,2026-04-01 03:06:00.947213,2026-04-02 17:31:16.233970,Delivered,Closed,SHP069,Shipper 069,SME,West Java,ST06_Bandung,HB01_JKT_GATEWAY,Central Java,ST11_Yogyakarta,HB04_CTG_NATIONAL,Inter-Region,Regular,Prepaid,CR063,Bike,0.5,0.47,0.5,1892577,14250,7900,8,1,0,,10.0,72,1,0,,1,0,,0,,33.58,4.76,5.04,ST11_Yogyakarta,
SHPM000589,AWB260000589,2026-02-16 17:02:39.218140,2026-02-16 17:39:39.218140,2026-02-16 17:50:39.218140,2026-02-17 00:58:49.391297,2026-02-17 01:44:49.391297,2026-02-17 03:42:49.391297,2026-02-17 08:50:45.520364,2026-02-17 13:56:37.192185,2026-02-17 23:20:01.241356,2026-02-18 11:46:40.846235,2026-02-19 00:25:43.880322,2026-02-19 17:02:39.218140,Delivered,Closed,SHP048,Shipper 048,Enterprise,Outer Java,ST17_Makassar,HB06_EASTERN_GATEWAY,East Java,ST12_Surabaya,HB03_SBY_GATEWAY,Inter-Region,Regular,Prepaid,CR155,Van,1.92,1.91,1.92,1176464,20640,13673,8,1,0,,46.0,72,1,0,,1,0,,0,,55.38,5.13,9.39,ST12_Surabaya,
SHPM000590,AWB260000590,2026-03-25 18:12:07.281104,2026-03-25 18:44:07.281104,2026-03-25 19:13:07.281104,2026-03-25 21:15:39.427949,2026-03-25 21:23:39.427949,2026-03-25 22:28:39.427949,2026-03-26 00:30:26.217363,2026-03-26 09:13:07.571203,2026-03-26 22:21:09.693870,2026-03-27 05:28:11.508883,2026-03-27 15:10:42.023833,2026-03-27 06:12:07.281104,Delivered,Closed,SHP099,Shipper 099,SME,West Java,ST08_Bogor,HB01_JKT_GATEWAY,Outer Java,ST20_Banjarmasin,HB06_EASTERN_GATEWAY,Inter-Region,Next Day,Prepaid,CR081,Van,1.6,2.53,2.53,1454527,31385,17998,4,1,0,,8.0,36,0,0,,1,0,,0,,44.98,2.03,13.13,ST20_Banjarmasin,Hub Bottleneck
SHPM000591,AWB260000591,2026-02-23 14:51:57.739440,2026-02-23 14:56:57.739440,2026-02-23 15:02:57.739440,2026-02-23 16:56:47.570125,2026-02-23 17:26:47.570125,2026-02-23 17:44:47.570125,2026-02-23 19:46:40.013171,2026-02-24 03:20:29.147118,2026-02-24 15:55:57.324242,2026-02-24 23:58:48.063493,2026-02-25 07:48:23.712828,2026-02-25 02:51:57.739440,Delivered,Closed,SHP085,Shipper 085,Marketplace,Central Java,ST09_Semarang,HB04_CTG_NATIONAL,Outer Java,ST16_Palembang,HB05_SUMATRA_GATEWAY,Inter-Region,Next Day,Prepaid,CR090,Van,1.07,1.01,1.07,1763060,24815,18250,4,1,0,,30.0,36,0,0,,1,0,,0,,40.94,2.03,12.59,ST16_Palembang,Hub Bottleneck
SHPM000592,AWB260000592,2026-03-18 11:50:41.423848,2026-03-18 12:27:41.423848,2026-03-18 12:54:41.423848,2026-03-18 19:20:35.267104,2026-03-18 19:41:35.267104,2026-03-18 21:24:35.267104,2026-03-19 01:48:04.568790,2026-03-19 09:43:27.538028,2026-03-19 19:09:58.598787,2026-03-20 05:33:07.150047,2026-03-21 02:16:55.097406,2026-03-21 11:50:41.423848,Delivered,Closed,SHP037,Shipper 037,Marketplace,Central Java,ST11_Yogyakarta,HB04_CTG_NATIONAL,Outer Java,ST18_Balikpapan,HB06_EASTERN_GATEWAY,Inter-Region,Regular,Prepaid,CR102,Bike,0.83,1.04,1.04,2828420,16680,12713,8,1,0,,21.0,72,1,0,,1,0,,0,,62.44,4.39,9.44,ST18_Balikpapan,
SHPM000593,AWB260000593,2026-03-17 22:27:44.251466,2026-03-17 22:44:44.251466,2026-03-17 23:31:44.251466,2026-03-17 23:33:05.807394,2026-03-17 23:58:05.807394,2026-03-18 01:33:05.807394,2026-03-18 04:02:35.995934,2026-03-18 06:49:42.234088,2026-03-18 09:54:06.140203,2026-03-20 00:06:18.161952,2026-03-20 03:02:24.268134,2026-03-18 08:27:44.251466,Delivered,Closed,SHP067,Shipper 067,SME,East Java,ST14_Kediri,HB03_SBY_GATEWAY,East Java,ST12_Surabaya,HB03_SBY_GATEWAY,Intra-Region,Same Day,Prepaid,CR127,Bike,0.36,0.37,0.37,2121388,28665,23265,2,1,0,,25.0,10,0,0,,1,1,Missed Cut-Off,0,,52.58,2.49,3.07,ST12_Surabaya,Last Mile Delay
SHPM000594,AWB260000594,2026-03-14 11:50:07.909952,2026-03-14 12:24:07.909952,2026-03-14 13:11:07.909952,2026-03-15 03:47:06.747070,2026-03-15 04:45:06.747070,2026-03-15 05:21:06.747070,2026-03-15 12:34:08.146448,2026-03-15 15:37:42.179435,2026-03-16 02:26:50.102957,2026-03-16 18:22:33.548785,2026-03-17 05:41:34.772391,2026-03-17 11:50:07.909952,Delivered,Closed,SHP018,Shipper 018,Enterprise,West Java,ST07_Cirebon,HB02_BDG_TRANSIT,Outer Java,ST17_Makassar,HB06_EASTERN_GATEWAY,Inter-Region,Regular,Prepaid,CR066,Van,2.51,2.59,2.59,2483998,23655,22012,8,0,0,,58.0,72,1,0,,1,0,,0,,65.86,7.22,10.82,ST17_Makassar,
SHPM000595,AWB260000595,2026-02-24 10:12:04.862243,2026-02-24 10:26:04.862243,2026-02-24 10:48:04.862243,2026-02-24 12:33:52.759661,2026-02-24 13:38:52.759661,2026-02-24 14:12:52.759661,2026-02-24 19:59:55.599151,2026-02-25 01:40:01.244385,2026-02-25 05:46:39.988218,2026-02-25 13:09:07.521985,2026-02-26 03:00:40.006326,2026-02-27 10:12:04.862243,Delivered,Closed,SHP028,Shipper 028,Marketplace,Jabodetabek,ST04_Bekasi,HB01_JKT_GATEWAY,West Java,ST08_Bogor,HB01_JKT_GATEWAY,Inter-Region,Regular,Prepaid,CR042,Van,0.83,0.83,0.83,122074,15735,9778,8,1,0,,65.0,72,1,0,,1,0,,0,,40.81,5.78,4.11,ST08_Bogor,
SHPM000596,AWB260000596,2026-02-26 16:41:12.697681,2026-02-26 17:14:12.697681,2026-02-26 17:47:12.697681,2026-02-26 18:17:55.248505,2026-02-26 18:25:55.248505,2026-02-26 20:09:55.248505,2026-02-26 22:31:30.839310,2026-02-27 07:32:33.654907,2026-02-27 15:47:17.524348,2026-02-28 01:22:04.142799,2026-02-28 12:12:21.838544,2026-02-28 04:41:12.697681,Delivered,Closed,SHP076,Shipper 076,Enterprise,West Java,ST06_Bandung,HB01_JKT_GATEWAY,Outer Java,ST18_Balikpapan,HB06_EASTERN_GATEWAY,Inter-Region,Next Day,COD,CR056,Van,2.3,2.17,2.3,1642000,34350,22407,4,1,0,,8.0,36,0,0,,1,0,,0,,43.52,2.36,8.25,ST18_Balikpapan,Remote Area
SHPM000597,AWB260000597,2026-03-06 04:59:37.001518,2026-03-06 05:15:37.001518,2026-03-06 05:45:37.001518,2026-03-06 09:58:08.181573,2026-03-06 10:40:08.181573,2026-03-06 11:47:08.181573,2026-03-06 15:36:14.341335,2026-03-06 18:38:04.094326,2026-03-07 00:09:52.930814,2026-03-07 10:20:26.591293,2026-03-07 16:59:19.438735,2026-03-09 04:59:37.001518,Delivered,Closed,SHP095,Shipper 095,Enterprise,Central Java,ST11_Yogyakarta,HB04_CTG_NATIONAL,Jabodetabek,ST04_Bekasi,HB01_JKT_GATEWAY,Inter-Region,Regular,Prepaid,CR106,Truck,1.28,1.61,1.61,678178,19245,16870,8,1,0,,42.0,72,1,0,,1,0,,0,,36.0,3.82,5.53,ST04_Bekasi,
SHPM000598,AWB260000598,2026-03-03 01:26:08.037172,2026-03-03 02:02:08.037172,2026-03-03 02:22:08.037172,2026-03-03 06:08:35.955670,2026-03-03 06:49:35.955670,2026-03-03 08:11:35.955670,2026-03-03 10:03:23.954107,2026-03-03 16:14:33.764772,2026-03-04 02:50:43.853356,2026-03-04 11:06:52.587930,2026-03-05 01:33:32.785531,2026-03-06 01:26:08.037172,Delivered,Closed,SHP062,Shipper 062,Enterprise,Jabodetabek,ST05_Tangerang,HB01_JKT_GATEWAY,East Java,ST14_Kediri,HB03_SBY_GATEWAY,Inter-Region,Regular,COD,CR052,Bike,1.31,1.37,1.37,1973305,22165,15735,8,1,0,,41.0,72,1,0,,1,0,,0,,48.12,1.86,10.6,ST14_Kediri,
SHPM000599,AWB260000599,2026-03-31 11:07:37.263434,2026-03-31 11:48:37.263434,2026-03-31 12:25:37.263434,2026-03-31 14:46:24.162623,2026-03-31 15:31:24.162623,2026-03-31 17:07:24.162623,2026-03-31 22:20:29.259437,2026-04-01 04:06:07.486094,2026-04-01 05:57:01.388291,2026-04-01 18:55:04.993939,2026-04-01 23:35:31.768798,2026-04-01 23:07:37.263434,Delivered,Closed,SHP015,Shipper 015,Marketplace,West Java,ST06_Bandung,HB01_JKT_GATEWAY,Jabodetabek,ST01_JKT_Central,HB01_JKT_GATEWAY,Inter-Region,Next Day,Prepaid,CR055,Van,2.04,3.17,3.17,1577594,34265,27910,4,1,0,,45.0,36,0,0,,1,0,,0,,36.47,5.22,1.85,ST01_JKT_Central,Last Mile Delay
SHPM000600,AWB260000600,2026-03-17 14:28:21.417188,2026-03-17 14:49:21.417188,2026-03-17 15:01:21.417188,2026-03-17 15:38:52.080451,2026-03-17 16:05:52.080451,2026-03-17 17:29:52.080451,2026-03-17 23:06:13.986215,2026-03-18 08:56:09.098476,2026-03-18 13:44:16.065243,2026-03-18 23:32:53.074707,2026-03-19 00:44:54.236777,2026-03-18 06:28:21.417188,Delivered,Closed,SHP031,Shipper 031,SME,East Java,ST13_Malang,HB03_SBY_GATEWAY,Central Java,ST09_Semarang,HB04_CTG_NATIONAL,Inter-Region,Same Day,Prepaid,CR115,Van,0.96,0.96,0.96,882843,31320,24850,2,1,0,,27.0,16,0,0,,1,0,,0,,34.28,5.61,4.8,ST09_Semarang,Last Mile Delay
SHPM000601,AWB260000601,2026-03-29 13:32:52.038044,2026-03-29 13:44:52.038044,2026-03-29 14:09:52.038044,2026-03-29 17:14:34.988956,2026-03-29 17:35:34.988956,2026-03-29 18:41:34.988956,2026-03-29 20:10:39.785368,2026-03-29 22:35:32.483715,2026-03-30 05:14:21.740744,2026-03-30 12:47:35.567611,2026-03-30 15:21:07.927541,2026-03-31 01:32:52.038044,Delivered,Closed,SHP045,Shipper 045,Marketplace,Jabodetabek,ST02_JKT_West,HB01_JKT_GATEWAY,Central Java,ST10_Solo,HB04_CTG_NATIONAL,Inter-Region,Next Day,COD,CR014,Bike,4.45,4.76,4.76,127161,45420,29485,4,1,0,,21.0,36,1,0,,1,0,,0,,25.8,1.48,6.65,ST10_Solo,
SHPM000602,AWB260000602,2026-03-21 16:47:34.189260,2026-03-21 17:11:34.189260,2026-03-21 18:03:34.189260,2026-03-22 07:08:11.121896,2026-03-22 08:35:11.121896,2026-03-22 10:29:11.121896,2026-03-22 14:17:54.794817,2026-03-22 23:40:57.338374,2026-03-23 10:28:24.856894,2026-03-24 00:28:02.417584,2026-03-24 15:28:38.368535,2026-03-24 16:47:34.189260,Delivered,Closed,SHP018,Shipper 018,Enterprise,West Java,ST07_Cirebon,HB02_BDG_TRANSIT,East Java,ST14_Kediri,HB03_SBY_GATEWAY,Inter-Region,Regular,Prepaid,CR066,Van,0.67,0.63,0.67,238887,15015,10049,8,0,0,,87.0,72,1,0,,1,0,,0,,70.68,3.81,10.79,ST14_Kediri,
SHPM000603,AWB260000603,2026-03-16 01:02:22.210616,2026-03-16 01:29:22.210616,2026-03-16 01:45:22.210616,2026-03-16 05:44:10.426445,2026-03-16 06:49:10.426445,2026-03-16 07:37:10.426445,2026-03-16 09:58:32.899623,2026-03-16 14:10:43.940048,2026-03-16 19:47:56.683199,2026-03-17 00:02:31.809328,2026-03-17 15:32:23.220643,2026-03-18 01:02:22.210616,Delivered,Closed,SHP071,Shipper 071,Enterprise,Jabodetabek,ST03_JKT_East,HB01_JKT_GATEWAY,Jabodetabek,ST02_JKT_West,HB01_JKT_GATEWAY,Intra-Region,Regular,Prepaid,CR024,Bike,0.59,0.7,0.7,1242795,15150,8777,8,1,0,,65.0,48,1,0,,1,0,,0,,38.5,2.36,5.62,ST02_JKT_West,
SHPM000604,AWB260000604,2026-02-15 12:45:31.799432,2026-02-15 13:15:31.799432,2026-02-15 13:45:31.799432,2026-02-15 15:11:16.732645,2026-02-15 15:19:16.732645,2026-02-15 16:43:16.732645,2026-02-15 20:29:41.025355,2026-02-16 03:58:14.415313,2026-02-16 08:23:49.320328,2026-02-17 02:02:03.687257,2026-02-17 05:20:41.982425,2026-02-16 04:45:31.799432,Delivered,Closed,SHP062,Shipper 062,Enterprise,Jabodetabek,ST01_JKT_Central,HB01_JKT_GATEWAY,East Java,ST13_Malang,HB03_SBY_GATEWAY,Inter-Region,Same Day,Prepaid,CR004,Van,2.12,1.98,2.12,1763026,36540,20449,2,1,0,,8.0,16,0,0,,1,0,,0,,40.59,3.77,4.43,ST13_Malang,Last Mile Delay
SHPM000605,AWB260000605,2026-02-22 16:01:18.531703,2026-02-22 16:38:18.531703,2026-02-22 17:27:18.531703,2026-02-22 22:03:00.558354,2026-02-22 22:17:00.558354,2026-02-22 23:49:00.558354,2026-02-23 03:36:31.563112,2026-02-23 08:34:42.126084,2026-02-23 11:51:31.952347,2026-02-23 20:42:06.246842,2026-02-24 10:49:19.690840,2026-02-24 16:01:18.531703,Delivered,Closed,SHP010,Shipper 010,Enterprise,East Java,ST13_Malang,HB03_SBY_GATEWAY,East Java,ST12_Surabaya,HB03_SBY_GATEWAY,Intra-Region,Regular,COD,CR118,Van,0.9,1.49,1.49,1242534,22705,16741,8,1,0,,14.0,48,1,0,,1,0,,0,,42.8,3.79,3.28,ST12_Surabaya,
SHPM000606,AWB260000606,2026-03-18 20:02:00.106727,2026-03-18 20:14:00.106727,2026-03-18 20:55:00.106727,2026-03-19 03:49:27.860486,2026-03-19 04:45:27.860486,2026-03-19 05:20:27.860486,2026-03-19 07:04:29.181507,2026-03-19 09:19:44.149545,2026-03-19 17:08:07.574030,2026-03-20 12:20:32.711381,2026-03-21 05:45:45.142286,2026-03-20 20:02:00.106727,Delivered,Closed,SHP030,Shipper 030,Enterprise,Jabodetabek,ST05_Tangerang,HB01_JKT_GATEWAY,Jabodetabek,ST02_JKT_West,HB01_JKT_GATEWAY,Intra-Region,Regular,Prepaid,CR047,Bike,0.46,0.47,0.47,733549,14115,12281,8,1,0,,56.0,48,0,0,,1,1,Missed Cut-Off,0,,57.73,1.73,7.81,ST02_JKT_West,Last Mile Delay
SHPM000607,AWB260000607,2026-02-18 01:33:35.249618,2026-02-18 02:04:35.249618,2026-02-18 02:40:35.249618,2026-02-18 05:44:53.972380,2026-02-18 06:37:53.972380,2026-02-18 07:38:53.972380,2026-02-18 09:48:31.577156,2026-02-18 11:55:03.528818,2026-02-18 22:42:07.265159,2026-02-19 10:39:07.507854,,2026-02-19 13:33:35.249618,Damaged,Exception,SHP089,Shipper 089,Enterprise,Central Java,ST11_Yogyakarta,HB04_CTG_NATIONAL,Outer Java,ST15_Medan,HB05_SUMATRA_GATEWAY,Inter-Region,Next Day,COD,CR106,Bike,2.83,2.87,2.87,872894,36915,32007,4,1,0,,53.0,36,0,0,,1,1,Damaged,0,,1138.44,2.16,10.78,ST11_Yogyakarta,
SHPM000608,AWB260000608,2026-02-15 22:28:52.204304,2026-02-15 22:33:52.204304,2026-02-15 22:49:52.204304,2026-02-15 23:11:03.153774,2026-02-15 23:30:03.153774,2026-02-16 00:06:03.153774,2026-02-16 01:23:39.794433,2026-02-16 09:19:14.256435,2026-02-16 19:10:29.900531,2026-02-17 01:55:59.863201,2026-02-17 07:40:31.089008,2026-02-16 14:28:52.204304,Delivered,Closed,SHP057,Shipper 057,SME,Central Java,ST09_Semarang,HB04_CTG_NATIONAL,Outer Java,ST16_Palembang,HB05_SUMATRA_GATEWAY,Inter-Region,Same Day,Prepaid,CR089,Bike,1.13,1.71,1.71,2060531,34695,20299,2,1,0,,19.0,16,0,0,,1,0,,0,,33.19,1.29,9.85,ST16_Palembang,Remote Area
SHPM000609,AWB260000609,2026-03-08 13:51:53.035230,2026-03-08 14:12:53.035230,2026-03-08 14:52:53.035230,2026-03-08 15:52:39.707531,2026-03-08 16:00:39.707531,2026-03-08 17:32:39.707531,2026-03-08 19:57:06.993490,2026-03-09 00:14:04.016322,2026-03-09 05:11:34.492165,2026-03-09 16:52:20.084752,,2026-03-09 05:51:53.035230,Delivery Exception,Exception,SHP023,Shipper 023,Enterprise,West Java,ST08_Bogor,HB01_JKT_GATEWAY,East Java,ST13_Malang,HB03_SBY_GATEWAY,Inter-Region,Same Day,Prepaid,CR078,Van,1.27,1.26,1.27,2195610,32715,30392,2,1,0,,8.0,16,0,1,Customer Reschedule,3,0,,0,,694.14,2.41,4.96,ST13_Malang,Delivery Exception
SHPM000610,AWB260000610,2026-03-03 03:32:09.147843,2026-03-03 04:03:09.147843,2026-03-03 04:36:09.147843,2026-03-03 08:07:36.731643,2026-03-03 08:30:36.731643,2026-03-03 09:04:36.731643,2026-03-03 13:51:56.581407,2026-03-03 23:04:48.352916,2026-03-04 04:50:39.122926,2026-03-04 11:32:53.752497,2026-03-04 16:32:32.467807,2026-03-06 03:32:09.147843,Delivered,Closed,SHP089,Shipper 089,Enterprise,Central Java,ST10_Solo,HB04_CTG_NATIONAL,West Java,ST06_Bandung,HB01_JKT_GATEWAY,Inter-Region,Regular,Prepaid,CR097,Bike,0.56,0.54,0.56,847642,14520,8056,8,1,0,,23.0,72,1,0,,1,0,,0,,37.01,4.79,5.76,ST06_Bandung,
SHPM000611,AWB260000611,2026-03-30 13:05:35.554299,2026-03-30 13:47:35.554299,2026-03-30 14:09:35.554299,2026-03-30 17:29:23.637309,2026-03-30 18:26:23.637309,2026-03-30 19:27:23.637309,2026-03-30 21:31:31.932146,2026-03-31 04:57:56.203107,2026-03-31 09:49:27.439228,2026-04-01 03:01:51.192314,2026-04-01 09:10:22.806574,2026-04-01 01:05:35.554299,Delivered,Closed,SHP007,Shipper 007,SME,Jabodetabek,ST05_Tangerang,HB01_JKT_GATEWAY,East Java,ST13_Malang,HB03_SBY_GATEWAY,Inter-Region,Next Day,Prepaid,CR045,Bike,1.07,0.98,1.07,390508,24815,16185,4,1,0,,57.0,36,0,0,,1,0,,0,,44.08,2.07,4.86,ST13_Malang,Last Mile Delay
SHPM000612,AWB260000612,2026-03-20 16:45:05.784151,2026-03-20 17:21:05.784151,2026-03-20 17:47:05.784151,2026-03-20 19:24:00.056568,2026-03-20 20:31:00.056568,2026-03-20 20:52:00.056568,2026-03-21 01:43:35.997850,2026-03-21 11:29:28.389813,2026-03-22 14:30:21.627572,2026-03-23 06:31:27.668122,2026-03-23 21:48:15.487426,2026-03-23 16:45:05.784151,Delivered,Closed,SHP093,Shipper 093,SME,East Java,ST13_Malang,HB03_SBY_GATEWAY,Central Java,ST11_Yogyakarta,HB04_CTG_NATIONAL,Inter-Region,Regular,COD,CR119,Van,1.07,1.73,1.73,1132187,23785,14935,8,1,0,,67.0,72,0,0,,1,0,,0,,77.05,4.86,27.01,ST11_Yogyakarta,Hub Bottleneck
SHPM000613,AWB260000613,2026-02-19 21:08:18.963843,2026-02-19 21:48:18.963843,2026-02-19 22:25:18.963843,2026-02-20 06:20:55.201113,2026-02-20 06:49:55.201113,2026-02-20 08:02:55.201113,2026-02-20 10:55:44.318238,2026-02-20 19:48:16.945643,2026-02-21 04:09:30.548175,2026-02-21 12:30:58.394020,2026-02-21 19:38:59.646693,2026-02-22 21:08:18.963843,Delivered,Closed,SHP003,Shipper 003,Marketplace,Outer Java,ST15_Medan,HB05_SUMATRA_GATEWAY,West Java,ST06_Bandung,HB01_JKT_GATEWAY,Inter-Region,Regular,Prepaid,CR137,Bike,1.1,1.54,1.54,1956125,18930,12600,8,0,0,,29.0,72,1,0,,1,0,,0,,46.51,2.88,8.35,ST06_Bandung,
SHPM000614,AWB260000614,2026-03-11 12:05:32.511182,2026-03-11 12:41:32.511182,2026-03-11 13:00:32.511182,2026-03-11 17:04:20.296489,2026-03-11 17:19:20.296489,2026-03-11 18:16:20.296489,2026-03-11 23:22:18.105709,2026-03-12 08:16:04.215232,2026-03-12 13:12:52.280012,2026-03-12 21:42:28.797513,2026-03-13 08:02:30.578401,2026-03-13 00:05:32.511182,Delivered,Closed,SHP014,Shipper 014,Enterprise,Jabodetabek,ST05_Tangerang,HB01_JKT_GATEWAY,East Java,ST12_Surabaya,HB03_SBY_GATEWAY,Inter-Region,Next Day,COD,CR047,Truck,0.34,0.53,0.53,1055368,26385,17607,4,0,0,,15.0,36,0,0,,1,0,,0,,43.95,5.1,4.95,ST12_Surabaya,First Mile Delay
SHPM000615,AWB260000615,2026-03-13 02:57:32.578044,2026-03-13 03:31:32.578044,2026-03-13 03:51:32.578044,2026-03-13 09:04:09.625161,2026-03-13 09:44:09.625161,2026-03-13 10:49:09.625161,2026-03-13 13:49:42.188751,2026-03-13 18:13:05.836092,2026-03-14 00:44:19.621189,2026-03-14 17:46:13.634369,2026-03-15 08:56:11.185168,2026-03-16 02:57:32.578044,Delivered,Closed,SHP008,Shipper 008,SME,Outer Java,ST16_Palembang,HB05_SUMATRA_GATEWAY,Jabodetabek,ST04_Bekasi,HB01_JKT_GATEWAY,Inter-Region,Regular,COD,CR147,Bike,0.84,0.83,0.84,1288771,19780,17043,8,1,0,,40.0,72,1,0,,1,0,,0,,53.98,3.01,6.52,ST04_Bekasi,
SHPM000616,AWB260000616,2026-03-02 11:59:40.735442,2026-03-02 12:27:40.735442,2026-03-02 12:42:40.735442,2026-03-02 20:56:36.029296,2026-03-02 21:33:36.029296,2026-03-02 22:43:36.029296,2026-03-03 03:52:43.345547,2026-03-03 05:59:20.595474,2026-03-03 07:54:32.966700,2026-03-03 22:05:41.308257,2026-03-04 13:12:31.866999,2026-03-05 11:59:40.735442,Delivered,Closed,SHP064,Shipper 064,Marketplace,Jabodetabek,ST02_JKT_West,HB01_JKT_GATEWAY,Central Java,ST09_Semarang,HB04_CTG_NATIONAL,Inter-Region,Regular,COD,CR015,Van,0.96,0.92,0.96,1407021,20320,18235,8,0,0,,37.0,72,1,0,,1,0,,0,,49.21,5.15,1.92,ST09_Semarang,
SHPM000617,AWB260000617,2026-03-30 03:10:26.635678,2026-03-30 03:49:26.635678,2026-03-30 04:10:26.635678,2026-03-30 05:07:05.287182,2026-03-30 05:15:05.287182,2026-03-30 06:24:05.287182,2026-03-30 07:34:24.157773,2026-03-30 15:29:38.831163,2026-03-31 02:19:33.356859,2026-03-31 17:54:22.360591,,2026-03-31 15:10:26.635678,Damaged,Exception,SHP080,Shipper 080,SME,Outer Java,ST20_Banjarmasin,HB06_EASTERN_GATEWAY,Jabodetabek,ST03_JKT_East,HB01_JKT_GATEWAY,Inter-Region,Next Day,Prepaid,CR189,Van,1.36,1.49,1.49,1465985,26705,20784,4,1,0,,8.0,36,0,0,,1,1,Damaged,0,,176.83,1.17,10.83,ST20_Banjarmasin,
SHPM000618,AWB260000618,2026-02-21 21:31:32.547991,2026-02-21 21:42:32.547991,2026-02-21 22:05:32.547991,2026-02-21 23:34:31.292948,2026-02-22 00:26:31.292948,2026-02-22 01:04:31.292948,2026-02-22 05:30:02.300891,2026-02-22 10:59:46.097504,2026-02-22 19:50:08.743360,2026-02-23 12:47:07.596710,2026-02-23 23:32:05.874270,2026-02-23 09:31:32.547991,Delivered,Closed,SHP088,Shipper 088,SME,Outer Java,ST19_Denpasar,HB06_EASTERN_GATEWAY,Jabodetabek,ST05_Tangerang,HB01_JKT_GATEWAY,Inter-Region,Next Day,Prepaid,CR175,Van,0.75,0.78,0.78,2033545,23510,20506,4,1,0,,52.0,36,0,0,,1,0,,0,,50.01,4.43,8.84,ST05_Tangerang,Last Mile Delay
SHPM000619,AWB260000619,2026-03-01 04:29:51.809316,2026-03-01 05:04:51.809316,2026-03-01 05:48:51.809316,2026-03-01 10:55:34.817019,2026-03-01 11:43:34.817019,2026-03-01 13:31:34.817019,2026-03-01 15:31:33.530242,2026-03-01 23:18:45.625658,2026-03-02 06:51:20.831636,2026-03-02 16:40:00.476477,2026-03-03 08:50:40.433673,2026-03-04 04:29:51.809316,Delivered,Closed,SHP018,Shipper 018,Enterprise,West Java,ST08_Bogor,HB01_JKT_GATEWAY,Jabodetabek,ST04_Bekasi,HB01_JKT_GATEWAY,Inter-Region,Regular,Prepaid,CR080,Van,0.45,0.42,0.45,2478349,14025,8863,8,1,0,,48.0,72,1,0,,1,0,,0,,52.35,2.0,7.54,ST04_Bekasi,
SHPM000620,AWB260000620,2026-02-27 11:56:42.444745,2026-02-27 12:08:42.444745,2026-02-27 12:50:42.444745,2026-02-27 14:43:51.029960,2026-02-27 15:28:51.029960,2026-02-27 15:43:51.029960,2026-02-27 17:13:32.246131,2026-02-27 21:48:24.609994,2026-02-28 08:45:57.434231,2026-02-28 23:17:16.323519,2026-03-01 16:15:46.491600,2026-03-02 11:56:42.444745,Delivered,Closed,SHP070,Shipper 070,Enterprise,Jabodetabek,ST04_Bekasi,HB01_JKT_GATEWAY,East Java,ST14_Kediri,HB03_SBY_GATEWAY,Inter-Region,Regular,Prepaid,CR034,Bike,3.11,3.33,3.33,1946691,26985,19642,8,1,0,,45.0,72,1,0,,1,0,,0,,52.32,1.49,10.96,ST14_Kediri,
SHPM000621,AWB260000621,2026-03-30 01:00:30.334061,2026-03-30 01:08:30.334061,2026-03-30 01:28:30.334061,2026-03-30 03:22:37.648830,2026-03-30 04:16:37.648830,2026-03-30 05:09:37.648830,2026-03-30 07:27:37.866731,2026-03-30 15:37:09.265338,2026-03-31 02:36:31.442710,2026-03-31 11:27:29.208196,2026-03-31 23:37:29.442827,2026-03-31 13:00:30.334061,Delivered,Closed,SHP076,Shipper 076,Enterprise,West Java,ST06_Bandung,HB01_JKT_GATEWAY,Outer Java,ST17_Makassar,HB06_EASTERN_GATEWAY,Inter-Region,Next Day,Prepaid,CR057,Bike,0.5,0.5,0.5,1779001,22250,19431,4,1,0,,54.0,36,0,0,,1,0,,0,,46.62,2.3,10.99,ST17_Makassar,Hub Bottleneck
SHPM000622,AWB260000622,2026-02-16 09:06:10.672378,2026-02-16 09:32:10.672378,2026-02-16 09:58:10.672378,2026-02-16 11:23:05.947643,2026-02-16 11:36:05.947643,2026-02-16 12:26:05.947643,2026-02-16 17:10:06.684110,2026-02-16 20:52:09.309686,2026-02-17 05:22:58.705182,2026-02-17 10:32:25.733491,2026-02-17 16:49:16.158195,2026-02-17 21:06:10.672378,Delivered,Closed,SHP085,Shipper 085,Marketplace,Central Java,ST09_Semarang,HB04_CTG_NATIONAL,East Java,ST12_Surabaya,HB03_SBY_GATEWAY,Inter-Region,Next Day,Prepaid,CR085,Bike,2.5,4.1,4.1,1048203,38450,27471,4,1,0,,13.0,36,1,0,,1,0,,0,,31.72,4.73,8.51,ST12_Surabaya,
SHPM000623,AWB260000623,2026-03-25 15:25:01.650054,2026-03-25 16:01:01.650054,2026-03-25 16:24:01.650054,2026-03-25 18:23:15.829941,2026-03-25 19:23:15.829941,2026-03-25 20:06:15.829941,2026-03-25 23:58:10.499301,2026-03-26 07:23:03.220076,2026-03-26 18:12:39.869472,2026-03-27 06:48:33.439036,2026-03-27 08:16:08.259559,2026-03-26 07:25:01.650054,Delivered,Closed,SHP061,Shipper 061,Enterprise,Outer Java,ST17_Makassar,HB06_EASTERN_GATEWAY,Jabodetabek,ST03_JKT_East,HB01_JKT_GATEWAY,Inter-Region,Same Day,Prepaid,CR160,Van,1.58,2.59,2.59,953080,38655,26732,2,0,0,,60.0,16,0,0,,1,0,,0,,40.85,3.87,10.83,ST03_JKT_East,First Mile Delay
SHPM000624,AWB260000624,2026-03-19 16:06:53.901679,2026-03-19 16:25:53.901679,2026-03-19 17:09:53.901679,2026-03-19 22:09:35.179570,2026-03-19 23:05:35.179570,2026-03-20 00:38:35.179570,2026-03-20 03:28:10.573256,2026-03-20 13:03:30.803288,2026-03-20 22:40:50.302985,2026-03-21 15:22:20.072583,2026-03-22 01:36:23.620385,2026-03-22 16:06:53.901679,Delivered,Closed,SHP014,Shipper 014,Enterprise,Jabodetabek,ST01_JKT_Central,HB01_JKT_GATEWAY,Outer Java,ST17_Makassar,HB06_EASTERN_GATEWAY,Inter-Region,Regular,Prepaid,CR005,Bike,1.89,3.0,3.0,174669,25500,15975,8,1,0,,56.0,72,1,0,,1,0,,0,,57.49,2.83,9.62,ST17_Makassar,
SHPM000625,AWB260000625,2026-03-21 07:16:30.522951,2026-03-21 08:00:30.522951,2026-03-21 08:28:30.522951,2026-03-21 09:21:52.058163,2026-03-21 09:46:52.058163,2026-03-21 10:57:52.058163,2026-03-21 12:55:36.514621,2026-03-21 14:56:48.164446,2026-03-22 00:37:57.546055,2026-03-22 08:24:35.731120,2026-03-22 10:31:32.911825,2026-03-21 23:16:30.522951,Delivered,Closed,SHP063,Shipper 063,Enterprise,Jabodetabek,ST05_Tangerang,HB01_JKT_GATEWAY,Outer Java,ST17_Makassar,HB06_EASTERN_GATEWAY,Inter-Region,Same Day,Prepaid,CR052,Bike,0.36,0.58,0.58,215976,29610,23899,2,1,0,,25.0,16,0,0,,1,0,,0,,27.25,1.96,9.69,ST17_Makassar,Remote Area
SHPM000626,AWB260000626,2026-03-23 05:59:26.249125,2026-03-23 06:18:26.249125,2026-03-23 06:42:26.249125,2026-03-23 08:29:46.015890,2026-03-23 08:58:46.015890,2026-03-23 09:34:46.015890,2026-03-23 11:43:09.997716,2026-03-23 19:09:14.115850,2026-03-24 02:40:21.410814,2026-03-24 08:08:22.072072,2026-03-25 00:21:37.295525,2026-03-26 05:59:26.249125,Delivered,Closed,SHP058,Shipper 058,Enterprise,Jabodetabek,ST01_JKT_Central,HB01_JKT_GATEWAY,East Java,ST13_Malang,HB03_SBY_GATEWAY,Inter-Region,Regular,Prepaid,CR008,Van,0.99,1.08,1.08,2248984,16860,10861,8,1,0,,29.0,72,1,0,,1,0,,0,,42.37,2.14,7.52,ST13_Malang,
SHPM000627,AWB260000627,2026-03-19 16:54:05.834360,2026-03-19 17:01:05.834360,2026-03-19 17:40:05.834360,2026-03-19 23:06:02.109571,2026-03-19 23:16:02.109571,2026-03-20 00:48:02.109571,2026-03-20 02:05:27.516032,2026-03-20 08:44:21.205524,2026-03-20 14:07:11.854372,2026-03-21 07:57:29.953228,2026-03-21 14:53:58.886528,2026-03-22 16:54:05.834360,Delivered,Closed,SHP049,Shipper 049,Enterprise,Jabodetabek,ST05_Tangerang,HB01_JKT_GATEWAY,Central Java,ST10_Solo,HB04_CTG_NATIONAL,Inter-Region,Regular,Prepaid,CR052,Bike,1.07,1.46,1.46,2704536,18570,16739,8,1,0,,10.0,72,1,0,,1,0,,0,,46.0,1.29,5.38,ST10_Solo,
SHPM000628,AWB260000628,2026-02-27 08:46:39.981513,2026-02-27 09:12:39.981513,2026-02-27 09:38:39.981513,2026-02-27 10:35:24.811613,2026-02-27 10:47:24.811613,2026-02-27 12:11:24.811613,2026-02-27 15:48:18.717052,2026-02-27 20:54:03.353841,2026-03-01 01:28:50.122449,2026-03-01 08:13:12.669171,2026-03-02 01:10:40.958080,2026-02-28 20:46:39.981513,Delivered,Closed,SHP046,Shipper 046,SME,East Java,ST14_Kediri,HB03_SBY_GATEWAY,Outer Java,ST20_Banjarmasin,HB06_EASTERN_GATEWAY,Inter-Region,Next Day,Prepaid,CR126,Van,0.75,0.81,0.81,1302945,23645,19321,4,1,0,,12.0,36,0,0,,1,0,,0,,64.4,3.61,28.58,ST20_Banjarmasin,Hub Bottleneck
SHPM000629,AWB260000629,2026-03-30 18:20:54.395084,2026-03-30 18:27:54.395084,2026-03-30 18:45:54.395084,2026-03-31 00:05:42.218000,2026-03-31 00:51:42.218000,2026-03-31 01:34:42.218000,2026-03-31 07:33:40.004963,2026-03-31 11:05:21.061874,2026-03-31 16:18:34.102238,2026-04-01 03:06:31.163657,2026-04-01 18:52:00.326492,2026-04-02 18:20:54.395084,Delivered,Closed,SHP011,Shipper 011,Enterprise,Jabodetabek,ST03_JKT_East,HB01_JKT_GATEWAY,Central Java,ST10_Solo,HB04_CTG_NATIONAL,Inter-Region,Regular,COD,CR022,Van,1.46,1.4,1.46,2125256,22570,20731,8,1,0,,46.0,72,1,0,,1,0,,0,,48.52,5.98,5.22,ST10_Solo,
SHPM000630,AWB260000630,2026-03-17 06:39:16.935137,2026-03-17 07:01:16.935137,2026-03-17 07:54:16.935137,2026-03-17 09:02:58.782823,2026-03-17 10:20:58.782823,2026-03-17 11:58:58.782823,2026-03-17 19:02:43.684050,2026-03-17 22:15:52.354338,2026-03-18 06:51:16.429010,2026-03-18 16:02:58.980099,,2026-03-18 18:39:16.935137,Lost,Exception,SHP010,Shipper 010,Enterprise,East Java,ST12_Surabaya,HB03_SBY_GATEWAY,Central Java,ST10_Solo,HB04_CTG_NATIONAL,Inter-Region,Next Day,COD,CR111,Bike,0.78,0.8,0.8,1407277,27600,23340,4,1,0,,78.0,36,0,0,,1,1,Lost,0,,485.35,7.06,8.59,ST12_Surabaya,
SHPM000631,AWB260000631,2026-03-15 16:56:36.484501,2026-03-15 17:28:36.484501,2026-03-15 17:46:36.484501,2026-03-15 21:31:51.284763,2026-03-15 22:07:51.284763,2026-03-15 22:51:51.284763,2026-03-16 03:57:40.534712,2026-03-16 09:20:50.377688,2026-03-17 12:05:20.037636,2026-03-18 13:43:03.079064,2026-03-19 02:59:03.099684,2026-03-18 16:56:36.484501,Delivered,Closed,SHP093,Shipper 093,SME,East Java,ST13_Malang,HB03_SBY_GATEWAY,Jabodetabek,ST04_Bekasi,HB01_JKT_GATEWAY,Inter-Region,Regular,Prepaid,CR124,Bike,1.15,1.09,1.15,2545042,17175,14971,8,1,0,,36.0,72,0,0,,1,1,Invalid Address,0,,82.04,5.1,26.74,ST04_Bekasi,Hub Bottleneck
SHPM000632,AWB260000632,2026-03-26 12:38:34.937792,2026-03-26 13:06:34.937792,2026-03-26 13:49:34.937792,2026-03-26 16:41:49.507817,2026-03-26 17:05:49.507817,2026-03-26 17:31:49.507817,2026-03-26 20:24:35.982596,2026-03-27 06:21:04.741199,2026-03-27 11:45:58.406476,2026-03-27 23:54:57.948283,2026-03-28 09:21:46.631902,2026-03-29 12:38:34.937792,Delivered,Closed,SHP094,Shipper 094,SME,Outer Java,ST15_Medan,HB05_SUMATRA_GATEWAY,East Java,ST14_Kediri,HB03_SBY_GATEWAY,Inter-Region,Regular,Prepaid,CR138,Bike,0.67,0.71,0.71,512328,15195,8586,8,1,0,,24.0,72,1,0,,1,0,,0,,44.72,2.88,5.41,ST14_Kediri,
SHPM000633,AWB260000633,2026-03-30 06:34:36.412742,2026-03-30 06:49:36.412742,2026-03-30 07:20:36.412742,2026-03-30 12:41:22.059962,2026-03-30 13:14:22.059962,2026-03-30 14:05:22.059962,2026-03-30 19:32:44.386010,2026-03-30 22:20:12.183930,2026-03-31 16:12:59.278186,2026-04-01 00:46:17.085111,2026-04-01 16:12:48.926054,2026-04-02 06:34:36.412742,Delivered,Closed,SHP031,Shipper 031,SME,East Java,ST13_Malang,HB03_SBY_GATEWAY,West Java,ST08_Bogor,HB01_JKT_GATEWAY,Inter-Region,Regular,Prepaid,CR119,Bike,1.16,1.19,1.19,879281,17355,12613,8,1,0,,33.0,72,1,0,,1,0,,0,,57.64,5.46,17.88,ST08_Bogor,
SHPM000634,AWB260000634,2026-02-24 15:32:09.058017,2026-02-24 16:17:09.058017,2026-02-24 16:28:09.058017,2026-02-24 22:22:54.649858,2026-02-24 23:37:54.649858,2026-02-25 00:15:54.649858,2026-02-25 01:50:53.000920,2026-02-25 10:58:24.921851,2026-02-25 19:16:51.740448,2026-02-26 01:52:53.488980,2026-02-26 09:06:46.436412,2026-02-27 15:32:09.058017,Delivered,Closed,SHP049,Shipper 049,Enterprise,Jabodetabek,ST05_Tangerang,HB01_JKT_GATEWAY,Outer Java,ST20_Banjarmasin,HB06_EASTERN_GATEWAY,Inter-Region,Regular,Prepaid,CR050,Truck,0.64,0.73,0.73,2282995,15285,13370,8,1,0,,75.0,72,1,0,,1,0,,0,,41.58,1.58,8.31,ST20_Banjarmasin,
SHPM000635,AWB260000635,2026-03-21 06:29:11.881548,2026-03-21 07:00:11.881548,2026-03-21 07:11:11.881548,2026-03-21 09:48:21.030377,2026-03-21 10:28:21.030377,2026-03-21 11:02:21.030377,2026-03-21 15:13:02.995044,2026-03-21 17:19:18.520809,2026-03-21 23:03:34.804739,2026-03-22 02:37:02.195720,2026-03-22 12:20:32.633010,2026-03-22 06:29:11.881548,Delivered,Closed,SHP030,Shipper 030,Enterprise,Jabodetabek,ST01_JKT_Central,HB01_JKT_GATEWAY,Jabodetabek,ST02_JKT_West,HB01_JKT_GATEWAY,Intra-Region,Next Day,Prepaid,CR007,Bike,0.54,0.49,0.54,2701047,22430,18842,4,1,0,,40.0,24,0,0,,1,0,,0,,29.86,4.18,5.74,ST02_JKT_West,Last Mile Delay
SHPM000636,AWB260000636,2026-03-01 03:19:25.023726,2026-03-01 04:04:25.023726,2026-03-01 04:23:25.023726,2026-03-01 04:57:28.544433,2026-03-01 05:57:28.544433,2026-03-01 06:45:28.544433,2026-03-01 11:49:02.614980,2026-03-01 16:12:23.175180,2026-03-01 18:40:28.706638,2026-03-02 10:49:57.848554,2026-03-02 14:04:55.947158,2026-03-01 19:19:25.023726,Delivered,Closed,SHP037,Shipper 037,Marketplace,Central Java,ST09_Semarang,HB04_CTG_NATIONAL,Outer Java,ST15_Medan,HB05_SUMATRA_GATEWAY,Inter-Region,Same Day,Prepaid,CR089,Truck,1.21,1.69,1.69,1695427,34605,23970,2,1,0,,60.0,16,0,0,,1,0,,0,,34.76,5.06,2.47,ST15_Medan,Remote Area
SHPM000637,AWB260000637,2026-02-18 10:50:58.614046,2026-02-18 11:18:58.614046,2026-02-18 11:42:58.614046,2026-02-18 16:41:30.097765,2026-02-18 17:50:30.097765,2026-02-18 18:30:30.097765,2026-02-18 20:15:08.801985,2026-02-18 21:37:25.049883,2026-02-19 07:37:24.331380,2026-02-19 12:33:30.019191,2026-02-20 04:48:22.387224,2026-02-20 10:50:58.614046,Delivered,Closed,SHP021,Shipper 021,Marketplace,East Java,ST13_Malang,HB03_SBY_GATEWAY,East Java,ST13_Malang,HB03_SBY_GATEWAY,Intra-Region,Regular,Prepaid,CR117,Bike,0.52,0.53,0.53,661869,14385,12256,8,1,0,,69.0,48,1,0,,1,0,,0,,41.96,1.74,10.0,ST13_Malang,
SHPM000638,AWB260000638,2026-02-15 15:51:46.969656,2026-02-15 16:09:46.969656,2026-02-15 16:27:46.969656,2026-02-15 21:11:41.950414,2026-02-15 21:40:41.950414,2026-02-15 22:16:41.950414,2026-02-16 02:26:05.482435,2026-02-16 11:59:49.793172,2026-02-16 13:39:08.558132,2026-02-17 05:01:55.166857,2026-02-17 17:51:50.601970,2026-02-18 15:51:46.969656,Delivered,Closed,SHP034,Shipper 034,Enterprise,Jabodetabek,ST01_JKT_Central,HB01_JKT_GATEWAY,West Java,ST06_Bandung,HB01_JKT_GATEWAY,Inter-Region,Regular,Prepaid,CR004,Bike,1.28,1.37,1.37,1460205,18165,13481,8,1,0,,29.0,72,1,0,,1,0,,0,,50.0,4.16,1.66,ST06_Bandung,
SHPM000639,AWB260000639,2026-03-01 19:42:07.578978,2026-03-01 19:49:07.578978,2026-03-01 20:24:07.578978,2026-03-01 22:43:37.709268,2026-03-01 23:25:37.709268,2026-03-02 01:08:37.709268,2026-03-02 06:51:20.565606,2026-03-02 11:29:43.897652,2026-03-02 13:11:37.065972,2026-03-02 17:08:30.971075,2026-03-02 20:00:16.110368,2026-03-02 19:42:07.578978,Delivered,Closed,SHP034,Shipper 034,Enterprise,Jabodetabek,ST01_JKT_Central,HB01_JKT_GATEWAY,Jabodetabek,ST01_JKT_Central,HB01_JKT_GATEWAY,Intra-Region,Next Day,Prepaid,CR004,Bike,1.36,1.42,1.42,784793,26390,17293,4,1,0,,42.0,24,0,0,,1,0,,0,,24.3,5.71,1.7,ST01_JKT_Central,Last Mile Delay
SHPM000640,AWB260000640,2026-02-16 16:34:54.311629,2026-02-16 16:41:54.311629,2026-02-16 17:17:54.311629,2026-02-16 18:11:39.438155,2026-02-16 18:48:39.438155,2026-02-16 19:51:39.438155,2026-02-16 21:33:36.524838,2026-02-16 23:46:49.426184,2026-02-17 11:22:10.701219,2026-02-18 01:58:43.398559,2026-02-18 05:50:53.997962,2026-02-18 04:34:54.311629,Delivered,Closed,SHP005,Shipper 005,Enterprise,Central Java,ST09_Semarang,HB04_CTG_NATIONAL,Jabodetabek,ST05_Tangerang,HB01_JKT_GATEWAY,Inter-Region,Next Day,Prepaid,CR085,Bike,2.45,3.91,3.91,1061490,37595,22613,4,1,0,,37.0,36,0,0,,1,0,,0,,37.27,1.7,11.59,ST05_Tangerang,Hub Bottleneck
SHPM000641,AWB260000641,2026-02-24 22:33:38.665495,2026-02-24 23:03:38.665495,2026-02-24 23:53:38.665495,2026-02-25 05:03:31.868774,2026-02-25 06:47:31.868774,2026-02-25 07:36:31.868774,2026-02-25 09:54:47.503708,2026-02-25 18:23:42.410483,2026-02-26 09:00:57.230844,2026-02-26 23:46:13.807242,2026-02-27 11:55:33.461591,2026-02-27 22:33:38.665495,Delivered,Closed,SHP019,Shipper 019,Marketplace,West Java,ST07_Cirebon,HB02_BDG_TRANSIT,Outer Java,ST15_Medan,HB05_SUMATRA_GATEWAY,Inter-Region,Regular,Prepaid,CR068,Bike,1.73,1.7,1.73,632989,19785,11880,8,1,0,,104.0,72,1,0,,1,0,,0,,61.37,2.3,14.62,ST15_Medan,
SHPM000642,AWB260000642,2026-03-16 02:32:22.453324,2026-03-16 03:00:22.453324,2026-03-16 03:33:22.453324,2026-03-16 07:55:19.656547,2026-03-16 08:03:19.656547,2026-03-16 08:52:19.656547,2026-03-16 12:14:08.842041,2026-03-16 22:10:36.274052,2026-03-17 01:58:41.107841,2026-03-17 12:14:03.273751,2026-03-18 06:07:41.714265,2026-03-19 02:32:22.453324,Delivered,Closed,SHP063,Shipper 063,Enterprise,Jabodetabek,ST03_JKT_East,HB01_JKT_GATEWAY,West Java,ST07_Cirebon,HB02_BDG_TRANSIT,Inter-Region,Regular,COD,CR025,Truck,3.01,3.05,3.05,292295,29725,22150,8,1,0,,8.0,72,1,0,,1,0,,0,,51.59,3.36,3.8,ST07_Cirebon,
SHPM000643,AWB260000643,2026-02-27 19:06:19.271909,2026-02-27 19:35:19.271909,2026-02-27 19:46:19.271909,2026-02-27 22:09:40.536531,2026-02-27 22:48:40.536531,2026-02-28 00:25:40.536531,2026-02-28 04:55:01.695105,2026-02-28 10:15:50.109754,2026-02-28 13:49:38.404052,2026-03-01 02:57:22.276065,2026-03-01 12:42:27.820182,2026-03-02 19:06:19.271909,Delivered,Closed,SHP048,Shipper 048,Enterprise,Outer Java,ST17_Makassar,HB06_EASTERN_GATEWAY,Jabodetabek,ST05_Tangerang,HB01_JKT_GATEWAY,Inter-Region,Regular,Prepaid,CR156,Bike,0.79,0.8,0.8,2065232,15600,13247,8,1,0,,39.0,72,1,0,,1,0,,0,,41.6,4.49,3.56,ST05_Tangerang,
SHPM000644,AWB260000644,2026-03-02 09:17:46.808363,2026-03-02 09:44:46.808363,2026-03-02 10:23:46.808363,2026-03-02 18:01:29.626111,2026-03-02 18:15:29.626111,2026-03-02 18:55:29.626111,2026-03-02 23:23:53.113775,2026-03-03 02:06:18.587214,2026-03-03 06:10:33.657358,2026-03-03 17:38:18.067843,2026-03-04 08:29:18.851016,2026-03-05 09:17:46.808363,Delivered,Closed,SHP026,Shipper 026,Marketplace,Outer Java,ST18_Balikpapan,HB06_EASTERN_GATEWAY,West Java,ST08_Bogor,HB01_JKT_GATEWAY,Inter-Region,Regular,Prepaid,CR164,Bike,1.11,1.17,1.17,1627168,17265,14933,8,0,0,,14.0,72,1,0,,1,0,,0,,47.19,4.47,4.07,ST08_Bogor,
SHPM000645,AWB260000645,2026-03-22 11:33:28.337617,2026-03-22 11:57:28.337617,2026-03-22 12:27:28.337617,2026-03-22 12:53:20.291723,2026-03-22 13:09:20.291723,2026-03-22 14:45:20.291723,2026-03-22 16:34:40.351761,2026-03-22 20:56:51.602659,2026-03-23 04:26:49.021254,2026-03-23 07:29:07.121353,2026-03-23 12:28:23.318908,2026-03-22 21:33:28.337617,Delivered,Closed,SHP029,Shipper 029,SME,Outer Java,ST18_Balikpapan,HB06_EASTERN_GATEWAY,Outer Java,ST20_Banjarmasin,HB06_EASTERN_GATEWAY,Intra-Region,Same Day,COD,CR166,Van,1.03,1.13,1.13,380846,36085,23967,2,1,0,,16.0,10,0,0,,1,0,,0,,24.92,1.82,7.5,ST20_Banjarmasin,Remote Area
SHPM000646,AWB260000646,2026-03-15 19:03:49.155850,2026-03-15 19:43:49.155850,2026-03-15 20:12:49.155850,2026-03-15 21:24:37.689453,2026-03-15 22:19:37.689453,2026-03-15 23:18:37.689453,2026-03-16 04:14:12.499766,2026-03-16 07:31:18.056333,2026-03-16 10:12:51.704451,2026-03-16 17:32:05.612264,2026-03-16 21:46:20.589054,2026-03-16 05:03:49.155850,Delivered,Closed,SHP022,Shipper 022,Marketplace,Central Java,ST10_Solo,HB04_CTG_NATIONAL,Central Java,ST11_Yogyakarta,HB04_CTG_NATIONAL,Intra-Region,Same Day,Prepaid,CR091,Bike,1.76,2.33,2.33,1277399,37485,27386,2,1,0,,55.0,10,0,0,,1,0,,0,,26.71,4.93,2.69,ST11_Yogyakarta,Last Mile Delay
SHPM000647,AWB260000647,2026-02-24 03:34:43.147321,2026-02-24 03:42:43.147321,2026-02-24 04:33:43.147321,2026-02-24 06:13:45.765823,2026-02-24 06:39:45.765823,2026-02-24 08:03:45.765823,2026-02-24 09:31:06.301966,2026-02-24 14:43:19.454835,2026-02-25 08:23:24.619630,2026-02-25 22:37:30.273909,,2026-02-27 03:34:43.147321,Delivery Exception,Exception,SHP097,Shipper 097,SME,Jabodetabek,ST03_JKT_East,HB01_JKT_GATEWAY,Outer Java,ST18_Balikpapan,HB06_EASTERN_GATEWAY,Inter-Region,Regular,Prepaid,CR023,Bike,1.9,1.96,1.96,1152434,20820,18089,8,1,0,,26.0,72,0,1,Customer Not Home,2,0,,0,,992.42,1.46,17.67,ST18_Balikpapan,Hub Bottleneck
SHPM000648,AWB260000648,2026-03-27 12:30:32.886090,2026-03-27 13:07:32.886090,2026-03-27 13:57:32.886090,2026-03-27 16:13:02.481807,2026-03-27 16:22:02.481807,2026-03-27 17:17:02.481807,2026-03-27 19:16:17.153745,2026-03-28 00:40:30.606345,2026-03-28 13:50:25.396823,2026-03-29 03:34:02.228207,2026-03-29 17:54:29.371485,2026-03-30 12:30:32.886090,Delivered,Closed,SHP058,Shipper 058,Enterprise,Jabodetabek,ST04_Bekasi,HB01_JKT_GATEWAY,Outer Java,ST18_Balikpapan,HB06_EASTERN_GATEWAY,Inter-Region,Regular,COD,CR043,Bike,1.65,1.5,1.65,647350,23425,14026,8,1,0,,9.0,72,1,0,,1,0,,0,,53.4,1.99,13.17,ST18_Balikpapan,
SHPM000649,AWB260000649,2026-03-02 01:38:42.206117,2026-03-02 02:23:42.206117,2026-03-02 02:49:42.206117,2026-03-02 09:48:11.903973,2026-03-02 10:36:11.903973,2026-03-02 11:46:11.903973,2026-03-02 15:09:07.767448,2026-03-02 18:11:32.867807,2026-03-03 00:50:47.356773,2026-03-03 04:33:20.585584,2026-03-03 09:40:17.016518,2026-03-04 01:38:42.206117,Delivered,Closed,SHP087,Shipper 087,Enterprise,Jabodetabek,ST04_Bekasi,HB01_JKT_GATEWAY,Jabodetabek,ST01_JKT_Central,HB01_JKT_GATEWAY,Intra-Region,Regular,Prepaid,CR039,Bike,3.65,3.35,3.65,335366,28425,17140,8,1,0,,48.0,48,1,0,,1,0,,0,,32.03,3.38,6.65,ST01_JKT_Central,
SHPM000650,AWB260000650,2026-03-28 19:24:05.434208,2026-03-28 19:32:05.434208,2026-03-28 19:44:05.434208,2026-03-28 21:59:59.452697,2026-03-28 22:52:59.452697,2026-03-29 00:51:59.452697,2026-03-29 03:35:18.544445,2026-03-29 06:55:34.500513,2026-03-29 14:54:14.979619,2026-03-30 02:21:47.471256,,2026-03-31 19:24:05.434208,Return To Sender,RTS,SHP063,Shipper 063,Enterprise,Jabodetabek,ST05_Tangerang,HB01_JKT_GATEWAY,Outer Java,ST19_Denpasar,HB06_EASTERN_GATEWAY,Inter-Region,Regular,Prepaid,CR049,Bike,1.46,1.51,1.51,1494284,18795,10956,8,1,0,,53.0,72,0,1,Customer Not Home,2,0,,1,Customer Not Home,208.6,2.72,7.98,ST19_Denpasar,Delivery Exception
SHPM000651,AWB260000651,2026-03-19 09:01:52.106662,2026-03-19 09:27:52.106662,2026-03-19 09:44:52.106662,2026-03-19 11:59:29.967723,2026-03-19 12:44:29.967723,2026-03-19 13:36:29.967723,2026-03-19 19:02:27.196284,2026-03-20 03:51:17.244414,2026-03-20 07:17:21.191760,2026-03-20 20:35:06.683451,2026-03-21 05:25:44.344783,2026-03-20 21:01:52.106662,Delivered,Closed,SHP062,Shipper 062,Enterprise,Jabodetabek,ST04_Bekasi,HB01_JKT_GATEWAY,Central Java,ST10_Solo,HB04_CTG_NATIONAL,Inter-Region,Next Day,Prepaid,CR041,Van,1.85,2.03,2.03,214631,29135,17259,4,1,0,,45.0,36,0,0,,1,0,,0,,44.4,5.43,3.43,ST10_Solo,Last Mile Delay
SHPM000652,AWB260000652,2026-03-03 21:54:17.638276,2026-03-03 22:05:17.638276,2026-03-03 22:33:17.638276,2026-03-04 02:57:08.925760,2026-03-04 03:33:08.925760,2026-03-04 05:14:08.925760,2026-03-04 07:35:43.905846,2026-03-04 17:22:17.388298,2026-03-05 02:50:53.907521,2026-03-05 14:09:52.224495,,2026-03-06 21:54:17.638276,Delivery Exception,Exception,SHP088,Shipper 088,SME,Outer Java,ST19_Denpasar,HB06_EASTERN_GATEWAY,East Java,ST14_Kediri,HB03_SBY_GATEWAY,Inter-Region,Regular,Prepaid,CR181,Van,0.83,0.89,0.89,595908,16005,13844,8,1,0,,36.0,72,0,1,Invalid Address,2,0,,0,,806.1,2.36,9.48,ST14_Kediri,Delivery Exception
SHPM000653,AWB260000653,2026-03-03 10:11:44.656552,2026-03-03 10:33:44.656552,2026-03-03 11:17:44.656552,2026-03-03 13:16:53.093541,2026-03-03 14:11:53.093541,2026-03-03 16:06:53.093541,2026-03-03 17:37:25.130771,2026-03-03 20:32:50.413760,2026-03-04 00:37:59.597321,2026-03-04 14:18:15.844991,2026-03-04 19:10:21.220239,2026-03-04 22:11:44.656552,Delivered,Closed,SHP016,Shipper 016,Marketplace,Jabodetabek,ST02_JKT_West,HB01_JKT_GATEWAY,Central Java,ST11_Yogyakarta,HB04_CTG_NATIONAL,Inter-Region,Next Day,Prepaid,CR014,Bike,0.85,0.96,0.96,2975581,24320,19125,4,1,0,,55.0,36,1,0,,1,0,,0,,32.98,1.51,4.09,ST11_Yogyakarta,
SHPM000654,AWB260000654,2026-03-07 06:53:31.779843,2026-03-07 07:32:31.779843,2026-03-07 08:04:31.779843,2026-03-07 08:55:51.608634,2026-03-07 09:33:51.608634,2026-03-07 10:30:51.608634,2026-03-07 12:43:38.135114,2026-03-07 15:20:41.532453,2026-03-07 20:20:25.770134,2026-03-08 11:12:29.510172,2026-03-08 21:34:36.161406,2026-03-08 18:53:31.779843,Delivered,Closed,SHP076,Shipper 076,Enterprise,West Java,ST06_Bandung,HB01_JKT_GATEWAY,Jabodetabek,ST04_Bekasi,HB01_JKT_GATEWAY,Inter-Region,Next Day,Prepaid,CR058,Bike,2.61,2.86,2.86,1229005,32870,24183,4,1,0,,38.0,36,0,0,,1,0,,0,,38.68,2.21,5.0,ST04_Bekasi,Last Mile Delay
SHPM000655,AWB260000655,2026-03-08 14:11:36.110490,2026-03-08 14:30:36.110490,2026-03-08 14:42:36.110490,2026-03-08 18:03:48.459873,2026-03-08 18:46:48.459873,2026-03-08 20:33:48.459873,2026-03-09 02:05:16.676858,2026-03-09 07:38:42.100863,2026-03-09 18:55:20.064984,2026-03-10 11:40:20.689834,2026-03-10 20:19:10.147748,2026-03-11 14:11:36.110490,Delivered,Closed,SHP049,Shipper 049,Enterprise,Jabodetabek,ST02_JKT_West,HB01_JKT_GATEWAY,Central Java,ST11_Yogyakarta,HB04_CTG_NATIONAL,Inter-Region,Regular,Prepaid,CR017,Truck,1.39,1.73,1.73,2618052,19785,15307,8,1,0,,43.0,72,1,0,,1,0,,0,,54.13,5.52,11.28,ST11_Yogyakarta,
SHPM000656,AWB260000656,2026-03-01 23:27:38.621128,2026-03-01 23:41:38.621128,2026-03-01 23:47:38.621128,2026-03-02 06:47:21.391866,2026-03-02 07:20:21.391866,2026-03-02 08:28:21.391866,2026-03-02 11:46:15.951322,2026-03-02 15:38:21.564131,2026-03-03 09:39:12.747213,2026-03-04 02:16:16.966291,,2026-03-04 23:27:38.621128,Damaged,Exception,SHP055,Shipper 055,Marketplace,East Java,ST14_Kediri,HB03_SBY_GATEWAY,Central Java,ST09_Semarang,HB04_CTG_NATIONAL,Inter-Region,Regular,Prepaid,CR130,Bike,1.68,1.71,1.71,888943,19695,15855,8,1,0,,33.0,72,0,0,,1,1,Damaged,0,,852.54,3.3,18.01,HB03_SBY_GATEWAY,
SHPM000657,AWB260000657,2026-02-25 14:07:23.467086,2026-02-25 14:43:23.467086,2026-02-25 15:15:23.467086,2026-02-25 20:26:37.361874,2026-02-25 20:54:37.361874,2026-02-25 21:39:37.361874,2026-02-26 02:22:48.401309,2026-02-26 11:35:15.880229,2026-02-26 14:54:57.196714,2026-02-27 08:14:08.315805,2026-02-27 17:01:25.519579,2026-02-28 14:07:23.467086,Delivered,Closed,SHP008,Shipper 008,SME,Outer Java,ST16_Palembang,HB05_SUMATRA_GATEWAY,Central Java,ST09_Semarang,HB04_CTG_NATIONAL,Inter-Region,Regular,Prepaid,CR149,Bike,0.36,0.34,0.36,1260347,13620,9658,8,1,0,,28.0,72,1,0,,1,1,Invalid Address,0,,50.9,4.72,3.33,ST09_Semarang,
SHPM000658,AWB260000658,2026-03-29 20:39:49.641191,2026-03-29 20:53:49.641191,2026-03-29 21:13:49.641191,2026-03-29 23:15:38.522210,2026-03-29 23:40:38.522210,2026-03-30 00:36:38.522210,2026-03-30 04:48:39.169108,2026-03-30 14:11:01.899637,2026-03-30 18:14:42.327980,2026-03-31 23:59:50.239845,2026-04-01 12:01:54.247887,2026-03-31 08:39:49.641191,Delivered,Closed,SHP011,Shipper 011,Enterprise,Jabodetabek,ST03_JKT_East,HB01_JKT_GATEWAY,Outer Java,ST15_Medan,HB05_SUMATRA_GATEWAY,Inter-Region,Next Day,COD,CR022,Bike,1.37,1.53,1.53,930556,30885,19941,4,1,0,,25.0,36,0,0,,1,1,Capacity Delay,0,,63.37,4.2,4.06,ST15_Medan,Remote Area
SHPM000659,AWB260000659,2026-02-19 21:06:01.359636,2026-02-19 21:11:01.359636,2026-02-19 21:16:01.359636,2026-02-20 01:02:22.211545,2026-02-20 02:15:22.211545,2026-02-20 02:59:22.211545,2026-02-20 06:55:16.861351,2026-02-20 12:55:20.077437,2026-02-20 17:35:38.336796,2026-02-21 08:44:13.335818,,2026-02-21 09:06:01.359636,Return To Sender,RTS,SHP015,Shipper 015,Marketplace,West Java,ST06_Bandung,HB01_JKT_GATEWAY,Jabodetabek,ST04_Bekasi,HB01_JKT_GATEWAY,Inter-Region,Next Day,COD,CR058,Bike,0.81,0.82,0.82,2115158,27690,19465,4,1,0,,73.0,36,0,1,Customer Not Home,3,0,,1,Customer Not Home,1094.9,3.93,4.67,ST04_Bekasi,Delivery Exception
SHPM000660,AWB260000660,2026-02-26 03:56:36.505054,2026-02-26 04:18:36.505054,2026-02-26 05:17:36.505054,2026-02-26 06:48:48.492605,2026-02-26 07:48:48.492605,2026-02-26 08:32:48.492605,2026-02-26 10:13:37.559835,2026-02-26 14:58:48.466711,2026-02-27 00:55:12.160844,2026-02-27 08:44:36.896504,2026-02-27 11:21:12.293653,2026-02-26 19:56:36.505054,Delivered,Closed,SHP040,Shipper 040,Marketplace,West Java,ST07_Cirebon,HB02_BDG_TRANSIT,Central Java,ST09_Semarang,HB04_CTG_NATIONAL,Inter-Region,Same Day,Prepaid,CR070,Van,0.53,0.57,0.57,416516,29565,26214,2,0,0,,60.0,16,0,0,,1,0,,0,,31.41,1.68,9.94,ST09_Semarang,First Mile Delay
SHPM000661,AWB260000661,2026-03-22 19:04:15.382830,2026-03-22 19:40:15.382830,2026-03-22 19:56:15.382830,2026-03-22 20:53:34.476971,2026-03-22 21:40:34.476971,2026-03-22 23:32:34.476971,2026-03-23 02:38:00.105577,2026-03-23 05:38:00.728070,2026-03-23 15:21:46.610791,2026-03-23 22:26:40.272450,2026-03-24 05:22:17.327735,2026-03-24 07:04:15.382830,Delivered,Closed,SHP030,Shipper 030,Enterprise,Jabodetabek,ST05_Tangerang,HB01_JKT_GATEWAY,West Java,ST06_Bandung,HB01_JKT_GATEWAY,Inter-Region,Next Day,COD,CR045,Van,0.67,0.63,0.67,1263516,27015,24718,4,1,0,,47.0,36,1,0,,1,0,,0,,34.3,3.09,9.73,ST06_Bandung,
SHPM000662,AWB260000662,2026-02-18 22:19:37.360238,2026-02-18 22:58:37.360238,2026-02-18 23:21:37.360238,2026-02-19 05:25:38.484781,2026-02-19 06:12:38.484781,2026-02-19 07:49:38.484781,2026-02-19 11:23:25.802313,2026-02-19 16:42:11.452313,2026-02-20 03:46:30.493226,2026-02-20 09:51:51.773749,2026-02-20 14:16:09.241205,2026-02-21 22:19:37.360238,Delivered,Closed,SHP007,Shipper 007,SME,Jabodetabek,ST05_Tangerang,HB01_JKT_GATEWAY,West Java,ST08_Bogor,HB01_JKT_GATEWAY,Inter-Region,Regular,Prepaid,CR054,Bike,0.59,0.56,0.59,572282,14655,8946,8,1,0,,47.0,72,1,0,,1,0,,0,,39.94,3.56,11.07,ST08_Bogor,
SHPM000663,AWB260000663,2026-03-21 01:42:35.366619,2026-03-21 02:00:35.366619,2026-03-21 02:37:35.366619,2026-03-21 05:43:17.491425,2026-03-21 06:37:17.491425,2026-03-21 07:17:17.491425,2026-03-21 12:17:43.544161,2026-03-21 18:16:15.194645,2026-03-21 23:22:01.638524,2026-03-22 05:17:51.504736,2026-03-22 08:33:10.042458,2026-03-22 13:42:35.366619,Delivered,Closed,SHP035,Shipper 035,Enterprise,Jabodetabek,ST05_Tangerang,HB01_JKT_GATEWAY,East Java,ST14_Kediri,HB03_SBY_GATEWAY,Inter-Region,Next Day,Prepaid,CR050,Bike,1.61,2.0,2.0,1366577,29000,21775,4,1,0,,54.0,36,1,0,,1,0,,0,,30.84,5.01,5.1,ST14_Kediri,
SHPM000664,AWB260000664,2026-03-22 14:55:54.060517,2026-03-22 15:15:54.060517,2026-03-22 15:20:54.060517,2026-03-22 17:27:29.790719,2026-03-22 18:07:29.790719,2026-03-22 19:14:29.790719,2026-03-22 21:32:32.989555,2026-03-23 03:04:22.050000,2026-03-23 07:39:16.545571,2026-03-23 18:11:26.816415,2026-03-24 02:33:51.128987,2026-03-24 02:55:54.060517,Delivered,Closed,SHP004,Shipper 004,Marketplace,Jabodetabek,ST01_JKT_Central,HB01_JKT_GATEWAY,West Java,ST07_Cirebon,HB02_BDG_TRANSIT,Inter-Region,Next Day,Prepaid,CR006,Bike,2.35,2.34,2.35,2773253,30575,20679,4,1,0,,40.0,36,1,0,,1,0,,0,,35.63,2.3,4.58,ST07_Cirebon,
SHPM000665,AWB260000665,2026-02-16 10:28:57.364187,2026-02-16 10:47:57.364187,2026-02-16 11:13:57.364187,2026-02-16 14:01:10.681071,2026-02-16 14:09:10.681071,2026-02-16 14:58:10.681071,2026-02-16 20:18:07.190472,2026-02-16 22:53:08.128129,2026-02-17 06:25:43.087529,2026-02-17 15:20:37.458681,2026-02-17 19:01:05.363981,2026-02-17 22:28:57.364187,Delivered,Closed,SHP014,Shipper 014,Enterprise,Jabodetabek,ST05_Tangerang,HB01_JKT_GATEWAY,West Java,ST08_Bogor,HB01_JKT_GATEWAY,Inter-Region,Next Day,Prepaid,CR051,Bike,0.36,0.38,0.38,1603951,21710,19546,4,1,0,,8.0,36,1,0,,1,0,,0,,32.54,5.33,7.54,ST08_Bogor,
SHPM000666,AWB260000666,2026-02-28 16:03:29.817437,2026-02-28 16:09:29.817437,2026-02-28 16:41:29.817437,2026-02-28 21:19:39.962934,2026-02-28 22:24:39.962934,2026-02-28 22:57:39.962934,2026-03-01 03:49:55.045700,2026-03-01 05:36:15.222983,2026-03-02 02:01:52.000454,2026-03-02 08:43:54.219374,2026-03-03 01:38:49.677970,2026-03-02 16:03:29.817437,Delivered,Closed,SHP060,Shipper 060,Enterprise,East Java,ST14_Kediri,HB03_SBY_GATEWAY,East Java,ST13_Malang,HB03_SBY_GATEWAY,Intra-Region,Regular,COD,CR136,Bike,1.94,1.89,1.94,1968965,24730,16483,8,1,0,,65.0,48,0,0,,1,0,,0,,57.59,4.87,20.43,ST13_Malang,Hub Bottleneck
SHPM000667,AWB260000667,2026-03-09 13:57:21.763334,2026-03-09 14:05:21.763334,2026-03-09 14:47:21.763334,2026-03-09 17:58:05.991940,2026-03-09 18:15:05.991940,2026-03-09 19:02:05.991940,2026-03-09 23:54:04.218863,2026-03-10 08:51:30.941034,2026-03-10 12:29:44.762285,2026-03-11 06:24:10.201042,2026-03-11 23:39:38.831077,2026-03-12 13:57:21.763334,Delivered,Closed,SHP049,Shipper 049,Enterprise,Jabodetabek,ST05_Tangerang,HB01_JKT_GATEWAY,West Java,ST06_Bandung,HB01_JKT_GATEWAY,Inter-Region,Regular,COD,CR046,Bike,2.22,2.32,2.32,404581,26440,22936,8,1,0,,17.0,72,1,0,,1,0,,0,,57.7,4.87,3.64,ST06_Bandung,
SHPM000668,AWB260000668,2026-03-10 14:39:16.434009,2026-03-10 15:19:16.434009,2026-03-10 16:13:16.434009,2026-03-10 17:41:06.798008,2026-03-10 18:14:06.798008,2026-03-10 18:47:06.798008,2026-03-10 21:05:34.715424,2026-03-11 02:02:58.941471,2026-03-11 12:39:17.802408,2026-03-12 05:27:36.731345,2026-03-12 21:42:17.564226,2026-03-13 14:39:16.434009,Delivered,Closed,SHP071,Shipper 071,Enterprise,Jabodetabek,ST04_Bekasi,HB01_JKT_GATEWAY,West Java,ST06_Bandung,HB01_JKT_GATEWAY,Inter-Region,Regular,Prepaid,CR040,Bike,3.63,5.96,5.96,2075433,38820,34964,8,1,0,,33.0,72,1,0,,1,0,,0,,55.05,2.31,10.61,ST06_Bandung,
SHPM000669,AWB260000669,2026-02-19 03:37:48.428231,2026-02-19 03:45:48.428231,2026-02-19 04:11:48.428231,2026-02-19 12:01:07.773598,2026-02-19 12:54:07.773598,2026-02-19 14:36:07.773598,2026-02-19 16:40:12.157471,2026-02-19 21:18:41.132207,2026-02-20 04:17:49.390066,2026-02-20 17:48:21.401596,2026-02-21 02:44:15.487583,2026-02-22 03:37:48.428231,Delivered,Closed,SHP030,Shipper 030,Enterprise,Jabodetabek,ST05_Tangerang,HB01_JKT_GATEWAY,West Java,ST08_Bogor,HB01_JKT_GATEWAY,Inter-Region,Regular,Prepaid,CR048,Van,0.63,0.65,0.65,1542474,14925,8422,8,0,0,,53.0,72,1,0,,1,0,,0,,47.11,2.07,6.99,ST08_Bogor,
SHPM000670,AWB260000670,2026-02-17 13:21:15.848966,2026-02-17 13:32:15.848966,2026-02-17 14:18:15.848966,2026-02-17 18:58:52.762232,2026-02-17 20:34:52.762232,2026-02-17 21:55:52.762232,2026-02-18 06:08:02.361969,2026-02-18 10:19:45.559230,2026-02-18 22:05:45.113857,2026-02-19 00:26:31.328090,2026-02-19 06:23:20.047728,2026-02-18 13:21:15.848966,Delivered,Closed,SHP066,Shipper 066,Marketplace,West Java,ST07_Cirebon,HB02_BDG_TRANSIT,West Java,ST07_Cirebon,HB02_BDG_TRANSIT,Intra-Region,Next Day,Prepaid,CR071,Van,2.44,2.6,2.6,2245300,31700,17906,4,0,0,,96.0,24,0,0,,1,0,,0,,41.03,8.2,11.77,ST07_Cirebon,First Mile Delay
SHPM000671,AWB260000671,2026-03-19 10:51:03.516721,2026-03-19 11:11:03.516721,2026-03-19 11:33:03.516721,2026-03-19 18:34:39.202607,2026-03-19 19:23:39.202607,2026-03-19 20:14:39.202607,2026-03-19 22:02:25.205085,2026-03-20 03:14:30.381632,2026-03-20 09:16:08.418367,2026-03-21 00:22:01.571017,2026-03-21 15:46:06.521263,2026-03-22 10:51:03.516721,Delivered,Closed,SHP020,Shipper 020,SME,East Java,ST14_Kediri,HB03_SBY_GATEWAY,West Java,ST07_Cirebon,HB02_BDG_TRANSIT,Inter-Region,Regular,Prepaid,CR128,Bike,0.71,0.72,0.72,874287,15240,11062,8,1,0,,49.0,72,1,0,,1,0,,0,,52.92,1.8,6.03,ST07_Cirebon,
SHPM000672,AWB260000672,2026-03-29 06:37:49.994227,2026-03-29 07:05:49.994227,2026-03-29 07:40:49.994227,2026-03-29 08:34:30.691030,2026-03-29 08:42:30.691030,2026-03-29 09:51:30.691030,2026-03-29 11:23:27.607202,2026-03-29 15:17:57.938395,2026-03-30 05:29:00.071172,2026-03-30 12:57:32.823157,2026-03-30 23:36:47.090461,2026-03-30 18:37:49.994227,Delivered,Closed,SHP053,Shipper 053,Marketplace,Jabodetabek,ST01_JKT_Central,HB01_JKT_GATEWAY,Outer Java,ST15_Medan,HB05_SUMATRA_GATEWAY,Inter-Region,Next Day,Prepaid,CR006,Bike,1.13,1.15,1.15,1784855,25175,16081,4,1,0,,8.0,36,0,0,,1,0,,0,,40.98,1.53,14.18,ST15_Medan,Hub Bottleneck
SHPM000673,AWB260000673,2026-03-16 08:40:35.440300,2026-03-16 09:09:35.440300,2026-03-16 09:43:35.440300,2026-03-16 11:50:30.008274,2026-03-16 13:01:30.008274,2026-03-16 15:01:30.008274,2026-03-16 16:43:58.016812,2026-03-17 01:35:35.442356,2026-03-17 05:29:06.181508,2026-03-17 14:15:30.695671,2026-03-18 04:54:08.799907,2026-03-17 20:40:35.440300,Delivered,Closed,SHP023,Shipper 023,Enterprise,West Java,ST06_Bandung,HB01_JKT_GATEWAY,Outer Java,ST18_Balikpapan,HB06_EASTERN_GATEWAY,Inter-Region,Next Day,COD,CR062,Van,1.69,1.62,1.69,692748,31605,26147,4,1,0,,71.0,36,0,0,,1,0,,0,,44.23,1.71,3.89,ST18_Balikpapan,Remote Area
SHPM000674,AWB260000674,2026-03-17 12:02:48.834798,2026-03-17 12:33:48.834798,2026-03-17 13:29:48.834798,2026-03-17 18:29:59.091834,2026-03-17 19:54:59.091834,2026-03-17 21:27:59.091834,2026-03-18 03:21:51.312747,2026-03-18 12:51:12.983728,2026-03-20 11:45:35.194655,2026-03-20 21:41:52.730010,2026-03-21 15:12:49.743639,2026-03-20 12:02:48.834798,Delivered,Closed,SHP010,Shipper 010,Enterprise,East Java,ST12_Surabaya,HB03_SBY_GATEWAY,Outer Java,ST18_Balikpapan,HB06_EASTERN_GATEWAY,Inter-Region,Regular,Prepaid,CR110,Van,1.46,1.52,1.52,897435,18840,16178,8,1,0,,85.0,72,0,0,,1,0,,0,,99.17,5.9,46.91,ST18_Balikpapan,Hub Bottleneck
SHPM000675,AWB260000675,2026-02-19 07:03:44.481191,2026-02-19 07:33:44.481191,2026-02-19 07:54:44.481191,2026-02-19 08:40:44.867665,2026-02-19 08:48:44.867665,2026-02-19 10:14:44.867665,2026-02-19 14:06:17.638460,2026-02-19 17:46:34.963814,2026-02-19 22:01:25.491898,2026-02-20 09:07:01.885482,2026-02-20 18:48:07.943797,2026-02-20 19:03:44.481191,Delivered,Closed,SHP027,Shipper 027,SME,Jabodetabek,ST01_JKT_Central,HB01_JKT_GATEWAY,West Java,ST07_Cirebon,HB02_BDG_TRANSIT,Inter-Region,Next Day,Prepaid,CR002,Bike,1.19,1.95,1.95,709263,28775,24403,4,1,0,,8.0,36,1,0,,1,0,,0,,35.74,3.86,4.25,ST07_Cirebon,
SHPM000676,AWB260000676,2026-02-28 12:08:53.195508,2026-02-28 12:31:53.195508,2026-02-28 12:55:53.195508,2026-02-28 15:10:22.000489,2026-02-28 15:34:22.000489,2026-02-28 16:52:22.000489,2026-02-28 21:20:10.119429,2026-03-01 05:52:27.979320,2026-03-01 16:51:54.879927,2026-03-02 07:59:17.112672,2026-03-02 20:16:46.242491,2026-03-03 12:08:53.195508,Delivered,Closed,SHP021,Shipper 021,Marketplace,East Java,ST14_Kediri,HB03_SBY_GATEWAY,Jabodetabek,ST03_JKT_East,HB01_JKT_GATEWAY,Inter-Region,Regular,Prepaid,CR136,Bike,0.66,1.07,1.07,1033564,16815,12027,8,1,0,,24.0,72,1,0,,1,0,,0,,56.13,4.46,10.99,ST03_JKT_East,
SHPM000677,AWB260000677,2026-02-23 01:58:04.612081,2026-02-23 02:24:04.612081,2026-02-23 02:47:04.612081,2026-02-23 11:04:54.445921,2026-02-23 12:18:54.445921,2026-02-23 12:40:54.445921,2026-02-23 18:04:38.394376,2026-02-24 01:38:45.325560,2026-02-24 06:10:19.931921,2026-02-24 22:51:14.432507,2026-02-25 19:31:40.166001,2026-02-26 01:58:04.612081,Delivered,Closed,SHP070,Shipper 070,Enterprise,Jabodetabek,ST04_Bekasi,HB01_JKT_GATEWAY,Outer Java,ST20_Banjarmasin,HB06_EASTERN_GATEWAY,Inter-Region,Regular,Prepaid,CR040,Bike,1.07,1.63,1.63,1718449,19335,13106,8,0,0,,74.0,72,1,0,,1,0,,0,,65.56,5.4,4.53,ST20_Banjarmasin,
SHPM000678,AWB260000678,2026-02-16 05:57:47.864276,2026-02-16 06:16:47.864276,2026-02-16 06:28:47.864276,2026-02-16 09:20:46.434530,2026-02-16 10:40:46.434530,2026-02-16 12:14:46.434530,2026-02-16 16:39:39.405209,2026-02-16 23:38:02.566250,2026-02-17 09:29:11.322359,2026-02-17 23:40:05.091518,2026-02-18 08:36:03.278996,2026-02-17 17:57:47.864276,Delivered,Closed,SHP006,Shipper 006,Marketplace,East Java,ST14_Kediri,HB03_SBY_GATEWAY,Jabodetabek,ST05_Tangerang,HB01_JKT_GATEWAY,Inter-Region,Next Day,Prepaid,CR128,Bike,1.33,1.28,1.33,1826853,25985,24344,4,1,0,,80.0,36,0,0,,1,0,,0,,50.64,4.41,9.85,ST05_Tangerang,Last Mile Delay
SHPM000679,AWB260000679,2026-03-11 13:55:11.022978,2026-03-11 14:14:11.022978,2026-03-11 15:02:11.022978,2026-03-11 18:40:42.081518,2026-03-11 19:34:42.081518,2026-03-11 20:16:42.081518,2026-03-12 00:39:00.258794,2026-03-12 08:35:00.696168,2026-03-12 11:00:40.939806,2026-03-12 22:28:29.650693,2026-03-13 06:43:58.600181,2026-03-14 13:55:11.022978,Delivered,Closed,SHP056,Shipper 056,Enterprise,Jabodetabek,ST02_JKT_West,HB01_JKT_GATEWAY,Outer Java,ST18_Balikpapan,HB06_EASTERN_GATEWAY,Inter-Region,Regular,Prepaid,CR014,Truck,0.81,0.77,0.81,941579,15645,8628,8,1,0,,54.0,72,1,0,,1,0,,0,,40.81,4.37,2.43,ST18_Balikpapan,
SHPM000680,AWB260000680,2026-02-21 00:51:34.529508,2026-02-21 01:09:34.529508,2026-02-21 01:29:34.529508,,,,,,,,,2026-02-24 00:51:34.529508,Failed Pickup,Exception,SHP070,Shipper 070,Enterprise,Jabodetabek,ST04_Bekasi,HB01_JKT_GATEWAY,West Java,ST07_Cirebon,HB02_BDG_TRANSIT,Inter-Region,Regular,COD,CR041,Bike,0.94,1.27,1.27,830868,21715,19742,8,0,1,Schedule Miss,,72,0,0,,0,0,,0,,1067.14,,,ST04_Bekasi,
SHPM000681,AWB260000681,2026-03-22 11:24:38.125813,2026-03-22 12:07:38.125813,2026-03-22 12:26:38.125813,2026-03-22 13:07:47.370158,2026-03-22 13:16:47.370158,2026-03-22 15:14:47.370158,2026-03-22 17:50:11.210038,2026-03-23 00:07:12.476593,2026-03-23 03:02:37.365040,2026-03-23 12:28:54.810171,2026-03-23 23:15:09.630483,2026-03-23 23:24:38.125813,Delivered,Closed,SHP049,Shipper 049,Enterprise,Jabodetabek,ST05_Tangerang,HB01_JKT_GATEWAY,Central Java,ST10_Solo,HB04_CTG_NATIONAL,Inter-Region,Next Day,Prepaid,CR046,Bike,1.61,1.48,1.61,825550,27245,23888,4,1,0,,9.0,36,1,0,,1,0,,0,,35.84,2.59,2.92,ST10_Solo,
SHPM000682,AWB260000682,2026-03-04 09:50:45.078517,2026-03-04 10:03:45.078517,2026-03-04 10:08:45.078517,2026-03-04 11:17:49.146363,2026-03-04 11:28:49.146363,2026-03-04 12:39:49.146363,2026-03-04 14:03:54.164831,2026-03-04 16:58:41.706544,2026-03-05 10:14:18.867699,2026-03-05 15:45:01.748811,2026-03-05 17:07:08.270533,2026-03-05 01:50:45.078517,Delivered,Closed,SHP085,Shipper 085,Marketplace,Central Java,ST10_Solo,HB04_CTG_NATIONAL,Outer Java,ST17_Makassar,HB06_EASTERN_GATEWAY,Inter-Region,Same Day,Prepaid,CR094,Van,0.58,0.61,0.61,710814,29745,22920,2,1,0,,11.0,16,0,0,,1,0,,0,,31.27,1.4,17.26,ST17_Makassar,Hub Bottleneck
SHPM000683,AWB260000683,2026-03-19 01:08:09.445180,2026-03-19 01:17:09.445180,2026-03-19 01:37:09.445180,2026-03-19 04:28:56.512303,2026-03-19 04:50:56.512303,2026-03-19 05:07:56.512303,2026-03-19 08:08:23.515370,2026-03-19 15:17:05.601046,2026-03-20 00:28:55.680895,2026-03-20 07:35:19.664971,2026-03-21 00:32:37.546161,2026-03-22 01:08:09.445180,Delivered,Closed,SHP095,Shipper 095,Enterprise,Central Java,ST11_Yogyakarta,HB04_CTG_NATIONAL,Outer Java,ST18_Balikpapan,HB06_EASTERN_GATEWAY,Inter-Region,Regular,Prepaid,CR102,Van,2.47,2.23,2.47,349971,23115,20823,8,1,0,,22.0,72,1,0,,1,0,,0,,47.41,3.01,9.2,ST18_Balikpapan,
SHPM000684,AWB260000684,2026-03-27 04:29:12.302090,2026-03-27 04:52:12.302090,2026-03-27 05:38:12.302090,2026-03-27 11:42:09.866831,2026-03-27 12:18:09.866831,2026-03-27 14:10:09.866831,2026-03-27 16:33:17.476914,2026-03-27 21:40:59.090867,2026-03-28 06:08:53.543465,2026-03-28 18:54:59.422187,2026-03-29 09:00:05.621702,2026-03-30 04:29:12.302090,Delivered,Closed,SHP095,Shipper 095,Enterprise,Central Java,ST11_Yogyakarta,HB04_CTG_NATIONAL,Jabodetabek,ST03_JKT_East,HB01_JKT_GATEWAY,Inter-Region,Regular,COD,CR106,Van,1.64,2.56,2.56,928770,27520,17769,8,1,0,,36.0,72,1,0,,1,0,,0,,52.51,2.39,8.47,ST03_JKT_East,
SHPM000685,AWB260000685,2026-03-11 22:05:58.694906,2026-03-11 22:27:58.694906,2026-03-11 22:33:58.694906,2026-03-12 02:43:10.821851,2026-03-12 03:19:10.821851,2026-03-12 04:57:10.821851,2026-03-12 08:41:17.408950,2026-03-12 14:07:11.443223,2026-03-12 20:20:49.793701,2026-03-13 07:46:33.489876,2026-03-13 12:35:40.840567,2026-03-13 10:05:58.694906,Delivered,Closed,SHP021,Shipper 021,Marketplace,East Java,ST14_Kediri,HB03_SBY_GATEWAY,Jabodetabek,ST03_JKT_East,HB01_JKT_GATEWAY,Inter-Region,Next Day,Prepaid,CR134,Bike,0.97,0.98,0.98,1822767,24410,16881,4,0,0,,36.0,36,0,0,,1,0,,0,,38.5,3.74,6.23,ST03_JKT_East,First Mile Delay
SHPM000686,AWB260000686,2026-03-26 08:38:41.481263,2026-03-26 09:10:41.481263,2026-03-26 09:56:41.481263,2026-03-26 10:17:54.778325,2026-03-26 10:54:54.778325,2026-03-26 11:48:54.778325,2026-03-26 14:24:39.069142,2026-03-26 16:53:14.782625,2026-03-27 04:49:47.869527,2026-03-27 10:14:39.904584,2026-03-27 18:50:23.154634,2026-03-27 20:38:41.481263,Delivered,Closed,SHP051,Shipper 051,Marketplace,Outer Java,ST19_Denpasar,HB06_EASTERN_GATEWAY,Jabodetabek,ST05_Tangerang,HB01_JKT_GATEWAY,Inter-Region,Next Day,Prepaid,CR178,Bike,2.52,2.55,2.55,1362231,31475,25479,4,1,0,,37.0,36,1,0,,1,0,,0,,34.19,2.6,11.94,ST05_Tangerang,
SHPM000687,AWB260000687,2026-03-08 00:19:12.472487,2026-03-08 00:25:12.472487,2026-03-08 00:59:12.472487,2026-03-08 02:45:16.397421,2026-03-08 03:27:16.397421,2026-03-08 05:10:16.397421,2026-03-08 09:39:26.032112,2026-03-08 11:41:46.160431,2026-03-08 23:37:01.041414,2026-03-09 04:55:04.912355,2026-03-09 10:00:31.645299,2026-03-09 12:19:12.472487,Delivered,Closed,SHP091,Shipper 091,SME,Outer Java,ST16_Palembang,HB05_SUMATRA_GATEWAY,Central Java,ST10_Solo,HB04_CTG_NATIONAL,Inter-Region,Next Day,COD,CR148,Van,1.4,1.36,1.4,1296713,30300,24974,4,1,0,,42.0,36,1,0,,1,0,,0,,33.69,4.49,11.92,ST10_Solo,
SHPM000688,AWB260000688,2026-02-21 18:03:02.370298,2026-02-21 18:44:02.370298,2026-02-21 19:49:02.370298,2026-02-22 02:55:42.336011,2026-02-22 03:44:42.336011,2026-02-22 04:18:42.336011,2026-02-22 08:04:06.827937,2026-02-22 16:47:33.019860,2026-02-22 22:17:08.517559,2026-02-23 05:40:01.278234,2026-02-23 12:47:42.878557,2026-02-24 18:03:02.370298,Delivered,Closed,SHP028,Shipper 028,Marketplace,Jabodetabek,ST04_Bekasi,HB01_JKT_GATEWAY,East Java,ST12_Surabaya,HB03_SBY_GATEWAY,Inter-Region,Regular,Prepaid,CR034,Van,2.13,3.21,3.21,2141163,26445,15726,8,0,0,,49.0,72,1,0,,1,0,,0,,42.74,3.76,5.49,ST12_Surabaya,
SHPM000689,AWB260000689,2026-02-24 05:58:59.103800,2026-02-24 06:25:59.103800,2026-02-24 06:46:59.103800,2026-02-24 14:53:59.022573,2026-02-24 15:59:59.022573,2026-02-24 17:14:59.022573,2026-02-24 19:10:55.608208,2026-02-25 03:56:37.398764,2026-02-25 11:12:56.632027,2026-02-25 21:57:54.486803,2026-02-26 10:30:29.950730,2026-02-27 05:58:59.103800,Delivered,Closed,SHP035,Shipper 035,Enterprise,Jabodetabek,ST04_Bekasi,HB01_JKT_GATEWAY,Outer Java,ST18_Balikpapan,HB06_EASTERN_GATEWAY,Inter-Region,Regular,COD,CR035,Bike,3.21,3.1,3.21,313395,30445,24849,8,0,0,,66.0,72,1,0,,1,0,,0,,52.53,1.93,7.27,ST18_Balikpapan,
SHPM000690,AWB260000690,2026-03-30 22:34:47.770832,2026-03-30 23:06:47.770832,2026-03-30 23:52:47.770832,2026-03-31 03:04:03.093475,2026-03-31 04:40:03.093475,2026-03-31 05:34:03.093475,2026-03-31 09:55:31.819605,2026-03-31 17:41:39.602592,2026-04-01 03:49:12.531288,2026-04-01 15:50:17.646468,2026-04-01 19:49:15.525722,2026-03-31 14:34:47.770832,Delivered,Closed,SHP076,Shipper 076,Enterprise,West Java,ST07_Cirebon,HB02_BDG_TRANSIT,Jabodetabek,ST04_Bekasi,HB01_JKT_GATEWAY,Inter-Region,Same Day,Prepaid,CR065,Van,1.62,2.32,2.32,278913,37440,29143,2,0,0,,96.0,16,0,0,,1,0,,0,,45.24,4.36,10.13,ST04_Bekasi,First Mile Delay
SHPM000691,AWB260000691,2026-03-17 18:50:03.324141,2026-03-17 19:10:03.324141,2026-03-17 19:59:03.324141,2026-03-18 09:53:21.536958,2026-03-18 11:25:21.536958,2026-03-18 12:36:21.536958,2026-03-18 16:23:54.046239,2026-03-18 23:16:31.501935,2026-03-19 01:55:57.028447,2026-03-19 11:14:18.846029,2026-03-19 16:25:46.922798,2026-03-20 18:50:03.324141,Delivered,Closed,SHP018,Shipper 018,Enterprise,West Java,ST07_Cirebon,HB02_BDG_TRANSIT,East Java,ST14_Kediri,HB03_SBY_GATEWAY,Inter-Region,Regular,Prepaid,CR066,Bike,0.43,0.39,0.43,646975,13935,8512,8,0,0,,92.0,72,1,0,,1,0,,0,,45.6,3.79,2.66,ST14_Kediri,
SHPM000692,AWB260000692,2026-03-25 15:56:16.533427,2026-03-25 16:38:16.533427,2026-03-25 17:19:16.533427,2026-03-26 00:57:38.432857,2026-03-26 01:54:38.432857,2026-03-26 03:52:38.432857,2026-03-26 05:11:54.595688,2026-03-26 10:48:49.732810,2026-03-27 08:26:50.694281,2026-03-28 00:23:29.410308,2026-03-28 11:14:23.668514,2026-03-28 15:56:16.533427,Delivered,Closed,SHP031,Shipper 031,SME,East Java,ST13_Malang,HB03_SBY_GATEWAY,Central Java,ST09_Semarang,HB04_CTG_NATIONAL,Inter-Region,Regular,Prepaid,CR114,Bike,3.98,3.97,3.98,1413922,29910,17733,8,0,0,,57.0,72,1,0,,1,0,,0,,67.3,1.32,21.63,ST09_Semarang,
SHPM000693,AWB260000693,2026-03-24 06:15:39.203478,2026-03-24 06:38:39.203478,2026-03-24 07:25:39.203478,2026-03-24 08:32:02.753032,2026-03-24 09:55:02.753032,2026-03-24 10:11:02.753032,2026-03-24 16:46:29.109093,2026-03-24 19:49:19.955030,2026-03-25 15:00:57.105501,2026-03-26 02:47:07.880660,2026-03-26 06:42:10.601878,2026-03-25 18:15:39.203478,Delivered,Closed,SHP010,Shipper 010,Enterprise,East Java,ST12_Surabaya,HB03_SBY_GATEWAY,West Java,ST07_Cirebon,HB02_BDG_TRANSIT,Inter-Region,Next Day,Prepaid,CR110,Bike,1.06,1.03,1.06,1155670,24770,20385,4,1,0,,83.0,36,0,0,,1,0,,0,,48.44,6.59,19.19,ST07_Cirebon,Hub Bottleneck
SHPM000694,AWB260000694,2026-03-16 08:47:32.205504,2026-03-16 08:56:32.205504,2026-03-16 09:05:32.205504,2026-03-16 11:33:12.034829,2026-03-16 12:03:12.034829,2026-03-16 12:49:12.034829,2026-03-16 17:58:13.915904,2026-03-17 01:17:26.802538,2026-03-17 07:28:40.995268,2026-03-17 13:24:35.196068,2026-03-17 17:56:13.675957,2026-03-17 20:47:32.205504,Delivered,Closed,SHP017,Shipper 017,Marketplace,Outer Java,ST16_Palembang,HB05_SUMATRA_GATEWAY,West Java,ST06_Bandung,HB01_JKT_GATEWAY,Inter-Region,Next Day,COD,CR150,Bike,0.64,0.6,0.64,848888,26880,22200,4,1,0,,30.0,36,1,0,,1,0,,0,,33.14,5.15,6.19,ST06_Bandung,
SHPM000695,AWB260000695,2026-03-11 21:43:41.731018,2026-03-11 22:14:41.731018,2026-03-11 22:46:41.731018,2026-03-12 01:46:54.012175,2026-03-12 02:11:54.012175,2026-03-12 03:27:54.012175,2026-03-12 09:25:00.440964,2026-03-12 17:19:22.886329,2026-03-13 01:07:31.680910,2026-03-13 12:10:53.771297,2026-03-13 18:02:14.277175,2026-03-13 09:43:41.731018,Delivered,Closed,SHP001,Shipper 001,Marketplace,Jabodetabek,ST03_JKT_East,HB01_JKT_GATEWAY,East Java,ST12_Surabaya,HB03_SBY_GATEWAY,Inter-Region,Next Day,COD,CR029,Bike,2.86,4.37,4.37,810435,43665,26138,4,1,0,,25.0,36,0,0,,1,0,,0,,44.31,5.95,7.8,ST12_Surabaya,Last Mile Delay
SHPM000696,AWB260000696,2026-02-17 08:41:49.082730,2026-02-17 08:59:49.082730,2026-02-17 09:12:49.082730,2026-02-17 16:27:52.316679,2026-02-17 17:11:52.316679,2026-02-17 18:45:52.316679,2026-02-17 21:05:19.281877,2026-02-18 04:13:45.648028,2026-02-18 09:31:41.955654,2026-02-19 02:40:47.793684,2026-02-19 12:07:57.853092,2026-02-20 08:41:49.082730,Delivered,Closed,SHP009,Shipper 009,Marketplace,West Java,ST06_Bandung,HB01_JKT_GATEWAY,Jabodetabek,ST04_Bekasi,HB01_JKT_GATEWAY,Inter-Region,Regular,Prepaid,CR060,Bike,1.1,1.16,1.16,1732387,17220,14094,8,1,0,,44.0,72,1,0,,1,0,,0,,51.44,2.32,5.3,ST04_Bekasi,
SHPM000697,AWB260000697,2026-02-20 12:56:06.097281,2026-02-20 13:25:06.097281,2026-02-20 14:04:06.097281,2026-02-20 17:57:45.198985,2026-02-20 18:25:45.198985,2026-02-20 18:52:45.198985,2026-02-20 20:51:25.948284,2026-02-21 05:37:32.687835,2026-02-21 12:38:08.347871,2026-02-22 03:21:08.526506,2026-02-22 16:31:34.475206,2026-02-23 12:56:06.097281,Delivered,Closed,SHP048,Shipper 048,Enterprise,Outer Java,ST17_Makassar,HB06_EASTERN_GATEWAY,West Java,ST06_Bandung,HB01_JKT_GATEWAY,Inter-Region,Regular,Prepaid,CR160,Van,1.22,1.16,1.22,753409,17490,10364,8,1,0,,28.0,72,1,0,,1,0,,0,,51.59,1.98,7.01,ST06_Bandung,
SHPM000698,AWB260000698,2026-03-19 23:19:57.956440,2026-03-20 00:02:57.956440,2026-03-20 00:18:57.956440,2026-03-20 04:25:14.512181,2026-03-20 05:17:14.512181,2026-03-20 06:04:14.512181,2026-03-20 09:00:43.878725,2026-03-20 14:01:44.579806,2026-03-21 01:47:13.568958,2026-03-21 11:49:28.530600,2026-03-21 17:13:16.434957,2026-03-21 11:19:57.956440,Delivered,Closed,SHP070,Shipper 070,Enterprise,Jabodetabek,ST03_JKT_East,HB01_JKT_GATEWAY,West Java,ST07_Cirebon,HB02_BDG_TRANSIT,Inter-Region,Next Day,COD,CR027,Bike,1.1,1.58,1.58,350842,31110,19419,4,0,0,,52.0,36,0,0,,1,0,,0,,41.89,2.94,11.76,ST07_Cirebon,First Mile Delay
SHPM000699,AWB260000699,2026-03-30 13:13:27.776645,2026-03-30 13:28:27.776645,2026-03-30 13:51:27.776645,2026-03-30 15:19:19.158135,2026-03-30 15:57:19.158135,2026-03-30 16:18:19.158135,2026-03-30 19:11:27.324862,2026-03-31 04:41:02.596329,2026-03-31 07:42:29.415414,2026-03-31 13:55:57.405347,2026-03-31 18:27:34.217678,2026-04-01 01:13:27.776645,Delivered,Closed,SHP030,Shipper 030,Enterprise,Jabodetabek,ST05_Tangerang,HB01_JKT_GATEWAY,East Java,ST12_Surabaya,HB03_SBY_GATEWAY,Inter-Region,Next Day,Prepaid,CR045,Van,1.36,1.44,1.44,1486413,26480,24605,4,1,0,,38.0,36,1,0,,1,0,,0,,29.24,2.89,3.02,ST12_Surabaya,
SHPM000700,AWB260000700,2026-02-23 23:51:39.455955,2026-02-24 00:14:39.455955,2026-02-24 00:30:39.455955,2026-02-24 01:55:29.188969,2026-02-24 02:22:29.188969,2026-02-24 03:39:29.188969,2026-02-24 05:16:45.487724,2026-02-24 09:30:45.276970,2026-02-24 19:58:33.901173,2026-02-25 11:15:10.585162,2026-02-25 15:31:13.642835,2026-02-24 15:51:39.455955,Delivered,Closed,SHP011,Shipper 011,Enterprise,Jabodetabek,ST03_JKT_East,HB01_JKT_GATEWAY,East Java,ST14_Kediri,HB03_SBY_GATEWAY,Inter-Region,Same Day,COD,CR028,Bike,0.87,0.92,0.92,1539596,35140,28550,2,1,0,,27.0,16,0,0,,1,0,,0,,39.66,1.62,10.46,ST14_Kediri,Hub Bottleneck
SHPM000701,AWB260000701,2026-02-20 06:34:14.802008,2026-02-20 07:02:14.802008,2026-02-20 07:36:14.802008,2026-02-20 11:56:18.128980,2026-02-20 12:15:18.128980,2026-02-20 13:09:18.128980,2026-02-20 17:11:56.572647,2026-02-20 20:56:32.628350,2026-02-21 08:02:16.383325,2026-02-21 19:37:49.438876,2026-02-22 09:34:40.016937,2026-02-23 06:34:14.802008,Delivered,Closed,SHP096,Shipper 096,Marketplace,Jabodetabek,ST02_JKT_West,HB01_JKT_GATEWAY,West Java,ST08_Bogor,HB01_JKT_GATEWAY,Inter-Region,Regular,COD,CR015,Truck,0.27,0.35,0.35,1844108,17575,10848,8,1,0,,19.0,72,1,0,,1,0,,0,,51.01,4.04,11.1,ST08_Bogor,
SHPM000702,AWB260000702,2026-03-16 20:00:08.886724,2026-03-16 20:12:08.886724,2026-03-16 20:42:08.886724,2026-03-17 00:30:30.344382,2026-03-17 00:53:30.344382,2026-03-17 02:44:30.344382,2026-03-17 07:58:52.269385,2026-03-17 12:27:53.871405,2026-03-17 21:22:36.504510,2026-03-18 08:34:03.676609,2026-03-18 20:07:45.345793,2026-03-19 20:00:08.886724,Delivered,Closed,SHP005,Shipper 005,Enterprise,Central Java,ST09_Semarang,HB04_CTG_NATIONAL,Outer Java,ST15_Medan,HB05_SUMATRA_GATEWAY,Inter-Region,Regular,Prepaid,CR086,Bike,2.83,2.94,2.94,369578,25230,16114,8,1,0,,23.0,72,1,0,,1,0,,0,,48.13,5.24,8.91,ST15_Medan,
SHPM000703,AWB260000703,2026-03-18 22:28:12.766047,2026-03-18 23:11:12.766047,2026-03-18 23:36:12.766047,2026-03-19 03:31:26.096980,2026-03-19 03:56:26.096980,2026-03-19 04:43:26.096980,2026-03-19 09:53:03.382670,2026-03-19 14:21:17.489532,2026-03-20 01:17:03.034770,2026-03-20 09:34:07.333177,2026-03-20 13:15:34.308829,2026-03-19 22:28:12.766047,Delivered,Closed,SHP084,Shipper 084,Enterprise,Central Java,ST11_Yogyakarta,HB04_CTG_NATIONAL,Central Java,ST09_Semarang,HB04_CTG_NATIONAL,Intra-Region,Next Day,COD,CR102,Bike,1.45,2.43,2.43,732024,34935,25334,4,0,0,,25.0,24,0,0,,1,0,,0,,38.79,5.16,10.93,ST09_Semarang,First Mile Delay
SHPM000704,AWB260000704,2026-02-20 23:39:19.552892,2026-02-21 00:05:19.552892,2026-02-21 00:35:19.552892,2026-02-21 02:43:03.471294,2026-02-21 02:53:03.471294,2026-02-21 04:48:03.471294,2026-02-21 08:41:50.778585,2026-02-21 14:24:57.419020,2026-02-21 22:31:37.725973,2026-02-22 15:25:04.115809,2026-02-23 01:12:50.410209,2026-02-22 11:39:19.552892,Delivered,Closed,SHP023,Shipper 023,Enterprise,West Java,ST08_Bogor,HB01_JKT_GATEWAY,Jabodetabek,ST05_Tangerang,HB01_JKT_GATEWAY,Inter-Region,Next Day,Prepaid,CR080,Bike,0.94,1.1,1.1,2092948,24950,21716,4,1,0,,10.0,36,0,0,,1,0,,0,,49.56,3.9,8.11,ST05_Tangerang,Last Mile Delay
SHPM000705,AWB260000705,2026-03-08 07:08:05.808882,2026-03-08 07:43:05.808882,2026-03-08 08:00:05.808882,2026-03-08 11:24:08.638635,2026-03-08 11:35:08.638635,2026-03-08 12:11:08.638635,2026-03-08 16:25:02.746412,2026-03-09 00:17:50.034612,2026-03-09 13:36:54.804358,2026-03-10 02:37:57.739116,2026-03-10 18:51:23.164002,2026-03-09 19:08:05.808882,Delivered,Closed,SHP089,Shipper 089,Enterprise,Central Java,ST11_Yogyakarta,HB04_CTG_NATIONAL,Outer Java,ST18_Balikpapan,HB06_EASTERN_GATEWAY,Inter-Region,Next Day,Prepaid,CR105,Bike,2.09,1.96,2.09,886846,29405,16511,4,1,0,,11.0,36,0,0,,1,0,,0,,59.72,4.23,13.32,ST18_Balikpapan,Hub Bottleneck
SHPM000706,AWB260000706,2026-02-23 16:57:38.093991,2026-02-23 17:25:38.093991,2026-02-23 18:09:38.093991,2026-02-23 19:45:40.284036,2026-02-23 20:24:40.284036,2026-02-23 22:04:40.284036,2026-02-24 02:45:25.379164,2026-02-24 08:09:48.323693,2026-02-24 11:04:47.329285,2026-02-25 19:29:45.752128,2026-02-26 04:53:54.853834,2026-02-25 04:57:38.093991,Delivered,Closed,SHP033,Shipper 033,Marketplace,Jabodetabek,ST01_JKT_Central,HB01_JKT_GATEWAY,Outer Java,ST17_Makassar,HB06_EASTERN_GATEWAY,Inter-Region,Next Day,Prepaid,CR005,Bike,2.34,2.18,2.34,2660426,30530,17167,4,1,0,,39.0,36,0,0,,1,1,Capacity Delay,0,,59.94,4.68,2.92,ST17_Makassar,Remote Area
SHPM000707,AWB260000707,2026-02-23 23:18:40.868434,2026-02-23 23:40:40.868434,2026-02-24 00:14:40.868434,2026-02-24 08:22:32.486226,2026-02-24 09:23:32.486226,2026-02-24 10:26:32.486226,2026-02-24 14:59:52.736033,2026-02-24 20:27:36.864247,2026-02-25 04:55:54.743828,2026-02-25 22:55:06.912115,2026-02-26 10:26:24.789018,2026-02-26 23:18:40.868434,Delivered,Closed,SHP033,Shipper 033,Marketplace,Jabodetabek,ST04_Bekasi,HB01_JKT_GATEWAY,Central Java,ST09_Semarang,HB04_CTG_NATIONAL,Inter-Region,Regular,COD,CR037,Bike,1.06,1.12,1.12,205041,21040,13252,8,0,0,,61.0,72,1,0,,1,0,,0,,59.13,4.56,8.47,ST09_Semarang,
SHPM000708,AWB260000708,2026-02-19 14:13:57.559223,2026-02-19 14:29:57.559223,2026-02-19 14:49:57.559223,2026-02-19 18:35:55.240129,2026-02-19 19:11:55.240129,2026-02-19 20:43:55.240129,2026-02-19 22:52:56.539057,2026-02-20 00:50:05.610809,2026-02-20 04:31:33.977570,2026-02-20 08:48:29.006954,2026-02-20 16:22:10.858476,2026-02-21 14:13:57.559223,Delivered,Closed,SHP084,Shipper 084,Enterprise,Central Java,ST11_Yogyakarta,HB04_CTG_NATIONAL,Central Java,ST11_Yogyakarta,HB04_CTG_NATIONAL,Intra-Region,Regular,COD,CR100,Bike,5.52,6.6,6.6,1301401,45700,27854,8,1,0,,36.0,48,1,0,,1,0,,0,,26.14,2.15,3.69,ST11_Yogyakarta,
SHPM000709,AWB260000709,2026-02-17 03:36:42.011636,2026-02-17 04:16:42.011636,2026-02-17 04:25:42.011636,2026-02-17 09:02:07.375624,2026-02-17 09:10:07.375624,2026-02-17 10:26:07.375624,2026-02-17 15:39:10.879620,2026-02-18 00:34:40.989313,2026-02-18 04:41:23.311156,2026-02-18 15:14:23.167285,2026-02-18 20:10:50.164105,2026-02-18 15:36:42.011636,Delivered,Closed,SHP082,Shipper 082,SME,Outer Java,ST16_Palembang,HB05_SUMATRA_GATEWAY,Jabodetabek,ST02_JKT_West,HB01_JKT_GATEWAY,Inter-Region,Next Day,Prepaid,CR150,Bike,0.66,0.78,0.78,728580,23510,20762,4,0,0,,8.0,36,0,0,,1,0,,0,,40.57,5.22,4.11,ST02_JKT_West,First Mile Delay
SHPM000710,AWB260000710,2026-02-19 23:26:06.330547,2026-02-20 00:10:06.330547,2026-02-20 00:27:06.330547,2026-02-20 02:48:58.502188,2026-02-20 03:02:58.502188,2026-02-20 04:31:58.502188,2026-02-20 06:49:26.356071,2026-02-20 08:57:18.708187,2026-02-20 17:48:48.805209,2026-02-21 04:45:43.365703,2026-02-21 14:33:39.160275,2026-02-21 11:26:06.330547,Delivered,Closed,SHP044,Shipper 044,Marketplace,Jabodetabek,ST05_Tangerang,HB01_JKT_GATEWAY,West Java,ST08_Bogor,HB01_JKT_GATEWAY,Inter-Region,Next Day,Prepaid,CR048,Truck,1.57,2.17,2.17,2371930,29765,18897,4,1,0,,14.0,36,0,0,,1,0,,0,,39.13,2.29,8.86,ST08_Bogor,Last Mile Delay
SHPM000711,AWB260000711,2026-02-17 23:04:20.168707,2026-02-17 23:41:20.168707,2026-02-18 00:06:20.168707,2026-02-18 02:33:22.449373,2026-02-18 03:12:22.449373,2026-02-18 04:59:22.449373,2026-02-18 09:24:18.080284,2026-02-18 11:13:21.587020,2026-02-18 20:00:45.909504,2026-02-19 04:47:06.641360,2026-02-19 11:57:52.312468,2026-02-18 23:04:20.168707,Delivered,Closed,SHP063,Shipper 063,Enterprise,Jabodetabek,ST01_JKT_Central,HB01_JKT_GATEWAY,Jabodetabek,ST05_Tangerang,HB01_JKT_GATEWAY,Intra-Region,Next Day,COD,CR006,Bike,0.59,0.58,0.59,1541515,26655,14660,4,1,0,,39.0,24,0,0,,1,0,,0,,36.89,4.42,8.79,ST05_Tangerang,Last Mile Delay
SHPM000712,AWB260000712,2026-03-27 10:30:02.951121,2026-03-27 11:02:02.951121,2026-03-27 11:50:02.951121,2026-03-27 15:21:07.505138,2026-03-27 16:15:07.505138,2026-03-27 17:08:07.505138,2026-03-27 22:55:48.892908,2026-03-28 07:41:10.045265,2026-03-28 12:39:20.617000,2026-03-29 06:24:00.418604,2026-03-29 17:16:01.736831,2026-03-30 10:30:02.951121,Delivered,Closed,SHP030,Shipper 030,Enterprise,Jabodetabek,ST01_JKT_Central,HB01_JKT_GATEWAY,East Java,ST13_Malang,HB03_SBY_GATEWAY,Inter-Region,Regular,Prepaid,CR003,Van,3.22,3.53,3.53,1499345,27885,25388,8,1,0,,54.0,72,1,0,,1,0,,0,,54.77,5.79,4.97,ST13_Malang,
SHPM000713,AWB260000713,2026-03-21 02:41:21.591636,2026-03-21 02:51:21.591636,2026-03-21 03:23:21.591636,2026-03-21 08:54:09.852794,2026-03-21 09:33:09.852794,2026-03-21 09:58:09.852794,2026-03-21 15:48:12.937210,2026-03-21 22:41:12.166132,2026-03-22 02:22:29.543763,2026-03-22 17:14:35.050308,2026-03-23 09:53:41.641427,2026-03-24 02:41:21.591636,Delivered,Closed,SHP088,Shipper 088,SME,Outer Java,ST19_Denpasar,HB06_EASTERN_GATEWAY,West Java,ST06_Bandung,HB01_JKT_GATEWAY,Inter-Region,Regular,Prepaid,CR179,Bike,0.39,0.42,0.42,1396689,13890,8727,8,1,0,,39.0,72,1,0,,1,0,,0,,55.21,5.83,3.69,ST06_Bandung,
SHPM000714,AWB260000714,2026-03-09 11:24:22.945614,2026-03-09 11:53:22.945614,2026-03-09 12:37:22.945614,2026-03-09 13:52:20.165064,2026-03-09 14:46:20.165064,2026-03-09 15:12:20.165064,2026-03-09 20:58:34.462725,2026-03-10 06:11:37.141840,2026-03-10 13:58:45.367601,2026-03-10 20:35:30.059499,2026-03-11 06:28:10.310727,2026-03-10 23:24:22.945614,Delivered,Closed,SHP040,Shipper 040,Marketplace,West Java,ST07_Cirebon,HB02_BDG_TRANSIT,Outer Java,ST18_Balikpapan,HB06_EASTERN_GATEWAY,Inter-Region,Next Day,COD,CR072,Van,1.74,2.08,2.08,1296672,33360,21792,4,1,0,,54.0,36,0,0,,1,0,,0,,43.06,5.77,7.79,ST18_Balikpapan,Remote Area
SHPM000715,AWB260000715,2026-03-27 12:17:19.702514,2026-03-27 12:37:19.702514,2026-03-27 13:26:19.702514,2026-03-27 17:06:04.070816,2026-03-27 17:30:04.070816,2026-03-27 19:20:04.070816,2026-03-27 22:37:58.595208,2026-03-28 02:39:46.592719,2026-03-28 12:50:02.862671,2026-03-28 18:11:29.692666,2026-03-29 04:50:45.810455,2026-03-30 12:17:19.702514,Delivered,Closed,SHP094,Shipper 094,SME,Outer Java,ST15_Medan,HB05_SUMATRA_GATEWAY,Jabodetabek,ST05_Tangerang,HB01_JKT_GATEWAY,Inter-Region,Regular,Prepaid,CR141,Van,2.84,3.0,3.0,2485877,25500,22783,8,1,0,,24.0,72,1,0,,1,0,,0,,40.56,3.3,10.17,ST05_Tangerang,
SHPM000716,AWB260000716,2026-02-16 18:44:42.563814,2026-02-16 18:51:42.563814,2026-02-16 19:16:42.563814,2026-02-16 22:40:04.899505,2026-02-16 23:13:04.899505,2026-02-17 00:13:04.899505,2026-02-17 04:50:52.404903,2026-02-17 08:02:52.840717,2026-02-17 17:22:08.745131,2026-02-18 07:45:34.794674,2026-02-18 12:45:41.237605,2026-02-18 06:44:42.563814,Delivered,Closed,SHP002,Shipper 002,Enterprise,Jabodetabek,ST04_Bekasi,HB01_JKT_GATEWAY,West Java,ST08_Bogor,HB01_JKT_GATEWAY,Inter-Region,Next Day,Prepaid,CR040,Bike,0.62,0.58,0.62,1679527,22790,13075,4,1,0,,33.0,36,0,0,,1,0,,0,,42.02,4.63,9.32,ST08_Bogor,Last Mile Delay
SHPM000717,AWB260000717,2026-03-03 21:06:47.220516,2026-03-03 21:43:47.220516,2026-03-03 22:13:47.220516,2026-03-04 06:53:44.926937,2026-03-04 08:05:44.926937,2026-03-04 10:00:44.926937,2026-03-04 18:08:54.335056,2026-03-04 20:45:37.557612,2026-03-05 05:55:37.841346,2026-03-05 17:02:31.804764,2026-03-06 04:11:52.340014,2026-03-06 21:06:47.220516,Delivered,Closed,SHP018,Shipper 018,Enterprise,West Java,ST07_Cirebon,HB02_BDG_TRANSIT,East Java,ST13_Malang,HB03_SBY_GATEWAY,Inter-Region,Regular,Prepaid,CR075,Van,2.85,2.77,2.85,873245,24825,14434,8,0,0,,72.0,72,1,0,,1,0,,0,,55.08,8.14,9.17,ST13_Malang,
SHPM000718,AWB260000718,2026-03-17 12:15:02.103798,2026-03-17 12:59:02.103798,2026-03-17 13:44:02.103798,2026-03-17 15:00:33.047960,2026-03-17 15:51:33.047960,2026-03-17 17:36:33.047960,2026-03-17 19:32:19.892610,2026-03-18 00:55:16.909087,2026-03-18 05:25:19.114989,2026-03-18 10:38:51.052008,2026-03-18 17:05:37.705100,2026-03-20 12:15:02.103798,Delivered,Closed,SHP049,Shipper 049,Enterprise,Jabodetabek,ST05_Tangerang,HB01_JKT_GATEWAY,West Java,ST07_Cirebon,HB02_BDG_TRANSIT,Inter-Region,Regular,Prepaid,CR049,Bike,1.99,1.94,1.99,733865,20955,16557,8,1,0,,51.0,72,1,0,,1,0,,0,,28.84,1.93,4.5,ST07_Cirebon,
SHPM000719,AWB260000719,2026-02-22 09:32:42.376884,2026-02-22 10:06:42.376884,2026-02-22 10:30:42.376884,2026-02-22 11:49:33.910446,2026-02-22 12:43:33.910446,2026-02-22 13:00:33.910446,2026-02-22 18:39:34.325096,2026-02-23 02:37:47.894801,2026-02-23 11:11:16.967327,2026-02-24 04:06:00.926458,2026-02-24 13:38:41.934080,2026-02-23 21:32:42.376884,Delivered,Closed,SHP036,Shipper 036,Marketplace,West Java,ST08_Bogor,HB01_JKT_GATEWAY,Jabodetabek,ST01_JKT_Central,HB01_JKT_GATEWAY,Inter-Region,Next Day,Prepaid,CR078,Bike,2.06,1.89,2.06,933589,29270,24770,4,1,0,,54.0,36,0,0,,1,0,,0,,52.1,5.65,8.56,ST01_JKT_Central,Last Mile Delay
SHPM000720,AWB260000720,2026-03-11 18:43:45.816371,2026-03-11 19:05:45.816371,2026-03-11 19:58:45.816371,2026-03-11 22:07:37.936820,2026-03-11 22:15:37.936820,2026-03-11 23:49:37.936820,2026-03-12 05:30:19.906694,2026-03-12 09:36:31.717569,2026-03-12 14:56:16.618074,2026-03-12 17:41:46.881511,2026-03-13 03:35:15.990574,2026-03-12 18:43:45.816371,Delivered,Closed,SHP071,Shipper 071,Enterprise,Jabodetabek,ST04_Bekasi,HB01_JKT_GATEWAY,Jabodetabek,ST04_Bekasi,HB01_JKT_GATEWAY,Intra-Region,Next Day,Prepaid,CR039,Bike,0.69,0.69,0.69,480356,23105,14014,4,1,0,,8.0,24,0,0,,1,0,,0,,32.86,5.68,5.33,ST04_Bekasi,Last Mile Delay
SHPM000721,AWB260000721,2026-02-18 03:17:24.280121,2026-02-18 03:58:24.280121,2026-02-18 04:47:24.280121,2026-02-18 12:55:21.643906,2026-02-18 13:55:21.643906,2026-02-18 14:18:21.643906,2026-02-18 19:24:05.880201,2026-02-19 04:19:50.960564,2026-02-19 08:28:29.480097,2026-02-19 21:21:43.054186,2026-02-20 22:29:19.962051,2026-02-21 03:17:24.280121,Delivered,Closed,SHP032,Shipper 032,Marketplace,West Java,ST06_Bandung,HB01_JKT_GATEWAY,Outer Java,ST19_Denpasar,HB06_EASTERN_GATEWAY,Inter-Region,Regular,Prepaid,CR058,Bike,1.02,1.4,1.4,2329338,18300,10775,8,0,0,,60.0,72,1,0,,1,0,,0,,67.2,5.1,4.14,ST19_Denpasar,
SHPM000722,AWB260000722,2026-03-20 21:32:58.066392,2026-03-20 21:59:58.066392,2026-03-20 22:11:58.066392,2026-03-21 00:18:48.775375,2026-03-21 01:25:48.775375,2026-03-21 02:19:48.775375,2026-03-21 04:48:51.761483,2026-03-21 10:24:45.432723,2026-03-21 17:30:26.176933,2026-03-22 07:14:22.609284,2026-03-22 12:44:19.503057,2026-03-21 13:32:58.066392,Delivered,Closed,SHP076,Shipper 076,Enterprise,West Java,ST06_Bandung,HB01_JKT_GATEWAY,Central Java,ST09_Semarang,HB04_CTG_NATIONAL,Inter-Region,Same Day,Prepaid,CR058,Bike,1.18,1.25,1.25,1530391,32625,19093,2,0,0,,67.0,16,0,0,,1,0,,0,,39.19,2.48,7.09,ST09_Semarang,First Mile Delay
SHPM000723,AWB260000723,2026-03-12 06:35:18.168166,2026-03-12 07:19:18.168166,2026-03-12 07:57:18.168166,2026-03-12 11:28:09.176076,2026-03-12 11:44:09.176076,2026-03-12 13:18:09.176076,2026-03-12 18:53:21.674151,2026-03-13 03:19:07.986982,2026-03-13 05:03:33.902822,2026-03-13 22:41:29.414287,2026-03-14 11:18:48.732049,2026-03-15 06:35:18.168166,Delivered,Closed,SHP033,Shipper 033,Marketplace,Jabodetabek,ST04_Bekasi,HB01_JKT_GATEWAY,East Java,ST12_Surabaya,HB03_SBY_GATEWAY,Inter-Region,Regular,Prepaid,CR033,Bike,2.67,2.8,2.8,473947,24600,19345,8,1,0,,16.0,72,1,0,,1,0,,0,,52.73,5.59,1.74,ST12_Surabaya,
SHPM000724,AWB260000724,2026-02-16 10:36:09.441331,2026-02-16 11:21:09.441331,2026-02-16 11:34:09.441331,2026-02-16 18:48:22.679751,2026-02-16 19:42:22.679751,2026-02-16 20:00:22.679751,2026-02-16 23:39:06.086178,2026-02-17 06:42:11.189343,2026-02-17 13:25:01.510666,2026-02-18 04:48:44.239330,2026-02-18 10:45:37.515667,2026-02-19 10:36:09.441331,Delivered,Closed,SHP089,Shipper 089,Enterprise,Central Java,ST11_Yogyakarta,HB04_CTG_NATIONAL,East Java,ST12_Surabaya,HB03_SBY_GATEWAY,Inter-Region,Regular,Prepaid,CR103,Bike,1.31,1.21,1.31,1435785,17895,14371,8,1,0,,54.0,72,1,0,,1,0,,0,,48.16,3.65,6.71,ST12_Surabaya,
SHPM000725,AWB260000725,2026-03-23 12:57:31.428529,2026-03-23 13:10:31.428529,2026-03-23 13:37:31.428529,2026-03-23 19:26:44.946013,2026-03-23 20:17:44.946013,2026-03-23 21:14:44.946013,2026-03-23 23:10:37.739857,2026-03-24 06:54:53.629924,2026-03-24 08:53:03.135277,2026-03-24 22:41:01.653559,2026-03-25 04:44:51.614218,2026-03-26 12:57:31.428529,Delivered,Closed,SHP094,Shipper 094,SME,Outer Java,ST15_Medan,HB05_SUMATRA_GATEWAY,West Java,ST08_Bogor,HB01_JKT_GATEWAY,Inter-Region,Regular,Prepaid,CR142,Van,0.83,1.2,1.2,951675,17400,15453,8,1,0,,51.0,72,1,0,,1,0,,0,,39.79,1.93,1.97,ST08_Bogor,
SHPM000726,AWB260000726,2026-03-15 22:27:08.915500,2026-03-15 22:34:08.915500,2026-03-15 23:01:08.915500,2026-03-16 01:58:49.755418,2026-03-16 02:31:49.755418,2026-03-16 03:28:49.755418,2026-03-16 06:39:31.484009,2026-03-16 16:21:44.063245,2026-03-16 20:35:16.387026,2026-03-17 02:02:47.358054,2026-03-17 07:55:45.209770,2026-03-17 10:27:08.915500,Delivered,Closed,SHP002,Shipper 002,Enterprise,Jabodetabek,ST01_JKT_Central,HB01_JKT_GATEWAY,East Java,ST12_Surabaya,HB03_SBY_GATEWAY,Inter-Region,Next Day,Prepaid,CR010,Truck,0.97,0.96,0.97,1764201,24365,20150,4,1,0,,33.0,36,1,0,,1,0,,0,,33.48,3.18,4.23,ST12_Surabaya,
SHPM000727,AWB260000727,2026-03-10 15:55:50.034505,2026-03-10 16:08:50.034505,2026-03-10 16:37:50.034505,2026-03-10 23:14:08.317686,2026-03-10 23:48:08.317686,2026-03-11 00:51:08.317686,2026-03-11 01:53:52.504943,2026-03-11 06:08:00.440365,2026-03-11 16:21:21.197470,2026-03-12 00:57:29.206274,2026-03-12 05:10:26.565351,2026-03-13 15:55:50.034505,Delivered,Closed,SHP056,Shipper 056,Enterprise,Jabodetabek,ST03_JKT_East,HB01_JKT_GATEWAY,East Java,ST13_Malang,HB03_SBY_GATEWAY,Inter-Region,Regular,COD,CR021,Truck,2.56,3.26,3.26,2433730,30670,21980,8,1,0,,34.0,72,1,0,,1,0,,0,,37.24,1.05,10.22,ST13_Malang,
SHPM000728,AWB260000728,2026-03-10 06:43:41.014505,2026-03-10 07:02:41.014505,2026-03-10 07:27:41.014505,2026-03-10 09:41:44.003223,2026-03-10 10:28:44.003223,2026-03-10 11:43:44.003223,2026-03-10 13:48:14.954753,2026-03-10 16:15:16.263804,2026-03-10 23:40:50.562301,2026-03-11 14:09:14.323726,2026-03-11 21:44:09.037989,2026-03-13 06:43:41.014505,Delivered,Closed,SHP012,Shipper 012,Marketplace,Outer Java,ST17_Makassar,HB06_EASTERN_GATEWAY,East Java,ST13_Malang,HB03_SBY_GATEWAY,Inter-Region,Regular,Prepaid,CR154,Truck,3.93,5.55,5.55,1611790,36975,24175,8,1,0,,47.0,72,1,0,,1,0,,0,,39.01,2.08,7.43,ST13_Malang,
SHPM000729,AWB260000729,2026-03-10 11:32:46.354141,2026-03-10 11:47:46.354141,2026-03-10 12:09:46.354141,2026-03-10 13:13:01.866393,2026-03-10 13:21:01.866393,2026-03-10 14:02:01.866393,2026-03-10 15:14:33.085873,2026-03-11 00:25:43.485672,2026-03-11 07:19:41.728353,2026-03-11 17:52:49.723443,2026-03-12 00:14:42.377844,2026-03-11 23:32:46.354141,Delivered,Closed,SHP083,Shipper 083,Marketplace,Jabodetabek,ST03_JKT_East,HB01_JKT_GATEWAY,East Java,ST13_Malang,HB03_SBY_GATEWAY,Inter-Region,Next Day,Prepaid,CR021,Bike,1.38,1.5,1.5,1092978,26750,16698,4,1,0,,8.0,36,0,0,,1,0,,0,,36.7,1.21,6.9,ST13_Malang,Last Mile Delay
SHPM000730,AWB260000730,2026-03-09 14:00:37.808919,2026-03-09 14:27:37.808919,2026-03-09 14:47:37.808919,2026-03-09 19:58:52.057558,2026-03-09 20:07:52.057558,2026-03-09 20:57:52.057558,2026-03-10 00:39:06.140364,2026-03-10 06:18:37.935606,2026-03-10 14:08:00.039950,2026-03-10 19:58:12.556492,2026-03-11 20:44:26.665714,2026-03-12 14:00:37.808919,Delivered,Closed,SHP095,Shipper 095,Enterprise,Central Java,ST11_Yogyakarta,HB04_CTG_NATIONAL,Outer Java,ST17_Makassar,HB06_EASTERN_GATEWAY,Inter-Region,Regular,Prepaid,CR103,Bike,2.47,2.87,2.87,1313531,24915,14512,8,1,0,,9.0,72,1,0,,1,0,,0,,54.73,3.69,7.82,ST17_Makassar,
SHPM000731,AWB260000731,2026-03-01 21:17:31.153417,2026-03-01 21:50:31.153417,2026-03-01 22:05:31.153417,2026-03-01 22:52:19.721671,2026-03-01 23:26:19.721671,2026-03-02 00:07:19.721671,2026-03-02 02:52:37.045112,2026-03-02 08:54:41.369323,2026-03-02 12:20:24.679979,2026-03-03 04:11:45.967133,2026-03-03 13:01:24.637374,2026-03-03 09:17:31.153417,Delivered,Closed,SHP075,Shipper 075,Marketplace,Outer Java,ST16_Palembang,HB05_SUMATRA_GATEWAY,Central Java,ST10_Solo,HB04_CTG_NATIONAL,Inter-Region,Next Day,Prepaid,CR146,Van,0.75,0.94,0.94,1325505,24230,16337,4,1,0,,34.0,36,0,0,,1,0,,0,,39.73,2.75,3.43,ST10_Solo,Last Mile Delay
SHPM000732,AWB260000732,2026-03-08 22:49:29.985740,2026-03-08 22:57:29.985740,2026-03-09 00:11:29.985740,,,,,,,,,2026-03-11 22:49:29.985740,Failed Pickup,Exception,SHP018,Shipper 018,Enterprise,West Java,ST07_Cirebon,HB02_BDG_TRANSIT,Jabodetabek,ST05_Tangerang,HB01_JKT_GATEWAY,Inter-Region,Regular,Prepaid,CR068,Bike,2.61,2.56,2.61,257859,23745,19028,8,0,1,Schedule Miss,,72,0,0,,0,0,,0,,685.18,,,ST07_Cirebon,
SHPM000733,AWB260000733,2026-02-26 12:19:02.245840,2026-02-26 12:49:02.245840,2026-02-26 13:12:02.245840,2026-02-26 16:12:28.695023,2026-02-26 16:41:28.695023,2026-02-26 18:25:28.695023,2026-02-26 23:41:14.883466,2026-02-27 04:04:43.564325,2026-02-27 11:35:57.539319,2026-02-27 17:59:29.142144,2026-02-27 23:07:57.525082,2026-02-28 00:19:02.245840,Delivered,Closed,SHP058,Shipper 058,Enterprise,Jabodetabek,ST01_JKT_Central,HB01_JKT_GATEWAY,East Java,ST13_Malang,HB03_SBY_GATEWAY,Inter-Region,Next Day,Prepaid,CR008,Van,2.34,2.52,2.52,240260,31340,28400,4,1,0,,29.0,36,1,0,,1,0,,0,,34.82,5.26,7.52,ST13_Malang,
SHPM000734,AWB260000734,2026-03-15 18:29:18.125703,2026-03-15 18:54:18.125703,2026-03-15 19:17:18.125703,2026-03-15 22:43:25.630282,2026-03-15 23:18:25.630282,2026-03-16 00:20:25.630282,2026-03-16 03:19:43.599568,2026-03-16 10:27:34.414264,2026-03-16 14:45:46.822730,2026-03-18 10:47:41.640162,,2026-03-18 18:29:18.125703,Return To Sender,RTS,SHP082,Shipper 082,SME,Outer Java,ST19_Denpasar,HB06_EASTERN_GATEWAY,Jabodetabek,ST03_JKT_East,HB01_JKT_GATEWAY,Inter-Region,Regular,COD,CR181,Bike,3.71,3.75,3.75,1957191,32875,26938,8,1,0,,35.0,72,0,1,Invalid Address,2,1,Missed Cut-Off,1,Invalid Address,521.51,2.99,4.3,ST03_JKT_East,Delivery Exception
SHPM000735,AWB260000735,2026-03-12 23:04:47.929540,2026-03-12 23:20:47.929540,2026-03-12 23:30:47.929540,2026-03-13 03:42:03.800998,2026-03-13 04:16:03.800998,2026-03-13 05:05:03.800998,2026-03-13 08:17:03.347319,2026-03-13 13:45:33.291690,2026-03-13 19:14:28.387843,2026-03-14 04:23:28.786402,2026-03-14 16:58:11.742171,2026-03-15 23:04:47.929540,Delivered,Closed,SHP056,Shipper 056,Enterprise,Jabodetabek,ST03_JKT_East,HB01_JKT_GATEWAY,West Java,ST08_Bogor,HB01_JKT_GATEWAY,Inter-Region,Regular,Prepaid,CR023,Van,0.64,0.62,0.64,1399156,14880,10740,8,1,0,,34.0,72,1,0,,1,0,,0,,41.89,3.2,5.48,ST08_Bogor,
SHPM000736,AWB260000736,2026-03-16 18:37:01.844407,2026-03-16 18:57:01.844407,2026-03-16 19:39:01.844407,,,,,,,,,2026-03-19 18:37:01.844407,Failed Pickup,Exception,SHP066,Shipper 066,Marketplace,West Java,ST07_Cirebon,HB02_BDG_TRANSIT,Outer Java,ST18_Balikpapan,HB06_EASTERN_GATEWAY,Inter-Region,Regular,Prepaid,CR064,Bike,0.8,1.13,1.13,1652354,17085,15264,8,0,1,Shipper Not Ready,,72,0,0,,0,0,,0,,497.38,,,ST07_Cirebon,
SHPM000737,AWB260000737,2026-03-26 06:10:40.470740,2026-03-26 06:55:40.470740,2026-03-26 07:17:40.470740,2026-03-26 11:15:17.806170,2026-03-26 11:53:17.806170,2026-03-26 13:33:17.806170,2026-03-26 16:07:31.134877,2026-03-26 20:01:39.408196,2026-03-26 23:02:44.053822,2026-03-27 08:48:46.482091,2026-03-27 16:52:48.976712,2026-03-27 18:10:40.470740,Delivered,Closed,SHP063,Shipper 063,Enterprise,Jabodetabek,ST05_Tangerang,HB01_JKT_GATEWAY,East Java,ST14_Kediri,HB03_SBY_GATEWAY,Inter-Region,Next Day,Prepaid,CR047,Bike,0.65,0.71,0.71,722978,23195,15119,4,0,0,,38.0,36,1,0,,1,0,,0,,34.7,2.57,3.02,ST14_Kediri,
SHPM000738,AWB260000738,2026-03-30 23:50:43.673009,2026-03-31 00:35:43.673009,2026-03-31 01:02:43.673009,2026-03-31 05:23:54.941780,2026-03-31 06:02:54.941780,2026-03-31 07:13:54.941780,2026-03-31 11:23:59.715260,2026-03-31 14:10:04.976035,2026-03-31 23:19:41.335325,2026-04-01 10:43:59.697446,2026-04-02 04:22:19.046500,2026-04-02 23:50:43.673009,Delivered,Closed,SHP075,Shipper 075,Marketplace,Outer Java,ST16_Palembang,HB05_SUMATRA_GATEWAY,West Java,ST06_Bandung,HB01_JKT_GATEWAY,Inter-Region,Regular,Prepaid,CR148,Van,1.78,1.64,1.78,488931,20010,12347,8,1,0,,39.0,72,1,0,,1,0,,0,,52.53,4.17,9.16,ST06_Bandung,
SHPM000739,AWB260000739,2026-02-21 00:56:14.624533,2026-02-21 01:03:14.624533,2026-02-21 01:31:14.624533,2026-02-21 07:03:48.645338,2026-02-21 07:19:48.645338,2026-02-21 08:47:48.645338,2026-02-21 09:57:50.629532,2026-02-21 13:08:09.772361,2026-02-21 21:59:37.332581,2026-02-22 00:49:45.977982,2026-02-22 07:00:53.205733,2026-02-23 00:56:14.624533,Delivered,Closed,SHP034,Shipper 034,Enterprise,Jabodetabek,ST01_JKT_Central,HB01_JKT_GATEWAY,Jabodetabek,ST04_Bekasi,HB01_JKT_GATEWAY,Intra-Region,Regular,Prepaid,CR011,Bike,1.16,1.07,1.16,312454,17220,11867,8,1,0,,16.0,48,1,0,,1,0,,0,,30.08,1.17,8.86,ST04_Bekasi,
SHPM000740,AWB260000740,2026-03-21 03:51:13.171603,2026-03-21 03:59:13.171603,2026-03-21 04:20:13.171603,2026-03-21 06:00:48.011428,2026-03-21 06:41:48.011428,2026-03-21 08:38:48.011428,2026-03-21 11:22:25.318659,2026-03-21 14:13:31.668446,2026-03-21 17:45:39.195641,2026-03-21 22:51:20.898635,2026-03-22 08:34:16.457891,2026-03-22 15:51:13.171603,Delivered,Closed,SHP082,Shipper 082,SME,Outer Java,ST19_Denpasar,HB06_EASTERN_GATEWAY,Central Java,ST11_Yogyakarta,HB04_CTG_NATIONAL,Inter-Region,Next Day,Prepaid,CR180,Bike,2.3,3.72,3.72,1735869,36740,30541,4,1,0,,41.0,36,1,0,,1,0,,0,,28.72,2.73,3.54,ST11_Yogyakarta,
SHPM000741,AWB260000741,2026-03-16 06:49:44.161127,2026-03-16 06:54:44.161127,2026-03-16 07:08:44.161127,2026-03-16 11:27:42.134289,2026-03-16 11:35:42.134289,2026-03-16 12:36:42.134289,2026-03-16 16:24:55.091388,2026-03-16 19:38:32.079463,2026-03-17 05:47:52.965692,2026-03-17 17:28:32.542060,2026-03-18 00:47:51.685147,2026-03-19 06:49:44.161127,Delivered,Closed,SHP023,Shipper 023,Enterprise,West Java,ST08_Bogor,HB01_JKT_GATEWAY,East Java,ST13_Malang,HB03_SBY_GATEWAY,Inter-Region,Regular,COD,CR077,Van,0.81,0.88,0.88,607893,19960,18668,8,1,0,,8.0,72,1,0,,1,0,,0,,41.97,3.8,10.16,ST13_Malang,
SHPM000742,AWB260000742,2026-03-20 10:54:51.553915,2026-03-20 11:39:51.553915,2026-03-20 12:01:51.553915,2026-03-20 20:07:38.031022,2026-03-20 20:30:38.031022,2026-03-20 22:26:38.031022,2026-03-21 02:39:12.432180,2026-03-21 09:11:39.564607,2026-03-21 20:58:04.972688,2026-03-22 12:55:32.780697,2026-03-22 21:23:03.830022,2026-03-23 10:54:51.553915,Delivered,Closed,SHP094,Shipper 094,SME,Outer Java,ST15_Medan,HB05_SUMATRA_GATEWAY,East Java,ST14_Kediri,HB03_SBY_GATEWAY,Inter-Region,Regular,Prepaid,CR139,Bike,1.01,1.1,1.1,389720,16950,10652,8,0,0,,23.0,72,1,0,,1,0,,0,,58.47,4.21,11.77,ST14_Kediri,
SHPM000743,AWB260000743,2026-03-30 22:09:13.240090,2026-03-30 22:15:13.240090,2026-03-30 22:40:13.240090,2026-03-31 02:23:26.483320,2026-03-31 02:50:26.483320,2026-03-31 04:20:26.483320,2026-03-31 06:25:21.463125,2026-03-31 15:07:21.501910,2026-04-01 00:12:23.574060,2026-04-01 11:52:31.554881,2026-04-01 21:37:58.907927,2026-04-01 10:09:13.240090,Delivered,Closed,SHP029,Shipper 029,SME,Outer Java,ST20_Banjarmasin,HB06_EASTERN_GATEWAY,Jabodetabek,ST03_JKT_East,HB01_JKT_GATEWAY,Inter-Region,Next Day,COD,CR189,Bike,2.34,2.53,2.53,733029,35385,22488,4,0,0,,27.0,36,0,0,,1,0,,0,,47.48,2.08,9.08,ST03_JKT_East,First Mile Delay
SHPM000744,AWB260000744,2026-02-27 06:41:31.389367,2026-02-27 07:15:31.389367,2026-02-27 07:46:31.389367,2026-02-27 12:01:33.530372,2026-02-27 12:35:33.530372,2026-02-27 13:03:33.530372,2026-02-27 18:54:57.366142,2026-02-27 22:48:49.830074,2026-02-28 05:11:48.043586,2026-02-28 12:04:25.084482,,2026-02-28 18:41:31.389367,Delivery Exception,Exception,SHP017,Shipper 017,Marketplace,Outer Java,ST17_Makassar,HB06_EASTERN_GATEWAY,East Java,ST12_Surabaya,HB03_SBY_GATEWAY,Inter-Region,Next Day,COD,CR160,Truck,1.06,0.96,1.06,87857,28770,21366,4,0,0,,34.0,36,0,1,Invalid Address,3,0,,0,,917.31,5.86,6.38,ST12_Surabaya,Delivery Exception
SHPM000745,AWB260000745,2026-03-06 09:54:12.496201,2026-03-06 10:20:12.496201,2026-03-06 10:50:12.496201,2026-03-06 16:27:30.818970,2026-03-06 16:50:30.818970,2026-03-06 17:09:30.818970,2026-03-06 19:46:23.041949,2026-03-07 05:01:21.813859,2026-03-07 14:25:35.064702,2026-03-08 16:51:05.491907,2026-03-09 06:47:12.110661,2026-03-09 09:54:12.496201,Delivered,Closed,SHP056,Shipper 056,Enterprise,Jabodetabek,ST03_JKT_East,HB01_JKT_GATEWAY,Central Java,ST10_Solo,HB04_CTG_NATIONAL,Inter-Region,Regular,Prepaid,CR025,Van,0.59,0.54,0.59,2056168,14655,11995,8,1,0,,23.0,72,1,0,,1,1,Capacity Delay,0,,68.88,2.61,9.4,ST10_Solo,
SHPM000746,AWB260000746,2026-03-09 04:37:14.899139,2026-03-09 04:53:14.899139,2026-03-09 05:28:14.899139,2026-03-09 11:21:02.830233,2026-03-09 12:11:02.830233,2026-03-09 12:43:02.830233,2026-03-09 17:37:20.089582,2026-03-09 22:20:58.819068,2026-03-10 07:45:26.727849,2026-03-10 14:13:38.946727,2026-03-11 07:36:54.312454,2026-03-12 04:37:14.899139,Delivered,Closed,SHP031,Shipper 031,SME,East Java,ST13_Malang,HB03_SBY_GATEWAY,Outer Java,ST18_Balikpapan,HB06_EASTERN_GATEWAY,Inter-Region,Regular,Prepaid,CR114,Bike,1.31,1.32,1.32,1187086,17940,13200,8,1,0,,50.0,72,1,0,,1,0,,0,,50.99,4.9,9.41,ST18_Balikpapan,
SHPM000747,AWB260000747,2026-03-10 11:57:59.837142,2026-03-10 12:07:59.837142,2026-03-10 12:24:59.837142,2026-03-10 15:18:50.927974,2026-03-10 15:58:50.927974,2026-03-10 16:28:50.927974,2026-03-10 17:36:38.897390,2026-03-10 19:15:45.008421,2026-03-10 21:37:05.234567,2026-03-10 23:28:16.526989,2026-03-11 03:40:19.735718,2026-03-11 11:57:59.837142,Delivered,Closed,SHP086,Shipper 086,Marketplace,Jabodetabek,ST02_JKT_West,HB01_JKT_GATEWAY,Jabodetabek,ST05_Tangerang,HB01_JKT_GATEWAY,Intra-Region,Next Day,Prepaid,CR018,Bike,0.6,0.55,0.6,849191,22700,16558,4,1,0,,40.0,24,1,0,,1,0,,0,,15.71,1.13,2.36,ST05_Tangerang,
SHPM000748,AWB260000748,2026-03-02 08:59:05.451931,2026-03-02 09:36:05.451931,2026-03-02 10:28:05.451931,,,,,,,,,2026-03-03 20:59:05.451931,Failed Pickup,Exception,SHP066,Shipper 066,Marketplace,West Java,ST07_Cirebon,HB02_BDG_TRANSIT,Central Java,ST09_Semarang,HB04_CTG_NATIONAL,Inter-Region,Next Day,COD,CR064,Bike,1.39,1.27,1.39,995324,30255,16964,4,0,1,Shipper Not Ready,,36,0,0,,0,0,,0,,843.02,,,ST07_Cirebon,
SHPM000749,AWB260000749,2026-03-21 18:56:21.945176,2026-03-21 19:38:21.945176,2026-03-21 20:10:21.945176,2026-03-22 03:32:19.460495,2026-03-22 03:49:19.460495,2026-03-22 05:04:19.460495,2026-03-22 09:52:24.936889,2026-03-22 12:13:49.624290,2026-03-22 16:06:04.799288,2026-03-23 00:32:09.203021,2026-03-23 17:18:34.610901,2026-03-24 18:56:21.945176,Delivered,Closed,SHP062,Shipper 062,Enterprise,Jabodetabek,ST04_Bekasi,HB01_JKT_GATEWAY,West Java,ST06_Bandung,HB01_JKT_GATEWAY,Inter-Region,Regular,Prepaid,CR034,Bike,2.42,2.39,2.42,281662,22890,16139,8,1,0,,17.0,72,1,0,,1,0,,0,,46.37,4.8,3.87,ST06_Bandung,
SHPM000750,AWB260000750,2026-03-31 22:17:05.602475,2026-03-31 22:46:05.602475,2026-03-31 23:24:05.602475,2026-04-01 03:57:11.959275,2026-04-01 04:37:11.959275,2026-04-01 06:06:11.959275,2026-04-01 11:33:29.967092,2026-04-01 16:26:14.471795,2026-04-02 00:01:27.940585,2026-04-02 16:35:29.239508,2026-04-03 03:22:08.726593,2026-04-03 22:17:05.602475,Delivered,Closed,SHP028,Shipper 028,Marketplace,Jabodetabek,ST01_JKT_Central,HB01_JKT_GATEWAY,East Java,ST13_Malang,HB03_SBY_GATEWAY,Inter-Region,Regular,COD,CR002,Truck,1.69,1.77,1.77,526255,23965,14302,8,1,0,,40.0,72,1,0,,1,0,,0,,53.08,5.46,7.59,ST13_Malang,
SHPM000751,AWB260000751,2026-04-01 04:24:51.775457,2026-04-01 04:30:51.775457,2026-04-01 04:58:51.775457,2026-04-01 06:29:38.768481,2026-04-01 06:40:38.768481,2026-04-01 07:39:38.768481,2026-04-01 12:22:08.342343,2026-04-01 14:27:36.886521,2026-04-01 20:30:57.295519,2026-04-02 10:55:20.133066,2026-04-02 18:46:18.657761,2026-04-02 16:24:51.775457,Delivered,Closed,SHP032,Shipper 032,Marketplace,West Java,ST06_Bandung,HB01_JKT_GATEWAY,Jabodetabek,ST04_Bekasi,HB01_JKT_GATEWAY,Inter-Region,Next Day,Prepaid,CR059,Truck,1.4,2.07,2.07,515018,29315,22067,4,1,0,,11.0,36,0,0,,1,0,,0,,38.36,4.71,6.06,ST04_Bekasi,Last Mile Delay
SHPM000752,AWB260000752,2026-02-18 13:17:15.750924,2026-02-18 13:36:15.750924,2026-02-18 13:47:15.750924,2026-02-18 22:03:50.265308,2026-02-18 22:41:50.265308,2026-02-19 00:36:50.265308,2026-02-19 02:02:27.446946,2026-02-19 11:36:42.398517,2026-02-20 12:07:08.577918,2026-02-20 18:43:14.464506,2026-02-21 04:25:00.542606,2026-02-21 13:17:15.750924,Delivered,Closed,SHP093,Shipper 093,SME,East Java,ST13_Malang,HB03_SBY_GATEWAY,Jabodetabek,ST04_Bekasi,HB01_JKT_GATEWAY,Inter-Region,Regular,COD,CR120,Bike,1.1,1.6,1.6,1165494,23200,21047,8,0,0,,38.0,72,1,0,,1,0,,0,,63.13,1.43,24.51,ST04_Bekasi,
SHPM000753,AWB260000753,2026-03-31 01:42:51.207196,2026-03-31 02:11:51.207196,2026-03-31 02:16:51.207196,2026-03-31 04:04:17.219508,2026-03-31 04:20:17.219508,2026-03-31 05:58:17.219508,2026-03-31 07:37:26.484871,2026-03-31 12:21:07.962330,2026-03-31 19:29:52.483155,2026-04-01 05:35:28.151829,2026-04-01 06:48:56.771643,2026-03-31 17:42:51.207196,Delivered,Closed,SHP017,Shipper 017,Marketplace,Outer Java,ST16_Palembang,HB05_SUMATRA_GATEWAY,Jabodetabek,ST02_JKT_West,HB01_JKT_GATEWAY,Inter-Region,Same Day,Prepaid,CR145,Van,7.66,9.69,9.69,1711111,70605,61832,2,1,0,,16.0,16,0,0,,1,0,,0,,29.1,1.65,7.15,ST02_JKT_West,Last Mile Delay
SHPM000754,AWB260000754,2026-03-19 12:07:12.902305,2026-03-19 12:28:12.902305,2026-03-19 13:01:12.902305,2026-03-19 14:00:51.503213,2026-03-19 14:54:51.503213,2026-03-19 16:05:51.503213,2026-03-19 19:08:55.050740,2026-03-20 05:05:43.757804,2026-03-21 03:19:44.604866,2026-03-21 18:44:18.038258,2026-03-22 01:41:39.051815,2026-03-21 00:07:12.902305,Delivered,Closed,SHP079,Shipper 079,Marketplace,East Java,ST13_Malang,HB03_SBY_GATEWAY,Jabodetabek,ST05_Tangerang,HB01_JKT_GATEWAY,Inter-Region,Next Day,Prepaid,CR122,Van,1.96,3.28,3.28,1303301,34760,29749,4,1,0,,54.0,36,0,0,,1,0,,0,,61.57,3.05,22.23,ST05_Tangerang,Hub Bottleneck
SHPM000755,AWB260000755,2026-03-07 13:19:45.899292,2026-03-07 14:00:45.899292,2026-03-07 14:20:45.899292,2026-03-07 17:00:20.833168,2026-03-07 17:16:20.833168,2026-03-07 18:37:20.833168,2026-03-07 22:06:27.967660,2026-03-08 06:43:07.318927,2026-03-08 15:33:54.762501,2026-03-08 23:50:09.563153,2026-03-09 05:30:51.178517,2026-03-09 01:19:45.899292,Delivered,Closed,SHP070,Shipper 070,Enterprise,Jabodetabek,ST04_Bekasi,HB01_JKT_GATEWAY,East Java,ST12_Surabaya,HB03_SBY_GATEWAY,Inter-Region,Next Day,COD,CR034,Truck,3.96,3.82,3.96,836561,41820,29938,4,1,0,,16.0,36,0,0,,1,0,,0,,40.18,3.49,8.85,ST12_Surabaya,Last Mile Delay
SHPM000756,AWB260000756,2026-02-20 18:18:19.598420,2026-02-20 18:28:19.598420,2026-02-20 18:57:19.598420,,,,,,,,,2026-02-23 18:18:19.598420,Failed Pickup,Exception,SHP061,Shipper 061,Enterprise,Outer Java,ST17_Makassar,HB06_EASTERN_GATEWAY,Jabodetabek,ST02_JKT_West,HB01_JKT_GATEWAY,Inter-Region,Regular,Prepaid,CR158,Bike,1.24,1.31,1.31,241245,17895,13615,8,0,1,Schedule Miss,,72,0,0,,0,0,,0,,1073.69,,,ST17_Makassar,
SHPM000757,AWB260000757,2026-03-01 01:49:59.506258,2026-03-01 02:30:59.506258,2026-03-01 02:48:59.506258,2026-03-01 04:36:07.039742,2026-03-01 05:19:07.039742,2026-03-01 06:42:07.039742,2026-03-01 12:14:40.897362,2026-03-01 16:58:40.543001,2026-03-02 02:11:41.445818,2026-03-02 19:18:39.252047,2026-03-02 22:48:12.126109,2026-03-01 17:49:59.506258,Delivered,Closed,SHP007,Shipper 007,SME,Jabodetabek,ST05_Tangerang,HB01_JKT_GATEWAY,West Java,ST08_Bogor,HB01_JKT_GATEWAY,Inter-Region,Same Day,COD,CR049,Bike,0.79,0.76,0.79,1573561,34555,29785,2,0,0,,43.0,16,0,0,,1,0,,0,,44.97,5.54,9.22,ST08_Bogor,First Mile Delay
SHPM000758,AWB260000758,2026-02-21 18:28:42.625167,2026-02-21 18:33:42.625167,2026-02-21 19:16:42.625167,2026-02-22 13:53:53.752678,2026-02-22 14:55:53.752678,2026-02-22 16:29:53.752678,2026-02-22 18:32:44.552400,2026-02-22 21:35:28.591807,2026-02-23 03:25:11.439824,2026-02-23 15:33:57.806617,2026-02-24 03:28:38.949641,2026-02-24 18:28:42.625167,Delivered,Closed,SHP060,Shipper 060,Enterprise,East Java,ST12_Surabaya,HB03_SBY_GATEWAY,Jabodetabek,ST01_JKT_Central,HB01_JKT_GATEWAY,Inter-Region,Regular,Prepaid,CR111,Van,0.55,0.81,0.81,732394,15645,13008,8,0,0,,62.0,72,1,0,,1,0,,0,,57.0,2.05,5.83,ST01_JKT_Central,
SHPM000759,AWB260000759,2026-03-25 12:25:57.953616,2026-03-25 13:08:57.953616,2026-03-25 13:37:57.953616,2026-03-25 21:42:13.221442,2026-03-25 22:23:13.221442,2026-03-25 22:52:13.221442,2026-03-26 04:50:41.763853,2026-03-26 14:33:01.123417,2026-03-27 01:39:18.306590,2026-03-27 10:32:32.757292,2026-03-27 16:21:59.174109,2026-03-28 12:25:57.953616,Delivered,Closed,SHP061,Shipper 061,Enterprise,Outer Java,ST18_Balikpapan,HB06_EASTERN_GATEWAY,Central Java,ST11_Yogyakarta,HB04_CTG_NATIONAL,Inter-Region,Regular,Prepaid,CR170,Bike,0.99,1.29,1.29,516472,17805,14096,8,0,0,,41.0,72,1,0,,1,0,,0,,51.93,5.97,11.1,ST11_Yogyakarta,
SHPM000760,AWB260000760,2026-03-14 13:33:52.757253,2026-03-14 13:50:52.757253,2026-03-14 14:10:52.757253,2026-03-14 19:28:48.836437,2026-03-14 19:52:48.836437,2026-03-14 20:55:48.836437,2026-03-14 23:44:23.093395,2026-03-15 01:10:51.667447,2026-03-15 12:10:23.002713,2026-03-15 19:19:05.452875,2026-03-15 23:55:13.187049,2026-03-16 13:33:52.757253,Delivered,Closed,SHP059,Shipper 059,Marketplace,Jabodetabek,ST02_JKT_West,HB01_JKT_GATEWAY,Jabodetabek,ST04_Bekasi,HB01_JKT_GATEWAY,Intra-Region,Regular,Prepaid,CR013,Van,2.82,2.81,2.82,2039014,24690,16126,8,1,0,,24.0,48,1,0,,1,0,,0,,34.36,2.81,10.99,ST04_Bekasi,
SHPM000761,AWB260000761,2026-02-22 17:23:05.741405,2026-02-22 17:50:05.741405,2026-02-22 18:04:05.741405,2026-02-22 22:10:30.203258,2026-02-22 22:50:30.203258,2026-02-23 00:33:30.203258,2026-02-23 05:43:29.412070,2026-02-23 08:43:55.065654,2026-02-23 13:51:42.763197,2026-02-23 19:17:29.641734,2026-02-24 07:19:44.884344,2026-02-24 05:23:05.741405,Delivered,Closed,SHP005,Shipper 005,Enterprise,Central Java,ST10_Solo,HB04_CTG_NATIONAL,Outer Java,ST20_Banjarmasin,HB06_EASTERN_GATEWAY,Inter-Region,Next Day,Prepaid,CR092,Bike,1.43,1.46,1.46,260018,26570,17664,4,0,0,,40.0,36,0,0,,1,0,,0,,37.94,5.17,5.13,ST20_Banjarmasin,First Mile Delay
SHPM000762,AWB260000762,2026-03-25 01:20:39.710099,2026-03-25 02:05:39.710099,2026-03-25 02:41:39.710099,2026-03-25 05:36:58.886840,2026-03-25 06:20:58.886840,2026-03-25 07:42:58.886840,2026-03-25 13:38:29.830127,2026-03-25 17:49:29.274698,2026-03-26 10:28:34.007172,2026-03-26 22:57:13.767951,2026-03-27 07:28:35.081119,2026-03-28 01:20:39.710099,Delivered,Closed,SHP090,Shipper 090,Enterprise,East Java,ST14_Kediri,HB03_SBY_GATEWAY,Jabodetabek,ST01_JKT_Central,HB01_JKT_GATEWAY,Inter-Region,Regular,Prepaid,CR126,Van,0.73,0.98,0.98,1977586,16410,11789,8,1,0,,44.0,72,1,0,,1,0,,0,,54.13,5.93,16.65,ST01_JKT_Central,
SHPM000763,AWB260000763,2026-03-06 05:47:28.283518,2026-03-06 06:04:28.283518,2026-03-06 06:41:28.283518,2026-03-06 07:42:32.011349,2026-03-06 08:40:32.011349,2026-03-06 09:53:32.011349,2026-03-06 12:55:30.437565,2026-03-06 21:50:32.797517,2026-03-07 08:41:05.060508,2026-03-07 19:33:20.413167,2026-03-08 00:37:31.036205,2026-03-06 21:47:28.283518,Delivered,Closed,SHP071,Shipper 071,Enterprise,Jabodetabek,ST01_JKT_Central,HB01_JKT_GATEWAY,Outer Java,ST19_Denpasar,HB06_EASTERN_GATEWAY,Inter-Region,Same Day,Prepaid,CR001,Bike,0.51,0.51,0.51,1686700,29295,20830,2,1,0,,58.0,16,0,0,,1,0,,0,,42.83,3.03,10.84,ST19_Denpasar,Hub Bottleneck
SHPM000764,AWB260000764,2026-03-28 19:31:24.387158,2026-03-28 20:01:24.387158,2026-03-28 20:20:24.387158,2026-03-29 02:43:35.481808,2026-03-29 03:12:35.481808,2026-03-29 05:08:35.481808,2026-03-29 11:05:59.641802,2026-03-29 15:52:26.318819,2026-03-29 22:45:52.240045,2026-03-30 11:01:03.640802,2026-03-30 22:10:15.080697,2026-03-31 19:31:24.387158,Delivered,Closed,SHP026,Shipper 026,Marketplace,Outer Java,ST18_Balikpapan,HB06_EASTERN_GATEWAY,West Java,ST08_Bogor,HB01_JKT_GATEWAY,Inter-Region,Regular,COD,CR166,Van,1.11,1.21,1.21,538003,21445,13479,8,1,0,,29.0,72,1,0,,1,0,,0,,50.65,5.96,6.89,ST08_Bogor,
SHPM000765,AWB260000765,2026-03-27 12:45:15.607861,2026-03-27 13:24:15.607861,2026-03-27 13:38:15.607861,2026-03-27 14:36:47.525272,2026-03-27 15:36:47.525272,2026-03-27 16:00:47.525272,2026-03-27 19:00:43.225536,2026-03-27 22:00:58.014217,2026-03-28 16:50:35.165836,2026-03-29 08:29:17.513016,2026-03-29 13:24:23.737390,2026-03-29 00:45:15.607861,Delivered,Closed,SHP093,Shipper 093,SME,East Java,ST13_Malang,HB03_SBY_GATEWAY,West Java,ST08_Bogor,HB01_JKT_GATEWAY,Inter-Region,Next Day,Prepaid,CR114,Van,0.79,0.74,0.79,1624994,23555,21749,4,1,0,,60.0,36,0,0,,1,0,,0,,48.65,3.0,18.83,ST08_Bogor,Hub Bottleneck
SHPM000766,AWB260000766,2026-02-17 23:20:51.690813,2026-02-17 23:57:51.690813,2026-02-18 00:26:51.690813,2026-02-18 06:04:08.530977,2026-02-18 06:36:08.530977,2026-02-18 08:36:08.530977,2026-02-18 14:29:19.098709,2026-02-19 00:16:42.162993,2026-02-19 05:24:12.965684,2026-02-19 10:40:50.812952,2026-02-19 18:14:08.802813,2026-02-20 23:20:51.690813,Delivered,Closed,SHP096,Shipper 096,Marketplace,Jabodetabek,ST02_JKT_West,HB01_JKT_GATEWAY,East Java,ST12_Surabaya,HB03_SBY_GATEWAY,Inter-Region,Regular,COD,CR013,Bike,1.07,1.0,1.07,1790960,20815,18574,8,1,0,,32.0,72,1,0,,1,0,,0,,42.89,5.89,5.13,ST12_Surabaya,
SHPM000767,AWB260000767,2026-03-21 14:44:34.166524,2026-03-21 14:50:34.166524,2026-03-21 15:24:34.166524,2026-03-21 16:21:09.035875,2026-03-21 16:41:09.035875,2026-03-21 18:04:09.035875,2026-03-21 22:21:17.432170,2026-03-22 07:29:20.618595,2026-03-22 16:30:29.914619,2026-03-23 00:35:42.412759,2026-03-23 06:31:02.929515,2026-03-23 02:44:34.166524,Delivered,Closed,SHP072,Shipper 072,Enterprise,Outer Java,ST18_Balikpapan,HB06_EASTERN_GATEWAY,West Java,ST07_Cirebon,HB02_BDG_TRANSIT,Inter-Region,Next Day,COD,CR167,Bike,2.52,2.36,2.52,1052687,35340,28619,4,1,0,,20.0,36,0,0,,1,0,,0,,39.77,4.29,9.02,ST07_Cirebon,Last Mile Delay
SHPM000768,AWB260000768,2026-02-17 05:23:48.531777,2026-02-17 06:05:48.531777,2026-02-17 06:36:48.531777,2026-02-17 11:01:11.996675,2026-02-17 11:40:11.996675,2026-02-17 12:01:11.996675,2026-02-17 16:41:00.228530,2026-02-17 23:28:57.225174,2026-02-18 06:04:52.609774,2026-02-18 17:45:21.800616,2026-02-19 08:56:43.934477,2026-02-20 05:23:48.531777,Delivered,Closed,SHP034,Shipper 034,Enterprise,Jabodetabek,ST01_JKT_Central,HB01_JKT_GATEWAY,West Java,ST08_Bogor,HB01_JKT_GATEWAY,Inter-Region,Regular,Prepaid,CR009,Bike,1.16,1.34,1.34,2472102,18030,10089,8,1,0,,39.0,72,1,0,,1,0,,0,,51.55,4.66,6.6,ST08_Bogor,
SHPM000769,AWB260000769,2026-03-27 21:03:43.735691,2026-03-27 21:45:43.735691,2026-03-27 21:50:43.735691,2026-03-28 00:48:00.358344,2026-03-28 02:08:00.358344,2026-03-28 03:30:00.358344,2026-03-28 04:40:17.305445,2026-03-28 10:30:17.326820,2026-03-28 13:38:37.241711,2026-03-29 00:59:28.518342,2026-03-29 04:00:05.737400,2026-03-29 09:03:43.735691,Delivered,Closed,SHP041,Shipper 041,SME,West Java,ST08_Bogor,HB01_JKT_GATEWAY,Central Java,ST11_Yogyakarta,HB04_CTG_NATIONAL,Inter-Region,Next Day,Prepaid,CR078,Van,0.86,0.93,0.93,2265363,24185,13744,4,1,0,,80.0,36,1,0,,1,0,,0,,30.94,1.17,3.14,ST11_Yogyakarta,
SHPM000770,AWB260000770,2026-03-26 09:27:36.987758,2026-03-26 10:08:36.987758,2026-03-26 10:24:36.987758,2026-03-26 15:59:02.330469,2026-03-26 16:57:02.330469,2026-03-26 17:22:02.330469,2026-03-26 19:40:06.151961,2026-03-27 01:30:53.363975,2026-03-27 08:56:23.853035,2026-03-28 02:12:34.597442,2026-03-28 18:22:01.822096,2026-03-29 09:27:36.987758,Delivered,Closed,SHP065,Shipper 065,Marketplace,Jabodetabek,ST01_JKT_Central,HB01_JKT_GATEWAY,West Java,ST07_Cirebon,HB02_BDG_TRANSIT,Inter-Region,Regular,COD,CR010,Van,1.27,1.26,1.27,2048988,21715,18546,8,1,0,,58.0,72,1,0,,1,0,,0,,56.91,2.3,7.43,ST07_Cirebon,
SHPM000771,AWB260000771,2026-03-02 16:33:02.265942,2026-03-02 16:40:02.265942,2026-03-02 17:38:02.265942,2026-03-02 23:43:11.039039,2026-03-03 01:29:11.039039,2026-03-03 03:25:11.039039,2026-03-03 06:58:08.674927,2026-03-03 09:45:52.018748,2026-03-03 23:55:07.193074,2026-03-04 06:19:34.012602,2026-03-04 17:03:10.533069,2026-03-05 16:33:02.265942,Delivered,Closed,SHP010,Shipper 010,Enterprise,East Java,ST12_Surabaya,HB03_SBY_GATEWAY,West Java,ST08_Bogor,HB01_JKT_GATEWAY,Inter-Region,Regular,Prepaid,CR108,Bike,0.4,0.43,0.43,1359689,13935,8832,8,1,0,,106.0,72,1,0,,1,0,,0,,48.5,3.55,14.15,ST08_Bogor,
SHPM000772,AWB260000772,2026-02-22 13:30:57.564997,2026-02-22 14:05:57.564997,2026-02-22 14:40:57.564997,2026-02-22 15:08:57.998629,2026-02-22 16:00:57.998629,2026-02-22 16:46:57.998629,2026-02-22 20:24:48.733046,2026-02-23 04:35:35.206717,2026-02-23 06:58:26.772995,2026-02-23 13:00:25.869775,2026-02-24 04:36:09.618671,2026-02-24 01:30:57.564997,Delivered,Closed,SHP014,Shipper 014,Enterprise,Jabodetabek,ST05_Tangerang,HB01_JKT_GATEWAY,Outer Java,ST17_Makassar,HB06_EASTERN_GATEWAY,Inter-Region,Next Day,Prepaid,CR047,Bike,2.91,2.95,2.95,1015003,33275,26701,4,1,0,,52.0,36,0,0,,1,0,,0,,39.09,3.63,2.38,ST17_Makassar,Remote Area
SHPM000773,AWB260000773,2026-03-31 05:19:50.532000,2026-03-31 06:04:50.532000,2026-03-31 06:31:50.532000,2026-03-31 07:13:21.548186,2026-03-31 07:52:21.548186,2026-03-31 08:11:21.548186,2026-03-31 11:03:02.594034,2026-03-31 18:59:57.066381,2026-04-01 01:14:27.845443,2026-04-01 17:15:54.567850,2026-04-01 22:35:08.954311,2026-04-01 17:19:50.532000,Delivered,Closed,SHP048,Shipper 048,Enterprise,Outer Java,ST17_Makassar,HB06_EASTERN_GATEWAY,West Java,ST07_Cirebon,HB02_BDG_TRANSIT,Inter-Region,Next Day,Prepaid,CR161,Van,1.71,1.81,1.81,432508,28145,19271,4,1,0,,39.0,36,0,0,,1,0,,0,,41.26,2.86,6.24,ST07_Cirebon,Last Mile Delay
SHPM000774,AWB260000774,2026-02-17 08:34:56.037479,2026-02-17 08:56:56.037479,2026-02-17 09:07:56.037479,2026-02-17 11:23:56.563247,2026-02-17 12:03:56.563247,2026-02-17 12:35:56.563247,2026-02-17 15:58:01.999388,2026-02-17 22:51:33.167985,2026-02-18 09:03:54.198266,2026-02-19 00:35:56.873858,2026-02-19 02:43:56.820354,2026-02-18 20:34:56.037479,Delivered,Closed,SHP092,Shipper 092,Marketplace,Jabodetabek,ST02_JKT_West,HB01_JKT_GATEWAY,East Java,ST12_Surabaya,HB03_SBY_GATEWAY,Inter-Region,Next Day,Prepaid,CR016,Bike,0.94,1.01,1.01,526719,24545,14747,4,1,0,,40.0,36,0,0,,1,0,,0,,42.15,3.37,10.21,ST12_Surabaya,Hub Bottleneck
SHPM000775,AWB260000775,2026-03-31 13:11:17.895065,2026-03-31 13:25:17.895065,2026-03-31 13:44:17.895065,2026-03-31 14:53:03.894491,2026-03-31 15:44:03.894491,2026-03-31 17:36:03.894491,2026-03-31 19:50:37.549522,2026-04-01 02:26:01.640925,2026-04-01 04:15:04.561552,2026-04-01 12:40:45.453963,2026-04-02 00:45:24.618745,2026-04-02 01:11:17.895065,Delivered,Closed,SHP014,Shipper 014,Enterprise,Jabodetabek,ST05_Tangerang,HB01_JKT_GATEWAY,Outer Java,ST15_Medan,HB05_SUMATRA_GATEWAY,Inter-Region,Next Day,Prepaid,CR052,Bike,1.15,1.91,1.91,1873245,28595,25695,4,1,0,,51.0,36,1,0,,1,0,,0,,35.57,2.24,1.82,ST15_Medan,
SHPM000776,AWB260000776,2026-03-24 06:47:30.123576,2026-03-24 07:04:30.123576,2026-03-24 07:32:30.123576,2026-03-24 15:03:33.487336,2026-03-24 15:16:33.487336,2026-03-24 16:10:33.487336,2026-03-24 17:13:28.221713,2026-03-25 03:05:26.496189,2026-03-25 20:50:31.272913,2026-03-26 04:51:03.407682,2026-03-26 17:06:25.624563,2026-03-27 06:47:30.123576,Delivered,Closed,SHP063,Shipper 063,Enterprise,Jabodetabek,ST04_Bekasi,HB01_JKT_GATEWAY,Outer Java,ST16_Palembang,HB05_SUMATRA_GATEWAY,Inter-Region,Regular,COD,CR032,Bike,0.97,0.93,0.97,2506308,20365,12996,8,1,0,,13.0,72,1,0,,1,0,,0,,58.32,1.05,17.75,ST16_Palembang,
SHPM000777,AWB260000777,2026-03-10 01:39:18.019050,2026-03-10 02:08:18.019050,2026-03-10 02:34:18.019050,2026-03-10 03:43:03.756513,2026-03-10 04:43:03.756513,2026-03-10 06:14:03.756513,2026-03-10 08:34:42.034138,2026-03-10 11:00:56.030446,2026-03-10 20:08:05.370055,2026-03-11 01:29:24.010874,2026-03-11 05:48:51.998707,2026-03-11 13:39:18.019050,Delivered,Closed,SHP061,Shipper 061,Enterprise,Outer Java,ST17_Makassar,HB06_EASTERN_GATEWAY,Jabodetabek,ST04_Bekasi,HB01_JKT_GATEWAY,Inter-Region,Next Day,Prepaid,CR159,Van,2.35,2.39,2.39,354238,30755,26871,4,1,0,,60.0,36,1,0,,1,0,,0,,28.16,2.34,9.12,ST04_Bekasi,
SHPM000778,AWB260000778,2026-03-15 07:12:27.293581,2026-03-15 07:27:27.293581,2026-03-15 07:35:27.293581,2026-03-15 12:01:50.640942,2026-03-15 12:55:50.640942,2026-03-15 13:54:50.640942,2026-03-15 17:21:31.028791,2026-03-15 22:09:01.531122,2026-03-16 02:11:07.807616,2026-03-16 08:49:34.825285,,2026-03-16 07:12:27.293581,Delivery Exception,Exception,SHP049,Shipper 049,Enterprise,Jabodetabek,ST05_Tangerang,HB01_JKT_GATEWAY,Jabodetabek,ST02_JKT_West,HB01_JKT_GATEWAY,Intra-Region,Next Day,COD,CR050,Bike,1.41,1.38,1.41,661483,30345,16742,4,0,0,,54.0,24,0,1,Invalid Address,3,0,,0,,532.79,3.44,4.04,ST02_JKT_West,Delivery Exception
SHPM000779,AWB260000779,2026-03-22 18:24:26.308077,2026-03-22 19:01:26.308077,2026-03-22 19:28:26.308077,2026-03-22 22:29:33.265802,2026-03-22 23:14:33.265802,2026-03-22 23:35:33.265802,2026-03-23 05:11:57.622960,2026-03-23 10:50:50.276153,2026-03-23 21:17:41.574584,2026-03-24 08:04:24.913240,2026-03-24 16:50:19.570374,2026-03-24 06:24:26.308077,Delivered,Closed,SHP023,Shipper 023,Enterprise,West Java,ST08_Bogor,HB01_JKT_GATEWAY,Outer Java,ST17_Makassar,HB06_EASTERN_GATEWAY,Inter-Region,Next Day,COD,CR080,Van,0.92,0.9,0.92,1312139,28140,22049,4,1,0,,45.0,36,0,0,,1,0,,0,,46.43,5.61,10.45,ST17_Makassar,Hub Bottleneck
SHPM000780,AWB260000780,2026-02-24 06:04:20.043700,2026-02-24 06:14:20.043700,2026-02-24 07:02:20.043700,2026-02-24 09:29:17.482990,2026-02-24 09:54:17.482990,2026-02-24 10:38:17.482990,2026-02-24 14:57:57.982972,2026-02-24 21:07:04.688903,2026-02-25 05:35:08.462843,2026-02-25 20:04:51.709317,2026-02-25 23:32:12.687583,2026-02-25 18:04:20.043700,Delivered,Closed,SHP099,Shipper 099,SME,West Java,ST08_Bogor,HB01_JKT_GATEWAY,Central Java,ST09_Semarang,HB04_CTG_NATIONAL,Inter-Region,Next Day,Prepaid,CR078,Bike,6.82,6.52,6.82,194599,50690,46572,4,1,0,,25.0,36,0,0,,1,0,,0,,41.46,4.33,8.47,ST09_Semarang,Last Mile Delay
SHPM000781,AWB260000781,2026-02-20 12:22:16.924157,2026-02-20 12:34:16.924157,2026-02-20 13:17:16.924157,2026-02-20 15:17:51.818764,2026-02-20 15:47:51.818764,2026-02-20 17:14:51.818764,2026-02-20 22:35:34.776537,2026-02-21 06:41:59.221080,2026-02-21 15:29:30.209709,2026-02-21 22:30:13.461927,2026-02-22 13:36:09.566170,2026-02-23 12:22:16.924157,Delivered,Closed,SHP003,Shipper 003,Marketplace,Outer Java,ST15_Medan,HB05_SUMATRA_GATEWAY,Jabodetabek,ST01_JKT_Central,HB01_JKT_GATEWAY,Inter-Region,Regular,COD,CR140,Van,0.61,0.57,0.61,1291264,18745,17657,8,1,0,,30.0,72,1,0,,1,0,,0,,49.23,5.35,8.79,ST01_JKT_Central,
SHPM000782,AWB260000782,2026-03-24 03:57:25.836777,2026-03-24 04:14:25.836777,2026-03-24 04:48:25.836777,2026-03-24 07:33:16.382847,2026-03-24 07:41:16.382847,2026-03-24 07:56:16.382847,2026-03-24 10:45:51.626116,2026-03-24 17:14:17.019592,2026-03-24 19:48:04.955512,2026-03-25 12:08:47.952565,2026-03-25 22:04:27.049359,2026-03-25 15:57:25.836777,Delivered,Closed,SHP086,Shipper 086,Marketplace,Jabodetabek,ST02_JKT_West,HB01_JKT_GATEWAY,West Java,ST08_Bogor,HB01_JKT_GATEWAY,Inter-Region,Next Day,Prepaid,CR013,Bike,2.66,2.53,2.66,313140,31970,29417,4,1,0,,8.0,36,0,0,,1,0,,0,,42.12,2.83,2.56,ST08_Bogor,Last Mile Delay
SHPM000783,AWB260000783,2026-02-21 10:23:32.149091,2026-02-21 10:48:32.149091,2026-02-21 11:15:32.149091,2026-02-21 14:28:13.042306,2026-02-21 15:07:13.042306,2026-02-21 16:22:13.042306,2026-02-21 20:50:54.026070,2026-02-22 06:42:21.062844,2026-02-22 15:48:39.549940,2026-02-23 09:37:23.973564,2026-02-23 15:23:21.590055,2026-02-24 10:23:32.149091,Delivered,Closed,SHP071,Shipper 071,Enterprise,Jabodetabek,ST04_Bekasi,HB01_JKT_GATEWAY,Central Java,ST10_Solo,HB04_CTG_NATIONAL,Inter-Region,Regular,Prepaid,CR041,Truck,0.66,0.67,0.67,167406,15015,13895,8,1,0,,39.0,72,1,0,,1,0,,0,,53.0,4.48,9.11,ST10_Solo,
SHPM000784,AWB260000784,2026-03-25 01:56:07.950162,2026-03-25 02:36:07.950162,2026-03-25 03:03:07.950162,2026-03-25 04:35:26.078212,2026-03-25 05:28:26.078212,2026-03-25 05:54:26.078212,2026-03-25 11:11:03.561011,2026-03-25 12:11:20.946451,2026-03-25 20:45:04.695261,2026-03-26 02:25:17.806851,2026-03-26 05:42:59.886922,2026-03-25 11:56:07.950162,Delivered,Closed,SHP034,Shipper 034,Enterprise,Jabodetabek,ST01_JKT_Central,HB01_JKT_GATEWAY,Jabodetabek,ST01_JKT_Central,HB01_JKT_GATEWAY,Intra-Region,Same Day,Prepaid,CR010,Bike,2.57,3.16,3.16,305563,41220,23831,2,1,0,,53.0,10,0,0,,1,0,,0,,27.78,5.28,8.56,ST01_JKT_Central,Last Mile Delay
SHPM000785,AWB260000785,2026-03-25 00:01:46.747072,2026-03-25 00:21:46.747072,2026-03-25 00:40:46.747072,2026-03-25 04:34:55.397527,2026-03-25 04:57:55.397527,2026-03-25 06:29:55.397527,2026-03-25 08:11:28.449267,2026-03-25 18:05:37.833280,2026-03-26 08:13:40.347140,2026-03-26 14:59:55.101416,2026-03-27 21:05:51.251418,2026-03-28 00:01:46.747072,Delivered,Closed,SHP076,Shipper 076,Enterprise,West Java,ST06_Bandung,HB01_JKT_GATEWAY,Outer Java,ST19_Denpasar,HB06_EASTERN_GATEWAY,Inter-Region,Regular,Prepaid,CR062,Truck,0.64,0.7,0.7,1409161,15150,14052,8,1,0,,23.0,72,1,0,,1,0,,0,,69.07,1.69,14.13,ST19_Denpasar,
SHPM000786,AWB260000786,2026-02-20 22:08:00.438614,2026-02-20 22:39:00.438614,2026-02-20 23:24:00.438614,2026-02-21 01:39:56.253009,2026-02-21 02:33:56.253009,2026-02-21 04:12:56.253009,2026-02-21 06:53:05.137566,2026-02-21 15:11:30.883790,2026-02-21 22:17:43.244020,2026-02-22 14:48:25.167658,2026-02-22 17:43:20.213678,2026-02-22 10:08:00.438614,Delivered,Closed,SHP066,Shipper 066,Marketplace,West Java,ST07_Cirebon,HB02_BDG_TRANSIT,East Java,ST12_Surabaya,HB03_SBY_GATEWAY,Inter-Region,Next Day,Prepaid,CR073,Van,0.39,0.38,0.39,482491,21755,19910,4,1,0,,54.0,36,0,0,,1,0,,0,,43.59,2.67,7.1,ST12_Surabaya,Last Mile Delay
SHPM000787,AWB260000787,2026-03-14 14:18:50.937216,2026-03-14 14:57:50.937216,2026-03-14 15:19:50.937216,2026-03-14 16:24:19.825283,2026-03-14 17:05:19.825283,2026-03-14 17:48:19.825283,2026-03-14 19:02:13.804455,2026-03-14 23:05:49.917980,2026-03-15 06:56:58.910451,2026-03-15 18:42:22.613462,2026-03-15 23:42:42.388768,2026-03-16 02:18:50.937216,Delivered,Closed,SHP027,Shipper 027,SME,Jabodetabek,ST05_Tangerang,HB01_JKT_GATEWAY,West Java,ST06_Bandung,HB01_JKT_GATEWAY,Inter-Region,Next Day,COD,CR054,Bike,1.07,1.46,1.46,1630599,30570,19849,4,1,0,,41.0,36,1,0,,1,0,,0,,33.4,1.23,7.85,ST06_Bandung,
SHPM000788,AWB260000788,2026-03-14 06:56:16.815604,2026-03-14 07:27:16.815604,2026-03-14 08:03:16.815604,2026-03-14 10:58:09.191529,2026-03-14 12:04:09.191529,2026-03-14 13:24:09.191529,2026-03-14 15:53:14.412462,2026-03-14 22:10:07.809564,2026-03-14 23:44:21.579148,2026-03-15 12:49:54.053202,2026-03-16 03:36:19.972006,2026-03-17 06:56:16.815604,Delivered,Closed,SHP071,Shipper 071,Enterprise,Jabodetabek,ST04_Bekasi,HB01_JKT_GATEWAY,East Java,ST13_Malang,HB03_SBY_GATEWAY,Inter-Region,Regular,COD,CR038,Bike,1.61,2.43,2.43,2403791,26935,25089,8,1,0,,66.0,72,1,0,,1,0,,0,,44.67,2.48,1.57,ST13_Malang,
SHPM000789,AWB260000789,2026-03-20 03:54:15.675950,2026-03-20 04:12:15.675950,2026-03-20 05:10:15.675950,2026-03-20 06:02:03.634088,2026-03-20 06:36:03.634088,2026-03-20 07:36:03.634088,2026-03-20 10:33:56.641785,2026-03-20 14:10:38.920401,2026-03-21 02:33:45.498072,2026-03-21 05:15:53.940369,2026-03-21 09:54:55.260398,2026-03-21 03:54:15.675950,Delivered,Closed,SHP080,Shipper 080,SME,Outer Java,ST19_Denpasar,HB06_EASTERN_GATEWAY,Outer Java,ST19_Denpasar,HB06_EASTERN_GATEWAY,Intra-Region,Next Day,Prepaid,CR175,Bike,1.49,2.24,2.24,610185,30080,17570,4,1,0,,34.0,24,0,0,,1,0,,0,,30.01,2.96,12.39,ST19_Denpasar,Hub Bottleneck
SHPM000790,AWB260000790,2026-02-17 09:22:38.414143,2026-02-17 10:00:38.414143,2026-02-17 10:23:38.414143,2026-02-17 14:59:52.745374,2026-02-17 15:35:52.745374,2026-02-17 16:27:52.745374,2026-02-17 20:11:18.579580,2026-02-17 23:22:59.741457,2026-02-18 00:54:40.643839,2026-02-18 07:38:59.410162,2026-02-18 19:16:35.817331,2026-02-20 09:22:38.414143,Delivered,Closed,SHP026,Shipper 026,Marketplace,Outer Java,ST19_Denpasar,HB06_EASTERN_GATEWAY,East Java,ST12_Surabaya,HB03_SBY_GATEWAY,Inter-Region,Regular,COD,CR174,Truck,1.4,2.29,2.29,1970770,26305,22878,8,1,0,,36.0,72,1,0,,1,0,,0,,33.9,3.72,1.53,ST12_Surabaya,
SHPM000791,AWB260000791,2026-02-26 23:23:21.198506,2026-02-26 23:30:21.198506,2026-02-26 23:41:21.198506,2026-02-27 06:28:33.331859,2026-02-27 07:03:33.331859,2026-02-27 07:40:33.331859,2026-02-27 09:42:57.174047,2026-02-27 12:05:49.678427,2026-02-27 15:48:00.267997,2026-02-27 20:56:22.682276,2026-02-28 10:05:54.046424,2026-03-01 23:23:21.198506,Delivered,Closed,SHP048,Shipper 048,Enterprise,Outer Java,ST17_Makassar,HB06_EASTERN_GATEWAY,West Java,ST06_Bandung,HB01_JKT_GATEWAY,Inter-Region,Regular,Prepaid,CR159,Truck,0.29,0.36,0.36,1429344,13620,7597,8,1,0,,35.0,72,1,0,,1,0,,0,,34.71,2.04,3.7,ST06_Bandung,
SHPM000792,AWB260000792,2026-02-25 23:26:26.827149,2026-02-25 23:38:26.827149,2026-02-26 00:36:26.827149,2026-02-26 07:33:51.814848,2026-02-26 08:38:51.814848,2026-02-26 10:26:51.814848,2026-02-26 15:43:42.254944,2026-02-26 19:22:44.884680,2026-02-26 20:53:39.127065,2026-02-27 06:45:13.730882,2026-02-27 09:39:00.453377,2026-02-27 11:26:26.827149,Delivered,Closed,SHP019,Shipper 019,Marketplace,West Java,ST07_Cirebon,HB02_BDG_TRANSIT,Jabodetabek,ST03_JKT_East,HB01_JKT_GATEWAY,Inter-Region,Next Day,Prepaid,CR064,Van,2.73,2.88,2.88,409446,32960,30741,4,0,0,,65.0,36,1,0,,1,0,,0,,34.21,5.28,1.52,ST03_JKT_East,
SHPM000793,AWB260000793,2026-03-13 09:45:01.765370,2026-03-13 10:08:01.765370,2026-03-13 10:45:01.765370,2026-03-13 11:18:21.440707,2026-03-13 12:06:21.440707,2026-03-13 13:39:21.440707,2026-03-13 17:31:18.063617,2026-03-14 01:09:44.343532,2026-03-14 03:41:55.789038,2026-03-14 18:02:37.389171,2026-03-14 19:36:25.681594,2026-03-14 01:45:01.765370,Delivered,Closed,SHP071,Shipper 071,Enterprise,Jabodetabek,ST04_Bekasi,HB01_JKT_GATEWAY,East Java,ST12_Surabaya,HB03_SBY_GATEWAY,Inter-Region,Same Day,COD,CR031,Van,0.57,0.95,0.95,1847647,35275,21799,2,1,0,,48.0,16,0,0,,1,0,,0,,33.86,3.87,2.54,ST12_Surabaya,Last Mile Delay
SHPM000794,AWB260000794,2026-02-26 08:43:55.462225,2026-02-26 09:13:55.462225,2026-02-26 09:46:55.462225,2026-02-26 13:46:51.598823,2026-02-26 14:40:51.598823,2026-02-26 15:06:51.598823,2026-02-26 16:41:36.205489,2026-02-26 19:00:42.619149,2026-02-26 22:10:58.767234,2026-02-27 02:07:03.610524,2026-02-27 13:43:25.823102,2026-02-28 08:43:55.462225,Delivered,Closed,SHP069,Shipper 069,SME,West Java,ST06_Bandung,HB01_JKT_GATEWAY,West Java,ST06_Bandung,HB01_JKT_GATEWAY,Intra-Region,Regular,Prepaid,CR059,Bike,1.49,1.56,1.56,2404561,19020,16934,8,1,0,,54.0,48,1,0,,1,0,,0,,28.99,1.58,3.17,ST06_Bandung,
SHPM000795,AWB260000795,2026-03-11 16:23:08.848143,2026-03-11 16:55:08.848143,2026-03-11 18:04:08.848143,2026-03-11 21:20:03.673570,2026-03-11 22:56:03.673570,2026-03-12 00:39:03.673570,2026-03-12 08:22:45.034373,2026-03-12 13:17:41.637394,2026-03-13 00:01:38.482594,2026-03-13 05:36:53.635481,2026-03-13 08:19:36.102094,2026-03-12 08:23:08.848143,Delivered,Closed,SHP023,Shipper 023,Enterprise,West Java,ST07_Cirebon,HB02_BDG_TRANSIT,Central Java,ST09_Semarang,HB04_CTG_NATIONAL,Inter-Region,Same Day,COD,CR065,Van,0.24,0.24,0.24,1485773,32080,25253,2,0,0,,96.0,16,0,0,,1,0,,0,,39.94,7.73,10.73,ST09_Semarang,First Mile Delay
SHPM000796,AWB260000796,2026-03-14 23:22:26.946360,2026-03-14 23:51:26.946360,2026-03-15 00:34:26.946360,2026-03-15 02:12:45.850405,2026-03-15 02:50:45.850405,2026-03-15 03:09:45.850405,2026-03-15 08:09:09.709027,2026-03-15 11:01:29.765516,2026-03-15 16:11:08.000116,2026-03-16 09:15:15.552868,2026-03-16 14:39:52.420667,2026-03-16 11:22:26.946360,Delivered,Closed,SHP011,Shipper 011,Enterprise,Jabodetabek,ST03_JKT_East,HB01_JKT_GATEWAY,West Java,ST08_Bogor,HB01_JKT_GATEWAY,Inter-Region,Next Day,Prepaid,CR029,Bike,2.1,2.08,2.1,578795,29450,25233,4,1,0,,38.0,36,0,0,,1,0,,0,,39.29,4.99,5.16,ST08_Bogor,Last Mile Delay
SHPM000797,AWB260000797,2026-03-22 06:36:29.865521,2026-03-22 06:47:29.865521,2026-03-22 07:13:29.865521,2026-03-22 09:57:58.176596,2026-03-22 10:05:58.176596,2026-03-22 11:36:58.176596,2026-03-22 13:14:57.801389,2026-03-22 16:05:25.618750,2026-03-23 03:06:26.140242,2026-03-23 12:22:33.379012,2026-03-23 22:00:59.890098,2026-03-23 18:36:29.865521,Delivered,Closed,SHP091,Shipper 091,SME,Outer Java,ST16_Palembang,HB05_SUMATRA_GATEWAY,West Java,ST06_Bandung,HB01_JKT_GATEWAY,Inter-Region,Next Day,Prepaid,CR149,Bike,1.46,1.38,1.46,1435398,26570,24398,4,1,0,,8.0,36,0,0,,1,0,,0,,39.41,1.63,11.02,ST06_Bandung,Hub Bottleneck
SHPM000798,AWB260000798,2026-03-18 01:22:52.908158,2026-03-18 02:03:52.908158,2026-03-18 02:12:52.908158,2026-03-18 08:02:38.424851,2026-03-18 08:46:38.424851,2026-03-18 10:01:38.424851,2026-03-18 12:12:48.239483,2026-03-18 18:54:44.942315,2026-03-19 09:08:05.028173,2026-03-20 01:10:48.798871,2026-03-20 19:24:43.827278,2026-03-21 01:22:52.908158,Delivered,Closed,SHP089,Shipper 089,Enterprise,Central Java,ST11_Yogyakarta,HB04_CTG_NATIONAL,Outer Java,ST17_Makassar,HB06_EASTERN_GATEWAY,Inter-Region,Regular,COD,CR106,Bike,1.46,1.5,1.5,1116286,22750,19492,8,1,0,,44.0,72,1,0,,1,0,,0,,66.03,2.19,14.22,ST17_Makassar,
SHPM000799,AWB260000799,2026-03-17 07:53:55.968524,2026-03-17 08:34:55.968524,2026-03-17 09:11:55.968524,2026-03-17 12:19:43.006947,2026-03-17 13:09:43.006947,2026-03-17 14:29:43.006947,2026-03-17 16:32:30.370395,2026-03-17 23:25:53.618792,2026-03-18 07:03:40.357888,2026-03-18 21:17:58.237234,,2026-03-20 07:53:55.968524,Delivery Exception,Exception,SHP033,Shipper 033,Marketplace,Jabodetabek,ST04_Bekasi,HB01_JKT_GATEWAY,Outer Java,ST19_Denpasar,HB06_EASTERN_GATEWAY,Inter-Region,Regular,Prepaid,CR038,Van,1.07,1.04,1.07,1355812,16815,11250,8,1,0,,50.0,72,0,1,Remote Area Delay,3,0,,0,,484.1,2.05,7.63,ST19_Denpasar,Delivery Exception
SHPM000800,AWB260000800,2026-03-25 22:58:55.907286,2026-03-25 23:31:55.907286,2026-03-26 00:26:55.907286,2026-03-26 03:58:36.712900,2026-03-26 05:00:36.712900,2026-03-26 05:55:36.712900,2026-03-26 12:43:26.058904,2026-03-26 13:44:03.701185,2026-03-26 20:34:00.849513,2026-03-26 23:42:04.473683,2026-03-27 01:25:43.995355,2026-03-26 08:58:55.907286,Delivered,Closed,SHP076,Shipper 076,Enterprise,West Java,ST07_Cirebon,HB02_BDG_TRANSIT,West Java,ST08_Bogor,HB01_JKT_GATEWAY,Intra-Region,Same Day,Prepaid,CR067,Bike,0.37,0.38,0.38,1000934,28710,26760,2,0,0,,62.0,10,0,0,,1,0,,0,,26.45,6.8,6.83,ST08_Bogor,First Mile Delay
SHPM000801,AWB260000801,2026-02-16 06:47:17.747180,2026-02-16 07:21:17.747180,2026-02-16 07:50:17.747180,2026-02-16 11:20:53.282815,2026-02-16 12:28:53.282815,2026-02-16 13:16:53.282815,2026-02-16 17:15:09.522349,2026-02-16 19:40:54.069232,2026-02-16 22:38:52.994201,2026-02-17 05:18:41.471561,2026-02-17 13:55:40.328604,2026-02-19 06:47:17.747180,Delivered,Closed,SHP045,Shipper 045,Marketplace,Jabodetabek,ST02_JKT_West,HB01_JKT_GATEWAY,West Java,ST07_Cirebon,HB02_BDG_TRANSIT,Inter-Region,Regular,Prepaid,CR014,Bike,0.83,0.77,0.83,1818261,15735,13696,8,1,0,,68.0,72,1,0,,1,0,,0,,31.14,3.97,2.97,ST07_Cirebon,
SHPM000802,AWB260000802,2026-02-16 21:28:49.692089,2026-02-16 21:58:49.692089,2026-02-16 22:31:49.692089,2026-02-17 04:37:09.025428,2026-02-17 05:22:09.025428,2026-02-17 06:58:09.025428,2026-02-17 08:42:23.574226,2026-02-17 16:07:21.197374,2026-02-18 01:33:31.374635,2026-02-18 06:44:39.170489,,2026-02-19 21:28:49.692089,Delivery Exception,Exception,SHP037,Shipper 037,Marketplace,Central Java,ST11_Yogyakarta,HB04_CTG_NATIONAL,East Java,ST12_Surabaya,HB03_SBY_GATEWAY,Inter-Region,Regular,Prepaid,CR102,Van,0.87,0.83,0.87,2278158,15915,11047,8,1,0,,45.0,72,0,1,Remote Area Delay,1,0,,0,,1166.52,1.74,9.44,ST12_Surabaya,Delivery Exception
SHPM000803,AWB260000803,2026-02-22 22:51:46.835262,2026-02-22 22:59:46.835262,2026-02-22 23:35:46.835262,2026-02-23 01:37:31.504671,2026-02-23 02:29:31.504671,2026-02-23 03:52:31.504671,2026-02-23 07:54:14.377177,2026-02-23 15:16:52.706683,2026-02-24 02:28:19.534214,2026-02-24 10:17:06.469428,2026-02-24 14:00:37.101421,2026-02-24 10:51:46.835262,Delivered,Closed,SHP097,Shipper 097,SME,Jabodetabek,ST03_JKT_East,HB01_JKT_GATEWAY,East Java,ST13_Malang,HB03_SBY_GATEWAY,Inter-Region,Next Day,Prepaid,CR024,Van,1.35,1.47,1.47,782484,26615,18085,4,1,0,,52.0,36,0,0,,1,0,,0,,39.15,4.03,11.19,ST13_Malang,Hub Bottleneck
SHPM000804,AWB260000804,2026-02-18 08:26:14.928978,2026-02-18 08:42:14.928978,2026-02-18 09:19:14.928978,2026-02-18 10:59:07.259993,2026-02-18 11:57:07.259993,2026-02-18 13:50:07.259993,2026-02-18 17:51:46.119007,2026-02-18 23:18:58.098062,2026-02-19 22:07:17.968789,2026-02-20 15:03:05.717100,,2026-02-19 20:26:14.928978,Damaged,Exception,SHP046,Shipper 046,SME,East Java,ST14_Kediri,HB03_SBY_GATEWAY,Jabodetabek,ST02_JKT_West,HB01_JKT_GATEWAY,Inter-Region,Next Day,Prepaid,CR128,Truck,3.3,5.52,5.52,2071802,44840,34756,4,1,0,,58.0,36,0,0,,1,1,Damaged,0,,1131.56,4.03,22.81,HB03_SBY_GATEWAY,
SHPM000805,AWB260000805,2026-02-24 23:15:58.768938,2026-02-24 23:24:58.768938,2026-02-24 23:51:58.768938,2026-02-25 05:40:55.655454,2026-02-25 06:06:55.655454,2026-02-25 07:04:55.655454,2026-02-25 09:12:13.619205,2026-02-25 15:02:48.676696,2026-02-25 18:13:22.139332,2026-02-26 11:10:41.491144,2026-02-26 22:19:51.246930,2026-02-27 23:15:58.768938,Delivered,Closed,SHP027,Shipper 027,SME,Jabodetabek,ST05_Tangerang,HB01_JKT_GATEWAY,West Java,ST06_Bandung,HB01_JKT_GATEWAY,Inter-Region,Regular,Prepaid,CR054,Van,2.15,2.51,2.51,1433896,23295,14966,8,1,0,,26.0,72,1,0,,1,0,,0,,47.06,2.12,3.18,ST06_Bandung,
SHPM000806,AWB260000806,2026-03-16 20:00:06.848641,2026-03-16 20:06:06.848641,2026-03-16 21:06:06.848641,2026-03-17 01:58:32.686989,2026-03-17 02:22:32.686989,2026-03-17 03:10:32.686989,2026-03-17 06:15:19.917846,2026-03-17 11:36:29.601429,2026-03-17 18:23:33.185915,2026-03-18 03:36:18.443611,2026-03-18 13:26:33.024442,2026-03-19 20:00:06.848641,Delivered,Closed,SHP030,Shipper 030,Enterprise,Jabodetabek,ST05_Tangerang,HB01_JKT_GATEWAY,Central Java,ST10_Solo,HB04_CTG_NATIONAL,Inter-Region,Regular,Prepaid,CR054,Bike,1.13,1.05,1.13,834657,17085,10426,8,1,0,,24.0,72,1,0,,1,0,,0,,41.44,3.08,6.78,ST10_Solo,
SHPM000807,AWB260000807,2026-03-18 11:12:49.511554,2026-03-18 11:45:49.511554,2026-03-18 12:31:49.511554,2026-03-18 17:06:49.003610,2026-03-18 17:44:49.003610,2026-03-18 18:05:49.003610,2026-03-19 00:04:01.137426,2026-03-19 02:45:29.762864,2026-03-19 13:45:34.297808,2026-03-20 01:26:27.115685,2026-03-20 11:01:30.946380,2026-03-21 11:12:49.511554,Delivered,Closed,SHP048,Shipper 048,Enterprise,Outer Java,ST17_Makassar,HB06_EASTERN_GATEWAY,West Java,ST07_Cirebon,HB02_BDG_TRANSIT,Inter-Region,Regular,COD,CR162,Bike,0.63,0.63,0.63,579593,18835,14087,8,1,0,,38.0,72,1,0,,1,0,,0,,47.81,5.97,11.0,ST07_Cirebon,
SHPM000808,AWB260000808,2026-02-18 07:11:16.261727,2026-02-18 07:48:16.261727,2026-02-18 08:24:16.261727,2026-02-18 12:36:52.028079,2026-02-18 13:14:52.028079,2026-02-18 14:29:52.028079,2026-02-18 20:20:41.482131,2026-02-19 02:57:45.662938,2026-02-19 08:19:24.050697,2026-02-19 14:09:24.118563,2026-02-20 04:48:36.980385,2026-02-21 07:11:16.261727,Delivered,Closed,SHP056,Shipper 056,Enterprise,Jabodetabek,ST04_Bekasi,HB01_JKT_GATEWAY,East Java,ST14_Kediri,HB03_SBY_GATEWAY,Inter-Region,Regular,Prepaid,CR042,Bike,0.63,0.69,0.69,221606,15105,10647,8,1,0,,38.0,72,1,0,,1,0,,0,,45.62,5.85,5.36,ST14_Kediri,
SHPM000809,AWB260000809,2026-04-01 04:46:50.729288,2026-04-01 04:58:50.729288,2026-04-01 05:07:50.729288,2026-04-01 10:22:55.380906,2026-04-01 11:05:55.380906,2026-04-01 12:06:55.380906,2026-04-01 13:58:05.281513,2026-04-01 19:48:15.988062,2026-04-02 04:07:03.056343,2026-04-02 18:32:11.113860,2026-04-03 04:28:53.414447,2026-04-04 04:46:50.729288,Delivered,Closed,SHP071,Shipper 071,Enterprise,Jabodetabek,ST04_Bekasi,HB01_JKT_GATEWAY,West Java,ST06_Bandung,HB01_JKT_GATEWAY,Inter-Region,Regular,COD,CR038,Bike,0.38,0.38,0.38,597557,17710,9880,8,1,0,,43.0,72,1,0,,1,0,,0,,47.7,1.85,8.31,ST06_Bandung,
SHPM000810,AWB260000810,2026-03-12 02:32:22.134242,2026-03-12 02:43:22.134242,2026-03-12 02:51:22.134242,2026-03-12 04:23:38.166184,2026-03-12 05:01:38.166184,2026-03-12 06:41:38.166184,2026-03-12 09:08:21.244053,2026-03-12 14:55:39.638348,2026-03-12 23:37:53.370236,2026-03-13 16:43:30.952503,2026-03-13 19:27:44.784339,2026-03-13 14:32:22.134242,Delivered,Closed,SHP048,Shipper 048,Enterprise,Outer Java,ST17_Makassar,HB06_EASTERN_GATEWAY,East Java,ST13_Malang,HB03_SBY_GATEWAY,Inter-Region,Next Day,Prepaid,CR161,Bike,0.99,1.56,1.56,2235075,27020,15414,4,1,0,,38.0,36,0,0,,1,0,,0,,40.92,2.45,8.7,ST13_Malang,Last Mile Delay
SHPM000811,AWB260000811,2026-02-23 09:55:57.731310,2026-02-23 10:24:57.731310,2026-02-23 10:42:57.731310,2026-02-23 16:57:18.574700,2026-02-23 17:09:18.574700,2026-02-23 17:34:18.574700,2026-02-23 20:35:38.918405,2026-02-23 23:29:53.485364,2026-02-24 09:10:23.065026,2026-02-24 16:55:06.718135,2026-02-24 22:13:09.667444,2026-02-26 09:55:57.731310,Delivered,Closed,SHP051,Shipper 051,Marketplace,Outer Java,ST19_Denpasar,HB06_EASTERN_GATEWAY,West Java,ST08_Bogor,HB01_JKT_GATEWAY,Inter-Region,Regular,Prepaid,CR176,Bike,2.49,2.61,2.61,928907,23745,15996,8,1,0,,12.0,72,1,0,,1,0,,0,,36.29,3.02,9.67,ST08_Bogor,
SHPM000812,AWB260000812,2026-03-27 18:47:36.838776,2026-03-27 18:52:36.838776,2026-03-27 19:25:36.838776,2026-03-28 02:26:48.858094,2026-03-28 02:49:48.858094,2026-03-28 04:28:48.858094,2026-03-28 05:42:44.534618,2026-03-28 10:37:03.833245,2026-03-28 15:14:58.615514,2026-03-29 05:39:22.503238,2026-03-29 16:52:24.109267,2026-03-30 18:47:36.838776,Delivered,Closed,SHP049,Shipper 049,Enterprise,Jabodetabek,ST05_Tangerang,HB01_JKT_GATEWAY,East Java,ST13_Malang,HB03_SBY_GATEWAY,Inter-Region,Regular,Prepaid,CR050,Van,1.78,1.74,1.78,370013,20010,16416,8,1,0,,23.0,72,1,0,,1,0,,0,,46.08,1.23,4.63,ST13_Malang,
SHPM000813,AWB260000813,2026-02-25 03:32:55.934363,2026-02-25 03:43:55.934363,2026-02-25 04:15:55.934363,2026-02-25 04:56:52.325615,2026-02-25 05:39:52.325615,2026-02-25 07:22:52.325615,2026-02-25 12:41:21.166200,2026-02-25 22:23:11.370201,2026-02-26 02:30:52.154849,2026-02-26 16:19:15.785730,2026-02-27 00:51:47.215336,2026-02-26 15:32:55.934363,Delivered,Closed,SHP035,Shipper 035,Enterprise,Jabodetabek,ST04_Bekasi,HB01_JKT_GATEWAY,West Java,ST07_Cirebon,HB02_BDG_TRANSIT,Inter-Region,Next Day,Prepaid,CR038,Van,1.64,1.94,1.94,1644173,28730,19448,4,1,0,,43.0,36,0,0,,1,0,,0,,45.31,5.31,4.13,ST07_Cirebon,Last Mile Delay
SHPM000814,AWB260000814,2026-03-24 03:45:02.463170,2026-03-24 04:16:02.463170,2026-03-24 04:42:02.463170,,,,,,,,,2026-03-27 03:45:02.463170,Failed Pickup,Exception,SHP037,Shipper 037,Marketplace,Central Java,ST11_Yogyakarta,HB04_CTG_NATIONAL,Jabodetabek,ST01_JKT_Central,HB01_JKT_GATEWAY,Inter-Region,Regular,Prepaid,CR101,Bike,2.27,2.43,2.43,135778,22935,19580,8,0,1,Schedule Miss,,72,0,0,,0,0,,0,,320.25,,,ST11_Yogyakarta,
SHPM000815,AWB260000815,2026-03-24 19:33:34.102743,2026-03-24 19:44:34.102743,2026-03-24 19:56:34.102743,2026-03-25 03:18:13.025318,2026-03-25 03:58:13.025318,2026-03-25 04:46:13.025318,2026-03-25 07:55:09.066651,2026-03-25 13:34:59.789323,2026-03-25 23:31:22.132934,2026-03-26 15:02:07.990810,2026-03-27 09:07:23.373240,2026-03-27 19:33:34.102743,Delivered,Closed,SHP057,Shipper 057,SME,Central Java,ST10_Solo,HB04_CTG_NATIONAL,Outer Java,ST15_Medan,HB05_SUMATRA_GATEWAY,Inter-Region,Regular,Prepaid,CR094,Truck,0.45,0.55,0.55,115985,14475,8971,8,1,0,,40.0,72,1,0,,1,0,,0,,61.56,3.15,9.94,ST15_Medan,
SHPM000816,AWB260000816,2026-03-06 22:16:51.345585,2026-03-06 22:58:51.345585,2026-03-07 00:00:51.345585,2026-03-07 03:21:53.674247,2026-03-07 03:55:53.674247,2026-03-07 05:27:53.674247,2026-03-07 08:38:23.030048,2026-03-07 16:12:09.959190,2026-03-07 21:11:52.496037,2026-03-08 15:04:53.465086,2026-03-09 01:08:37.794138,2026-03-08 10:16:51.345585,Delivered,Closed,SHP057,Shipper 057,SME,Central Java,ST09_Semarang,HB04_CTG_NATIONAL,West Java,ST07_Cirebon,HB02_BDG_TRANSIT,Inter-Region,Next Day,Prepaid,CR085,Van,1.38,1.51,1.51,555476,26795,14783,4,0,0,,34.0,36,0,0,,1,0,,0,,50.86,3.17,5.0,ST07_Cirebon,First Mile Delay
SHPM000817,AWB260000817,2026-02-16 13:55:28.212569,2026-02-16 14:15:28.212569,2026-02-16 14:45:28.212569,2026-02-16 17:01:33.981260,2026-02-16 17:33:33.981260,2026-02-16 18:20:33.981260,2026-02-16 21:56:06.262168,2026-02-17 06:51:58.264761,2026-02-17 18:31:41.120272,2026-02-18 00:51:21.183580,2026-02-18 11:10:12.406216,2026-02-18 01:55:28.212569,Delivered,Closed,SHP030,Shipper 030,Enterprise,Jabodetabek,ST03_JKT_East,HB01_JKT_GATEWAY,East Java,ST12_Surabaya,HB03_SBY_GATEWAY,Inter-Region,Next Day,COD,CR021,Van,1.01,1.11,1.11,851620,28995,25264,4,1,0,,32.0,36,0,0,,1,0,,0,,45.25,3.59,11.66,ST12_Surabaya,Hub Bottleneck
SHPM000818,AWB260000818,2026-02-18 00:27:21.975795,2026-02-18 00:40:21.975795,2026-02-18 01:02:21.975795,2026-02-18 02:31:48.440514,2026-02-18 02:59:48.440514,2026-02-18 04:16:48.440514,2026-02-18 07:58:40.993580,2026-02-18 16:21:41.846933,2026-02-19 07:41:12.904215,2026-02-19 16:49:59.761897,2026-02-19 23:19:39.942961,2026-02-18 16:27:21.975795,Delivered,Closed,SHP095,Shipper 095,Enterprise,Central Java,ST11_Yogyakarta,HB04_CTG_NATIONAL,Outer Java,ST18_Balikpapan,HB06_EASTERN_GATEWAY,Inter-Region,Same Day,Prepaid,CR106,Van,1.54,1.66,1.66,867655,34470,30837,2,1,0,,28.0,16,0,0,,1,0,,0,,46.87,3.7,15.33,ST18_Balikpapan,Hub Bottleneck
SHPM000819,AWB260000819,2026-03-07 01:44:08.110052,2026-03-07 02:26:08.110052,2026-03-07 03:08:08.110052,2026-03-07 07:56:45.948598,2026-03-07 08:21:45.948598,2026-03-07 10:04:45.948598,2026-03-07 15:16:58.524405,2026-03-08 01:12:14.800397,2026-03-08 10:46:19.559808,2026-03-08 17:46:32.161646,2026-03-09 06:24:43.608898,2026-03-10 01:44:08.110052,Delivered,Closed,SHP031,Shipper 031,SME,East Java,ST13_Malang,HB03_SBY_GATEWAY,Jabodetabek,ST05_Tangerang,HB01_JKT_GATEWAY,Inter-Region,Regular,Prepaid,CR123,Bike,3.22,3.18,3.22,241652,26490,24374,8,1,0,,25.0,72,1,0,,1,0,,0,,52.68,5.2,9.57,ST05_Tangerang,
SHPM000820,AWB260000820,2026-03-12 15:58:23.737638,2026-03-12 16:30:23.737638,2026-03-12 17:49:23.737638,2026-03-12 22:03:45.557094,2026-03-12 23:05:45.557094,2026-03-12 23:39:45.557094,2026-03-13 01:30:55.924974,2026-03-13 07:22:49.698082,2026-03-14 01:13:26.976023,2026-03-15 06:06:51.720286,2026-03-15 10:06:40.121432,2026-03-14 03:58:23.737638,Delivered,Closed,SHP010,Shipper 010,Enterprise,East Java,ST12_Surabaya,HB03_SBY_GATEWAY,Jabodetabek,ST01_JKT_Central,HB01_JKT_GATEWAY,Inter-Region,Next Day,Prepaid,CR111,Bike,0.97,1.5,1.5,2257444,26750,22726,4,0,0,,62.0,36,0,0,,1,1,Capacity Delay,0,,66.14,1.85,17.84,ST01_JKT_Central,First Mile Delay
SHPM000821,AWB260000821,2026-03-03 06:24:58.649737,2026-03-03 06:59:58.649737,2026-03-03 07:32:58.649737,2026-03-03 08:50:16.818339,2026-03-03 10:14:16.818339,2026-03-03 10:50:16.818339,2026-03-03 14:35:30.333715,2026-03-03 23:07:05.797380,2026-03-04 16:35:18.335122,2026-03-04 21:52:58.130140,2026-03-05 09:53:09.995794,2026-03-04 18:24:58.649737,Delivered,Closed,SHP076,Shipper 076,Enterprise,West Java,ST08_Bogor,HB01_JKT_GATEWAY,Outer Java,ST16_Palembang,HB05_SUMATRA_GATEWAY,Inter-Region,Next Day,Prepaid,CR078,Van,1.05,0.96,1.05,712403,24725,16957,4,1,0,,84.0,36,0,0,,1,0,,0,,51.47,3.75,17.47,ST16_Palembang,Hub Bottleneck
SHPM000822,AWB260000822,2026-02-28 12:41:15.050750,2026-02-28 13:04:15.050750,2026-02-28 13:18:15.050750,2026-02-28 20:34:41.675052,2026-02-28 21:28:41.675052,2026-02-28 22:31:41.675052,2026-03-01 02:34:18.673759,2026-03-01 06:56:52.848985,2026-03-01 23:56:30.477173,2026-03-02 16:59:54.300346,2026-03-03 01:39:20.223840,2026-03-03 12:41:15.050750,Delivered,Closed,SHP062,Shipper 062,Enterprise,Jabodetabek,ST02_JKT_West,HB01_JKT_GATEWAY,Outer Java,ST18_Balikpapan,HB06_EASTERN_GATEWAY,Inter-Region,Regular,Prepaid,CR015,Van,0.53,0.57,0.57,297382,14565,12605,8,1,0,,54.0,72,1,0,,1,0,,0,,60.97,4.04,16.99,ST18_Balikpapan,
SHPM000823,AWB260000823,2026-03-25 20:38:25.533880,2026-03-25 20:45:25.533880,2026-03-25 21:10:25.533880,2026-03-25 22:59:04.597278,2026-03-25 23:37:04.597278,2026-03-26 01:23:04.597278,2026-03-26 02:37:14.169848,2026-03-26 11:29:46.463234,2026-03-26 15:34:05.159264,2026-03-27 03:13:10.482998,2026-03-27 09:42:31.571946,2026-03-27 08:38:25.533880,Delivered,Closed,SHP016,Shipper 016,Marketplace,Jabodetabek,ST02_JKT_West,HB01_JKT_GATEWAY,West Java,ST08_Bogor,HB01_JKT_GATEWAY,Inter-Region,Next Day,Prepaid,CR013,Bike,0.57,0.58,0.58,1215877,22610,20049,4,1,0,,38.0,36,0,0,,1,0,,0,,37.07,1.24,4.07,ST08_Bogor,Last Mile Delay
SHPM000824,AWB260000824,2026-03-04 10:26:16.510983,2026-03-04 11:00:16.510983,2026-03-04 11:44:16.510983,2026-03-04 18:22:23.565174,2026-03-04 19:03:23.565174,2026-03-04 19:58:23.565174,2026-03-05 01:36:11.604100,2026-03-05 06:31:47.056668,2026-03-05 12:33:37.507150,2026-03-06 01:38:00.069792,2026-03-06 19:05:00.073851,2026-03-07 10:26:16.510983,Delivered,Closed,SHP026,Shipper 026,Marketplace,Outer Java,ST18_Balikpapan,HB06_EASTERN_GATEWAY,Central Java,ST11_Yogyakarta,HB04_CTG_NATIONAL,Inter-Region,Regular,Prepaid,CR166,Bike,1.28,2.01,2.01,509703,21045,13933,8,1,0,,41.0,72,1,0,,1,0,,0,,56.65,5.63,6.03,ST11_Yogyakarta,
SHPM000825,AWB260000825,2026-03-02 18:18:33.576524,2026-03-02 18:58:33.576524,2026-03-02 19:27:33.576524,2026-03-03 02:08:58.103841,2026-03-03 03:04:58.103841,2026-03-03 04:05:58.103841,2026-03-03 05:48:59.523060,2026-03-03 15:16:50.746141,2026-03-04 02:40:33.625428,2026-03-04 19:18:03.124893,2026-03-05 00:20:28.142748,2026-03-05 18:18:33.576524,Delivered,Closed,SHP061,Shipper 061,Enterprise,Outer Java,ST15_Medan,HB05_SUMATRA_GATEWAY,East Java,ST14_Kediri,HB03_SBY_GATEWAY,Inter-Region,Regular,Prepaid,CR141,Truck,1.58,2.15,2.15,2012784,21675,20219,8,1,0,,56.0,72,1,0,,1,0,,0,,54.03,1.72,11.4,ST14_Kediri,
SHPM000826,AWB260000826,2026-03-16 14:04:58.974926,2026-03-16 14:12:58.974926,2026-03-16 14:47:58.974926,2026-03-16 16:08:09.157195,2026-03-16 17:15:09.157195,2026-03-16 17:51:09.157195,2026-03-16 22:32:30.037481,2026-03-17 02:49:04.022488,2026-03-17 15:59:50.155275,2026-03-18 06:07:34.550671,2026-03-18 13:49:32.546030,2026-03-18 02:04:58.974926,Delivered,Closed,SHP007,Shipper 007,SME,Jabodetabek,ST05_Tangerang,HB01_JKT_GATEWAY,Outer Java,ST18_Balikpapan,HB06_EASTERN_GATEWAY,Inter-Region,Next Day,Prepaid,CR052,Bike,0.41,0.44,0.44,951536,21980,12315,4,1,0,,67.0,36,0,0,,1,0,,0,,47.74,4.69,13.18,ST18_Balikpapan,Hub Bottleneck
SHPM000827,AWB260000827,2026-03-13 05:50:49.271634,2026-03-13 06:10:49.271634,2026-03-13 06:46:49.271634,2026-03-13 14:28:50.390350,2026-03-13 14:55:50.390350,2026-03-13 16:50:50.390350,2026-03-13 18:24:59.749475,2026-03-14 02:48:57.336324,2026-03-14 12:05:47.683680,2026-03-15 02:35:05.173878,2026-03-15 09:24:52.455978,2026-03-16 05:50:49.271634,Delivered,Closed,SHP080,Shipper 080,SME,Outer Java,ST19_Denpasar,HB06_EASTERN_GATEWAY,Central Java,ST11_Yogyakarta,HB04_CTG_NATIONAL,Inter-Region,Regular,Prepaid,CR178,Bike,1.18,1.23,1.23,631346,17535,15376,8,0,0,,27.0,72,1,0,,1,0,,0,,51.57,1.57,9.28,ST11_Yogyakarta,
SHPM000828,AWB260000828,2026-03-14 14:44:56.095743,2026-03-14 15:03:56.095743,2026-03-14 15:40:56.095743,2026-03-14 18:11:43.509420,2026-03-14 18:53:43.509420,2026-03-14 20:25:43.509420,2026-03-14 21:40:56.816685,2026-03-15 04:02:33.845556,2026-03-15 11:05:23.275763,2026-03-15 17:00:10.306000,2026-03-15 20:25:22.484472,2026-03-16 02:44:56.095743,Delivered,Closed,SHP048,Shipper 048,Enterprise,Outer Java,ST17_Makassar,HB06_EASTERN_GATEWAY,West Java,ST06_Bandung,HB01_JKT_GATEWAY,Inter-Region,Next Day,Prepaid,CR157,Bike,1.83,1.86,1.86,445729,28370,16582,4,1,0,,42.0,36,1,0,,1,0,,0,,29.67,1.25,7.05,ST06_Bandung,
SHPM000829,AWB260000829,2026-03-13 07:49:20.885705,2026-03-13 08:13:20.885705,2026-03-13 08:59:20.885705,,,,,,,,,2026-03-14 19:49:20.885705,Failed Pickup,Exception,SHP088,Shipper 088,SME,Outer Java,ST19_Denpasar,HB06_EASTERN_GATEWAY,Jabodetabek,ST02_JKT_West,HB01_JKT_GATEWAY,Inter-Region,Next Day,COD,CR180,Bike,2.81,4.7,4.7,552127,45150,32617,4,0,1,Schedule Miss,,36,0,0,,0,0,,0,,580.18,,,ST19_Denpasar,
SHPM000830,AWB260000830,2026-03-27 21:59:18.615243,2026-03-27 22:31:18.615243,2026-03-27 23:12:18.615243,2026-03-28 05:54:41.273141,2026-03-28 06:36:41.273141,2026-03-28 08:36:41.273141,2026-03-28 13:11:21.321095,2026-03-28 18:49:10.241043,2026-03-29 04:12:22.924816,2026-03-29 11:12:06.542142,2026-03-29 20:29:03.687797,2026-03-30 21:59:18.615243,Delivered,Closed,SHP011,Shipper 011,Enterprise,Jabodetabek,ST03_JKT_East,HB01_JKT_GATEWAY,East Java,ST13_Malang,HB03_SBY_GATEWAY,Inter-Region,Regular,Prepaid,CR023,Van,0.85,1.3,1.3,2670391,17850,11762,8,1,0,,42.0,72,1,0,,1,0,,0,,46.5,4.58,9.39,ST13_Malang,
SHPM000831,AWB260000831,2026-03-20 22:16:25.451468,2026-03-20 22:57:25.451468,2026-03-20 23:06:25.451468,,,,,,,,,2026-03-21 14:16:25.451468,Failed Pickup,Exception,SHP003,Shipper 003,Marketplace,Outer Java,ST15_Medan,HB05_SUMATRA_GATEWAY,West Java,ST08_Bogor,HB01_JKT_GATEWAY,Inter-Region,Same Day,Prepaid,CR140,Van,1.89,1.99,1.99,2571874,35955,33740,2,0,1,Address Not Found,,16,0,0,,0,0,,0,,397.73,,,ST15_Medan,
SHPM000832,AWB260000832,2026-03-05 15:46:23.278292,2026-03-05 16:28:23.278292,2026-03-05 16:33:23.278292,2026-03-05 17:39:27.526671,2026-03-05 18:18:27.526671,2026-03-05 19:00:27.526671,2026-03-05 21:29:55.927542,2026-03-06 06:15:14.072371,2026-03-06 16:08:39.350631,2026-03-07 02:25:30.484592,2026-03-07 12:21:37.077429,2026-03-07 03:46:23.278292,Delivered,Closed,SHP085,Shipper 085,Marketplace,Central Java,ST09_Semarang,HB04_CTG_NATIONAL,East Java,ST14_Kediri,HB03_SBY_GATEWAY,Inter-Region,Next Day,COD,CR083,Van,0.68,0.73,0.73,1421292,27285,20713,4,1,0,,39.0,36,0,0,,1,0,,0,,44.59,2.49,9.89,ST14_Kediri,Last Mile Delay
SHPM000833,AWB260000833,2026-03-11 01:09:01.262067,2026-03-11 01:21:01.262067,2026-03-11 01:53:01.262067,2026-03-11 08:49:20.681674,2026-03-11 10:00:20.681674,2026-03-11 10:54:20.681674,2026-03-11 14:30:09.526005,2026-03-11 17:49:24.209214,2026-03-12 03:12:31.669427,2026-03-12 13:46:39.177384,2026-03-12 23:19:36.692154,2026-03-14 01:09:01.262067,Delivered,Closed,SHP088,Shipper 088,SME,Outer Java,ST19_Denpasar,HB06_EASTERN_GATEWAY,West Java,ST06_Bandung,HB01_JKT_GATEWAY,Inter-Region,Regular,Prepaid,CR178,Bike,0.8,0.83,0.83,1125253,15735,10779,8,1,0,,71.0,72,1,0,,1,0,,0,,46.18,3.6,9.39,ST06_Bandung,
SHPM000834,AWB260000834,2026-03-12 20:56:55.432595,2026-03-12 21:26:55.432595,2026-03-12 21:55:55.432595,2026-03-12 23:05:22.659766,2026-03-13 00:04:22.659766,2026-03-13 00:34:22.659766,2026-03-13 02:52:25.325624,2026-03-13 08:58:50.830578,2026-03-13 10:31:54.950142,2026-03-13 16:52:35.877051,2026-03-13 22:12:19.712216,2026-03-14 08:56:55.432595,Delivered,Closed,SHP014,Shipper 014,Enterprise,Jabodetabek,ST05_Tangerang,HB01_JKT_GATEWAY,West Java,ST07_Cirebon,HB02_BDG_TRANSIT,Inter-Region,Next Day,COD,CR045,Bike,0.78,0.81,0.81,344897,27645,17757,4,1,0,,59.0,36,1,0,,1,0,,0,,25.26,2.3,1.55,ST07_Cirebon,
SHPM000835,AWB260000835,2026-02-20 11:52:30.294678,2026-02-20 12:19:30.294678,2026-02-20 12:53:30.294678,2026-02-20 13:38:30.867452,2026-02-20 14:09:30.867452,2026-02-20 16:03:30.867452,2026-02-20 21:54:48.090008,2026-02-21 07:50:48.118396,2026-02-21 14:35:41.762935,2026-02-21 20:45:30.590046,,2026-02-21 03:52:30.294678,Delivery Exception,Exception,SHP022,Shipper 022,Marketplace,Central Java,ST09_Semarang,HB04_CTG_NATIONAL,Jabodetabek,ST04_Bekasi,HB01_JKT_GATEWAY,Inter-Region,Same Day,Prepaid,CR087,Bike,1.25,1.13,1.25,716260,32625,22377,2,1,0,,31.0,16,0,1,Customer Not Home,2,0,,0,,1080.12,5.85,6.75,ST04_Bekasi,Delivery Exception
SHPM000836,AWB260000836,2026-04-01 06:42:22.773002,2026-04-01 07:04:22.773002,2026-04-01 07:24:22.773002,2026-04-01 08:50:45.355185,2026-04-01 08:59:45.355185,2026-04-01 10:56:45.355185,2026-04-01 12:59:03.223919,2026-04-01 21:22:01.088537,2026-04-02 02:42:21.651944,2026-04-02 17:55:31.298579,2026-04-03 01:51:20.342523,2026-04-01 22:42:22.773002,Delivered,Closed,SHP036,Shipper 036,Marketplace,West Java,ST08_Bogor,HB01_JKT_GATEWAY,Outer Java,ST15_Medan,HB05_SUMATRA_GATEWAY,Inter-Region,Same Day,COD,CR082,Van,1.47,1.37,1.47,531523,37615,28552,2,1,0,,9.0,16,0,0,,1,0,,0,,43.15,2.04,5.34,ST15_Medan,Remote Area
SHPM000837,AWB260000837,2026-02-24 00:28:00.321742,2026-02-24 00:35:00.321742,2026-02-24 01:15:00.321742,2026-02-24 02:38:32.173303,2026-02-24 03:18:32.173303,2026-02-24 04:15:32.173303,2026-02-24 09:38:25.085498,2026-02-24 12:37:59.556727,2026-02-24 22:39:06.736284,2026-02-25 11:22:22.088703,2026-02-25 15:41:32.572937,2026-02-24 16:28:00.321742,Delivered,Closed,SHP072,Shipper 072,Enterprise,Outer Java,ST18_Balikpapan,HB06_EASTERN_GATEWAY,West Java,ST07_Cirebon,HB02_BDG_TRANSIT,Inter-Region,Same Day,Prepaid,CR170,Van,0.25,0.25,0.25,481785,28125,23855,2,0,0,,40.0,16,0,0,,1,0,,0,,39.23,5.38,10.02,ST07_Cirebon,First Mile Delay
SHPM000838,AWB260000838,2026-02-21 13:05:19.189630,2026-02-21 13:38:19.189630,2026-02-21 14:08:19.189630,2026-02-21 20:31:06.554902,2026-02-21 21:25:06.554902,2026-02-21 22:03:06.554902,2026-02-22 00:13:22.782997,2026-02-22 03:55:10.656700,2026-02-22 20:00:41.093852,2026-02-23 01:38:32.769620,2026-02-23 15:12:18.071404,2026-02-23 13:05:19.189630,Delivered,Closed,SHP074,Shipper 074,Enterprise,Outer Java,ST15_Medan,HB05_SUMATRA_GATEWAY,Outer Java,ST17_Makassar,HB06_EASTERN_GATEWAY,Intra-Region,Regular,Prepaid,CR138,Van,0.86,0.79,0.86,2490882,15870,13441,8,1,0,,54.0,48,0,0,,1,0,,0,,50.12,2.17,16.09,ST17_Makassar,Hub Bottleneck
SHPM000839,AWB260000839,2026-03-30 15:30:58.102405,2026-03-30 16:11:58.102405,2026-03-30 16:35:58.102405,2026-03-30 20:26:29.705110,2026-03-30 21:19:29.705110,2026-03-30 22:55:29.705110,2026-03-31 04:09:50.248486,2026-03-31 12:34:02.214109,2026-03-31 17:21:27.949696,2026-04-01 02:54:56.244954,2026-04-01 09:47:31.271328,2026-04-01 03:30:58.102405,Delivered,Closed,SHP005,Shipper 005,Enterprise,Central Java,ST09_Semarang,HB04_CTG_NATIONAL,West Java,ST06_Bandung,HB01_JKT_GATEWAY,Inter-Region,Next Day,Prepaid,CR087,Van,0.61,0.67,0.67,1567942,23015,14862,4,0,0,,53.0,36,0,0,,1,0,,0,,42.28,5.24,4.79,ST06_Bandung,First Mile Delay
SHPM000840,AWB260000840,2026-03-09 07:48:35.044977,2026-03-09 08:28:35.044977,2026-03-09 09:09:35.044977,2026-03-09 16:32:00.722502,2026-03-09 17:33:00.722502,2026-03-09 17:52:00.722502,2026-03-09 22:14:33.166462,2026-03-10 01:19:46.230872,2026-03-10 10:14:30.263075,2026-03-11 02:46:40.343198,2026-03-11 15:47:21.877314,2026-03-11 07:48:35.044977,Delivered,Closed,SHP082,Shipper 082,SME,Outer Java,ST19_Denpasar,HB06_EASTERN_GATEWAY,Outer Java,ST19_Denpasar,HB06_EASTERN_GATEWAY,Intra-Region,Regular,Prepaid,CR175,Bike,1.06,1.4,1.4,1496853,18300,10766,8,0,0,,61.0,48,0,0,,1,1,Missed Cut-Off,0,,55.98,4.38,8.91,ST19_Denpasar,First Mile Delay
SHPM000841,AWB260000841,2026-03-19 09:23:10.920942,2026-03-19 09:39:10.920942,2026-03-19 10:10:10.920942,2026-03-19 14:20:27.200949,2026-03-19 16:33:27.200949,2026-03-19 18:21:27.200949,2026-03-19 21:50:07.586744,2026-03-19 23:52:23.864432,2026-03-20 06:17:42.848344,2026-03-20 18:34:54.697573,2026-03-20 23:35:27.129326,2026-03-20 21:23:10.920942,Delivered,Closed,SHP011,Shipper 011,Enterprise,Jabodetabek,ST03_JKT_East,HB01_JKT_GATEWAY,Central Java,ST11_Yogyakarta,HB04_CTG_NATIONAL,Inter-Region,Next Day,COD,CR029,Van,2.76,2.93,2.93,1395082,37185,34094,4,0,0,,133.0,36,0,0,,1,0,,0,,38.2,3.48,6.42,ST11_Yogyakarta,First Mile Delay
SHPM000842,AWB260000842,2026-02-19 10:58:04.372606,2026-02-19 11:16:04.372606,2026-02-19 11:52:04.372606,2026-02-19 12:30:28.638248,2026-02-19 12:42:28.638248,2026-02-19 14:22:28.638248,2026-02-19 18:01:21.555914,2026-02-19 22:55:22.872268,2026-02-20 09:27:26.664266,2026-02-20 11:03:41.204819,2026-02-21 02:50:22.852850,2026-02-20 10:58:04.372606,Delivered,Closed,SHP077,Shipper 077,Marketplace,Outer Java,ST19_Denpasar,HB06_EASTERN_GATEWAY,Outer Java,ST18_Balikpapan,HB06_EASTERN_GATEWAY,Intra-Region,Next Day,COD,CR177,Bike,0.53,0.55,0.55,419813,26475,19118,4,1,0,,12.0,24,0,0,,1,0,,0,,39.87,3.65,10.53,ST18_Balikpapan,Hub Bottleneck
SHPM000843,AWB260000843,2026-03-07 17:53:12.622738,2026-03-07 18:34:12.622738,2026-03-07 19:26:12.622738,2026-03-08 00:43:38.091919,2026-03-08 01:11:38.091919,2026-03-08 02:54:38.091919,2026-03-08 06:05:11.584532,2026-03-08 13:52:00.631414,2026-03-08 21:02:43.814357,2026-03-09 13:17:36.665393,2026-03-09 23:56:25.171429,2026-03-10 17:53:12.622738,Delivered,Closed,SHP054,Shipper 054,Marketplace,West Java,ST08_Bogor,HB01_JKT_GATEWAY,Central Java,ST10_Solo,HB04_CTG_NATIONAL,Inter-Region,Regular,Prepaid,CR082,Van,0.84,0.78,0.84,1020396,15780,13985,8,1,0,,28.0,72,1,0,,1,0,,0,,54.05,3.18,7.18,ST10_Solo,
SHPM000844,AWB260000844,2026-02-28 12:56:37.120010,2026-02-28 13:03:37.120010,2026-02-28 13:34:37.120010,2026-02-28 14:37:37.703393,2026-02-28 15:31:37.703393,2026-02-28 16:36:37.703393,2026-02-28 20:40:03.918085,2026-03-01 06:28:52.779656,2026-03-01 08:35:38.318348,2026-03-01 15:13:08.661751,2026-03-01 20:19:36.811608,2026-03-02 00:56:37.120010,Delivered,Closed,SHP082,Shipper 082,SME,Outer Java,ST19_Denpasar,HB06_EASTERN_GATEWAY,West Java,ST07_Cirebon,HB02_BDG_TRANSIT,Inter-Region,Next Day,Prepaid,CR179,Bike,2.28,2.26,2.28,1200942,30260,22675,4,1,0,,54.0,36,1,0,,1,0,,0,,31.38,4.06,2.11,ST07_Cirebon,
SHPM000845,AWB260000845,2026-03-04 04:20:50.564688,2026-03-04 04:48:50.564688,2026-03-04 05:50:50.564688,,,,,,,,,2026-03-07 04:20:50.564688,Failed Pickup,Exception,SHP025,Shipper 025,Marketplace,East Java,ST12_Surabaya,HB03_SBY_GATEWAY,Outer Java,ST17_Makassar,HB06_EASTERN_GATEWAY,Inter-Region,Regular,Prepaid,CR110,Van,1.0,0.97,1.0,1339499,16500,10868,8,0,1,Schedule Miss,,72,0,0,,0,0,,0,,799.65,,,ST12_Surabaya,
SHPM000846,AWB260000846,2026-03-06 01:09:26.073255,2026-03-06 01:25:26.073255,2026-03-06 02:16:26.073255,2026-03-06 04:46:30.789347,2026-03-06 06:17:30.789347,2026-03-06 06:32:30.789347,2026-03-06 12:18:12.471419,2026-03-06 15:26:38.629292,2026-03-06 19:07:26.525761,2026-03-07 18:37:16.049285,2026-03-08 03:28:33.939618,2026-03-07 13:09:26.073255,Delivered,Closed,SHP019,Shipper 019,Marketplace,West Java,ST07_Cirebon,HB02_BDG_TRANSIT,Jabodetabek,ST02_JKT_West,HB01_JKT_GATEWAY,Inter-Region,Next Day,COD,CR067,Bike,1.59,1.6,1.6,955592,31200,28332,4,1,0,,91.0,36,0,0,,1,1,Capacity Delay,0,,50.32,5.76,3.68,ST02_JKT_West,Last Mile Delay
SHPM000847,AWB260000847,2026-03-15 23:12:36.929624,2026-03-15 23:24:36.929624,2026-03-15 23:39:36.929624,2026-03-16 02:27:48.969064,2026-03-16 03:07:48.969064,2026-03-16 04:11:48.969064,2026-03-16 06:40:33.232195,2026-03-16 15:25:44.769064,2026-03-16 20:40:22.065431,2026-03-17 05:36:16.806638,2026-03-17 13:35:45.091267,2026-03-17 11:12:36.929624,Delivered,Closed,SHP082,Shipper 082,SME,Outer Java,ST19_Denpasar,HB06_EASTERN_GATEWAY,Jabodetabek,ST01_JKT_Central,HB01_JKT_GATEWAY,Inter-Region,Next Day,Prepaid,CR179,Van,3.92,5.2,5.2,907471,43400,34154,4,1,0,,40.0,36,0,0,,1,0,,0,,38.39,2.48,5.24,ST01_JKT_Central,Last Mile Delay
SHPM000848,AWB260000848,2026-02-25 13:27:42.252349,2026-02-25 14:08:42.252349,2026-02-25 14:51:42.252349,2026-02-25 22:32:27.626001,2026-02-25 23:16:27.626001,2026-02-26 00:37:27.626001,2026-02-26 05:56:12.778460,2026-02-26 09:38:51.939872,2026-02-26 11:59:27.380453,2026-02-26 16:16:59.330562,2026-02-27 07:49:22.783024,2026-02-27 13:27:42.252349,Delivered,Closed,SHP015,Shipper 015,Marketplace,West Java,ST06_Bandung,HB01_JKT_GATEWAY,West Java,ST08_Bogor,HB01_JKT_GATEWAY,Intra-Region,Regular,Prepaid,CR063,Bike,1.03,0.98,1.03,2451770,16635,12650,8,0,0,,44.0,48,1,0,,1,0,,0,,42.36,5.31,2.34,ST08_Bogor,
SHPM000849,AWB260000849,2026-03-06 08:42:31.791511,2026-03-06 08:52:31.791511,2026-03-06 09:35:31.791511,2026-03-06 10:30:50.790744,2026-03-06 10:40:50.790744,2026-03-06 11:40:50.790744,2026-03-06 16:18:05.653270,2026-03-06 19:00:49.628557,2026-03-07 04:11:10.585962,2026-03-07 12:11:26.578737,2026-03-07 17:00:58.834368,2026-03-07 00:42:31.791511,Delivered,Closed,SHP038,Shipper 038,Marketplace,Jabodetabek,ST01_JKT_Central,HB01_JKT_GATEWAY,East Java,ST13_Malang,HB03_SBY_GATEWAY,Inter-Region,Same Day,Prepaid,CR008,Bike,1.32,1.29,1.32,941093,32940,31167,2,1,0,,10.0,16,0,0,,1,0,,0,,32.31,4.62,9.17,ST13_Malang,Last Mile Delay
SHPM000850,AWB260000850,2026-03-02 03:56:04.218331,2026-03-02 04:24:04.218331,2026-03-02 04:35:04.218331,2026-03-02 05:41:03.192497,2026-03-02 06:30:03.192497,2026-03-02 06:49:03.192497,2026-03-02 08:05:07.549118,2026-03-02 12:02:19.513106,2026-03-02 14:29:40.817237,2026-03-02 20:57:39.855071,2026-03-03 02:22:57.344246,2026-03-03 03:56:04.218331,Delivered,Closed,SHP044,Shipper 044,Marketplace,Jabodetabek,ST04_Bekasi,HB01_JKT_GATEWAY,Jabodetabek,ST04_Bekasi,HB01_JKT_GATEWAY,Intra-Region,Next Day,Prepaid,CR042,Bike,5.73,6.54,6.54,1151441,49430,33521,4,1,0,,49.0,24,1,0,,1,0,,0,,22.45,1.27,2.46,ST04_Bekasi,
SHPM000851,AWB260000851,2026-03-18 10:15:27.860535,2026-03-18 10:20:27.860535,2026-03-18 10:52:27.860535,2026-03-18 16:10:55.491847,2026-03-18 16:22:55.491847,2026-03-18 18:09:55.491847,2026-03-19 00:00:58.846830,2026-03-19 02:11:58.521063,2026-03-19 08:20:39.923685,2026-03-20 02:02:04.335990,2026-03-20 16:51:51.227930,2026-03-21 10:15:27.860535,Delivered,Closed,SHP035,Shipper 035,Enterprise,Jabodetabek,ST04_Bekasi,HB01_JKT_GATEWAY,East Java,ST14_Kediri,HB03_SBY_GATEWAY,Inter-Region,Regular,Prepaid,CR037,Van,1.75,1.67,1.75,520906,19875,18719,8,1,0,,12.0,72,1,0,,1,0,,0,,54.61,5.85,6.14,ST14_Kediri,
SHPM000852,AWB260000852,2026-03-12 14:56:25.164171,2026-03-12 15:24:25.164171,2026-03-12 15:42:25.164171,2026-03-12 20:50:34.392854,2026-03-12 21:08:34.392854,2026-03-12 21:57:34.392854,2026-03-13 01:03:06.797037,2026-03-13 10:44:34.140257,2026-03-13 21:00:51.942669,2026-03-14 05:19:43.209406,2026-03-14 15:29:43.398754,2026-03-15 14:56:25.164171,Delivered,Closed,SHP071,Shipper 071,Enterprise,Jabodetabek,ST04_Bekasi,HB01_JKT_GATEWAY,Central Java,ST11_Yogyakarta,HB04_CTG_NATIONAL,Inter-Region,Regular,Prepaid,CR043,Van,2.81,3.2,3.2,342581,26400,18900,8,1,0,,18.0,72,1,0,,1,0,,0,,48.56,3.09,10.27,ST11_Yogyakarta,
SHPM000853,AWB260000853,2026-03-12 00:36:00.330700,2026-03-12 00:46:00.330700,2026-03-12 00:51:00.330700,2026-03-12 02:20:17.883992,2026-03-12 02:32:17.883992,2026-03-12 03:20:17.883992,2026-03-12 06:06:43.567326,2026-03-12 12:57:42.996384,2026-03-12 18:41:46.855103,2026-03-13 03:50:31.907255,2026-03-13 05:23:00.912723,2026-03-12 16:36:00.330700,Delivered,Closed,SHP077,Shipper 077,Marketplace,Outer Java,ST20_Banjarmasin,HB06_EASTERN_GATEWAY,West Java,ST08_Bogor,HB01_JKT_GATEWAY,Inter-Region,Same Day,Prepaid,CR193,Bike,0.51,0.58,0.58,1108463,29610,26873,2,1,0,,12.0,16,0,0,,1,0,,0,,28.78,2.77,5.73,ST08_Bogor,Last Mile Delay
SHPM000854,AWB260000854,2026-02-17 16:17:27.070352,2026-02-17 16:44:27.070352,2026-02-17 16:54:27.070352,2026-02-17 17:58:55.718988,2026-02-17 18:59:55.718988,2026-02-17 19:56:55.718988,2026-02-18 01:17:15.784242,2026-02-18 06:38:40.481384,2026-02-18 15:36:46.618290,2026-02-19 08:22:27.061144,2026-02-19 12:42:36.708817,2026-02-19 04:17:27.070352,Delivered,Closed,SHP067,Shipper 067,SME,East Java,ST13_Malang,HB03_SBY_GATEWAY,Jabodetabek,ST02_JKT_West,HB01_JKT_GATEWAY,Inter-Region,Next Day,Prepaid,CR116,Van,1.82,2.34,2.34,711352,30530,28963,4,1,0,,61.0,36,0,0,,1,0,,0,,44.42,5.34,8.97,ST02_JKT_West,Last Mile Delay
SHPM000855,AWB260000855,2026-03-07 00:52:39.674011,2026-03-07 01:01:39.674011,2026-03-07 01:12:39.674011,2026-03-07 05:08:47.661413,2026-03-07 05:16:47.661413,2026-03-07 06:48:47.661413,2026-03-07 08:55:16.657575,2026-03-07 12:39:16.898038,2026-03-07 15:31:49.535183,2026-03-08 03:35:59.751741,2026-03-08 14:49:07.247728,2026-03-10 00:52:39.674011,Delivered,Closed,SHP012,Shipper 012,Marketplace,Outer Java,ST15_Medan,HB05_SUMATRA_GATEWAY,West Java,ST06_Bandung,HB01_JKT_GATEWAY,Inter-Region,Regular,Prepaid,CR143,Van,3.46,3.39,3.46,682555,27570,19035,8,1,0,,8.0,72,1,0,,1,0,,0,,37.94,2.11,2.88,ST06_Bandung,
SHPM000856,AWB260000856,2026-03-01 11:54:32.176091,2026-03-01 12:17:32.176091,2026-03-01 12:28:32.176091,2026-03-01 18:40:14.078380,2026-03-01 18:56:14.078380,2026-03-01 19:15:14.078380,2026-03-02 00:38:21.647727,2026-03-02 05:19:39.684443,2026-03-02 12:52:16.865351,2026-03-03 02:36:19.115582,2026-03-03 14:03:24.756926,2026-03-04 11:54:32.176091,Delivered,Closed,SHP087,Shipper 087,Enterprise,Jabodetabek,ST02_JKT_West,HB01_JKT_GATEWAY,West Java,ST06_Bandung,HB01_JKT_GATEWAY,Inter-Region,Regular,Prepaid,CR018,Bike,0.46,0.47,0.47,806923,14115,12925,8,1,0,,16.0,72,1,0,,1,0,,0,,50.15,5.39,7.54,ST06_Bandung,
SHPM000857,AWB260000857,2026-02-19 03:20:01.059502,2026-02-19 03:31:01.059502,2026-02-19 03:54:01.059502,2026-02-19 11:12:23.126049,2026-02-19 11:45:23.126049,2026-02-19 12:24:23.126049,2026-02-19 14:48:13.199695,2026-02-19 19:37:40.013867,2026-02-20 07:13:33.048388,2026-02-20 12:46:22.919104,2026-02-20 17:30:11.890218,2026-02-22 03:20:01.059502,Delivered,Closed,SHP069,Shipper 069,SME,West Java,ST06_Bandung,HB01_JKT_GATEWAY,Jabodetabek,ST03_JKT_East,HB01_JKT_GATEWAY,Inter-Region,Regular,Prepaid,CR060,Bike,4.64,5.06,5.06,1915715,34770,31740,8,1,0,,33.0,72,1,0,,1,0,,0,,38.17,2.4,11.6,ST03_JKT_East,
SHPM000858,AWB260000858,2026-04-01 00:31:13.149735,2026-04-01 00:50:13.149735,2026-04-01 01:51:13.149735,2026-04-01 04:59:29.836106,2026-04-01 05:07:29.836106,2026-04-01 06:24:29.836106,2026-04-01 10:46:37.772214,2026-04-01 14:07:16.700246,2026-04-01 16:51:32.551510,2026-04-02 03:28:12.444671,2026-04-02 06:33:47.061994,2026-04-02 12:31:13.149735,Delivered,Closed,SHP088,Shipper 088,SME,Outer Java,ST19_Denpasar,HB06_EASTERN_GATEWAY,Central Java,ST10_Solo,HB04_CTG_NATIONAL,Inter-Region,Next Day,Prepaid,CR176,Van,1.08,1.18,1.18,470161,25310,18117,4,0,0,,8.0,36,1,0,,1,0,,0,,30.04,4.37,2.74,ST10_Solo,
SHPM000859,AWB260000859,2026-03-26 10:39:45.103299,2026-03-26 11:02:45.103299,2026-03-26 11:34:45.103299,2026-03-26 12:25:14.580048,2026-03-26 12:46:14.580048,2026-03-26 14:45:14.580048,2026-03-26 16:16:52.778811,2026-03-26 17:21:43.138546,2026-03-27 03:48:18.441093,2026-03-27 06:06:47.351602,2026-03-27 07:26:48.485861,2026-03-26 20:39:45.103299,Delivered,Closed,SHP078,Shipper 078,SME,Outer Java,ST19_Denpasar,HB06_EASTERN_GATEWAY,Outer Java,ST16_Palembang,HB05_SUMATRA_GATEWAY,Intra-Region,Same Day,Prepaid,CR176,Bike,1.76,1.79,1.79,2186160,35055,20115,2,1,0,,21.0,10,0,0,,1,0,,0,,20.78,1.53,10.44,ST16_Palembang,Hub Bottleneck
SHPM000860,AWB260000860,2026-02-18 12:51:20.555590,2026-02-18 13:02:20.555590,2026-02-18 13:29:20.555590,2026-02-18 18:00:46.828316,2026-02-18 19:14:46.828316,2026-02-18 20:04:46.828316,2026-02-18 23:54:35.532507,2026-02-19 04:43:44.563819,2026-02-19 14:50:29.142453,2026-02-19 19:59:29.910436,2026-02-20 07:00:45.624006,2026-02-21 12:51:20.555590,Delivered,Closed,SHP086,Shipper 086,Marketplace,Jabodetabek,ST01_JKT_Central,HB01_JKT_GATEWAY,Central Java,ST10_Solo,HB04_CTG_NATIONAL,Inter-Region,Regular,COD,CR010,Bike,0.41,0.44,0.44,2017193,17980,14933,8,1,0,,74.0,72,1,0,,1,0,,0,,42.16,3.83,10.11,ST10_Solo,
SHPM000861,AWB260000861,2026-03-05 23:24:20.198794,2026-03-06 00:08:20.198794,2026-03-06 00:30:20.198794,2026-03-06 09:06:59.883869,2026-03-06 09:30:59.883869,2026-03-06 10:40:59.883869,2026-03-06 12:34:44.432505,2026-03-06 21:21:46.026093,2026-03-07 05:56:41.480656,2026-03-07 19:05:49.795980,2026-03-08 07:30:18.535208,2026-03-08 23:24:20.198794,Delivered,Closed,SHP094,Shipper 094,SME,Outer Java,ST15_Medan,HB05_SUMATRA_GATEWAY,West Java,ST06_Bandung,HB01_JKT_GATEWAY,Inter-Region,Regular,Prepaid,CR138,Bike,2.48,2.47,2.48,409618,23160,21842,8,0,0,,24.0,72,1,0,,1,0,,0,,56.1,1.9,8.58,ST06_Bandung,
SHPM000862,AWB260000862,2026-03-02 20:28:37.818828,2026-03-02 21:11:37.818828,2026-03-02 21:49:37.818828,2026-03-03 01:04:34.850792,2026-03-03 01:12:34.850792,2026-03-03 02:36:34.850792,2026-03-03 05:36:17.165678,2026-03-03 07:40:04.051972,2026-03-03 11:09:32.480970,2026-03-03 23:55:01.041501,2026-03-04 06:51:08.930545,2026-03-04 08:28:37.818828,Delivered,Closed,SHP042,Shipper 042,Marketplace,Jabodetabek,ST03_JKT_East,HB01_JKT_GATEWAY,West Java,ST08_Bogor,HB01_JKT_GATEWAY,Inter-Region,Next Day,Prepaid,CR029,Bike,0.55,0.53,0.55,2145676,22475,13572,4,1,0,,8.0,36,1,0,,1,0,,0,,34.38,3.0,3.49,ST08_Bogor,
SHPM000863,AWB260000863,2026-04-01 11:30:24.724525,2026-04-01 11:44:24.724525,2026-04-01 12:07:24.724525,2026-04-01 16:07:52.316026,2026-04-01 16:59:52.316026,2026-04-01 17:18:52.316026,2026-04-01 18:19:04.693954,2026-04-01 22:53:10.331674,2026-04-02 09:10:25.809555,2026-04-03 01:03:49.501078,2026-04-03 10:07:52.564130,2026-04-04 11:30:24.724525,Delivered,Closed,SHP053,Shipper 053,Marketplace,Jabodetabek,ST05_Tangerang,HB01_JKT_GATEWAY,West Java,ST07_Cirebon,HB02_BDG_TRANSIT,Inter-Region,Regular,COD,CR045,Van,0.93,0.99,0.99,1017495,20455,12331,8,1,0,,52.0,72,1,0,,1,0,,0,,46.62,1.0,10.29,ST07_Cirebon,
SHPM000864,AWB260000864,2026-03-25 15:33:27.587550,2026-03-25 15:47:27.587550,2026-03-25 16:15:27.587550,2026-03-25 17:15:38.155853,2026-03-25 18:03:38.155853,2026-03-25 19:32:38.155853,2026-03-25 21:53:53.769978,2026-03-26 01:57:48.291152,2026-03-26 16:56:19.797464,2026-03-27 08:14:44.259430,2026-03-27 16:08:08.770539,2026-03-27 03:33:27.587550,Delivered,Closed,SHP014,Shipper 014,Enterprise,Jabodetabek,ST05_Tangerang,HB01_JKT_GATEWAY,Outer Java,ST17_Makassar,HB06_EASTERN_GATEWAY,Inter-Region,Next Day,Prepaid,CR053,Bike,2.02,1.99,2.02,710345,29090,27177,4,1,0,,48.0,36,0,0,,1,0,,0,,48.58,2.35,14.98,ST17_Makassar,Hub Bottleneck
SHPM000865,AWB260000865,2026-03-29 04:11:30.269396,2026-03-29 04:49:30.269396,2026-03-29 05:20:30.269396,2026-03-29 09:23:53.879772,2026-03-29 10:08:53.879772,2026-03-29 11:29:53.879772,2026-03-29 12:54:08.466196,2026-03-29 15:46:29.085471,2026-03-29 17:39:11.903705,2026-03-30 07:30:25.808694,2026-03-30 16:05:10.872649,2026-03-30 16:11:30.269396,Delivered,Closed,SHP023,Shipper 023,Enterprise,West Java,ST08_Bogor,HB01_JKT_GATEWAY,Outer Java,ST20_Banjarmasin,HB06_EASTERN_GATEWAY,Inter-Region,Next Day,COD,CR076,Bike,1.53,1.47,1.53,1619808,30885,18180,4,0,0,,45.0,36,1,0,,1,0,,0,,35.89,1.4,1.88,ST20_Banjarmasin,
SHPM000866,AWB260000866,2026-03-15 08:55:53.555888,2026-03-15 09:31:53.555888,2026-03-15 10:02:53.555888,2026-03-15 12:25:45.746161,2026-03-15 12:52:45.746161,2026-03-15 13:48:45.746161,2026-03-15 15:23:47.338070,2026-03-16 00:35:19.584130,2026-03-16 12:16:25.480311,2026-03-17 02:06:29.044285,2026-03-17 09:37:58.017200,2026-03-18 08:55:53.555888,Delivered,Closed,SHP082,Shipper 082,SME,Outer Java,ST19_Denpasar,HB06_EASTERN_GATEWAY,West Java,ST07_Cirebon,HB02_BDG_TRANSIT,Inter-Region,Regular,COD,CR177,Van,2.46,2.36,2.46,1068300,27070,20661,8,1,0,,27.0,72,1,0,,1,0,,0,,48.7,1.58,11.68,ST07_Cirebon,
SHPM000867,AWB260000867,2026-03-03 23:18:19.543320,2026-03-03 23:55:19.543320,2026-03-04 00:04:19.543320,2026-03-04 03:18:00.060084,2026-03-04 04:06:00.060084,2026-03-04 06:06:00.060084,2026-03-04 08:10:32.726494,2026-03-04 17:27:58.332118,2026-03-05 00:47:54.165631,2026-03-05 13:39:09.660717,2026-03-05 19:13:04.351784,2026-03-05 11:18:19.543320,Delivered,Closed,SHP058,Shipper 058,Enterprise,Jabodetabek,ST01_JKT_Central,HB01_JKT_GATEWAY,West Java,ST07_Cirebon,HB02_BDG_TRANSIT,Inter-Region,Next Day,Prepaid,CR006,Van,0.98,1.07,1.07,1116045,24815,18563,4,1,0,,48.0,36,0,0,,1,0,,0,,43.91,2.08,7.33,ST07_Cirebon,Last Mile Delay
SHPM000868,AWB260000868,2026-03-16 23:02:04.551585,2026-03-16 23:26:04.551585,2026-03-17 00:03:04.551585,2026-03-17 03:44:15.005292,2026-03-17 05:06:15.005292,2026-03-17 06:48:15.005292,2026-03-17 13:49:37.811818,2026-03-17 22:22:36.021270,2026-03-18 23:56:39.448482,2026-03-19 17:04:16.214753,2026-03-19 20:45:46.483558,2026-03-17 15:02:04.551585,Delivered,Closed,SHP031,Shipper 031,SME,East Java,ST12_Surabaya,HB03_SBY_GATEWAY,Jabodetabek,ST02_JKT_West,HB01_JKT_GATEWAY,Inter-Region,Same Day,COD,CR111,Bike,0.51,0.61,0.61,410640,33745,29202,2,0,0,,82.0,16,0,0,,1,0,,0,,69.73,7.02,25.57,ST02_JKT_West,First Mile Delay
SHPM000869,AWB260000869,2026-02-17 10:25:29.919575,2026-02-17 10:33:29.919575,2026-02-17 11:38:29.919575,2026-02-17 15:07:22.091641,2026-02-17 15:23:22.091641,2026-02-17 16:41:22.091641,2026-02-17 20:43:28.171619,2026-02-17 22:35:38.017120,2026-02-18 04:41:00.583861,2026-02-18 13:04:15.000012,2026-02-19 06:24:24.935725,2026-02-19 10:25:29.919575,Delivered,Closed,SHP065,Shipper 065,Marketplace,Jabodetabek,ST01_JKT_Central,HB01_JKT_GATEWAY,Jabodetabek,ST03_JKT_East,HB01_JKT_GATEWAY,Intra-Region,Regular,Prepaid,CR008,Bike,0.85,0.78,0.85,1084566,15825,11910,8,1,0,,16.0,48,1,0,,1,0,,0,,43.98,4.04,6.09,ST03_JKT_East,
SHPM000870,AWB260000870,2026-02-24 19:41:01.815632,2026-02-24 20:11:01.815632,2026-02-24 20:29:01.815632,2026-02-24 23:58:28.941289,2026-02-25 00:30:28.941289,2026-02-25 01:13:28.941289,2026-02-25 04:14:17.349152,2026-02-25 09:31:37.896231,2026-02-25 21:30:22.943263,2026-02-26 12:24:59.527961,,2026-02-27 19:41:01.815632,Delivery Exception,Exception,SHP017,Shipper 017,Marketplace,Outer Java,ST16_Palembang,HB05_SUMATRA_GATEWAY,Central Java,ST09_Semarang,HB04_CTG_NATIONAL,Inter-Region,Regular,Prepaid,CR153,Bike,0.91,1.11,1.11,2325484,16995,14362,8,1,0,,32.0,72,0,1,Cash Issue,3,0,,0,,976.32,3.01,11.98,ST09_Semarang,Hub Bottleneck
SHPM000871,AWB260000871,2026-02-21 21:56:16.267906,2026-02-21 22:17:16.267906,2026-02-21 23:03:16.267906,2026-02-22 05:26:54.297209,2026-02-22 06:36:54.297209,2026-02-22 08:13:54.297209,2026-02-22 14:55:37.023105,2026-02-22 21:29:10.725247,2026-02-23 15:28:37.795231,2026-02-24 05:03:32.014585,2026-02-24 12:05:34.376187,2026-02-24 21:56:16.267906,Delivered,Closed,SHP060,Shipper 060,Enterprise,East Java,ST12_Surabaya,HB03_SBY_GATEWAY,Outer Java,ST20_Banjarmasin,HB06_EASTERN_GATEWAY,Inter-Region,Regular,Prepaid,CR110,Bike,4.28,4.28,4.28,1973497,31260,23909,8,1,0,,70.0,72,1,0,,1,0,,0,,62.16,6.7,17.99,ST20_Banjarmasin,
SHPM000872,AWB260000872,2026-03-16 19:21:09.423687,2026-03-16 20:01:09.423687,2026-03-16 20:23:09.423687,2026-03-16 21:53:34.157396,2026-03-16 22:10:34.157396,2026-03-17 00:06:34.157396,2026-03-17 02:59:26.923081,2026-03-17 09:59:53.392396,2026-03-17 17:03:10.620629,2026-03-17 23:08:02.670221,2026-03-18 01:34:38.118700,2026-03-17 11:21:09.423687,Delivered,Closed,SHP100,Shipper 100,Marketplace,Central Java,ST11_Yogyakarta,HB04_CTG_NATIONAL,East Java,ST14_Kediri,HB03_SBY_GATEWAY,Inter-Region,Same Day,COD,CR105,Bike,2.04,2.41,2.41,374683,41845,37625,2,1,0,,17.0,16,0,0,,1,0,,0,,30.22,2.88,7.05,ST14_Kediri,Last Mile Delay
SHPM000873,AWB260000873,2026-03-12 09:56:16.425651,2026-03-12 10:24:16.425651,2026-03-12 10:41:16.425651,2026-03-12 18:14:19.343942,2026-03-12 18:44:19.343942,2026-03-12 20:01:19.343942,2026-03-12 22:18:22.439767,2026-03-13 05:04:16.160352,2026-03-13 12:42:42.515659,2026-03-13 20:34:21.268410,2026-03-14 11:45:53.414972,2026-03-15 09:56:16.425651,Delivered,Closed,SHP039,Shipper 039,Marketplace,Central Java,ST09_Semarang,HB04_CTG_NATIONAL,Jabodetabek,ST05_Tangerang,HB01_JKT_GATEWAY,Inter-Region,Regular,COD,CR090,Bike,0.41,0.55,0.55,1001043,18475,13569,8,1,0,,30.0,72,1,0,,1,0,,0,,49.83,2.28,7.64,ST05_Tangerang,
SHPM000874,AWB260000874,2026-02-23 16:21:17.708455,2026-02-23 16:52:17.708455,2026-02-23 17:33:17.708455,2026-02-24 01:49:16.844717,2026-02-24 02:22:16.844717,2026-02-24 02:48:16.844717,2026-02-24 03:49:02.488922,2026-02-24 11:37:34.809267,2026-02-24 23:06:33.573969,2026-02-25 05:22:24.818093,2026-02-25 15:49:02.390058,2026-02-26 16:21:17.708455,Delivered,Closed,SHP087,Shipper 087,Enterprise,Jabodetabek,ST02_JKT_West,HB01_JKT_GATEWAY,Central Java,ST10_Solo,HB04_CTG_NATIONAL,Inter-Region,Regular,Prepaid,CR013,Van,0.66,0.8,0.8,2492218,15600,10500,8,0,0,,33.0,72,1,0,,1,0,,0,,47.46,1.01,11.48,ST10_Solo,
SHPM000875,AWB260000875,2026-03-14 16:10:00.357031,2026-03-14 16:52:00.357031,2026-03-14 17:17:00.357031,2026-03-14 20:45:40.077169,2026-03-14 21:14:40.077169,2026-03-14 21:57:40.077169,2026-03-15 02:20:03.358741,2026-03-15 04:47:28.842337,2026-03-15 11:38:05.912912,2026-03-15 21:39:55.356223,2026-03-16 07:51:57.313502,2026-03-16 04:10:00.357031,Delivered,Closed,SHP065,Shipper 065,Marketplace,Jabodetabek,ST05_Tangerang,HB01_JKT_GATEWAY,Central Java,ST10_Solo,HB04_CTG_NATIONAL,Inter-Region,Next Day,Prepaid,CR046,Truck,0.46,0.45,0.46,1384869,22070,15555,4,1,0,,29.0,36,0,0,,1,0,,0,,39.7,4.37,6.84,ST10_Solo,Last Mile Delay
SHPM000876,AWB260000876,2026-03-08 16:08:09.526113,2026-03-08 16:26:09.526113,2026-03-08 16:48:09.526113,2026-03-08 19:00:29.062376,2026-03-08 19:28:29.062376,2026-03-08 20:48:29.062376,2026-03-08 23:30:35.033226,2026-03-09 05:34:36.553606,2026-03-09 20:28:05.734711,2026-03-10 10:23:41.757256,,2026-03-10 04:08:09.526113,Delivery Exception,Exception,SHP076,Shipper 076,Enterprise,West Java,ST06_Bandung,HB01_JKT_GATEWAY,Outer Java,ST16_Palembang,HB05_SUMATRA_GATEWAY,Inter-Region,Next Day,COD,CR062,Van,1.17,1.13,1.17,1273217,29265,25853,4,1,0,,28.0,36,0,1,Cash Issue,2,0,,0,,691.86,2.7,14.89,ST16_Palembang,Hub Bottleneck
SHPM000877,AWB260000877,2026-03-09 00:38:34.806514,2026-03-09 01:14:34.806514,2026-03-09 01:30:34.806514,2026-03-09 05:17:25.108942,2026-03-09 06:09:25.108942,2026-03-09 08:07:25.108942,2026-03-09 13:28:58.905505,2026-03-09 17:35:37.433428,2026-03-10 00:40:14.599768,2026-03-10 15:18:32.895195,2026-03-10 20:46:40.926131,2026-03-10 12:38:34.806514,Delivered,Closed,SHP056,Shipper 056,Enterprise,Jabodetabek,ST04_Bekasi,HB01_JKT_GATEWAY,Outer Java,ST19_Denpasar,HB06_EASTERN_GATEWAY,Inter-Region,Next Day,Prepaid,CR037,Bike,1.6,1.53,1.6,2046526,27200,15515,4,0,0,,52.0,36,0,0,,1,0,,0,,44.14,5.36,7.08,ST19_Denpasar,First Mile Delay
SHPM000878,AWB260000878,2026-03-03 11:09:12.427860,2026-03-03 11:28:12.427860,2026-03-03 11:50:12.427860,2026-03-03 19:06:11.611949,2026-03-03 19:31:11.611949,2026-03-03 20:56:11.611949,2026-03-04 02:16:15.804779,2026-03-04 04:31:52.903114,2026-03-04 16:11:37.156153,2026-03-05 04:01:06.082827,2026-03-05 20:58:01.690872,2026-03-06 11:09:12.427860,Delivered,Closed,SHP074,Shipper 074,Enterprise,Outer Java,ST15_Medan,HB05_SUMATRA_GATEWAY,West Java,ST07_Cirebon,HB02_BDG_TRANSIT,Inter-Region,Regular,Prepaid,CR143,Bike,0.93,1.35,1.35,1143583,18075,11914,8,1,0,,25.0,72,1,0,,1,0,,0,,57.81,5.33,11.66,ST07_Cirebon,
SHPM000879,AWB260000879,2026-03-13 11:38:19.899998,2026-03-13 11:43:19.899998,2026-03-13 12:08:19.899998,2026-03-13 15:31:30.609293,2026-03-13 15:49:30.609293,2026-03-13 16:17:30.609293,2026-03-13 17:31:16.621416,2026-03-14 01:25:33.744098,2026-03-14 04:24:29.302840,2026-03-14 14:06:02.425204,2026-03-14 20:55:47.810861,2026-03-16 11:38:19.899998,Delivered,Closed,SHP063,Shipper 063,Enterprise,Jabodetabek,ST05_Tangerang,HB01_JKT_GATEWAY,Central Java,ST11_Yogyakarta,HB04_CTG_NATIONAL,Inter-Region,Regular,Prepaid,CR048,Bike,0.39,0.39,0.39,271350,13755,11982,8,1,0,,18.0,72,1,0,,1,0,,0,,33.29,1.23,2.98,ST11_Yogyakarta,
SHPM000880,AWB260000880,2026-02-28 13:36:18.552098,2026-02-28 14:17:18.552098,2026-02-28 14:40:18.552098,2026-02-28 17:32:30.341624,2026-02-28 18:45:30.341624,2026-02-28 19:05:30.341624,2026-02-28 22:30:23.238724,2026-03-01 04:46:22.852452,2026-03-01 13:26:04.779683,2026-03-02 02:11:12.765860,2026-03-02 12:38:51.552508,2026-03-03 13:36:18.552098,Delivered,Closed,SHP030,Shipper 030,Enterprise,Jabodetabek,ST05_Tangerang,HB01_JKT_GATEWAY,East Java,ST13_Malang,HB03_SBY_GATEWAY,Inter-Region,Regular,COD,CR044,Van,0.26,0.25,0.26,721104,17170,10450,8,1,0,,73.0,72,1,0,,1,0,,0,,47.04,3.41,8.66,ST13_Malang,
SHPM000881,AWB260000881,2026-03-12 22:44:14.336480,2026-03-12 23:00:14.336480,2026-03-12 23:21:14.336480,2026-03-13 07:01:44.415082,2026-03-13 07:45:44.415082,2026-03-13 08:55:44.415082,2026-03-13 13:42:36.326695,2026-03-13 16:11:37.648648,2026-03-13 18:35:18.074087,2026-03-14 10:35:17.358980,2026-03-14 17:08:26.962923,2026-03-15 22:44:14.336480,Delivered,Closed,SHP057,Shipper 057,SME,Central Java,ST09_Semarang,HB04_CTG_NATIONAL,West Java,ST06_Bandung,HB01_JKT_GATEWAY,Inter-Region,Regular,Prepaid,CR088,Van,1.55,1.56,1.56,515466,19020,13058,8,0,0,,44.0,72,1,0,,1,0,,0,,42.4,4.78,2.39,ST06_Bandung,
SHPM000882,AWB260000882,2026-03-27 04:40:52.221112,2026-03-27 05:17:52.221112,2026-03-27 06:13:52.221112,2026-03-27 07:18:55.039997,2026-03-27 08:19:55.039997,2026-03-27 08:37:55.039997,2026-03-27 15:33:39.355484,2026-03-27 21:31:42.945046,2026-03-28 21:44:35.856837,2026-03-29 12:38:27.122727,2026-03-29 17:03:39.632262,2026-03-28 16:40:52.221112,Delivered,Closed,SHP010,Shipper 010,Enterprise,East Java,ST12_Surabaya,HB03_SBY_GATEWAY,Jabodetabek,ST04_Bekasi,HB01_JKT_GATEWAY,Inter-Region,Next Day,Prepaid,CR109,Truck,1.7,1.7,1.7,2288117,27650,20139,4,1,0,,61.0,36,0,0,,1,0,,0,,60.38,6.93,24.21,ST04_Bekasi,Hub Bottleneck
SHPM000883,AWB260000883,2026-03-23 15:15:10.961009,2026-03-23 15:52:10.961009,2026-03-23 16:20:10.961009,2026-03-23 19:35:22.714219,2026-03-23 20:42:22.714219,2026-03-23 21:51:22.714219,2026-03-24 01:19:06.776211,2026-03-24 07:28:21.389728,2026-03-24 16:48:24.447591,2026-03-25 04:20:24.993917,2026-03-25 16:12:28.192942,2026-03-26 15:15:10.961009,Delivered,Closed,SHP057,Shipper 057,SME,Central Java,ST10_Solo,HB04_CTG_NATIONAL,Jabodetabek,ST03_JKT_East,HB01_JKT_GATEWAY,Inter-Region,Regular,Prepaid,CR098,Bike,0.9,0.94,0.94,143559,16230,9690,8,1,0,,67.0,72,1,0,,1,0,,0,,48.95,3.46,9.33,ST03_JKT_East,
SHPM000884,AWB260000884,2026-03-13 04:29:36.043878,2026-03-13 04:44:36.043878,2026-03-13 05:19:36.043878,2026-03-13 06:14:18.939026,2026-03-13 07:34:18.939026,2026-03-13 08:40:18.939026,2026-03-13 11:34:38.692229,2026-03-13 15:19:44.304273,2026-03-14 02:54:09.425541,2026-03-14 18:35:43.404868,2026-03-15 00:11:28.843970,2026-03-14 16:29:36.043878,Delivered,Closed,SHP074,Shipper 074,Enterprise,Outer Java,ST15_Medan,HB05_SUMATRA_GATEWAY,Jabodetabek,ST01_JKT_Central,HB01_JKT_GATEWAY,Inter-Region,Next Day,COD,CR138,Van,0.77,0.72,0.77,1274887,27465,23688,4,1,0,,80.0,36,0,0,,1,0,,0,,43.7,2.91,11.57,ST01_JKT_Central,Hub Bottleneck
SHPM000885,AWB260000885,2026-02-15 12:55:21.591775,2026-02-15 13:20:21.591775,2026-02-15 13:57:21.591775,2026-02-15 19:03:40.433308,2026-02-15 19:41:40.433308,2026-02-15 21:33:40.433308,2026-02-16 03:32:41.219614,2026-02-16 12:22:45.734748,2026-02-16 23:40:43.731514,2026-02-17 06:19:15.281707,2026-02-17 10:46:34.928468,2026-02-18 12:55:21.591775,Delivered,Closed,SHP048,Shipper 048,Enterprise,Outer Java,ST17_Makassar,HB06_EASTERN_GATEWAY,Jabodetabek,ST01_JKT_Central,HB01_JKT_GATEWAY,Inter-Region,Regular,Prepaid,CR155,Bike,0.83,1.33,1.33,1294579,17985,12462,8,1,0,,38.0,72,1,0,,1,0,,0,,45.85,5.98,11.3,ST01_JKT_Central,
SHPM000886,AWB260000886,2026-02-26 09:11:31.137280,2026-02-26 09:37:31.137280,2026-02-26 09:58:31.137280,2026-02-26 17:37:53.273969,2026-02-26 18:01:53.273969,2026-02-26 19:18:53.273969,2026-02-26 21:02:29.387702,2026-02-27 04:28:09.936162,2026-02-28 03:53:10.720474,2026-02-28 14:33:43.169457,2026-03-01 01:37:27.110543,2026-03-01 09:11:31.137280,Delivered,Closed,SHP090,Shipper 090,Enterprise,East Java,ST14_Kediri,HB03_SBY_GATEWAY,Central Java,ST09_Semarang,HB04_CTG_NATIONAL,Inter-Region,Regular,Prepaid,CR128,Bike,2.13,2.0,2.13,1785593,21585,19997,8,0,0,,24.0,72,1,0,,1,0,,0,,64.43,1.73,23.42,ST09_Semarang,
SHPM000887,AWB260000887,2026-02-23 18:03:45.142751,2026-02-23 18:27:45.142751,2026-02-23 18:53:45.142751,2026-02-23 22:49:57.463831,2026-02-23 23:50:57.463831,2026-02-24 01:42:57.463831,2026-02-24 04:11:12.545217,2026-02-24 07:24:15.999081,2026-02-24 19:50:22.307511,2026-02-25 02:41:13.234042,2026-02-25 10:43:13.818748,2026-02-25 18:03:45.142751,Delivered,Closed,SHP067,Shipper 067,SME,East Java,ST14_Kediri,HB03_SBY_GATEWAY,East Java,ST14_Kediri,HB03_SBY_GATEWAY,Intra-Region,Regular,Prepaid,CR135,Bike,1.01,1.37,1.37,1177646,18165,15279,8,1,0,,61.0,48,1,0,,1,0,,0,,40.66,2.47,12.44,ST14_Kediri,
SHPM000888,AWB260000888,2026-03-19 08:12:13.416101,2026-03-19 08:45:13.416101,2026-03-19 09:03:13.416101,2026-03-19 15:08:48.568553,2026-03-19 15:52:48.568553,2026-03-19 16:41:48.568553,2026-03-19 19:33:26.438423,2026-03-20 04:32:54.176208,2026-03-20 09:55:57.806254,2026-03-21 02:21:52.976474,2026-03-21 16:40:40.680683,2026-03-22 08:12:13.416101,Delivered,Closed,SHP091,Shipper 091,SME,Outer Java,ST16_Palembang,HB05_SUMATRA_GATEWAY,West Java,ST07_Cirebon,HB02_BDG_TRANSIT,Inter-Region,Regular,COD,CR147,Van,2.63,3.57,3.57,1949377,32065,24148,8,1,0,,44.0,72,1,0,,1,0,,0,,56.47,2.86,5.38,ST07_Cirebon,
SHPM000889,AWB260000889,2026-03-23 22:41:44.994102,2026-03-23 22:54:44.994102,2026-03-23 23:27:44.994102,2026-03-24 04:19:57.183548,2026-03-24 05:21:57.183548,2026-03-24 06:22:57.183548,2026-03-24 10:18:47.404097,2026-03-24 15:03:40.379049,2026-03-24 16:52:29.548523,2026-03-25 00:04:07.329626,2026-03-25 09:19:37.776406,2026-03-26 22:41:44.994102,Delivered,Closed,SHP062,Shipper 062,Enterprise,Jabodetabek,ST04_Bekasi,HB01_JKT_GATEWAY,West Java,ST07_Cirebon,HB02_BDG_TRANSIT,Inter-Region,Regular,Prepaid,CR032,Bike,2.89,2.87,2.89,603194,25005,20950,8,1,0,,62.0,72,1,0,,1,0,,0,,34.63,3.93,1.81,ST07_Cirebon,
SHPM000890,AWB260000890,2026-02-20 22:23:15.174728,2026-02-20 22:46:15.174728,2026-02-20 23:24:15.174728,2026-02-21 00:52:19.502637,2026-02-21 01:25:19.502637,2026-02-21 02:26:19.502637,2026-02-21 08:03:24.880231,2026-02-21 16:28:05.779581,2026-02-22 04:01:46.468206,2026-02-22 14:32:27.921395,2026-02-22 19:53:53.503348,2026-02-22 10:23:15.174728,Delivered,Closed,SHP078,Shipper 078,SME,Outer Java,ST17_Makassar,HB06_EASTERN_GATEWAY,Jabodetabek,ST03_JKT_East,HB01_JKT_GATEWAY,Inter-Region,Next Day,Prepaid,CR154,Bike,0.83,1.19,1.19,621453,25355,18980,4,1,0,,33.0,36,0,0,,1,0,,0,,45.51,5.62,11.56,ST03_JKT_East,Hub Bottleneck
SHPM000891,AWB260000891,2026-03-17 04:39:46.311366,2026-03-17 05:14:46.311366,2026-03-17 05:22:46.311366,2026-03-17 08:58:31.250197,2026-03-17 09:23:31.250197,2026-03-17 10:28:31.250197,2026-03-17 14:15:19.034362,2026-03-17 23:21:09.441591,2026-03-18 09:01:34.336930,2026-03-18 22:02:06.065286,2026-03-19 03:49:01.645758,2026-03-18 16:39:46.311366,Delivered,Closed,SHP087,Shipper 087,Enterprise,Jabodetabek,ST02_JKT_West,HB01_JKT_GATEWAY,Central Java,ST11_Yogyakarta,HB04_CTG_NATIONAL,Inter-Region,Next Day,Prepaid,CR014,Truck,0.49,0.45,0.49,500643,22205,16419,4,1,0,,25.0,36,0,0,,1,0,,0,,47.15,3.78,9.67,ST11_Yogyakarta,Last Mile Delay
SHPM000892,AWB260000892,2026-03-30 15:57:03.593199,2026-03-30 16:05:03.593199,2026-03-30 16:51:03.593199,2026-03-30 17:55:08.694480,2026-03-30 18:39:08.694480,2026-03-30 19:49:08.694480,2026-03-30 22:02:02.582444,2026-03-31 04:44:00.725249,2026-03-31 08:10:31.493944,2026-03-31 13:12:25.636573,2026-03-31 16:38:29.571908,2026-03-31 07:57:03.593199,Delivered,Closed,SHP098,Shipper 098,Marketplace,Outer Java,ST17_Makassar,HB06_EASTERN_GATEWAY,East Java,ST12_Surabaya,HB03_SBY_GATEWAY,Inter-Region,Same Day,Prepaid,CR156,Bike,1.76,1.89,1.89,1885876,35505,21987,2,1,0,,44.0,16,0,0,,1,0,,0,,24.69,2.21,3.44,ST12_Surabaya,Last Mile Delay
SHPM000893,AWB260000893,2026-03-17 03:47:40.437954,2026-03-17 04:26:40.437954,2026-03-17 05:07:40.437954,2026-03-17 17:18:43.974207,2026-03-17 18:48:43.974207,2026-03-17 20:36:43.974207,2026-03-18 03:38:42.006994,2026-03-18 12:25:50.960529,2026-03-18 21:44:15.582437,2026-03-19 05:15:40.603956,2026-03-19 14:57:06.443872,2026-03-20 03:47:40.437954,Delivered,Closed,SHP060,Shipper 060,Enterprise,East Java,ST12_Surabaya,HB03_SBY_GATEWAY,Central Java,ST10_Solo,HB04_CTG_NATIONAL,Inter-Region,Regular,COD,CR108,Van,1.02,1.07,1.07,615977,20815,18469,8,0,0,,90.0,72,1,0,,1,0,,0,,59.16,7.03,9.31,ST10_Solo,
SHPM000894,AWB260000894,2026-03-07 12:34:46.987618,2026-03-07 13:15:46.987618,2026-03-07 13:34:46.987618,2026-03-07 15:30:20.846360,2026-03-07 15:55:20.846360,2026-03-07 17:33:20.846360,2026-03-07 19:16:35.955491,2026-03-08 02:11:49.396279,2026-03-08 03:48:16.351516,2026-03-08 10:47:17.859032,2026-03-08 20:24:37.113352,2026-03-09 00:34:46.987618,Delivered,Closed,SHP034,Shipper 034,Enterprise,Jabodetabek,ST01_JKT_Central,HB01_JKT_GATEWAY,East Java,ST13_Malang,HB03_SBY_GATEWAY,Inter-Region,Next Day,Prepaid,CR010,Bike,0.78,0.75,0.78,2374003,23510,16541,4,1,0,,25.0,36,1,0,,1,0,,0,,31.83,1.72,1.61,ST13_Malang,
SHPM000895,AWB260000895,2026-03-23 15:18:10.282202,2026-03-23 15:31:10.282202,2026-03-23 15:57:10.282202,2026-03-23 16:22:00.445639,2026-03-23 17:25:00.445639,2026-03-23 18:42:00.445639,2026-03-23 23:14:06.491754,2026-03-24 07:25:24.383877,2026-03-24 09:28:56.619910,2026-03-24 19:30:39.146351,2026-03-24 22:15:18.505903,2026-03-24 07:18:10.282202,Delivered,Closed,SHP095,Shipper 095,Enterprise,Central Java,ST11_Yogyakarta,HB04_CTG_NATIONAL,West Java,ST08_Bogor,HB01_JKT_GATEWAY,Inter-Region,Same Day,COD,CR106,Van,1.8,1.83,1.83,1720769,39235,25392,2,1,0,,63.0,16,0,0,,1,0,,0,,30.95,4.54,2.06,ST08_Bogor,Last Mile Delay
SHPM000896,AWB260000896,2026-04-01 05:08:38.390584,2026-04-01 05:42:38.390584,2026-04-01 05:54:38.390584,2026-04-01 10:04:18.959174,2026-04-01 10:41:18.959174,2026-04-01 11:12:18.959174,2026-04-01 16:47:17.111140,2026-04-01 23:53:08.510079,2026-04-02 19:45:24.882404,2026-04-03 12:59:06.794631,2026-04-03 19:30:34.083806,2026-04-04 05:08:38.390584,Delivered,Closed,SHP055,Shipper 055,Marketplace,East Java,ST14_Kediri,HB03_SBY_GATEWAY,Outer Java,ST17_Makassar,HB06_EASTERN_GATEWAY,Inter-Region,Regular,Prepaid,CR131,Van,2.42,2.5,2.5,1349960,23250,18982,8,1,0,,37.0,72,1,0,,1,0,,0,,62.37,5.58,19.87,ST17_Makassar,
SHPM000897,AWB260000897,2026-02-26 23:07:58.031140,2026-02-26 23:48:58.031140,2026-02-27 01:03:58.031140,2026-02-27 05:51:27.462310,2026-02-27 07:33:27.462310,2026-02-27 08:16:27.462310,2026-02-27 12:41:40.747247,2026-02-27 17:15:02.477056,2026-02-28 00:27:23.868339,2026-02-28 13:35:36.360496,2026-02-28 21:58:46.507749,2026-02-28 11:07:58.031140,Delivered,Closed,SHP019,Shipper 019,Marketplace,West Java,ST07_Cirebon,HB02_BDG_TRANSIT,Jabodetabek,ST03_JKT_East,HB01_JKT_GATEWAY,Inter-Region,Next Day,COD,CR069,Bike,1.25,1.15,1.25,778399,29625,16894,4,0,0,,102.0,36,0,0,,1,0,,0,,46.85,4.42,7.21,ST03_JKT_East,First Mile Delay
SHPM000898,AWB260000898,2026-03-29 11:26:56.776910,2026-03-29 11:35:56.776910,2026-03-29 12:01:56.776910,2026-03-29 17:49:15.876299,2026-03-29 18:03:15.876299,2026-03-29 19:02:15.876299,2026-03-29 22:20:00.181490,2026-03-30 07:02:31.652697,2026-03-30 23:54:09.572585,2026-03-31 12:26:51.300396,2026-03-31 19:32:37.048442,2026-04-01 11:26:56.776910,Delivered,Closed,SHP045,Shipper 045,Marketplace,Jabodetabek,ST02_JKT_West,HB01_JKT_GATEWAY,Outer Java,ST20_Banjarmasin,HB06_EASTERN_GATEWAY,Inter-Region,Regular,COD,CR016,Van,0.73,0.94,0.94,2209636,20230,17146,8,1,0,,14.0,72,1,0,,1,0,,0,,56.09,3.3,16.86,ST20_Banjarmasin,
SHPM000899,AWB260000899,2026-02-23 15:46:11.161142,2026-02-23 16:00:11.161142,2026-02-23 16:54:11.161142,2026-02-23 21:11:36.675616,2026-02-23 21:19:36.675616,2026-02-23 21:59:36.675616,2026-02-24 03:06:32.585123,2026-02-24 05:59:27.240478,2026-02-24 17:58:24.587916,2026-02-25 02:04:59.464673,2026-02-25 12:17:30.337820,2026-02-26 15:46:11.161142,Delivered,Closed,SHP048,Shipper 048,Enterprise,Outer Java,ST17_Makassar,HB06_EASTERN_GATEWAY,Jabodetabek,ST05_Tangerang,HB01_JKT_GATEWAY,Inter-Region,Regular,Prepaid,CR154,Van,1.14,1.11,1.14,531964,17130,12354,8,1,0,,8.0,72,1,0,,1,0,,0,,44.52,5.12,11.98,ST05_Tangerang,
SHPM000900,AWB260000900,2026-02-26 12:41:36.569940,2026-02-26 13:12:36.569940,2026-02-26 13:33:36.569940,2026-02-26 15:07:46.504558,2026-02-26 15:47:46.504558,2026-02-26 16:09:46.504558,2026-02-26 17:52:58.025733,2026-02-27 01:40:29.894835,2026-02-27 05:43:23.817937,2026-02-27 23:12:19.510839,2026-02-28 09:30:54.536372,2026-02-28 00:41:36.569940,Delivered,Closed,SHP046,Shipper 046,SME,East Java,ST14_Kediri,HB03_SBY_GATEWAY,West Java,ST06_Bandung,HB01_JKT_GATEWAY,Inter-Region,Next Day,Prepaid,CR131,Bike,1.05,1.03,1.05,415489,24725,18085,4,1,0,,40.0,36,0,0,,1,0,,0,,44.82,1.72,4.05,ST06_Bandung,Last Mile Delay
SHPM000901,AWB260000901,2026-02-17 09:47:35.902176,2026-02-17 10:06:35.902176,2026-02-17 10:57:35.902176,2026-02-17 11:12:02.631062,2026-02-17 11:54:02.631062,2026-02-17 12:19:02.631062,2026-02-17 17:40:18.341767,2026-02-17 23:01:14.120341,2026-02-18 06:23:18.532935,2026-02-18 17:08:21.032688,2026-02-18 18:55:22.733537,2026-02-18 01:47:35.902176,Delivered,Closed,SHP034,Shipper 034,Enterprise,Jabodetabek,ST01_JKT_Central,HB01_JKT_GATEWAY,Outer Java,ST19_Denpasar,HB06_EASTERN_GATEWAY,Inter-Region,Same Day,Prepaid,CR010,Van,3.41,3.73,3.73,771928,43785,38018,2,1,0,,42.0,16,0,0,,1,0,,0,,33.13,5.35,7.37,ST19_Denpasar,Remote Area
SHPM000902,AWB260000902,2026-03-05 05:16:15.877821,2026-03-05 05:44:15.877821,2026-03-05 06:10:15.877821,2026-03-05 07:47:00.010162,2026-03-05 08:10:00.010162,2026-03-05 10:03:00.010162,2026-03-05 12:53:29.491229,2026-03-05 17:18:45.956458,2026-03-06 04:13:51.724700,2026-03-06 09:16:07.358284,2026-03-06 20:34:34.929584,2026-03-08 05:16:15.877821,Delivered,Closed,SHP076,Shipper 076,Enterprise,West Java,ST08_Bogor,HB01_JKT_GATEWAY,Outer Java,ST15_Medan,HB05_SUMATRA_GATEWAY,Inter-Region,Regular,Prepaid,CR077,Bike,0.92,0.97,0.97,345289,16365,12972,8,1,0,,23.0,72,1,0,,1,0,,0,,39.31,2.84,10.92,ST15_Medan,
SHPM000903,AWB260000903,2026-03-07 18:17:20.592065,2026-03-07 19:02:20.592065,2026-03-07 19:38:20.592065,2026-03-07 19:48:20.216064,2026-03-07 19:56:20.216064,2026-03-07 21:18:20.216064,2026-03-07 22:50:52.149077,2026-03-08 03:52:35.574972,2026-03-08 10:49:07.833603,2026-03-08 23:40:29.375937,2026-03-09 08:32:38.109623,2026-03-08 10:17:20.592065,Delivered,Closed,SHP014,Shipper 014,Enterprise,Jabodetabek,ST01_JKT_Central,HB01_JKT_GATEWAY,Outer Java,ST18_Balikpapan,HB06_EASTERN_GATEWAY,Inter-Region,Same Day,COD,CR004,Truck,0.68,0.69,0.69,1418260,34105,29739,2,1,0,,8.0,16,0,0,,1,0,,0,,38.25,1.54,6.94,ST18_Balikpapan,Remote Area
SHPM000904,AWB260000904,2026-02-18 10:17:47.716769,2026-02-18 11:00:47.716769,2026-02-18 11:25:47.716769,2026-02-18 17:56:33.742207,2026-02-18 18:18:33.742207,2026-02-18 19:10:33.742207,2026-02-19 00:48:59.117699,2026-02-19 09:46:38.383126,2026-02-20 03:58:41.378594,2026-02-20 13:19:14.869615,2026-02-21 17:54:44.895836,2026-02-21 10:17:47.716769,Delivered,Closed,SHP035,Shipper 035,Enterprise,Jabodetabek,ST04_Bekasi,HB01_JKT_GATEWAY,Outer Java,ST18_Balikpapan,HB06_EASTERN_GATEWAY,Inter-Region,Regular,Prepaid,CR038,Bike,0.55,0.52,0.55,2070003,14475,9626,8,1,0,,22.0,72,0,0,,1,0,,0,,79.62,5.64,18.2,ST18_Balikpapan,Hub Bottleneck
SHPM000905,AWB260000905,2026-03-26 05:16:18.253446,2026-03-26 05:25:18.253446,2026-03-26 06:02:18.253446,2026-03-26 06:29:51.407037,2026-03-26 07:21:51.407037,2026-03-26 09:16:51.407037,2026-03-26 11:22:56.445604,2026-03-26 20:05:23.439528,2026-03-27 03:45:36.043670,2026-03-27 09:38:38.594333,2026-03-27 12:14:57.271871,2026-03-27 17:16:18.253446,Delivered,Closed,SHP028,Shipper 028,Marketplace,Jabodetabek,ST04_Bekasi,HB01_JKT_GATEWAY,East Java,ST13_Malang,HB03_SBY_GATEWAY,Inter-Region,Next Day,COD,CR041,Van,0.82,0.76,0.82,201892,27690,16654,4,1,0,,52.0,36,1,0,,1,0,,0,,30.98,2.1,7.67,ST13_Malang,
SHPM000906,AWB260000906,2026-02-17 13:52:16.797311,2026-02-17 14:26:16.797311,2026-02-17 15:01:16.797311,2026-02-17 17:10:27.364090,2026-02-17 18:02:27.364090,2026-02-17 19:39:27.364090,2026-02-17 23:56:16.046874,2026-02-18 07:49:11.224362,2026-02-18 18:51:42.368670,2026-02-19 03:50:18.895044,2026-02-19 16:09:48.051690,2026-02-20 13:52:16.797311,Delivered,Closed,SHP014,Shipper 014,Enterprise,Jabodetabek,ST05_Tangerang,HB01_JKT_GATEWAY,East Java,ST13_Malang,HB03_SBY_GATEWAY,Inter-Region,Regular,COD,CR048,Van,1.81,1.81,1.81,1014586,24145,13760,8,1,0,,52.0,72,1,0,,1,0,,0,,50.29,4.28,11.04,ST13_Malang,
SHPM000907,AWB260000907,2026-03-05 04:33:09.031111,2026-03-05 04:44:09.031111,2026-03-05 04:54:09.031111,2026-03-05 09:38:53.878055,2026-03-05 10:31:53.878055,2026-03-05 11:32:53.878055,2026-03-05 15:15:17.996076,2026-03-05 21:39:46.701877,2026-03-06 10:54:03.415944,2026-03-06 22:21:26.052469,2026-03-07 10:58:18.376483,2026-03-08 04:33:09.031111,Delivered,Closed,SHP071,Shipper 071,Enterprise,Jabodetabek,ST02_JKT_West,HB01_JKT_GATEWAY,Outer Java,ST15_Medan,HB05_SUMATRA_GATEWAY,Inter-Region,Regular,Prepaid,CR012,Bike,2.99,3.16,3.16,1253489,26220,18109,8,1,0,,53.0,72,1,0,,1,0,,0,,54.42,3.71,13.24,ST15_Medan,
SHPM000908,AWB260000908,2026-03-15 04:35:08.745686,2026-03-15 05:04:08.745686,2026-03-15 05:41:08.745686,2026-03-15 06:38:03.014302,2026-03-15 07:02:03.014302,2026-03-15 07:28:03.014302,2026-03-15 11:18:37.765523,2026-03-15 21:00:28.100212,2026-03-16 04:32:50.509551,2026-03-16 12:17:16.832534,2026-03-16 16:29:45.060699,2026-03-16 16:35:08.745686,Delivered,Closed,SHP070,Shipper 070,Enterprise,Jabodetabek,ST04_Bekasi,HB01_JKT_GATEWAY,Central Java,ST09_Semarang,HB04_CTG_NATIONAL,Inter-Region,Next Day,Prepaid,CR034,Bike,1.83,2.02,2.02,228732,29090,16933,4,1,0,,24.0,36,1,0,,1,0,,0,,35.91,3.84,7.54,ST09_Semarang,
SHPM000909,AWB260000909,2026-03-12 08:45:08.441537,2026-03-12 09:06:08.441537,2026-03-12 09:27:08.441537,2026-03-12 10:42:05.005942,2026-03-12 11:21:05.005942,2026-03-12 12:01:05.005942,2026-03-12 14:28:11.896889,2026-03-12 19:25:01.524019,2026-03-13 08:42:27.510938,2026-03-13 15:51:18.980124,2026-03-13 23:39:30.147548,2026-03-13 20:45:08.441537,Delivered,Closed,SHP067,Shipper 067,SME,East Java,ST14_Kediri,HB03_SBY_GATEWAY,Central Java,ST10_Solo,HB04_CTG_NATIONAL,Inter-Region,Next Day,Prepaid,CR134,Truck,1.95,1.78,1.95,1227743,28775,19011,4,1,0,,39.0,36,0,0,,1,0,,0,,38.91,2.45,13.29,ST10_Solo,Hub Bottleneck
SHPM000910,AWB260000910,2026-03-02 18:49:33.211264,2026-03-02 19:07:33.211264,2026-03-02 19:40:33.211264,2026-03-02 21:16:21.964537,2026-03-02 21:58:21.964537,2026-03-02 23:17:21.964537,2026-03-03 04:54:51.828589,2026-03-03 07:31:34.781370,2026-03-03 16:16:14.292028,2026-03-04 03:42:18.125283,2026-03-04 09:50:23.568541,2026-03-04 06:49:33.211264,Delivered,Closed,SHP080,Shipper 080,SME,Outer Java,ST19_Denpasar,HB06_EASTERN_GATEWAY,Jabodetabek,ST04_Bekasi,HB01_JKT_GATEWAY,Inter-Region,Next Day,COD,CR175,Bike,1.56,1.62,1.62,1012982,31290,23248,4,1,0,,42.0,36,0,0,,1,0,,0,,39.01,5.62,8.74,ST04_Bekasi,Last Mile Delay
SHPM000911,AWB260000911,2026-02-27 12:45:15.169076,2026-02-27 13:10:15.169076,2026-02-27 13:53:15.169076,2026-02-27 19:13:31.254018,2026-02-27 19:53:31.254018,2026-02-27 20:42:31.254018,2026-02-28 01:43:04.832687,2026-02-28 04:12:05.600239,2026-02-28 20:39:56.558142,2026-03-01 07:59:38.076635,2026-03-02 04:21:13.267926,2026-03-02 12:45:15.169076,Delivered,Closed,SHP079,Shipper 079,Marketplace,East Java,ST13_Malang,HB03_SBY_GATEWAY,Outer Java,ST16_Palembang,HB05_SUMATRA_GATEWAY,Inter-Region,Regular,Prepaid,CR122,Bike,0.84,0.91,0.91,1721749,16095,15138,8,1,0,,40.0,72,1,0,,1,0,,0,,63.6,5.01,16.46,ST16_Palembang,
SHPM000912,AWB260000912,2026-03-28 17:30:08.257165,2026-03-28 17:55:08.257165,2026-03-28 18:25:08.257165,2026-03-28 20:37:27.042633,2026-03-28 21:31:27.042633,2026-03-28 22:49:27.042633,2026-03-29 00:00:43.549640,2026-03-29 03:31:16.731848,2026-03-29 09:49:51.232244,2026-03-29 19:58:26.323038,2026-03-30 13:02:10.588228,2026-03-31 17:30:08.257165,Delivered,Closed,SHP087,Shipper 087,Enterprise,Jabodetabek,ST05_Tangerang,HB01_JKT_GATEWAY,Central Java,ST10_Solo,HB04_CTG_NATIONAL,Inter-Region,Regular,COD,CR051,Truck,1.49,2.37,2.37,1293893,26665,17283,8,1,0,,54.0,72,1,0,,1,0,,0,,43.53,1.19,6.31,ST10_Solo,
SHPM000913,AWB260000913,2026-03-18 08:55:44.031380,2026-03-18 09:18:44.031380,2026-03-18 10:08:44.031380,2026-03-18 15:58:37.512532,2026-03-18 16:36:37.512532,2026-03-18 17:40:37.512532,2026-03-18 20:35:31.960607,2026-03-18 23:05:19.257648,2026-03-20 00:13:08.491221,2026-03-20 09:38:44.869096,2026-03-20 19:29:07.746516,2026-03-21 08:55:44.031380,Delivered,Closed,SHP031,Shipper 031,SME,East Java,ST13_Malang,HB03_SBY_GATEWAY,Jabodetabek,ST01_JKT_Central,HB01_JKT_GATEWAY,Inter-Region,Regular,COD,CR124,Bike,2.14,2.72,2.72,1492231,28240,17447,8,1,0,,38.0,72,1,0,,1,0,,0,,58.56,2.92,25.13,ST01_JKT_Central,
SHPM000914,AWB260000914,2026-03-23 05:17:35.278873,2026-03-23 05:28:35.278873,2026-03-23 05:43:35.278873,2026-03-23 06:45:56.922891,2026-03-23 07:24:56.922891,2026-03-23 09:04:56.922891,2026-03-23 14:13:56.942450,2026-03-23 20:27:45.852052,2026-03-24 07:58:57.232313,2026-03-24 17:20:51.552402,2026-03-24 19:04:25.788183,2026-03-23 21:17:35.278873,Delivered,Closed,SHP061,Shipper 061,Enterprise,Outer Java,ST15_Medan,HB05_SUMATRA_GATEWAY,Jabodetabek,ST03_JKT_East,HB01_JKT_GATEWAY,Inter-Region,Same Day,Prepaid,CR139,Bike,0.7,0.64,0.7,464000,30150,27588,2,1,0,,39.0,16,0,0,,1,0,,0,,37.78,5.15,11.52,ST03_JKT_East,Hub Bottleneck
SHPM000915,AWB260000915,2026-02-16 01:29:54.835598,2026-02-16 01:53:54.835598,2026-02-16 02:14:54.835598,2026-02-16 08:24:01.586230,2026-02-16 08:55:01.586230,2026-02-16 09:46:01.586230,2026-02-16 11:34:02.169220,2026-02-16 18:13:49.597866,2026-02-17 02:06:37.039449,2026-02-17 13:39:33.810983,2026-02-18 00:50:40.573100,2026-02-19 01:29:54.835598,Delivered,Closed,SHP098,Shipper 098,Marketplace,Outer Java,ST17_Makassar,HB06_EASTERN_GATEWAY,West Java,ST07_Cirebon,HB02_BDG_TRANSIT,Inter-Region,Regular,Prepaid,CR156,Van,1.78,1.8,1.8,1157663,20100,16714,8,1,0,,31.0,72,1,0,,1,0,,0,,47.35,1.8,7.88,ST07_Cirebon,
SHPM000916,AWB260000916,2026-03-03 20:47:42.387929,2026-03-03 21:24:42.387929,2026-03-03 21:37:42.387929,2026-03-04 00:47:02.009146,2026-03-04 01:22:02.009146,2026-03-04 01:55:02.009146,2026-03-04 05:14:02.329252,2026-03-04 14:44:59.802296,2026-03-05 04:34:08.667241,2026-03-05 14:34:54.050055,2026-03-05 17:29:51.760572,2026-03-05 08:47:42.387929,Delivered,Closed,SHP090,Shipper 090,Enterprise,East Java,ST14_Kediri,HB03_SBY_GATEWAY,Central Java,ST09_Semarang,HB04_CTG_NATIONAL,Inter-Region,Next Day,Prepaid,CR130,Bike,0.74,1.06,1.06,1035018,24770,16622,4,1,0,,35.0,36,0,0,,1,0,,0,,44.7,3.32,13.82,ST09_Semarang,Hub Bottleneck
SHPM000917,AWB260000917,2026-03-30 15:03:27.594699,2026-03-30 15:23:27.594699,2026-03-30 15:47:27.594699,2026-03-30 22:28:54.699392,2026-03-30 23:30:54.699392,2026-03-31 01:17:54.699392,2026-03-31 06:40:56.008112,2026-03-31 16:03:04.721297,2026-03-31 21:41:38.182840,2026-04-01 14:56:55.117479,2026-04-01 19:05:20.511638,2026-04-02 15:03:27.594699,Delivered,Closed,SHP061,Shipper 061,Enterprise,Outer Java,ST17_Makassar,HB06_EASTERN_GATEWAY,Jabodetabek,ST01_JKT_Central,HB01_JKT_GATEWAY,Inter-Region,Regular,Prepaid,CR162,Van,0.7,0.75,0.75,527064,15375,10665,8,1,0,,62.0,72,1,0,,1,0,,0,,52.03,5.38,5.64,ST01_JKT_Central,
SHPM000918,AWB260000918,2026-02-21 16:03:41.520788,2026-02-21 16:35:41.520788,2026-02-21 16:56:41.520788,2026-02-21 23:30:01.681181,2026-02-21 23:38:01.681181,2026-02-22 00:56:01.681181,2026-02-22 04:22:03.988628,2026-02-22 07:26:25.882322,2026-02-22 09:21:27.193074,2026-02-22 22:48:40.704401,2026-02-23 14:28:01.730877,2026-02-24 16:03:41.520788,Delivered,Closed,SHP084,Shipper 084,Enterprise,Central Java,ST10_Solo,HB04_CTG_NATIONAL,Jabodetabek,ST04_Bekasi,HB01_JKT_GATEWAY,Inter-Region,Regular,COD,CR099,Bike,1.19,1.22,1.22,1551858,21490,17422,8,1,0,,8.0,72,1,0,,1,0,,0,,46.41,3.43,1.92,ST04_Bekasi,
SHPM000919,AWB260000919,2026-03-19 02:41:57.565439,2026-03-19 02:50:57.565439,2026-03-19 02:57:57.565439,2026-03-19 06:18:03.231111,2026-03-19 07:10:03.231111,2026-03-19 08:20:03.231111,2026-03-19 13:05:47.434415,2026-03-19 22:43:28.306106,2026-03-20 07:40:30.334430,2026-03-20 15:42:58.424569,2026-03-21 06:59:07.293014,2026-03-22 02:41:57.565439,Delivered,Closed,SHP039,Shipper 039,Marketplace,Central Java,ST10_Solo,HB04_CTG_NATIONAL,East Java,ST14_Kediri,HB03_SBY_GATEWAY,Inter-Region,Regular,Prepaid,CR096,Bike,2.34,2.56,2.56,736578,23520,14656,8,1,0,,52.0,72,1,0,,1,0,,0,,52.29,4.76,8.95,ST14_Kediri,
SHPM000920,AWB260000920,2026-02-23 07:04:45.489439,2026-02-23 07:31:45.489439,2026-02-23 08:09:45.489439,2026-02-23 13:49:43.229378,2026-02-23 14:14:43.229378,2026-02-23 14:59:43.229378,2026-02-23 16:20:57.206753,2026-02-23 18:59:39.741136,2026-02-24 00:58:16.963101,2026-02-24 13:29:35.334022,2026-02-25 03:23:33.622380,2026-02-26 07:04:45.489439,Delivered,Closed,SHP061,Shipper 061,Enterprise,Outer Java,ST20_Banjarmasin,HB06_EASTERN_GATEWAY,Jabodetabek,ST02_JKT_West,HB01_JKT_GATEWAY,Inter-Region,Regular,Prepaid,CR192,Van,1.73,1.9,1.9,2202357,20550,13556,8,1,0,,25.0,72,1,0,,1,0,,0,,44.31,1.35,5.98,ST02_JKT_West,
SHPM000921,AWB260000921,2026-03-19 19:58:11.466120,2026-03-19 20:35:11.466120,2026-03-19 20:40:11.466120,,,,,,,,,2026-03-22 19:58:11.466120,Failed Pickup,Exception,SHP083,Shipper 083,Marketplace,Jabodetabek,ST01_JKT_Central,HB01_JKT_GATEWAY,West Java,ST08_Bogor,HB01_JKT_GATEWAY,Inter-Region,Regular,COD,CR006,Bike,3.44,3.52,3.52,1725967,31840,22600,8,0,1,Address Not Found,,72,0,0,,0,0,,0,,424.03,,,ST01_JKT_Central,
SHPM000922,AWB260000922,2026-02-18 21:36:26.944753,2026-02-18 21:47:26.944753,2026-02-18 22:07:26.944753,2026-02-19 05:01:27.947498,2026-02-19 05:32:27.947498,2026-02-19 05:59:27.947498,2026-02-19 07:07:14.321901,2026-02-19 12:24:23.087138,2026-02-19 17:08:49.015831,2026-02-19 23:32:28.533532,2026-02-20 14:07:46.548329,2026-02-21 21:36:26.944753,Delivered,Closed,SHP027,Shipper 027,SME,Jabodetabek,ST05_Tangerang,HB01_JKT_GATEWAY,West Java,ST06_Bandung,HB01_JKT_GATEWAY,Inter-Region,Regular,Prepaid,CR045,Bike,0.97,0.91,0.97,224910,16365,11143,8,1,0,,31.0,72,1,0,,1,0,,0,,40.52,1.13,4.74,ST06_Bandung,
SHPM000923,AWB260000923,2026-03-20 07:57:48.818770,2026-03-20 08:14:48.818770,2026-03-20 08:58:48.818770,2026-03-20 11:39:12.375682,2026-03-20 11:52:12.375682,2026-03-20 12:17:12.375682,2026-03-20 15:29:36.645348,2026-03-21 00:35:17.723370,2026-03-21 18:25:03.851677,2026-03-22 07:55:03.617880,2026-03-22 15:35:06.965091,2026-03-21 19:57:48.818770,Delivered,Closed,SHP087,Shipper 087,Enterprise,Jabodetabek,ST03_JKT_East,HB01_JKT_GATEWAY,Outer Java,ST16_Palembang,HB05_SUMATRA_GATEWAY,Inter-Region,Next Day,Prepaid,CR019,Truck,0.9,0.95,0.95,957062,24275,22678,4,1,0,,13.0,36,0,0,,1,0,,0,,55.62,3.21,17.83,ST16_Palembang,Hub Bottleneck
SHPM000924,AWB260000924,2026-03-21 08:49:50.824820,2026-03-21 09:00:50.824820,2026-03-21 10:00:50.824820,2026-03-21 12:41:57.417661,2026-03-21 12:49:57.417661,2026-03-21 14:37:57.417661,2026-03-21 19:28:00.685691,2026-03-22 03:43:07.010119,2026-03-22 13:27:56.191588,2026-03-23 05:15:44.725492,2026-03-23 12:10:46.443501,2026-03-24 08:49:50.824820,Delivered,Closed,SHP095,Shipper 095,Enterprise,Central Java,ST11_Yogyakarta,HB04_CTG_NATIONAL,Outer Java,ST17_Makassar,HB06_EASTERN_GATEWAY,Inter-Region,Regular,Prepaid,CR101,Bike,2.16,1.97,2.16,670449,21720,19254,8,1,0,,8.0,72,1,0,,1,0,,0,,51.35,4.83,9.75,ST17_Makassar,
SHPM000925,AWB260000925,2026-03-01 02:11:09.123887,2026-03-01 02:44:09.123887,2026-03-01 03:01:09.123887,2026-03-01 03:39:59.608523,2026-03-01 03:55:59.608523,2026-03-01 04:11:59.608523,2026-03-01 06:14:52.848657,2026-03-01 09:16:29.593353,2026-03-01 10:59:28.268025,2026-03-01 18:25:52.998365,2026-03-01 20:13:57.722395,2026-03-01 18:11:09.123887,Delivered,Closed,SHP072,Shipper 072,Enterprise,Outer Java,ST18_Balikpapan,HB06_EASTERN_GATEWAY,Central Java,ST10_Solo,HB04_CTG_NATIONAL,Inter-Region,Same Day,Prepaid,CR171,Bike,1.33,1.57,1.57,875528,34065,24521,2,1,0,,16.0,16,0,0,,1,0,,0,,18.05,2.05,1.72,ST10_Solo,Last Mile Delay
SHPM000926,AWB260000926,2026-02-20 03:56:41.908524,2026-02-20 04:09:41.908524,2026-02-20 04:30:41.908524,2026-02-20 05:24:17.476335,2026-02-20 05:37:17.476335,2026-02-20 07:16:17.476335,2026-02-20 08:41:49.031830,2026-02-20 11:12:28.960995,2026-02-20 20:54:34.683426,2026-02-21 03:44:25.550873,2026-02-21 08:06:19.447630,2026-02-20 13:56:41.908524,Delivered,Closed,SHP007,Shipper 007,SME,Jabodetabek,ST05_Tangerang,HB01_JKT_GATEWAY,Jabodetabek,ST01_JKT_Central,HB01_JKT_GATEWAY,Intra-Region,Same Day,Prepaid,CR046,Van,0.93,0.94,0.94,396821,31230,26180,2,1,0,,13.0,10,0,0,,1,0,,0,,28.16,1.43,9.7,ST01_JKT_Central,Last Mile Delay
SHPM000927,AWB260000927,2026-03-19 20:36:06.126748,2026-03-19 21:10:06.126748,2026-03-19 21:24:06.126748,2026-03-20 00:44:31.708363,2026-03-20 00:53:31.708363,2026-03-20 01:22:31.708363,2026-03-20 05:18:36.424781,2026-03-20 09:51:46.076558,2026-03-20 19:07:30.250697,2026-03-21 05:27:13.065875,2026-03-21 21:02:59.345929,2026-03-22 20:36:06.126748,Delivered,Closed,SHP084,Shipper 084,Enterprise,Central Java,ST11_Yogyakarta,HB04_CTG_NATIONAL,West Java,ST07_Cirebon,HB02_BDG_TRANSIT,Inter-Region,Regular,Prepaid,CR104,Bike,1.15,1.32,1.32,1097593,17940,13692,8,1,0,,9.0,72,1,0,,1,0,,0,,48.45,3.93,9.26,ST07_Cirebon,
SHPM000928,AWB260000928,2026-02-25 09:20:56.156061,2026-02-25 09:37:56.156061,2026-02-25 10:36:56.156061,2026-02-25 12:30:52.144985,2026-02-25 13:39:52.144985,2026-02-25 15:39:52.144985,2026-02-25 18:59:18.794939,2026-02-25 22:52:22.296928,2026-02-26 04:18:19.906256,2026-02-26 16:37:53.616221,2026-02-26 21:27:27.651042,2026-02-26 21:20:56.156061,Delivered,Closed,SHP060,Shipper 060,Enterprise,East Java,ST12_Surabaya,HB03_SBY_GATEWAY,West Java,ST08_Bogor,HB01_JKT_GATEWAY,Inter-Region,Next Day,Prepaid,CR111,Bike,1.59,1.47,1.59,2016915,27155,23677,4,1,0,,69.0,36,0,0,,1,0,,0,,36.11,3.32,5.43,ST08_Bogor,Last Mile Delay
SHPM000929,AWB260000929,2026-03-07 20:58:34.563781,2026-03-07 21:20:34.563781,2026-03-07 21:43:34.563781,2026-03-08 01:13:35.559929,2026-03-08 02:24:35.559929,2026-03-08 04:05:35.559929,2026-03-08 07:09:32.794913,2026-03-08 12:54:10.736791,2026-03-09 17:36:41.038037,2026-03-10 05:36:21.620229,2026-03-10 14:02:53.776364,2026-03-09 08:58:34.563781,Delivered,Closed,SHP006,Shipper 006,Marketplace,East Java,ST14_Kediri,HB03_SBY_GATEWAY,Central Java,ST09_Semarang,HB04_CTG_NATIONAL,Inter-Region,Next Day,Prepaid,CR129,Van,0.4,0.59,0.59,742763,22655,15510,4,1,0,,71.0,36,0,0,,1,0,,0,,65.07,3.07,28.71,ST09_Semarang,Hub Bottleneck
SHPM000930,AWB260000930,2026-03-31 11:56:29.415328,2026-03-31 12:29:29.415328,2026-03-31 12:47:29.415328,2026-03-31 16:26:52.529588,2026-03-31 17:21:52.529588,2026-03-31 17:38:52.529588,2026-03-31 23:24:38.687065,2026-04-01 09:17:43.136995,2026-04-01 16:35:26.913871,2026-04-02 02:54:21.320654,2026-04-02 12:58:24.866085,2026-04-03 11:56:29.415328,Delivered,Closed,SHP076,Shipper 076,Enterprise,West Java,ST06_Bandung,HB01_JKT_GATEWAY,Jabodetabek,ST01_JKT_Central,HB01_JKT_GATEWAY,Inter-Region,Regular,Prepaid,CR061,Bike,1.85,1.69,1.85,384294,20325,12591,8,1,0,,55.0,72,1,0,,1,0,,0,,49.03,5.76,7.3,ST01_JKT_Central,
SHPM000931,AWB260000931,2026-03-22 01:09:51.767513,2026-03-22 01:28:51.767513,2026-03-22 01:56:51.767513,2026-03-22 03:39:04.629361,2026-03-22 04:12:04.629361,2026-03-22 05:34:04.629361,2026-03-22 09:23:57.933690,2026-03-22 16:18:28.588222,2026-03-22 22:52:41.626316,2026-03-23 15:28:33.877482,2026-03-23 19:24:00.661308,2026-03-23 13:09:51.767513,Delivered,Closed,SHP095,Shipper 095,Enterprise,Central Java,ST11_Yogyakarta,HB04_CTG_NATIONAL,East Java,ST13_Malang,HB03_SBY_GATEWAY,Inter-Region,Next Day,Prepaid,CR102,Van,1.01,1.12,1.12,951563,25040,14242,4,1,0,,33.0,36,0,0,,1,0,,0,,42.24,3.83,6.57,ST13_Malang,Last Mile Delay
SHPM000932,AWB260000932,2026-02-27 10:14:58.911405,2026-02-27 10:31:58.911405,2026-02-27 11:12:58.911405,2026-02-27 13:29:03.576011,2026-02-27 14:15:03.576011,2026-02-27 15:03:03.576011,2026-02-27 20:39:45.458785,2026-02-28 04:10:38.443652,2026-02-28 14:14:27.769757,2026-02-28 20:30:02.566206,2026-03-01 11:56:13.297112,2026-03-02 10:14:58.911405,Delivered,Closed,SHP056,Shipper 056,Enterprise,Jabodetabek,ST03_JKT_East,HB01_JKT_GATEWAY,West Java,ST08_Bogor,HB01_JKT_GATEWAY,Inter-Region,Regular,Prepaid,CR020,Bike,0.63,0.6,0.63,190581,14835,13233,8,1,0,,46.0,72,1,0,,1,0,,0,,49.69,5.61,10.06,ST08_Bogor,
SHPM000933,AWB260000933,2026-02-17 22:52:34.912198,2026-02-17 23:06:34.912198,2026-02-17 23:35:34.912198,2026-02-18 01:34:29.741169,2026-02-18 02:19:29.741169,2026-02-18 02:37:29.741169,2026-02-18 06:49:31.139970,2026-02-18 09:02:50.857406,2026-02-18 11:39:45.413009,2026-02-19 02:14:37.263668,2026-02-19 08:02:38.440945,2026-02-20 22:52:34.912198,Delivered,Closed,SHP025,Shipper 025,Marketplace,East Java,ST13_Malang,HB03_SBY_GATEWAY,Jabodetabek,ST03_JKT_East,HB01_JKT_GATEWAY,Inter-Region,Regular,COD,CR116,Bike,1.18,1.29,1.29,1440319,21805,13824,8,1,0,,45.0,72,1,0,,1,0,,0,,33.17,4.2,2.62,ST03_JKT_East,
SHPM000934,AWB260000934,2026-02-18 23:10:02.421867,2026-02-18 23:21:02.421867,2026-02-18 23:59:02.421867,2026-02-19 05:37:42.385146,2026-02-19 06:11:42.385146,2026-02-19 06:44:42.385146,2026-02-19 09:48:37.952914,2026-02-19 17:25:29.116048,2026-02-20 00:31:51.988789,2026-02-20 16:35:39.654684,2026-02-21 01:01:42.863411,2026-02-21 23:10:02.421867,Delivered,Closed,SHP028,Shipper 028,Marketplace,Jabodetabek,ST04_Bekasi,HB01_JKT_GATEWAY,West Java,ST08_Bogor,HB01_JKT_GATEWAY,Inter-Region,Regular,Prepaid,CR032,Van,5.71,5.9,5.9,687542,38550,27747,8,1,0,,34.0,72,1,0,,1,0,,0,,49.86,3.07,7.11,ST08_Bogor,
SHPM000935,AWB260000935,2026-03-31 03:56:20.813577,2026-03-31 04:23:20.813577,2026-03-31 04:32:20.813577,2026-03-31 10:47:21.061095,2026-03-31 11:22:21.061095,2026-03-31 11:58:21.061095,2026-03-31 15:30:44.762524,2026-03-31 17:45:16.245564,2026-03-31 19:32:55.340221,2026-04-01 11:01:29.823309,2026-04-01 23:13:39.652264,2026-04-03 03:56:20.813577,Delivered,Closed,SHP013,Shipper 013,SME,Jabodetabek,ST04_Bekasi,HB01_JKT_GATEWAY,West Java,ST07_Cirebon,HB02_BDG_TRANSIT,Inter-Region,Regular,Prepaid,CR036,Van,2.16,3.37,3.37,397434,27165,18714,8,1,0,,35.0,72,1,0,,1,0,,0,,43.29,3.54,1.79,ST07_Cirebon,
SHPM000936,AWB260000936,2026-03-27 06:25:32.720427,2026-03-27 07:07:32.720427,2026-03-27 07:35:32.720427,2026-03-27 12:10:08.698634,2026-03-27 13:05:08.698634,2026-03-27 14:28:08.698634,2026-03-27 19:50:16.913533,2026-03-28 00:32:01.483293,2026-03-28 06:07:50.083726,2026-03-28 11:43:41.174593,2026-03-29 02:57:38.446814,2026-03-29 06:25:32.720427,Delivered,Closed,SHP049,Shipper 049,Enterprise,Jabodetabek,ST05_Tangerang,HB01_JKT_GATEWAY,Jabodetabek,ST03_JKT_East,HB01_JKT_GATEWAY,Intra-Region,Regular,Prepaid,CR053,Bike,0.54,0.54,0.54,636238,14430,13187,8,1,0,,55.0,48,1,0,,1,0,,0,,44.53,5.37,5.6,ST03_JKT_East,
SHPM000937,AWB260000937,2026-03-09 21:31:23.310268,2026-03-09 21:58:23.310268,2026-03-09 22:24:23.310268,2026-03-10 00:23:46.563885,2026-03-10 00:34:46.563885,2026-03-10 02:07:46.563885,2026-03-10 07:24:06.382695,2026-03-10 15:54:57.051602,2026-03-10 22:28:01.699123,2026-03-12 00:40:07.123893,2026-03-12 06:07:36.427839,2026-03-12 21:31:23.310268,Delivered,Closed,SHP079,Shipper 079,Marketplace,East Java,ST14_Kediri,HB03_SBY_GATEWAY,West Java,ST07_Cirebon,HB02_BDG_TRANSIT,Inter-Region,Regular,Prepaid,CR131,Bike,1.36,2.17,2.17,196820,21765,13338,8,1,0,,11.0,72,1,0,,1,1,Missed Cut-Off,0,,56.6,5.27,6.55,ST07_Cirebon,
SHPM000938,AWB260000938,2026-03-08 20:05:27.440204,2026-03-08 20:46:27.440204,2026-03-08 21:02:27.440204,2026-03-09 04:43:56.755968,2026-03-09 05:44:56.755968,2026-03-09 06:32:56.755968,2026-03-09 10:23:55.114651,2026-03-09 18:12:21.285600,2026-03-10 02:32:56.558493,2026-03-10 15:24:27.015574,2026-03-11 16:01:04.113006,2026-03-11 20:05:27.440204,Delivered,Closed,SHP071,Shipper 071,Enterprise,Jabodetabek,ST02_JKT_West,HB01_JKT_GATEWAY,Outer Java,ST20_Banjarmasin,HB06_EASTERN_GATEWAY,Inter-Region,Regular,Prepaid,CR013,Bike,1.38,1.38,1.38,1085547,18210,16918,8,1,0,,61.0,72,1,0,,1,0,,0,,67.93,3.85,8.34,ST20_Banjarmasin,
SHPM000939,AWB260000939,2026-02-23 09:24:58.131335,2026-02-23 09:42:58.131335,2026-02-23 09:56:58.131335,2026-02-23 14:56:52.207998,2026-02-23 15:52:52.207998,2026-02-23 16:41:52.207998,2026-02-23 21:15:01.065611,2026-02-24 01:18:57.881672,2026-02-24 06:17:15.064221,2026-02-24 13:15:01.889738,2026-02-25 03:12:34.653978,2026-02-25 09:24:58.131335,Delivered,Closed,SHP074,Shipper 074,Enterprise,Outer Java,ST15_Medan,HB05_SUMATRA_GATEWAY,Outer Java,ST20_Banjarmasin,HB06_EASTERN_GATEWAY,Intra-Region,Regular,Prepaid,CR140,Van,0.69,0.75,0.75,627301,15375,8601,8,1,0,,56.0,48,1,0,,1,0,,0,,41.79,4.55,4.97,ST20_Banjarmasin,
SHPM000940,AWB260000940,2026-03-30 18:12:36.451573,2026-03-30 18:43:36.451573,2026-03-30 18:49:36.451573,2026-03-30 22:06:05.770029,2026-03-30 22:46:05.770029,2026-03-31 00:37:05.770029,2026-03-31 02:45:52.031671,2026-03-31 09:52:28.064337,2026-03-31 20:37:01.335891,2026-04-01 04:07:58.367581,2026-04-01 08:04:35.102257,2026-04-01 06:12:36.451573,Delivered,Closed,SHP035,Shipper 035,Enterprise,Jabodetabek,ST02_JKT_West,HB01_JKT_GATEWAY,Central Java,ST09_Semarang,HB04_CTG_NATIONAL,Inter-Region,Next Day,Prepaid,CR013,Bike,1.65,1.75,1.75,2271219,27875,26228,4,1,0,,40.0,36,0,0,,1,0,,0,,37.87,2.15,10.74,ST09_Semarang,Hub Bottleneck
SHPM000941,AWB260000941,2026-03-20 22:44:50.822917,2026-03-20 23:13:50.822917,2026-03-21 00:07:50.822917,2026-03-21 03:33:15.164354,2026-03-21 04:02:15.164354,2026-03-21 05:17:15.164354,2026-03-21 07:31:50.439096,2026-03-21 17:17:14.688202,2026-03-21 22:31:35.129425,2026-03-22 03:34:56.435791,2026-03-22 07:34:48.630946,2026-03-22 10:44:50.822917,Delivered,Closed,SHP084,Shipper 084,Enterprise,Central Java,ST11_Yogyakarta,HB04_CTG_NATIONAL,Jabodetabek,ST01_JKT_Central,HB01_JKT_GATEWAY,Inter-Region,Next Day,COD,CR104,Van,0.67,0.64,0.67,2838697,27015,20498,4,0,0,,29.0,36,1,0,,1,0,,0,,32.83,2.24,5.24,ST01_JKT_Central,
SHPM000942,AWB260000942,2026-03-13 00:25:32.162861,2026-03-13 00:40:32.162861,2026-03-13 01:02:32.162861,2026-03-13 02:55:04.832009,2026-03-13 03:12:04.832009,2026-03-13 03:30:04.832009,2026-03-13 07:07:43.569164,2026-03-13 12:25:28.445956,2026-03-13 22:20:53.165573,2026-03-14 04:06:44.638428,,2026-03-13 16:25:32.162861,Delivery Exception,Exception,SHP052,Shipper 052,Marketplace,Jabodetabek,ST04_Bekasi,HB01_JKT_GATEWAY,Outer Java,ST16_Palembang,HB05_SUMATRA_GATEWAY,Inter-Region,Same Day,Prepaid,CR031,Truck,1.18,1.28,1.28,1580030,32760,24795,2,0,0,,17.0,16,0,1,Customer Reschedule,3,0,,0,,587.57,3.63,9.92,ST16_Palembang,Delivery Exception
SHPM000943,AWB260000943,2026-02-22 15:41:00.988529,2026-02-22 16:08:00.988529,2026-02-22 16:44:00.988529,,,,,,,,,2026-02-25 15:41:00.988529,Failed Pickup,Exception,SHP057,Shipper 057,SME,Central Java,ST10_Solo,HB04_CTG_NATIONAL,West Java,ST08_Bogor,HB01_JKT_GATEWAY,Inter-Region,Regular,Prepaid,CR099,Van,1.73,2.71,2.71,1783479,24195,22084,8,0,1,Shipper Closed,,72,0,0,,0,0,,0,,1028.32,,,ST10_Solo,
SHPM000944,AWB260000944,2026-02-18 00:33:41.659163,2026-02-18 00:59:41.659163,2026-02-18 01:28:41.659163,2026-02-18 04:51:23.477343,2026-02-18 05:28:23.477343,2026-02-18 07:02:23.477343,2026-02-18 12:11:02.688301,2026-02-18 17:41:09.545782,2026-02-19 08:44:41.274671,2026-02-19 21:49:52.024110,2026-02-20 06:46:02.325320,2026-02-19 12:33:41.659163,Delivered,Closed,SHP001,Shipper 001,Marketplace,Jabodetabek,ST03_JKT_East,HB01_JKT_GATEWAY,Outer Java,ST15_Medan,HB05_SUMATRA_GATEWAY,Inter-Region,Next Day,COD,CR024,Van,1.26,1.22,1.26,1470284,29670,22069,4,1,0,,37.0,36,0,0,,1,0,,0,,54.21,5.14,15.06,ST15_Medan,Hub Bottleneck
SHPM000945,AWB260000945,2026-02-21 05:29:56.030813,2026-02-21 05:52:56.030813,2026-02-21 06:36:56.030813,2026-02-21 09:35:55.342084,2026-02-21 10:34:55.342084,2026-02-21 10:53:55.342084,2026-02-21 14:06:24.498264,2026-02-21 23:15:43.411760,2026-02-22 11:54:21.976461,2026-02-22 22:21:32.947976,2026-02-23 13:41:10.469693,2026-02-22 17:29:56.030813,Delivered,Closed,SHP013,Shipper 013,SME,Jabodetabek,ST04_Bekasi,HB01_JKT_GATEWAY,Outer Java,ST19_Denpasar,HB06_EASTERN_GATEWAY,Inter-Region,Next Day,Prepaid,CR034,Van,0.57,0.59,0.59,2255339,22655,17940,4,1,0,,59.0,36,0,0,,1,0,,0,,56.19,3.21,12.64,ST19_Denpasar,Hub Bottleneck
SHPM000946,AWB260000946,2026-03-07 15:26:45.860777,2026-03-07 15:44:45.860777,2026-03-07 16:08:45.860777,2026-03-07 17:48:19.019194,2026-03-07 18:27:19.019194,2026-03-07 19:37:19.019194,2026-03-08 00:19:28.652153,2026-03-08 05:10:32.226588,2026-03-08 13:42:38.027428,2026-03-09 01:29:25.960350,2026-03-09 12:22:10.703070,2026-03-09 03:26:45.860777,Delivered,Closed,SHP095,Shipper 095,Enterprise,Central Java,ST11_Yogyakarta,HB04_CTG_NATIONAL,West Java,ST07_Cirebon,HB02_BDG_TRANSIT,Inter-Region,Next Day,Prepaid,CR104,Truck,0.25,0.26,0.26,1353262,21170,15454,4,1,0,,39.0,36,0,0,,1,0,,0,,44.92,4.7,8.53,ST07_Cirebon,Last Mile Delay
SHPM000947,AWB260000947,2026-02-16 03:09:40.015417,2026-02-16 03:28:40.015417,2026-02-16 03:41:40.015417,2026-02-16 12:13:30.294351,2026-02-16 12:21:30.294351,2026-02-16 12:51:30.294351,2026-02-16 14:33:47.994576,2026-02-16 19:40:42.489186,2026-02-17 02:15:28.891747,2026-02-17 09:39:27.763225,2026-02-17 18:26:15.002566,2026-02-19 03:09:40.015417,Delivered,Closed,SHP030,Shipper 030,Enterprise,Jabodetabek,ST05_Tangerang,HB01_JKT_GATEWAY,Central Java,ST09_Semarang,HB04_CTG_NATIONAL,Inter-Region,Regular,COD,CR044,Van,0.63,0.82,0.82,1461556,19690,15472,8,0,0,,8.0,72,1,0,,1,0,,0,,39.28,1.7,6.58,ST09_Semarang,
SHPM000948,AWB260000948,2026-03-17 08:08:07.772964,2026-03-17 08:51:07.772964,2026-03-17 09:47:07.772964,2026-03-17 13:16:45.411393,2026-03-17 14:08:45.411393,2026-03-17 14:54:45.411393,2026-03-17 20:01:18.069793,2026-03-18 01:16:01.144483,2026-03-18 09:38:11.262662,2026-03-18 16:15:41.724529,2026-03-18 20:39:51.474502,2026-03-18 20:08:07.772964,Delivered,Closed,SHP035,Shipper 035,Enterprise,Jabodetabek,ST04_Bekasi,HB01_JKT_GATEWAY,West Java,ST07_Cirebon,HB02_BDG_TRANSIT,Inter-Region,Next Day,COD,CR034,Bike,1.43,2.3,2.3,2193871,34350,30038,4,0,0,,52.0,36,0,0,,1,0,,0,,36.53,5.11,8.37,ST07_Cirebon,First Mile Delay
SHPM000949,AWB260000949,2026-03-14 17:49:11.127512,2026-03-14 18:25:11.127512,2026-03-14 19:18:11.127512,2026-03-14 19:31:49.579541,2026-03-14 20:06:49.579541,2026-03-14 21:42:49.579541,2026-03-15 02:50:36.239445,2026-03-15 12:04:09.091552,2026-03-15 16:04:19.159218,2026-03-16 08:54:27.056780,2026-03-16 10:04:49.418022,2026-03-15 09:49:11.127512,Delivered,Closed,SHP087,Shipper 087,Enterprise,Jabodetabek,ST01_JKT_Central,HB01_JKT_GATEWAY,East Java,ST13_Malang,HB03_SBY_GATEWAY,Inter-Region,Same Day,Prepaid,CR010,Bike,0.88,0.8,0.88,262203,30960,20468,2,1,0,,35.0,16,0,0,,1,0,,0,,40.26,5.13,4.0,ST13_Malang,Last Mile Delay
SHPM000950,AWB260000950,2026-03-09 10:59:12.060511,2026-03-09 11:20:12.060511,2026-03-09 12:03:12.060511,2026-03-09 14:07:23.383435,2026-03-09 15:05:23.383435,2026-03-09 16:47:23.383435,2026-03-09 20:38:58.545346,2026-03-09 23:18:24.688565,2026-03-10 03:16:28.475325,2026-03-10 11:07:08.444580,2026-03-10 23:18:13.744541,2026-03-10 22:59:12.060511,Delivered,Closed,SHP002,Shipper 002,Enterprise,Jabodetabek,ST01_JKT_Central,HB01_JKT_GATEWAY,Outer Java,ST18_Balikpapan,HB06_EASTERN_GATEWAY,Inter-Region,Next Day,Prepaid,CR004,Van,0.74,0.68,0.74,453263,23330,17552,4,1,0,,58.0,36,0,0,,1,0,,0,,36.32,3.86,3.97,ST18_Balikpapan,Remote Area
SHPM000951,AWB260000951,2026-03-12 15:28:47.918059,2026-03-12 15:50:47.918059,2026-03-12 16:40:47.918059,2026-03-12 17:36:59.292812,2026-03-12 18:45:59.292812,2026-03-12 20:10:59.292812,2026-03-13 00:07:43.029817,2026-03-13 03:58:26.419428,2026-03-13 06:45:54.717938,2026-03-13 20:40:41.836852,2026-03-14 02:52:11.170915,2026-03-13 07:28:47.918059,Delivered,Closed,SHP049,Shipper 049,Enterprise,Jabodetabek,ST02_JKT_West,HB01_JKT_GATEWAY,Outer Java,ST20_Banjarmasin,HB06_EASTERN_GATEWAY,Inter-Region,Same Day,Prepaid,CR014,Van,2.4,2.36,2.4,2227485,37800,28092,2,1,0,,69.0,16,0,0,,1,0,,0,,35.39,3.95,2.79,ST20_Banjarmasin,Remote Area
SHPM000952,AWB260000952,2026-03-07 21:16:29.961343,2026-03-07 21:42:29.961343,2026-03-07 22:30:29.961343,2026-03-08 00:05:26.154043,2026-03-08 00:13:26.154043,2026-03-08 01:34:26.154043,2026-03-08 05:02:58.096387,2026-03-08 08:07:27.658520,2026-03-08 23:07:01.187606,2026-03-09 05:59:01.259547,2026-03-09 08:01:41.538806,2026-03-09 09:16:29.961343,Delivered,Closed,SHP093,Shipper 093,SME,East Java,ST14_Kediri,HB03_SBY_GATEWAY,West Java,ST07_Cirebon,HB02_BDG_TRANSIT,Inter-Region,Next Day,Prepaid,CR135,Bike,1.32,1.38,1.38,732019,26210,21133,4,1,0,,8.0,36,1,0,,1,0,,0,,34.75,3.48,14.99,ST07_Cirebon,
SHPM000953,AWB260000953,2026-03-18 22:26:10.533780,2026-03-18 22:33:10.533780,2026-03-18 23:01:10.533780,2026-03-19 01:54:38.846154,2026-03-19 03:07:38.846154,2026-03-19 03:46:38.846154,2026-03-19 09:46:35.689136,2026-03-19 18:20:33.609851,2026-03-19 22:21:10.281242,2026-03-20 14:01:23.598113,2026-03-20 21:42:10.992103,2026-03-21 22:26:10.533780,Delivered,Closed,SHP005,Shipper 005,Enterprise,Central Java,ST09_Semarang,HB04_CTG_NATIONAL,East Java,ST12_Surabaya,HB03_SBY_GATEWAY,Inter-Region,Regular,Prepaid,CR089,Bike,1.51,1.5,1.51,669571,18795,16809,8,1,0,,73.0,72,1,0,,1,0,,0,,47.27,6.0,4.01,ST12_Surabaya,
SHPM000954,AWB260000954,2026-02-16 09:42:17.397007,2026-02-16 10:20:17.397007,2026-02-16 10:49:17.397007,2026-02-16 16:09:41.815968,2026-02-16 16:54:41.815968,2026-02-16 18:07:41.815968,2026-02-16 22:41:28.961028,2026-02-17 01:24:11.938697,2026-02-17 05:26:21.995604,2026-02-17 14:58:39.758837,2026-02-17 22:26:30.877546,2026-02-19 09:42:17.397007,Delivered,Closed,SHP056,Shipper 056,Enterprise,Jabodetabek,ST03_JKT_East,HB01_JKT_GATEWAY,Central Java,ST09_Semarang,HB04_CTG_NATIONAL,Inter-Region,Regular,Prepaid,CR024,Bike,1.33,1.51,1.51,1250808,18795,17377,8,1,0,,45.0,72,1,0,,1,0,,0,,36.74,4.56,4.04,ST09_Semarang,
SHPM000955,AWB260000955,2026-04-01 01:02:50.802963,2026-04-01 01:34:50.802963,2026-04-01 02:18:50.802963,2026-04-01 06:52:28.081771,2026-04-01 07:58:28.081771,2026-04-01 08:34:28.081771,2026-04-01 12:32:02.482802,2026-04-01 17:40:50.512511,2026-04-02 04:28:35.809520,2026-04-02 21:38:34.008917,2026-04-03 08:26:10.426590,2026-04-04 01:02:50.802963,Delivered,Closed,SHP058,Shipper 058,Enterprise,Jabodetabek,ST03_JKT_East,HB01_JKT_GATEWAY,East Java,ST13_Malang,HB03_SBY_GATEWAY,Inter-Region,Regular,Prepaid,CR020,Van,0.67,0.7,0.7,1231680,15150,12877,8,1,0,,66.0,72,1,0,,1,0,,0,,55.39,3.96,10.8,ST13_Malang,
SHPM000956,AWB260000956,2026-03-13 21:57:19.798000,2026-03-13 22:10:19.798000,2026-03-13 22:42:19.798000,2026-03-14 00:53:53.207023,2026-03-14 01:19:53.207023,2026-03-14 03:13:53.207023,2026-03-14 08:32:01.405292,2026-03-14 13:27:22.923683,2026-03-14 16:02:30.333148,2026-03-15 00:36:14.292040,2026-03-15 07:03:55.547763,2026-03-15 09:57:19.798000,Delivered,Closed,SHP053,Shipper 053,Marketplace,Jabodetabek,ST05_Tangerang,HB01_JKT_GATEWAY,Outer Java,ST15_Medan,HB05_SUMATRA_GATEWAY,Inter-Region,Next Day,COD,CR049,Van,2.46,3.77,3.77,1417553,40965,38864,4,1,0,,26.0,36,1,0,,1,0,,0,,33.11,5.3,2.59,ST15_Medan,
SHPM000957,AWB260000957,2026-03-18 08:13:23.664061,2026-03-18 08:35:23.664061,2026-03-18 09:31:23.664061,2026-03-18 19:49:26.974213,2026-03-18 21:04:26.974213,2026-03-18 21:39:26.974213,2026-03-18 23:55:05.783601,2026-03-19 06:09:07.307646,2026-03-19 15:01:45.826922,2026-03-19 20:40:11.675485,,2026-03-21 08:13:23.664061,Delivery Exception,Exception,SHP010,Shipper 010,Enterprise,East Java,ST12_Surabaya,HB03_SBY_GATEWAY,West Java,ST06_Bandung,HB01_JKT_GATEWAY,Inter-Region,Regular,COD,CR112,Bike,0.87,1.32,1.32,804240,21940,14901,8,0,0,,75.0,72,0,1,Cash Issue,2,0,,0,,459.78,2.26,8.88,ST06_Bandung,Delivery Exception
SHPM000958,AWB260000958,2026-02-26 11:19:58.843042,2026-02-26 11:32:58.843042,2026-02-26 12:00:58.843042,2026-02-26 13:16:58.649646,2026-02-26 13:30:58.649646,2026-02-26 14:41:58.649646,2026-02-26 17:41:19.714414,2026-02-26 23:11:21.760859,2026-02-27 14:51:54.795082,2026-02-28 00:01:53.757300,2026-02-28 04:21:48.146366,2026-02-27 03:19:58.843042,Delivered,Closed,SHP006,Shipper 006,Marketplace,East Java,ST14_Kediri,HB03_SBY_GATEWAY,Outer Java,ST18_Balikpapan,HB06_EASTERN_GATEWAY,Inter-Region,Same Day,Prepaid,CR129,Truck,1.57,2.18,2.18,555491,36810,25083,2,1,0,,14.0,16,0,0,,1,0,,0,,41.03,2.99,15.68,ST18_Balikpapan,Hub Bottleneck
SHPM000959,AWB260000959,2026-02-20 10:07:34.143304,2026-02-20 10:26:34.143304,2026-02-20 10:43:34.143304,2026-02-20 18:25:32.028418,2026-02-20 18:43:32.028418,2026-02-20 20:16:32.028418,2026-02-21 00:29:44.641578,2026-02-21 05:08:24.839602,2026-02-21 08:32:24.204084,2026-02-21 17:17:03.609750,2026-02-21 22:15:45.096494,2026-02-23 10:07:34.143304,Delivered,Closed,SHP026,Shipper 026,Marketplace,Outer Java,ST18_Balikpapan,HB06_EASTERN_GATEWAY,East Java,ST12_Surabaya,HB03_SBY_GATEWAY,Inter-Region,Regular,Prepaid,CR167,Van,4.86,4.71,4.86,2280272,33870,19959,8,1,0,,18.0,72,1,0,,1,0,,0,,36.14,4.22,3.4,ST12_Surabaya,
SHPM000960,AWB260000960,2026-02-21 13:46:26.254244,2026-02-21 13:56:26.254244,2026-02-21 14:25:26.254244,2026-02-21 15:39:04.046079,2026-02-21 16:08:04.046079,2026-02-21 17:53:04.046079,2026-02-21 20:50:32.779369,2026-02-22 04:04:11.984522,2026-02-22 17:04:44.102008,2026-02-22 22:40:30.263533,2026-02-23 04:28:13.992936,2026-02-23 01:46:26.254244,Delivered,Closed,SHP087,Shipper 087,Enterprise,Jabodetabek,ST02_JKT_West,HB01_JKT_GATEWAY,Outer Java,ST15_Medan,HB05_SUMATRA_GATEWAY,Inter-Region,Next Day,Prepaid,CR014,Van,1.58,1.52,1.58,1388869,27110,15859,4,1,0,,29.0,36,0,0,,1,0,,0,,38.7,2.96,13.01,ST15_Medan,Hub Bottleneck
SHPM000961,AWB260000961,2026-02-26 22:17:44.162583,2026-02-26 22:32:44.162583,2026-02-26 22:56:44.162583,2026-02-27 02:58:29.804281,2026-02-27 03:37:29.804281,2026-02-27 04:32:29.804281,2026-02-27 08:53:05.580946,2026-02-27 11:44:10.579823,2026-02-27 19:33:10.485505,2026-02-28 03:23:26.892438,2026-02-28 05:46:59.465727,2026-02-28 10:17:44.162583,Delivered,Closed,SHP075,Shipper 075,Marketplace,Outer Java,ST16_Palembang,HB05_SUMATRA_GATEWAY,East Java,ST13_Malang,HB03_SBY_GATEWAY,Inter-Region,Next Day,Prepaid,CR153,Bike,1.61,2.65,2.65,2424547,31925,22640,4,0,0,,39.0,36,1,0,,1,0,,0,,31.49,4.34,7.82,ST13_Malang,
SHPM000962,AWB260000962,2026-02-18 04:01:36.486273,2026-02-18 04:07:36.486273,2026-02-18 04:58:36.486273,2026-02-18 18:28:56.591961,2026-02-18 20:07:56.591961,2026-02-18 21:29:56.591961,2026-02-19 01:36:21.261204,2026-02-19 04:07:34.930185,2026-02-19 08:44:29.672785,2026-02-19 19:04:55.981041,2026-02-20 12:42:08.499847,2026-02-21 04:01:36.486273,Delivered,Closed,SHP066,Shipper 066,Marketplace,West Java,ST07_Cirebon,HB02_BDG_TRANSIT,Central Java,ST11_Yogyakarta,HB04_CTG_NATIONAL,Inter-Region,Regular,COD,CR068,Truck,2.22,2.18,2.22,982694,25990,20040,8,0,0,,99.0,72,1,0,,1,0,,0,,56.68,4.11,4.62,ST11_Yogyakarta,
SHPM000963,AWB260000963,2026-03-21 15:58:39.408023,2026-03-21 16:17:39.408023,2026-03-21 16:41:39.408023,2026-03-22 00:11:43.197973,2026-03-22 00:28:43.197973,2026-03-22 01:49:43.197973,2026-03-22 04:06:36.365687,2026-03-22 07:13:38.912331,2026-03-22 08:49:07.951260,2026-03-22 15:53:44.525376,2026-03-23 00:50:22.103587,2026-03-24 15:58:39.408023,Delivered,Closed,SHP056,Shipper 056,Enterprise,Jabodetabek,ST03_JKT_East,HB01_JKT_GATEWAY,East Java,ST13_Malang,HB03_SBY_GATEWAY,Inter-Region,Regular,Prepaid,CR029,Truck,2.06,2.02,2.06,1715884,21270,11805,8,1,0,,17.0,72,1,0,,1,0,,0,,32.86,2.28,1.59,ST13_Malang,
SHPM000964,AWB260000964,2026-03-28 20:34:21.961661,2026-03-28 21:16:21.961661,2026-03-28 21:38:21.961661,2026-03-28 23:02:02.285658,2026-03-28 23:36:02.285658,2026-03-29 01:16:02.285658,2026-03-29 03:13:05.748562,2026-03-29 06:26:27.224623,2026-03-29 14:19:05.264308,2026-03-30 00:07:07.599494,2026-03-30 10:32:10.890602,2026-03-30 08:34:21.961661,Delivered,Closed,SHP085,Shipper 085,Marketplace,Central Java,ST09_Semarang,HB04_CTG_NATIONAL,East Java,ST13_Malang,HB03_SBY_GATEWAY,Inter-Region,Next Day,Prepaid,CR090,Bike,0.97,0.96,0.97,1114264,24365,15551,4,1,0,,34.0,36,0,0,,1,0,,0,,37.96,1.95,7.88,ST13_Malang,Last Mile Delay
SHPM000965,AWB260000965,2026-03-27 22:09:41.164053,2026-03-27 22:15:41.164053,2026-03-27 23:14:41.164053,2026-03-28 00:26:31.592871,2026-03-28 01:21:31.592871,2026-03-28 02:24:31.592871,2026-03-28 06:26:47.784784,2026-03-28 13:56:57.375197,2026-03-28 17:46:48.257828,2026-03-29 10:51:38.790709,2026-03-29 15:38:40.005927,2026-03-29 10:09:41.164053,Delivered,Closed,SHP003,Shipper 003,Marketplace,Outer Java,ST20_Banjarmasin,HB06_EASTERN_GATEWAY,East Java,ST13_Malang,HB03_SBY_GATEWAY,Inter-Region,Next Day,Prepaid,CR189,Van,1.36,2.31,2.31,650808,30395,22781,4,1,0,,55.0,36,0,0,,1,0,,0,,41.48,4.04,3.83,ST13_Malang,Last Mile Delay
SHPM000966,AWB260000966,2026-03-10 09:47:30.028028,2026-03-10 10:02:30.028028,2026-03-10 10:13:30.028028,2026-03-10 14:11:15.820591,2026-03-10 14:51:15.820591,2026-03-10 16:37:15.820591,2026-03-10 20:38:59.113387,2026-03-10 23:58:29.744087,2026-03-11 11:33:53.399304,2026-03-12 02:01:27.680785,2026-03-12 10:08:37.644393,2026-03-11 21:47:30.028028,Delivered,Closed,SHP074,Shipper 074,Enterprise,Outer Java,ST15_Medan,HB05_SUMATRA_GATEWAY,Central Java,ST09_Semarang,HB04_CTG_NATIONAL,Inter-Region,Next Day,Prepaid,CR139,Bike,0.6,0.76,0.76,1604196,23420,14251,4,0,0,,40.0,36,0,0,,1,0,,0,,48.35,4.03,11.59,ST09_Semarang,First Mile Delay
SHPM000967,AWB260000967,2026-02-26 23:17:45.674232,2026-02-26 23:52:45.674232,2026-02-27 00:35:45.674232,2026-02-27 06:06:28.260564,2026-02-27 06:34:28.260564,2026-02-27 06:51:28.260564,2026-02-27 11:37:38.668315,2026-02-27 19:04:07.876713,2026-02-28 04:55:48.548702,2026-02-28 18:22:49.041563,2026-03-01 08:16:55.770939,2026-03-01 23:17:45.674232,Delivered,Closed,SHP048,Shipper 048,Enterprise,Outer Java,ST17_Makassar,HB06_EASTERN_GATEWAY,Jabodetabek,ST03_JKT_East,HB01_JKT_GATEWAY,Inter-Region,Regular,COD,CR162,Van,0.92,1.44,1.44,809324,22480,19007,8,1,0,,28.0,72,1,0,,1,0,,0,,56.99,4.77,9.86,ST03_JKT_East,
SHPM000968,AWB260000968,2026-03-06 02:19:18.220454,2026-03-06 02:32:18.220454,2026-03-06 02:47:18.220454,2026-03-06 08:45:20.409326,2026-03-06 08:55:20.409326,2026-03-06 10:30:20.409326,2026-03-06 16:21:15.576716,2026-03-06 22:45:45.366060,2026-03-07 01:16:04.738685,2026-03-07 17:39:52.321984,2026-03-08 09:18:37.802484,2026-03-09 02:19:18.220454,Delivered,Closed,SHP070,Shipper 070,Enterprise,Jabodetabek,ST04_Bekasi,HB01_JKT_GATEWAY,Outer Java,ST16_Palembang,HB05_SUMATRA_GATEWAY,Inter-Region,Regular,Prepaid,CR037,Van,0.68,0.87,0.87,1577622,15915,10458,8,1,0,,10.0,72,1,0,,1,0,,0,,54.99,5.85,2.51,ST16_Palembang,
SHPM000969,AWB260000969,2026-02-16 22:50:15.251825,2026-02-16 22:57:15.251825,2026-02-16 23:56:15.251825,2026-02-17 03:11:01.972538,2026-02-17 04:19:01.972538,2026-02-17 05:05:01.972538,2026-02-17 07:33:38.018875,2026-02-17 13:26:53.604977,2026-02-18 01:34:35.434024,2026-02-19 18:21:06.105861,2026-02-20 03:07:04.955934,2026-02-18 10:50:15.251825,Delivered,Closed,SHP025,Shipper 025,Marketplace,East Java,ST12_Surabaya,HB03_SBY_GATEWAY,Jabodetabek,ST02_JKT_West,HB01_JKT_GATEWAY,Inter-Region,Next Day,COD,CR107,Bike,1.99,1.91,1.99,115654,32955,25419,4,0,0,,68.0,36,0,0,,1,1,Missed Cut-Off,0,,76.28,2.48,12.13,ST02_JKT_West,First Mile Delay
SHPM000970,AWB260000970,2026-03-08 11:38:05.395657,2026-03-08 12:10:05.395657,2026-03-08 12:33:05.395657,2026-03-08 13:23:26.802611,2026-03-08 13:54:26.802611,2026-03-08 14:10:26.802611,2026-03-08 15:50:27.540677,2026-03-08 18:57:57.730477,2026-03-09 15:10:59.018410,2026-03-10 07:09:07.271663,2026-03-10 21:54:23.095055,2026-03-09 23:38:05.395657,Delivered,Closed,SHP086,Shipper 086,Marketplace,Jabodetabek,ST02_JKT_West,HB01_JKT_GATEWAY,Outer Java,ST19_Denpasar,HB06_EASTERN_GATEWAY,Inter-Region,Next Day,COD,CR017,Bike,2.33,2.15,2.33,2175993,34485,23278,4,1,0,,31.0,36,0,0,,1,0,,0,,58.27,1.67,20.22,ST19_Denpasar,Hub Bottleneck
SHPM000971,AWB260000971,2026-03-12 03:12:43.838189,2026-03-12 03:41:43.838189,2026-03-12 04:12:43.838189,2026-03-12 08:03:17.721458,2026-03-12 08:50:17.721458,2026-03-12 10:00:17.721458,2026-03-12 13:20:29.525569,2026-03-12 18:06:43.610698,2026-03-12 22:39:30.653331,2026-03-13 10:32:14.038289,2026-03-13 16:59:03.119271,2026-03-13 15:12:43.838189,Delivered,Closed,SHP030,Shipper 030,Enterprise,Jabodetabek,ST05_Tangerang,HB01_JKT_GATEWAY,East Java,ST12_Surabaya,HB03_SBY_GATEWAY,Inter-Region,Next Day,Prepaid,CR046,Van,0.79,0.92,0.92,1426385,24140,20558,4,0,0,,47.0,36,0,0,,1,0,,0,,37.77,3.34,4.55,ST12_Surabaya,First Mile Delay
SHPM000972,AWB260000972,2026-03-21 01:04:42.144036,2026-03-21 01:19:42.144036,2026-03-21 01:39:42.144036,2026-03-21 07:37:54.895516,2026-03-21 08:21:54.895516,2026-03-21 09:37:54.895516,2026-03-21 14:03:38.745924,2026-03-21 23:30:33.539594,2026-03-22 07:19:40.229697,2026-03-22 12:37:43.928256,,2026-03-24 01:04:42.144036,Delivery Exception,Exception,SHP049,Shipper 049,Enterprise,Jabodetabek,ST05_Tangerang,HB01_JKT_GATEWAY,Outer Java,ST18_Balikpapan,HB06_EASTERN_GATEWAY,Inter-Region,Regular,COD,CR050,Van,1.09,1.02,1.09,341252,20905,13076,8,1,0,,44.0,72,0,1,Remote Area Delay,1,0,,0,,394.92,4.43,7.82,ST18_Balikpapan,Delivery Exception
SHPM000973,AWB260000973,2026-02-27 23:14:07.594954,2026-02-27 23:50:07.594954,2026-02-28 00:19:07.594954,2026-02-28 01:41:55.989305,2026-02-28 02:19:55.989305,2026-02-28 03:08:55.989305,2026-02-28 07:26:53.817764,2026-02-28 16:05:40.220175,2026-02-28 21:09:42.486528,2026-03-01 08:47:27.533828,2026-03-01 15:16:08.173704,2026-03-01 11:14:07.594954,Delivered,Closed,SHP070,Shipper 070,Enterprise,Jabodetabek,ST04_Bekasi,HB01_JKT_GATEWAY,West Java,ST08_Bogor,HB01_JKT_GATEWAY,Inter-Region,Next Day,Prepaid,CR037,Bike,1.34,1.22,1.34,1693553,26030,19566,4,1,0,,38.0,36,0,0,,1,0,,0,,40.03,4.3,5.07,ST08_Bogor,Last Mile Delay
SHPM000974,AWB260000974,2026-02-23 01:46:12.615254,2026-02-23 02:18:12.615254,2026-02-23 03:04:12.615254,2026-02-23 03:51:53.994622,2026-02-23 04:05:53.994622,2026-02-23 04:23:53.994622,2026-02-23 06:17:31.857313,2026-02-23 08:37:25.830726,2026-02-23 13:25:45.198991,2026-02-23 19:17:20.703766,2026-02-23 21:22:22.657480,2026-02-23 17:46:12.615254,Delivered,Closed,SHP098,Shipper 098,Marketplace,Outer Java,ST17_Makassar,HB06_EASTERN_GATEWAY,East Java,ST14_Kediri,HB03_SBY_GATEWAY,Inter-Region,Same Day,COD,CR157,Bike,1.31,1.41,1.41,1605948,37345,21483,2,1,0,,14.0,16,0,0,,1,0,,0,,19.6,1.89,4.81,ST14_Kediri,Last Mile Delay
SHPM000975,AWB260000975,2026-03-19 20:08:43.178502,2026-03-19 20:41:43.178502,2026-03-19 21:07:43.178502,2026-03-20 03:29:18.626316,2026-03-20 03:39:18.626316,2026-03-20 05:03:18.626316,2026-03-20 10:58:06.561578,2026-03-20 17:08:17.570749,2026-03-21 00:42:08.932376,2026-03-21 17:35:00.107038,2026-03-22 02:16:37.624928,2026-03-22 20:08:43.178502,Delivered,Closed,SHP070,Shipper 070,Enterprise,Jabodetabek,ST04_Bekasi,HB01_JKT_GATEWAY,West Java,ST07_Cirebon,HB02_BDG_TRANSIT,Inter-Region,Regular,COD,CR035,Van,4.52,4.15,4.52,2090701,36340,31403,8,1,0,,10.0,72,1,0,,1,0,,0,,54.13,5.91,7.56,ST07_Cirebon,
SHPM000976,AWB260000976,2026-03-05 22:22:53.797974,2026-03-05 22:57:53.797974,2026-03-05 23:34:53.797974,2026-03-06 00:27:17.646827,2026-03-06 00:48:17.646827,2026-03-06 01:03:17.646827,2026-03-06 03:18:46.132920,2026-03-06 13:11:39.199778,2026-03-07 04:22:09.667003,2026-03-07 15:55:54.380848,2026-03-08 03:59:20.728706,2026-03-07 10:22:53.797974,Delivered,Closed,SHP044,Shipper 044,Marketplace,Jabodetabek,ST05_Tangerang,HB01_JKT_GATEWAY,Outer Java,ST17_Makassar,HB06_EASTERN_GATEWAY,Inter-Region,Next Day,Prepaid,CR049,Bike,1.64,1.82,1.82,339280,28190,20264,4,1,0,,21.0,36,0,0,,1,0,,0,,53.61,2.26,15.18,ST17_Makassar,Hub Bottleneck
SHPM000977,AWB260000977,2026-03-28 20:09:35.055460,2026-03-28 20:35:35.055460,2026-03-28 20:55:35.055460,2026-03-29 04:54:03.824361,2026-03-29 05:02:03.824361,2026-03-29 07:01:03.824361,2026-03-29 11:04:47.148496,2026-03-29 17:40:56.543288,2026-03-30 04:54:25.716990,2026-03-30 19:11:14.711340,2026-03-31 02:55:09.694913,2026-03-31 20:09:35.055460,Delivered,Closed,SHP067,Shipper 067,SME,East Java,ST14_Kediri,HB03_SBY_GATEWAY,Jabodetabek,ST04_Bekasi,HB01_JKT_GATEWAY,Inter-Region,Regular,Prepaid,CR129,Van,1.22,1.14,1.22,1248734,17490,16262,8,0,0,,8.0,72,1,0,,1,0,,0,,54.76,4.06,11.22,ST04_Bekasi,
SHPM000978,AWB260000978,2026-03-17 21:00:00.215788,2026-03-17 21:20:00.215788,2026-03-17 22:25:00.215788,2026-03-17 23:26:46.539232,2026-03-17 23:57:46.539232,2026-03-18 00:26:46.539232,2026-03-18 04:25:58.134417,2026-03-18 05:48:01.007668,2026-03-18 15:33:04.126738,2026-03-18 23:40:04.575022,2026-03-19 03:34:26.262463,2026-03-18 21:00:00.215788,Delivered,Closed,SHP060,Shipper 060,Enterprise,East Java,ST12_Surabaya,HB03_SBY_GATEWAY,East Java,ST13_Malang,HB03_SBY_GATEWAY,Intra-Region,Next Day,Prepaid,CR113,Bike,1.03,1.73,1.73,970883,27785,18988,4,1,0,,31.0,24,0,0,,1,0,,0,,30.57,3.99,9.75,ST13_Malang,Last Mile Delay
SHPM000979,AWB260000979,2026-03-26 14:48:27.857107,2026-03-26 14:58:27.857107,2026-03-26 15:35:27.857107,2026-03-26 21:53:19.439655,2026-03-26 22:42:19.439655,2026-03-27 00:16:19.439655,2026-03-27 03:03:12.138091,2026-03-27 08:18:58.806226,2026-03-27 17:43:00.701742,2026-03-28 07:03:31.389171,2026-03-28 10:39:39.671845,2026-03-28 02:48:27.857107,Delivered,Closed,SHP018,Shipper 018,Enterprise,West Java,ST07_Cirebon,HB02_BDG_TRANSIT,Jabodetabek,ST03_JKT_East,HB01_JKT_GATEWAY,Inter-Region,Next Day,Prepaid,CR066,Van,0.24,0.41,0.41,715580,21845,17620,4,0,0,,49.0,36,0,0,,1,0,,0,,43.85,2.78,9.4,ST03_JKT_East,First Mile Delay
SHPM000980,AWB260000980,2026-03-10 00:37:06.476804,2026-03-10 00:46:06.476804,2026-03-10 01:16:06.476804,2026-03-10 04:00:37.515368,2026-03-10 04:24:37.515368,2026-03-10 05:09:37.515368,2026-03-10 06:24:14.415371,2026-03-10 11:14:07.608547,2026-03-10 21:16:10.202205,2026-03-11 02:57:08.240459,2026-03-11 13:59:48.116190,2026-03-12 00:37:06.476804,Delivered,Closed,SHP027,Shipper 027,SME,Jabodetabek,ST03_JKT_East,HB01_JKT_GATEWAY,Jabodetabek,ST05_Tangerang,HB01_JKT_GATEWAY,Intra-Region,Regular,Prepaid,CR020,Bike,2.43,2.84,2.84,93111,24780,18235,8,1,0,,24.0,48,1,0,,1,0,,0,,37.38,1.24,10.03,ST05_Tangerang,
SHPM000981,AWB260000981,2026-02-21 18:35:03.046351,2026-02-21 18:41:03.046351,2026-02-21 18:51:03.046351,2026-02-21 23:48:19.068834,2026-02-22 00:53:19.068834,2026-02-22 01:21:19.068834,2026-02-22 06:45:36.204954,2026-02-22 09:56:10.817066,2026-02-23 02:26:34.905494,2026-02-23 19:18:36.830313,2026-02-24 05:15:23.758339,2026-02-24 18:35:03.046351,Delivered,Closed,SHP031,Shipper 031,SME,East Java,ST14_Kediri,HB03_SBY_GATEWAY,West Java,ST07_Cirebon,HB02_BDG_TRANSIT,Inter-Region,Regular,Prepaid,CR132,Bike,8.27,7.46,8.27,871964,49215,41703,8,1,0,,65.0,72,1,0,,1,0,,0,,58.67,5.4,16.51,ST07_Cirebon,
SHPM000982,AWB260000982,2026-03-25 15:07:38.045097,2026-03-25 15:51:38.045097,2026-03-25 15:58:38.045097,2026-03-25 18:11:33.361372,2026-03-25 18:39:33.361372,2026-03-25 19:16:33.361372,2026-03-25 20:34:34.763882,2026-03-26 01:42:18.752115,2026-03-26 04:02:40.800131,2026-03-26 18:45:45.337152,2026-03-26 21:18:38.319315,2026-03-26 07:07:38.045097,Delivered,Closed,SHP009,Shipper 009,Marketplace,West Java,ST06_Bandung,HB01_JKT_GATEWAY,Jabodetabek,ST03_JKT_East,HB01_JKT_GATEWAY,Inter-Region,Same Day,COD,CR062,Bike,0.68,0.8,0.8,265968,34600,31629,2,0,0,,28.0,16,0,0,,1,0,,0,,30.18,1.3,2.34,ST03_JKT_East,First Mile Delay
SHPM000983,AWB260000983,2026-03-21 21:04:03.315444,2026-03-21 21:43:03.315444,2026-03-21 22:14:03.315444,2026-03-22 00:54:18.676808,2026-03-22 01:28:18.676808,2026-03-22 02:24:18.676808,2026-03-22 07:06:16.293783,2026-03-22 14:46:26.499309,2026-03-22 22:34:12.225490,2026-03-23 09:30:37.827261,2026-03-24 02:04:40.372203,2026-03-24 21:04:03.315444,Delivered,Closed,SHP083,Shipper 083,Marketplace,Jabodetabek,ST04_Bekasi,HB01_JKT_GATEWAY,Central Java,ST09_Semarang,HB04_CTG_NATIONAL,Inter-Region,Regular,Prepaid,CR038,Bike,0.88,1.04,1.04,160674,16680,12347,8,1,0,,34.0,72,1,0,,1,0,,0,,53.01,4.7,7.8,ST09_Semarang,
SHPM000984,AWB260000984,2026-03-19 03:36:06.808582,2026-03-19 04:18:06.808582,2026-03-19 04:47:06.808582,2026-03-19 05:41:41.004235,2026-03-19 06:34:41.004235,2026-03-19 07:18:41.004235,2026-03-19 11:09:37.413709,2026-03-19 20:57:44.347206,2026-03-20 02:02:34.152480,2026-03-20 17:33:11.409695,2026-03-21 02:27:38.366801,2026-03-20 15:36:06.808582,Delivered,Closed,SHP017,Shipper 017,Marketplace,Outer Java,ST16_Palembang,HB05_SUMATRA_GATEWAY,West Java,ST08_Bogor,HB01_JKT_GATEWAY,Inter-Region,Next Day,COD,CR146,Bike,3.46,4.53,4.53,168507,44385,29948,4,1,0,,53.0,36,0,0,,1,0,,0,,46.86,3.85,5.08,ST08_Bogor,Last Mile Delay
SHPM000985,AWB260000985,2026-03-15 13:07:41.896058,2026-03-15 13:20:41.896058,2026-03-15 13:31:41.896058,2026-03-15 15:30:30.048494,2026-03-15 16:34:30.048494,2026-03-15 17:24:30.048494,2026-03-15 20:08:04.232126,2026-03-16 00:28:53.994555,2026-03-16 07:14:58.605528,2026-03-17 01:01:27.447163,2026-03-17 07:13:44.316745,2026-03-18 13:07:41.896058,Delivered,Closed,SHP047,Shipper 047,Marketplace,Central Java,ST10_Solo,HB04_CTG_NATIONAL,Jabodetabek,ST04_Bekasi,HB01_JKT_GATEWAY,Inter-Region,Regular,Prepaid,CR093,Bike,2.4,2.69,2.69,274482,24105,18082,8,1,0,,64.0,72,1,0,,1,0,,0,,42.1,2.73,6.77,ST04_Bekasi,
SHPM000986,AWB260000986,2026-02-27 19:58:30.437524,2026-02-27 20:12:30.437524,2026-02-27 20:36:30.437524,2026-02-28 03:25:11.089332,2026-02-28 04:13:11.089332,2026-02-28 05:21:11.089332,2026-02-28 08:38:34.462683,2026-02-28 15:23:00.655873,2026-02-28 23:36:21.068820,2026-03-01 05:40:32.287831,2026-03-01 16:23:59.140405,2026-03-02 19:58:30.437524,Delivered,Closed,SHP077,Shipper 077,Marketplace,Outer Java,ST19_Denpasar,HB06_EASTERN_GATEWAY,West Java,ST08_Bogor,HB01_JKT_GATEWAY,Inter-Region,Regular,COD,CR179,Van,0.2,0.21,0.21,1145632,16945,14399,8,1,0,,48.0,72,1,0,,1,0,,0,,44.42,3.29,8.22,ST08_Bogor,
SHPM000987,AWB260000987,2026-03-21 11:42:45.341602,2026-03-21 12:01:45.341602,2026-03-21 12:23:45.341602,2026-03-21 17:57:04.161898,2026-03-21 18:19:04.161898,2026-03-21 19:17:04.161898,2026-03-21 23:08:10.462240,2026-03-22 01:47:36.328936,2026-03-22 04:38:48.855715,2026-03-22 11:30:44.756990,2026-03-23 01:14:19.102566,2026-03-24 11:42:45.341602,Delivered,Closed,SHP063,Shipper 063,Enterprise,Jabodetabek,ST05_Tangerang,HB01_JKT_GATEWAY,East Java,ST13_Malang,HB03_SBY_GATEWAY,Inter-Region,Regular,Prepaid,CR046,Bike,1.61,1.64,1.64,2290295,19380,15438,8,1,0,,22.0,72,1,0,,1,0,,0,,37.53,3.85,2.85,ST13_Malang,
SHPM000988,AWB260000988,2026-03-02 22:02:13.498227,2026-03-02 22:22:13.498227,2026-03-02 22:57:13.498227,2026-03-03 03:51:27.635877,2026-03-03 05:08:27.635877,2026-03-03 06:20:27.635877,2026-03-03 08:03:38.250340,2026-03-03 11:29:49.524140,2026-03-03 21:53:20.822782,2026-03-04 10:43:52.094816,2026-03-04 16:09:53.540111,2026-03-05 22:02:13.498227,Delivered,Closed,SHP020,Shipper 020,SME,East Java,ST13_Malang,HB03_SBY_GATEWAY,West Java,ST06_Bandung,HB01_JKT_GATEWAY,Inter-Region,Regular,Prepaid,CR114,Bike,0.57,0.52,0.57,279570,14565,10074,8,1,0,,77.0,72,1,0,,1,0,,0,,42.13,1.72,10.39,ST06_Bandung,
SHPM000989,AWB260000989,2026-03-30 06:27:50.077948,2026-03-30 06:33:50.077948,2026-03-30 06:42:50.077948,2026-03-30 07:19:14.886531,2026-03-30 07:27:14.886531,2026-03-30 08:02:14.886531,2026-03-30 12:27:29.649200,2026-03-30 14:59:33.894493,2026-03-31 10:08:59.880802,2026-03-31 21:27:42.351893,2026-04-01 00:36:19.860586,2026-03-30 22:27:50.077948,Delivered,Closed,SHP010,Shipper 010,Enterprise,East Java,ST13_Malang,HB03_SBY_GATEWAY,Jabodetabek,ST02_JKT_West,HB01_JKT_GATEWAY,Inter-Region,Same Day,COD,CR114,Van,0.95,0.9,0.95,1352248,35275,31606,2,1,0,,8.0,16,0,0,,1,0,,0,,42.14,4.42,19.16,ST02_JKT_West,Hub Bottleneck
SHPM000990,AWB260000990,2026-02-26 06:32:30.937208,2026-02-26 06:40:30.937208,2026-02-26 07:18:30.937208,2026-02-26 10:19:13.927753,2026-02-26 11:18:13.927753,2026-02-26 12:52:13.927753,2026-02-26 17:31:42.430691,2026-02-26 20:36:38.901732,2026-02-27 05:22:04.276693,2026-02-27 12:49:10.394460,2026-02-27 17:47:49.979054,2026-03-01 06:32:30.937208,Delivered,Closed,SHP076,Shipper 076,Enterprise,West Java,ST06_Bandung,HB01_JKT_GATEWAY,Jabodetabek,ST03_JKT_East,HB01_JKT_GATEWAY,Inter-Region,Regular,Prepaid,CR056,Bike,0.64,0.61,0.64,760122,14880,12582,8,1,0,,59.0,72,1,0,,1,0,,0,,35.26,4.66,8.76,ST03_JKT_East,
SHPM000991,AWB260000991,2026-03-31 07:54:33.485962,2026-03-31 08:25:33.485962,2026-03-31 09:07:33.485962,2026-03-31 13:10:59.527528,2026-03-31 13:41:59.527528,2026-03-31 15:10:59.527528,2026-03-31 18:27:04.537924,2026-03-31 20:53:15.053093,2026-04-01 04:30:37.453991,2026-04-01 10:12:29.682453,2026-04-01 15:18:43.684649,2026-04-01 19:54:33.485962,Delivered,Closed,SHP035,Shipper 035,Enterprise,Jabodetabek,ST04_Bekasi,HB01_JKT_GATEWAY,East Java,ST12_Surabaya,HB03_SBY_GATEWAY,Inter-Region,Next Day,Prepaid,CR037,Bike,0.37,0.58,0.58,670275,22610,17021,4,0,0,,31.0,36,1,0,,1,0,,0,,31.4,3.27,7.62,ST12_Surabaya,
SHPM000992,AWB260000992,2026-02-22 16:42:10.945815,2026-02-22 17:09:10.945815,2026-02-22 17:48:10.945815,2026-02-22 20:31:40.134967,2026-02-22 21:03:40.134967,2026-02-22 22:32:40.134967,2026-02-23 00:55:33.508154,2026-02-23 09:36:56.381793,2026-02-23 15:14:53.846967,2026-02-24 09:14:43.226058,2026-02-24 12:32:41.126391,2026-02-24 04:42:10.945815,Delivered,Closed,SHP078,Shipper 078,SME,Outer Java,ST17_Makassar,HB06_EASTERN_GATEWAY,Central Java,ST09_Semarang,HB04_CTG_NATIONAL,Inter-Region,Next Day,Prepaid,CR158,Van,1.33,1.36,1.36,323677,26120,21365,4,1,0,,32.0,36,0,0,,1,0,,0,,43.84,2.38,5.63,ST09_Semarang,Last Mile Delay
SHPM000993,AWB260000993,2026-02-15 15:57:20.615129,2026-02-15 16:24:20.615129,2026-02-15 16:52:20.615129,2026-02-16 00:58:40.540690,2026-02-16 01:25:40.540690,2026-02-16 02:58:40.540690,2026-02-16 07:22:23.801656,2026-02-16 11:12:04.888025,2026-02-16 22:02:30.708106,2026-02-17 15:25:53.694863,2026-02-17 23:11:08.418882,2026-02-18 15:57:20.615129,Delivered,Closed,SHP096,Shipper 096,Marketplace,Jabodetabek,ST02_JKT_West,HB01_JKT_GATEWAY,Outer Java,ST20_Banjarmasin,HB06_EASTERN_GATEWAY,Inter-Region,Regular,Prepaid,CR015,Van,1.0,1.06,1.06,1027113,16770,12375,8,0,0,,27.0,72,1,0,,1,0,,0,,55.23,4.4,10.84,ST20_Banjarmasin,
SHPM000994,AWB260000994,2026-03-17 10:55:41.246913,2026-03-17 11:05:41.246913,2026-03-17 11:25:41.246913,2026-03-17 16:30:33.699260,2026-03-17 17:18:33.699260,2026-03-17 17:55:33.699260,2026-03-17 22:30:49.738034,2026-03-18 06:12:24.697944,2026-03-18 20:50:15.968086,2026-03-19 03:28:09.466728,2026-03-19 20:21:18.944104,2026-03-20 10:55:41.246913,Delivered,Closed,SHP090,Shipper 090,Enterprise,East Java,ST14_Kediri,HB03_SBY_GATEWAY,Central Java,ST11_Yogyakarta,HB04_CTG_NATIONAL,Inter-Region,Regular,Prepaid,CR128,Van,0.76,0.92,0.92,1592333,16140,12669,8,1,0,,48.0,72,1,0,,1,0,,0,,57.43,4.59,14.63,ST11_Yogyakarta,
SHPM000995,AWB260000995,2026-03-30 18:01:48.815610,2026-03-30 18:08:48.815610,2026-03-30 18:24:48.815610,,,,,,,,,2026-04-02 18:01:48.815610,Failed Pickup,Exception,SHP047,Shipper 047,Marketplace,Central Java,ST11_Yogyakarta,HB04_CTG_NATIONAL,Outer Java,ST17_Makassar,HB06_EASTERN_GATEWAY,Inter-Region,Regular,Prepaid,CR104,Truck,0.37,0.34,0.37,873158,13665,10574,8,0,1,Capacity Full,,72,0,0,,0,0,,0,,161.97,,,ST11_Yogyakarta,
SHPM000996,AWB260000996,2026-02-20 20:06:18.872978,2026-02-20 20:38:18.872978,2026-02-20 21:16:18.872978,2026-02-20 22:49:25.528929,2026-02-20 23:14:25.528929,2026-02-21 00:18:25.528929,2026-02-21 04:12:20.738805,2026-02-21 10:37:59.983737,2026-02-21 21:09:34.818504,2026-02-22 12:54:51.394357,2026-02-22 16:36:28.676389,2026-02-22 08:06:18.872978,Delivered,Closed,SHP087,Shipper 087,Enterprise,Jabodetabek,ST02_JKT_West,HB01_JKT_GATEWAY,Outer Java,ST16_Palembang,HB05_SUMATRA_GATEWAY,Inter-Region,Next Day,COD,CR013,Van,3.26,3.33,3.33,294187,38985,23448,4,1,0,,25.0,36,0,0,,1,0,,0,,44.5,3.9,10.53,ST16_Palembang,Hub Bottleneck
SHPM000997,AWB260000997,2026-03-03 03:15:05.269716,2026-03-03 03:20:05.269716,2026-03-03 03:57:05.269716,2026-03-03 07:11:48.304207,2026-03-03 08:01:48.304207,2026-03-03 09:10:48.304207,2026-03-03 11:23:55.210268,2026-03-03 21:22:05.634451,2026-03-04 05:42:35.569902,2026-03-04 21:35:20.377193,2026-03-04 23:37:43.941513,2026-03-04 15:15:05.269716,Delivered,Closed,SHP005,Shipper 005,Enterprise,Central Java,ST09_Semarang,HB04_CTG_NATIONAL,West Java,ST06_Bandung,HB01_JKT_GATEWAY,Inter-Region,Next Day,Prepaid,CR087,Bike,1.32,1.54,1.54,2322538,26930,16256,4,1,0,,50.0,36,0,0,,1,0,,0,,44.38,2.22,8.34,ST06_Bandung,Last Mile Delay
SHPM000998,AWB260000998,2026-02-23 02:47:58.601866,2026-02-23 02:54:58.601866,2026-02-23 03:51:58.601866,2026-02-23 07:50:49.557034,2026-02-23 09:44:49.557034,2026-02-23 10:25:49.557034,2026-02-23 17:02:36.336810,2026-02-24 00:30:41.444435,2026-02-24 04:25:07.785178,2026-02-24 13:51:31.887520,2026-02-24 22:38:02.471736,2026-02-24 14:47:58.601866,Delivered,Closed,SHP018,Shipper 018,Enterprise,West Java,ST07_Cirebon,HB02_BDG_TRANSIT,Jabodetabek,ST04_Bekasi,HB01_JKT_GATEWAY,Inter-Region,Next Day,Prepaid,CR064,Van,1.66,1.6,1.66,289629,27470,23890,4,0,0,,114.0,36,0,0,,1,0,,0,,43.83,6.61,3.91,ST04_Bekasi,First Mile Delay
SHPM000999,AWB260000999,2026-02-26 15:01:03.183215,2026-02-26 15:38:03.183215,2026-02-26 16:07:03.183215,2026-02-27 00:12:32.449600,2026-02-27 00:27:32.449600,2026-02-27 01:36:32.449600,2026-02-27 04:32:01.329659,2026-02-27 08:21:43.142792,2026-02-27 16:41:48.359042,2026-02-28 09:53:50.740962,2026-02-28 19:41:43.689137,2026-03-01 15:01:03.183215,Delivered,Closed,SHP001,Shipper 001,Marketplace,Jabodetabek,ST05_Tangerang,HB01_JKT_GATEWAY,West Java,ST07_Cirebon,HB02_BDG_TRANSIT,Inter-Region,Regular,Prepaid,CR054,Truck,1.33,1.37,1.37,288130,18165,10738,8,0,0,,15.0,72,1,0,,1,0,,0,,52.68,2.92,8.33,ST07_Cirebon,
SHPM001000,AWB260001000,2026-03-25 17:47:20.831413,2026-03-25 17:58:20.831413,2026-03-25 18:22:20.831413,2026-03-25 19:01:26.880517,2026-03-25 19:29:26.880517,2026-03-25 21:12:26.880517,2026-03-25 23:51:27.282738,2026-03-26 02:39:50.725055,2026-03-26 05:11:40.555549,2026-03-26 11:25:47.260581,2026-03-26 15:54:47.004486,2026-03-26 03:47:20.831413,Delivered,Closed,SHP030,Shipper 030,Enterprise,Jabodetabek,ST05_Tangerang,HB01_JKT_GATEWAY,Jabodetabek,ST05_Tangerang,HB01_JKT_GATEWAY,Intra-Region,Same Day,Prepaid,CR054,Van,1.57,1.67,1.67,1004383,34515,22002,2,1,0,,28.0,10,0,0,,1,0,,0,,22.12,2.65,2.53,ST05_Tangerang,Last Mile Delay
SHPM001001,AWB260001001,2026-03-10 01:59:08.628878,2026-03-10 02:36:08.628878,2026-03-10 03:25:08.628878,2026-03-10 03:52:58.719236,2026-03-10 04:04:58.719236,2026-03-10 05:15:58.719236,2026-03-10 08:44:58.450457,2026-03-10 12:53:43.956910,2026-03-10 15:19:57.744353,2026-03-11 01:31:55.812809,2026-03-11 11:05:04.110322,2026-03-11 13:59:08.628878,Delivered,Closed,SHP049,Shipper 049,Enterprise,Jabodetabek,ST05_Tangerang,HB01_JKT_GATEWAY,East Java,ST13_Malang,HB03_SBY_GATEWAY,Inter-Region,Next Day,COD,CR052,Bike,2.38,2.38,2.38,437402,34710,29131,4,1,0,,12.0,36,1,0,,1,0,,0,,33.1,3.48,2.44,ST13_Malang,
SHPM001002,AWB260001002,2026-03-27 23:04:09.797782,2026-03-27 23:27:09.797782,2026-03-28 00:03:09.797782,2026-03-28 03:41:29.762090,2026-03-28 04:55:29.762090,2026-03-28 06:53:29.762090,2026-03-28 12:49:31.301291,2026-03-28 17:16:44.854814,2026-03-28 19:35:08.810459,2026-03-29 03:41:46.896874,2026-03-29 07:55:36.267951,2026-03-29 23:04:09.797782,Delivered,Closed,SHP013,Shipper 013,SME,Jabodetabek,ST04_Bekasi,HB01_JKT_GATEWAY,Jabodetabek,ST03_JKT_East,HB01_JKT_GATEWAY,Intra-Region,Regular,Prepaid,CR035,Van,1.79,1.95,1.95,1151105,20775,16095,8,1,0,,74.0,48,1,0,,1,0,,0,,32.86,5.93,2.31,ST03_JKT_East,
SHPM001003,AWB260001003,2026-03-20 19:33:39.421228,2026-03-20 19:38:39.421228,2026-03-20 20:20:39.421228,2026-03-20 21:13:49.346280,2026-03-20 21:38:49.346280,2026-03-20 22:06:49.346280,2026-03-21 01:55:23.919565,2026-03-21 06:32:26.683057,2026-03-21 10:27:10.878877,2026-03-21 15:53:57.881712,2026-03-21 21:50:40.126980,2026-03-22 07:33:39.421228,Delivered,Closed,SHP004,Shipper 004,Marketplace,Jabodetabek,ST01_JKT_Central,HB01_JKT_GATEWAY,East Java,ST14_Kediri,HB03_SBY_GATEWAY,Inter-Region,Next Day,Prepaid,CR004,Bike,1.5,1.58,1.58,2435751,27110,23117,4,1,0,,25.0,36,1,0,,1,0,,0,,26.28,3.81,3.91,ST14_Kediri,
SHPM001004,AWB260001004,2026-02-21 23:04:00.595489,2026-02-21 23:21:00.595489,2026-02-21 23:43:00.595489,2026-02-22 08:15:31.156875,2026-02-22 08:41:31.156875,2026-02-22 09:49:31.156875,2026-02-22 13:14:25.392960,2026-02-22 18:55:13.411148,2026-02-23 00:31:27.373943,2026-02-23 05:33:24.858976,2026-02-23 21:37:28.864891,2026-02-24 23:04:00.595489,Delivered,Closed,SHP090,Shipper 090,Enterprise,East Java,ST14_Kediri,HB03_SBY_GATEWAY,Jabodetabek,ST01_JKT_Central,HB01_JKT_GATEWAY,Inter-Region,Regular,Prepaid,CR128,Truck,2.42,2.59,2.59,886510,23655,15090,8,0,0,,26.0,72,1,0,,1,0,,0,,46.56,3.42,5.6,ST01_JKT_Central,
SHPM001005,AWB260001005,2026-02-24 04:22:12.100518,2026-02-24 04:49:12.100518,2026-02-24 05:02:12.100518,2026-02-24 06:02:27.364307,2026-02-24 06:37:27.364307,2026-02-24 07:04:27.364307,2026-02-24 08:45:26.136053,2026-02-24 15:28:32.287825,2026-02-24 18:49:28.769401,2026-02-25 10:43:59.595849,2026-02-25 19:43:45.900639,2026-02-25 16:22:12.100518,Delivered,Closed,SHP052,Shipper 052,Marketplace,Jabodetabek,ST04_Bekasi,HB01_JKT_GATEWAY,West Java,ST08_Bogor,HB01_JKT_GATEWAY,Inter-Region,Next Day,Prepaid,CR041,Bike,0.78,0.79,0.79,1591602,23555,15226,4,1,0,,35.0,36,0,0,,1,0,,0,,39.36,1.68,3.35,ST08_Bogor,Last Mile Delay
SHPM001006,AWB260001006,2026-03-18 09:58:11.452679,2026-03-18 10:36:11.452679,2026-03-18 10:53:11.452679,2026-03-18 15:05:25.244051,2026-03-18 15:42:25.244051,2026-03-18 17:30:25.244051,2026-03-18 20:59:15.887260,2026-03-19 00:56:23.421402,2026-03-19 09:31:25.089852,2026-03-20 01:11:14.252309,,2026-03-19 21:58:11.452679,Delivery Exception,Exception,SHP057,Shipper 057,SME,Central Java,ST09_Semarang,HB04_CTG_NATIONAL,Outer Java,ST18_Balikpapan,HB06_EASTERN_GATEWAY,Inter-Region,Next Day,Prepaid,CR083,Bike,4.88,4.97,4.97,2191410,42365,34680,4,0,0,,37.0,36,0,1,Customer Reschedule,1,0,,0,,458.03,3.48,8.58,ST18_Balikpapan,Delivery Exception
SHPM001007,AWB260001007,2026-03-13 06:30:24.558710,2026-03-13 07:12:24.558710,2026-03-13 07:35:24.558710,2026-03-13 14:26:33.884113,2026-03-13 14:53:33.884113,2026-03-13 15:29:33.884113,2026-03-13 19:48:06.851559,2026-03-14 00:03:48.240847,2026-03-14 10:13:59.382370,2026-03-14 19:18:31.816575,2026-03-15 08:52:27.183452,2026-03-16 06:30:24.558710,Delivered,Closed,SHP061,Shipper 061,Enterprise,Outer Java,ST17_Makassar,HB06_EASTERN_GATEWAY,Central Java,ST09_Semarang,HB04_CTG_NATIONAL,Inter-Region,Regular,Prepaid,CR155,Bike,0.36,0.37,0.37,1493609,13665,9475,8,1,0,,27.0,72,1,0,,1,0,,0,,50.37,4.31,10.17,ST09_Semarang,
SHPM001008,AWB260001008,2026-03-21 13:33:16.109331,2026-03-21 13:50:16.109331,2026-03-21 14:32:16.109331,2026-03-22 03:33:46.373835,2026-03-22 04:30:46.373835,2026-03-22 05:21:46.373835,2026-03-22 09:19:59.031748,2026-03-22 11:06:38.742978,2026-03-23 01:38:00.980860,2026-03-23 06:11:22.590919,2026-03-23 22:24:21.511969,2026-03-23 13:33:16.109331,Delivered,Closed,SHP060,Shipper 060,Enterprise,East Java,ST12_Surabaya,HB03_SBY_GATEWAY,East Java,ST13_Malang,HB03_SBY_GATEWAY,Intra-Region,Regular,Prepaid,CR113,Bike,2.94,2.95,2.95,2303348,25275,22962,8,0,0,,57.0,48,0,0,,1,0,,0,,56.85,3.97,14.52,ST13_Malang,First Mile Delay
SHPM001009,AWB260001009,2026-03-24 10:31:00.797943,2026-03-24 10:39:00.797943,2026-03-24 10:54:00.797943,2026-03-24 14:12:35.642165,2026-03-24 15:21:35.642165,2026-03-24 17:20:35.642165,2026-03-24 21:40:03.714788,2026-03-25 04:05:20.661186,2026-03-25 07:00:15.108723,2026-03-25 12:26:16.798673,2026-03-25 23:16:51.934384,2026-03-25 22:31:00.797943,Delivered,Closed,SHP018,Shipper 018,Enterprise,West Java,ST06_Bandung,HB01_JKT_GATEWAY,Central Java,ST10_Solo,HB04_CTG_NATIONAL,Inter-Region,Next Day,COD,CR062,Bike,1.41,1.63,1.63,1980797,31335,18207,4,1,0,,69.0,36,0,0,,1,0,,0,,36.76,4.32,2.92,ST10_Solo,Last Mile Delay
SHPM001010,AWB260001010,2026-03-23 13:49:53.182805,2026-03-23 14:05:53.182805,2026-03-23 14:25:53.182805,2026-03-23 15:20:30.677540,2026-03-23 16:10:30.677540,2026-03-23 17:18:30.677540,2026-03-23 20:41:29.925306,2026-03-24 00:45:42.317891,2026-03-24 09:11:39.452299,2026-03-24 18:12:48.838903,2026-03-25 04:18:07.618952,2026-03-25 01:49:53.182805,Delivered,Closed,SHP037,Shipper 037,Marketplace,Central Java,ST11_Yogyakarta,HB04_CTG_NATIONAL,Outer Java,ST15_Medan,HB05_SUMATRA_GATEWAY,Inter-Region,Next Day,Prepaid,CR103,Van,1.05,1.69,1.69,452354,27605,23570,4,1,0,,50.0,36,0,0,,1,0,,0,,38.47,3.38,8.43,ST15_Medan,Remote Area
SHPM001011,AWB260001011,2026-03-18 04:38:52.745504,2026-03-18 05:03:52.745504,2026-03-18 05:29:52.745504,2026-03-18 13:07:00.692112,2026-03-18 13:22:00.692112,2026-03-18 14:35:00.692112,2026-03-18 17:43:21.541415,2026-03-19 01:36:39.164448,2026-03-19 09:08:43.439723,2026-03-19 18:55:58.444121,2026-03-20 21:47:06.598585,2026-03-21 04:38:52.745504,Delivered,Closed,SHP057,Shipper 057,SME,Central Java,ST09_Semarang,HB04_CTG_NATIONAL,Outer Java,ST18_Balikpapan,HB06_EASTERN_GATEWAY,Inter-Region,Regular,COD,CR084,Van,1.33,1.81,1.81,2364131,24145,20638,8,0,0,,15.0,72,1,0,,1,0,,0,,65.14,3.14,7.53,ST18_Balikpapan,
SHPM001012,AWB260001012,2026-03-10 01:25:13.553541,2026-03-10 02:06:13.553541,2026-03-10 02:39:13.553541,2026-03-10 06:03:21.744063,2026-03-10 06:54:21.744063,2026-03-10 07:15:21.744063,2026-03-10 09:57:03.776154,2026-03-10 14:29:07.396778,2026-03-11 01:13:55.261772,2026-03-11 10:36:58.251425,2026-03-11 17:18:34.126079,2026-03-13 01:25:13.553541,Delivered,Closed,SHP007,Shipper 007,SME,Jabodetabek,ST05_Tangerang,HB01_JKT_GATEWAY,East Java,ST13_Malang,HB03_SBY_GATEWAY,Inter-Region,Regular,Prepaid,CR047,Van,0.58,0.63,0.63,792809,14835,12242,8,1,0,,51.0,72,1,0,,1,0,,0,,39.89,2.7,10.75,ST13_Malang,
SHPM001013,AWB260001013,2026-03-12 02:40:05.216608,2026-03-12 03:14:05.216608,2026-03-12 03:50:05.216608,2026-03-12 07:17:43.536773,2026-03-12 07:51:43.536773,2026-03-12 09:26:43.536773,2026-03-12 12:47:32.609569,2026-03-12 16:27:55.201283,2026-03-13 08:44:33.288449,2026-03-13 17:22:15.599282,2026-03-13 21:02:23.234388,2026-03-13 14:40:05.216608,Delivered,Closed,SHP020,Shipper 020,SME,East Java,ST14_Kediri,HB03_SBY_GATEWAY,Jabodetabek,ST02_JKT_West,HB01_JKT_GATEWAY,Inter-Region,Next Day,Prepaid,CR136,Bike,2.53,2.36,2.53,2258527,31385,23679,4,0,0,,34.0,36,0,0,,1,0,,0,,42.37,3.35,16.28,ST02_JKT_West,First Mile Delay
SHPM001014,AWB260001014,2026-03-13 08:08:22.439494,2026-03-13 08:28:22.439494,2026-03-13 08:52:22.439494,2026-03-13 10:23:28.032249,2026-03-13 10:47:28.032249,2026-03-13 11:37:28.032249,2026-03-13 12:56:47.667727,2026-03-13 19:15:35.368736,2026-03-13 22:29:01.622187,2026-03-14 10:29:16.162648,2026-03-14 12:24:40.660120,2026-03-14 00:08:22.439494,Delivered,Closed,SHP091,Shipper 091,SME,Outer Java,ST16_Palembang,HB05_SUMATRA_GATEWAY,Jabodetabek,ST03_JKT_East,HB01_JKT_GATEWAY,Inter-Region,Same Day,COD,CR151,Bike,1.59,1.43,1.59,2309653,38155,36229,2,1,0,,24.0,16,0,0,,1,0,,0,,28.27,1.32,3.22,ST03_JKT_East,Last Mile Delay
SHPM001015,AWB260001015,2026-03-27 12:15:18.185722,2026-03-27 12:26:18.185722,2026-03-27 12:34:18.185722,2026-03-27 15:05:52.053860,2026-03-27 15:58:52.053860,2026-03-27 17:52:52.053860,2026-03-27 22:34:36.659868,2026-03-28 03:30:37.217580,2026-03-28 12:03:54.499694,2026-03-29 00:05:01.571799,2026-03-29 11:00:13.853115,2026-03-29 00:15:18.185722,Delivered,Closed,SHP023,Shipper 023,Enterprise,West Java,ST08_Bogor,HB01_JKT_GATEWAY,Outer Java,ST18_Balikpapan,HB06_EASTERN_GATEWAY,Inter-Region,Next Day,Prepaid,CR079,Bike,0.69,0.91,0.91,1791969,24095,18520,4,1,0,,53.0,36,0,0,,1,0,,0,,46.75,4.7,8.55,ST18_Balikpapan,Remote Area
SHPM001016,AWB260001016,2026-03-18 08:16:43.809555,2026-03-18 08:33:43.809555,2026-03-18 09:01:43.809555,2026-03-18 13:50:44.864249,2026-03-18 15:07:44.864249,2026-03-18 15:41:44.864249,2026-03-18 19:15:59.555521,2026-03-18 21:22:50.862668,2026-03-19 08:47:59.846066,2026-03-19 22:54:46.586637,2026-03-20 13:52:24.216281,2026-03-21 08:16:43.809555,Delivered,Closed,SHP088,Shipper 088,SME,Outer Java,ST19_Denpasar,HB06_EASTERN_GATEWAY,Jabodetabek,ST03_JKT_East,HB01_JKT_GATEWAY,Inter-Region,Regular,Prepaid,CR177,Bike,1.67,2.22,2.22,2011952,21990,13972,8,1,0,,77.0,72,1,0,,1,0,,0,,53.59,3.57,11.42,ST03_JKT_East,
SHPM001017,AWB260001017,2026-03-17 10:42:08.671627,2026-03-17 11:14:08.671627,2026-03-17 11:50:08.671627,2026-03-17 19:05:43.232867,2026-03-17 20:13:43.232867,2026-03-17 21:05:43.232867,2026-03-18 01:50:45.580471,2026-03-18 08:06:48.129078,2026-03-18 15:44:02.988299,2026-03-19 08:46:40.015197,2026-03-20 03:19:38.724987,2026-03-20 10:42:08.671627,Delivered,Closed,SHP009,Shipper 009,Marketplace,West Java,ST06_Bandung,HB01_JKT_GATEWAY,Outer Java,ST20_Banjarmasin,HB06_EASTERN_GATEWAY,Inter-Region,Regular,COD,CR058,Van,1.58,2.37,2.37,1442445,26665,18806,8,1,0,,68.0,72,1,0,,1,0,,0,,64.63,4.75,7.62,ST20_Banjarmasin,
SHPM001018,AWB260001018,2026-02-15 12:06:05.204420,2026-02-15 12:51:05.204420,2026-02-15 13:00:05.204420,2026-02-15 14:44:44.685164,2026-02-15 14:52:44.685164,2026-02-15 15:16:44.685164,2026-02-15 21:06:03.953982,2026-02-16 02:25:56.653665,2026-02-16 10:30:37.843038,2026-02-16 22:36:16.084671,2026-02-17 03:30:38.079905,2026-02-16 04:06:05.204420,Delivered,Closed,SHP048,Shipper 048,Enterprise,Outer Java,ST17_Makassar,HB06_EASTERN_GATEWAY,East Java,ST14_Kediri,HB03_SBY_GATEWAY,Inter-Region,Same Day,Prepaid,CR159,Bike,2.27,2.33,2.33,911790,37485,29800,2,1,0,,8.0,16,0,0,,1,0,,0,,39.41,5.82,8.08,ST14_Kediri,Last Mile Delay
SHPM001019,AWB260001019,2026-03-28 09:13:03.248155,2026-03-28 09:28:03.248155,2026-03-28 09:47:03.248155,2026-03-28 11:38:46.715755,2026-03-28 12:03:46.715755,2026-03-28 13:53:46.715755,2026-03-28 15:02:54.479811,2026-03-28 20:27:13.139410,2026-03-29 07:25:05.354621,2026-03-29 16:50:08.842021,2026-03-29 21:57:50.020223,2026-03-31 09:13:03.248155,Delivered,Closed,SHP006,Shipper 006,Marketplace,East Java,ST14_Kediri,HB03_SBY_GATEWAY,Jabodetabek,ST05_Tangerang,HB01_JKT_GATEWAY,Inter-Region,Regular,Prepaid,CR136,Bike,7.17,7.55,7.55,294722,45975,42297,8,1,0,,25.0,72,1,0,,1,0,,0,,36.75,1.15,10.96,ST05_Tangerang,
SHPM001020,AWB260001020,2026-03-08 02:05:30.154236,2026-03-08 02:21:30.154236,2026-03-08 03:04:30.154236,2026-03-08 05:07:58.853276,2026-03-08 05:52:58.853276,2026-03-08 06:57:58.853276,2026-03-08 10:42:14.631777,2026-03-08 13:39:56.340078,2026-03-08 23:43:36.445212,2026-03-09 10:08:54.641199,2026-03-09 14:56:49.753202,2026-03-11 02:05:30.154236,Delivered,Closed,SHP036,Shipper 036,Marketplace,West Java,ST06_Bandung,HB01_JKT_GATEWAY,Jabodetabek,ST05_Tangerang,HB01_JKT_GATEWAY,Inter-Region,Regular,Prepaid,CR063,Bike,1.73,2.68,2.68,1038117,24060,19695,8,1,0,,45.0,72,1,0,,1,0,,0,,36.86,3.74,10.06,ST05_Tangerang,
SHPM001021,AWB260001021,2026-03-20 20:28:18.860318,2026-03-20 21:05:18.860318,2026-03-20 21:42:18.860318,2026-03-21 01:37:43.390952,2026-03-21 02:10:43.390952,2026-03-21 02:54:43.390952,2026-03-21 06:19:16.354389,2026-03-21 08:53:35.332973,2026-03-21 13:05:25.800901,2026-03-21 19:03:41.153869,2026-03-22 03:52:44.640866,2026-03-21 20:28:18.860318,Delivered,Closed,SHP014,Shipper 014,Enterprise,Jabodetabek,ST05_Tangerang,HB01_JKT_GATEWAY,Jabodetabek,ST03_JKT_East,HB01_JKT_GATEWAY,Intra-Region,Next Day,Prepaid,CR047,Van,0.68,0.8,0.8,829616,23600,14414,4,0,0,,33.0,24,0,0,,1,0,,0,,31.41,3.41,4.2,ST03_JKT_East,First Mile Delay
SHPM001022,AWB260001022,2026-02-16 05:56:16.667267,2026-02-16 06:33:16.667267,2026-02-16 07:11:16.667267,2026-02-16 07:39:36.037949,2026-02-16 07:53:36.037949,2026-02-16 08:35:36.037949,2026-02-16 11:55:35.278046,2026-02-16 15:17:22.666994,2026-02-16 17:24:46.243571,2026-02-16 23:05:19.178146,2026-02-17 03:10:19.923839,2026-02-17 17:56:16.667267,Delivered,Closed,SHP003,Shipper 003,Marketplace,Outer Java,ST15_Medan,HB05_SUMATRA_GATEWAY,Jabodetabek,ST05_Tangerang,HB01_JKT_GATEWAY,Inter-Region,Next Day,Prepaid,CR141,Truck,0.37,0.39,0.39,716008,21755,12463,4,1,0,,14.0,36,1,0,,1,0,,0,,21.23,3.33,2.12,ST05_Tangerang,
SHPM001023,AWB260001023,2026-02-18 13:42:32.187598,2026-02-18 14:04:32.187598,2026-02-18 14:22:32.187598,2026-02-18 16:45:25.359543,2026-02-18 17:11:25.359543,2026-02-18 17:33:25.359543,2026-02-18 22:23:40.128478,2026-02-19 07:12:14.726846,2026-02-19 17:03:03.005918,2026-02-20 01:28:26.219418,2026-02-20 05:12:38.143126,2026-02-20 01:42:32.187598,Delivered,Closed,SHP094,Shipper 094,SME,Outer Java,ST15_Medan,HB05_SUMATRA_GATEWAY,Jabodetabek,ST03_JKT_East,HB01_JKT_GATEWAY,Inter-Region,Next Day,Prepaid,CR140,Bike,1.23,1.2,1.23,1404106,25535,19016,4,1,0,,26.0,36,0,0,,1,0,,0,,39.5,4.84,9.85,ST03_JKT_East,Last Mile Delay
SHPM001024,AWB260001024,2026-02-25 00:57:23.343455,2026-02-25 01:25:23.343455,2026-02-25 02:11:23.343455,2026-02-25 02:46:36.750756,2026-02-25 03:57:36.750756,2026-02-25 05:37:36.750756,2026-02-25 10:19:46.925230,2026-02-25 15:44:54.711904,2026-02-25 21:27:09.183356,2026-02-26 09:15:16.803874,2026-02-26 13:58:31.931783,2026-02-25 16:57:23.343455,Delivered,Closed,SHP036,Shipper 036,Marketplace,West Java,ST08_Bogor,HB01_JKT_GATEWAY,East Java,ST13_Malang,HB03_SBY_GATEWAY,Inter-Region,Same Day,Prepaid,CR079,Truck,0.78,0.72,0.78,1248771,30510,25427,2,1,0,,71.0,16,0,0,,1,0,,0,,37.02,4.7,5.7,ST13_Malang,Last Mile Delay
SHPM001025,AWB260001025,2026-02-26 10:29:15.873245,2026-02-26 11:08:15.873245,2026-02-26 11:43:15.873245,2026-02-26 12:49:04.444057,2026-02-26 13:25:04.444057,2026-02-26 15:10:04.444057,2026-02-26 20:29:35.816853,2026-02-26 23:14:13.990127,2026-02-27 03:24:13.634873,2026-02-27 18:55:46.659429,2026-02-27 21:52:10.287830,2026-02-27 02:29:15.873245,Delivered,Closed,SHP029,Shipper 029,SME,Outer Java,ST18_Balikpapan,HB06_EASTERN_GATEWAY,East Java,ST12_Surabaya,HB03_SBY_GATEWAY,Inter-Region,Same Day,COD,CR163,Bike,1.93,1.79,1.93,1463958,39685,35307,2,1,0,,36.0,16,0,0,,1,0,,0,,35.38,5.33,4.17,ST12_Surabaya,Last Mile Delay
SHPM001026,AWB260001026,2026-02-24 17:32:09.264779,2026-02-24 18:05:09.264779,2026-02-24 18:34:09.264779,2026-02-24 20:05:22.337862,2026-02-24 21:02:22.337862,2026-02-24 21:19:22.337862,2026-02-25 00:02:18.553201,2026-02-25 01:51:39.106086,2026-02-25 12:46:46.348315,2026-02-25 18:20:25.087148,2026-02-25 23:28:34.006495,2026-02-25 03:32:09.264779,Delivered,Closed,SHP049,Shipper 049,Enterprise,Jabodetabek,ST05_Tangerang,HB01_JKT_GATEWAY,Jabodetabek,ST05_Tangerang,HB01_JKT_GATEWAY,Intra-Region,Same Day,COD,CR053,Bike,1.16,1.83,1.83,815123,39235,35079,2,0,0,,57.0,10,0,0,,1,0,,0,,29.94,2.72,10.92,ST05_Tangerang,First Mile Delay
SHPM001027,AWB260001027,2026-02-28 12:54:00.103025,2026-02-28 13:35:00.103025,2026-02-28 13:52:00.103025,2026-02-28 15:05:40.930828,2026-02-28 15:32:40.930828,2026-02-28 15:55:40.930828,2026-02-28 17:31:17.795927,2026-02-28 21:37:52.076476,2026-03-01 08:09:02.712718,2026-03-01 18:51:58.506323,2026-03-01 21:46:39.880065,2026-03-01 04:54:00.103025,Delivered,Closed,SHP070,Shipper 070,Enterprise,Jabodetabek,ST03_JKT_East,HB01_JKT_GATEWAY,West Java,ST06_Bandung,HB01_JKT_GATEWAY,Inter-Region,Same Day,COD,CR030,Bike,2.98,2.95,2.98,933855,44410,25639,2,1,0,,27.0,16,0,0,,1,0,,0,,32.88,1.59,10.52,ST06_Bandung,Hub Bottleneck
SHPM001028,AWB260001028,2026-03-04 22:55:48.392880,2026-03-04 23:37:48.392880,2026-03-05 00:27:48.392880,2026-03-05 02:19:46.391588,2026-03-05 03:13:46.391588,2026-03-05 04:54:46.391588,2026-03-05 10:54:35.386157,2026-03-05 15:01:24.156456,2026-03-06 01:43:04.399794,2026-03-06 04:40:03.528489,2026-03-06 21:15:23.272475,2026-03-06 22:55:48.392880,Delivered,Closed,SHP071,Shipper 071,Enterprise,Jabodetabek,ST04_Bekasi,HB01_JKT_GATEWAY,Jabodetabek,ST05_Tangerang,HB01_JKT_GATEWAY,Intra-Region,Regular,Prepaid,CR035,Van,1.19,1.2,1.2,775537,17400,14083,8,1,0,,54.0,48,1,0,,1,0,,0,,46.33,6.0,10.69,ST05_Tangerang,
SHPM001029,AWB260001029,2026-02-24 15:45:14.704919,2026-02-24 16:07:14.704919,2026-02-24 16:47:14.704919,2026-02-24 17:41:12.986368,2026-02-24 18:23:12.986368,2026-02-24 18:44:12.986368,2026-02-24 23:22:11.514561,2026-02-25 03:52:07.153712,2026-02-25 13:30:41.121015,2026-02-26 00:17:25.264888,2026-02-26 07:00:24.634406,2026-02-26 03:45:14.704919,Delivered,Closed,SHP039,Shipper 039,Marketplace,Central Java,ST10_Solo,HB04_CTG_NATIONAL,West Java,ST06_Bandung,HB01_JKT_GATEWAY,Inter-Region,Next Day,Prepaid,CR091,Van,0.67,0.62,0.67,1601267,23015,12679,4,1,0,,42.0,36,0,0,,1,0,,0,,39.25,4.63,9.64,ST06_Bandung,Last Mile Delay
SHPM001030,AWB260001030,2026-03-20 11:38:51.351812,2026-03-20 12:13:51.351812,2026-03-20 12:32:51.351812,2026-03-20 16:21:43.805435,2026-03-20 16:29:43.805435,2026-03-20 18:17:43.805435,2026-03-20 23:59:37.478781,2026-03-21 06:03:48.877919,2026-03-22 06:55:51.645273,2026-03-22 21:03:36.777377,2026-03-23 05:03:41.907621,2026-03-21 23:38:51.351812,Delivered,Closed,SHP090,Shipper 090,Enterprise,East Java,ST13_Malang,HB03_SBY_GATEWAY,Jabodetabek,ST03_JKT_East,HB01_JKT_GATEWAY,Inter-Region,Next Day,Prepaid,CR124,Truck,1.11,1.2,1.2,789290,25400,22067,4,0,0,,8.0,36,0,0,,1,0,,0,,65.41,5.7,24.87,ST03_JKT_East,First Mile Delay
SHPM001031,AWB260001031,2026-03-28 14:28:27.735487,2026-03-28 14:47:27.735487,2026-03-28 15:12:27.735487,2026-03-28 19:25:48.655661,2026-03-28 19:48:48.655661,2026-03-28 20:08:48.655661,2026-03-28 22:36:51.964109,2026-03-29 02:13:20.134878,2026-03-29 04:46:05.113646,2026-03-29 18:38:06.333682,2026-03-29 22:38:36.461706,2026-03-31 14:28:27.735487,Delivered,Closed,SHP034,Shipper 034,Enterprise,Jabodetabek,ST02_JKT_West,HB01_JKT_GATEWAY,West Java,ST06_Bandung,HB01_JKT_GATEWAY,Inter-Region,Regular,Prepaid,CR015,Bike,1.21,1.82,1.82,92307,20190,16234,8,1,0,,23.0,72,1,0,,1,0,,0,,32.17,2.47,2.55,ST06_Bandung,
SHPM001032,AWB260001032,2026-02-20 07:53:47.798188,2026-02-20 08:30:47.798188,2026-02-20 08:52:47.798188,2026-02-20 10:44:54.535925,2026-02-20 11:19:54.535925,2026-02-20 11:55:54.535925,2026-02-20 17:10:21.886479,2026-02-20 22:40:47.897262,2026-02-21 01:41:24.920484,2026-02-21 11:12:39.187903,2026-02-21 15:01:13.903330,2026-02-20 23:53:47.798188,Delivered,Closed,SHP049,Shipper 049,Enterprise,Jabodetabek,ST04_Bekasi,HB01_JKT_GATEWAY,East Java,ST13_Malang,HB03_SBY_GATEWAY,Inter-Region,Same Day,COD,CR042,Bike,1.74,1.62,1.74,1522357,38830,35595,2,0,0,,35.0,16,0,0,,1,0,,0,,31.12,5.24,3.01,ST13_Malang,First Mile Delay
SHPM001033,AWB260001033,2026-03-01 18:08:33.060050,2026-03-01 18:35:33.060050,2026-03-01 19:24:33.060050,2026-03-01 19:50:17.702207,2026-03-01 20:35:17.702207,2026-03-01 21:50:17.702207,2026-03-01 23:58:13.533663,2026-03-02 08:53:29.492907,2026-03-02 12:00:58.246279,2026-03-03 03:02:11.766104,2026-03-03 08:59:17.069859,2026-03-03 06:08:33.060050,Delivered,Closed,SHP047,Shipper 047,Marketplace,Central Java,ST09_Semarang,HB04_CTG_NATIONAL,West Java,ST07_Cirebon,HB02_BDG_TRANSIT,Inter-Region,Next Day,Prepaid,CR084,Bike,2.05,2.12,2.12,899917,29540,16500,4,1,0,,45.0,36,0,0,,1,0,,0,,38.85,2.13,3.12,ST07_Cirebon,Last Mile Delay
SHPM001034,AWB260001034,2026-03-02 02:22:09.153374,2026-03-02 02:27:09.153374,2026-03-02 02:38:09.153374,2026-03-02 04:40:36.113194,2026-03-02 05:49:36.113194,2026-03-02 06:32:36.113194,2026-03-02 08:28:38.349650,2026-03-02 10:22:17.873085,2026-03-02 20:01:01.849804,2026-03-03 00:50:38.556489,2026-03-03 09:50:26.221188,2026-03-04 02:22:09.153374,Delivered,Closed,SHP034,Shipper 034,Enterprise,Jabodetabek,ST02_JKT_West,HB01_JKT_GATEWAY,Jabodetabek,ST01_JKT_Central,HB01_JKT_GATEWAY,Intra-Region,Regular,Prepaid,CR012,Bike,1.34,1.5,1.5,2486859,18750,15903,8,1,0,,69.0,48,1,0,,1,0,,0,,31.47,1.93,9.65,ST01_JKT_Central,
SHPM001035,AWB260001035,2026-03-24 19:03:55.261009,2026-03-24 19:45:55.261009,2026-03-24 19:52:55.261009,2026-03-25 02:21:21.430613,2026-03-25 02:39:21.430613,2026-03-25 03:34:21.430613,2026-03-25 07:22:45.125478,2026-03-25 14:09:10.134370,2026-03-26 00:49:57.012124,2026-03-26 09:02:13.641484,,2026-03-27 19:03:55.261009,Delivery Exception,Exception,SHP011,Shipper 011,Enterprise,Jabodetabek,ST03_JKT_East,HB01_JKT_GATEWAY,West Java,ST07_Cirebon,HB02_BDG_TRANSIT,Inter-Region,Regular,COD,CR022,Bike,0.52,0.55,0.55,642894,18475,11097,8,1,0,,18.0,72,0,1,Customer Reschedule,2,0,,0,,304.93,3.81,10.68,ST07_Cirebon,Hub Bottleneck
SHPM001036,AWB260001036,2026-02-18 03:48:54.795758,2026-02-18 04:14:54.795758,2026-02-18 04:51:54.795758,2026-02-18 08:31:33.639994,2026-02-18 09:54:33.639994,2026-02-18 11:46:33.639994,2026-02-18 13:45:05.753856,2026-02-18 18:45:54.915760,2026-02-18 23:37:25.004640,2026-02-19 16:49:27.198647,2026-02-19 20:11:05.054474,2026-02-19 15:48:54.795758,Delivered,Closed,SHP081,Shipper 081,Marketplace,West Java,ST07_Cirebon,HB02_BDG_TRANSIT,East Java,ST14_Kediri,HB03_SBY_GATEWAY,Inter-Region,Next Day,COD,CR068,Van,0.8,1.35,1.35,934648,30075,18921,4,0,0,,83.0,36,0,0,,1,0,,0,,40.37,1.98,4.86,ST14_Kediri,First Mile Delay
SHPM001037,AWB260001037,2026-03-25 17:30:34.952182,2026-03-25 17:51:34.952182,2026-03-25 18:38:34.952182,2026-03-25 21:01:28.340191,2026-03-25 22:40:28.340191,2026-03-26 00:38:28.340191,2026-03-26 03:03:37.943777,2026-03-26 05:56:24.954666,2026-03-27 04:27:06.586553,2026-03-27 09:38:11.382190,2026-03-27 14:18:52.223263,2026-03-26 09:30:34.952182,Delivered,Closed,SHP090,Shipper 090,Enterprise,East Java,ST12_Surabaya,HB03_SBY_GATEWAY,Outer Java,ST15_Medan,HB05_SUMATRA_GATEWAY,Inter-Region,Same Day,Prepaid,CR113,Bike,0.43,0.44,0.44,1093896,28980,16443,2,0,0,,99.0,16,0,0,,1,0,,0,,44.8,2.42,22.51,ST15_Medan,First Mile Delay
SHPM001038,AWB260001038,2026-03-17 03:37:39.835362,2026-03-17 04:15:39.835362,2026-03-17 04:39:39.835362,2026-03-17 07:30:28.941469,2026-03-17 07:39:28.941469,2026-03-17 08:07:28.941469,2026-03-17 13:00:51.022194,2026-03-17 23:00:40.943326,2026-03-18 01:31:55.607799,2026-03-18 15:39:13.077656,2026-03-19 02:18:03.061041,2026-03-18 15:37:39.835362,Delivered,Closed,SHP005,Shipper 005,Enterprise,Central Java,ST09_Semarang,HB04_CTG_NATIONAL,Jabodetabek,ST01_JKT_Central,HB01_JKT_GATEWAY,Inter-Region,Next Day,Prepaid,CR086,Bike,1.87,1.7,1.87,792512,28415,26413,4,1,0,,9.0,36,0,0,,1,0,,0,,46.67,4.89,2.52,ST01_JKT_Central,Last Mile Delay
SHPM001039,AWB260001039,2026-03-28 17:23:53.898302,2026-03-28 17:48:53.898302,2026-03-28 17:57:53.898302,2026-03-28 20:51:19.511567,2026-03-28 21:06:19.511567,2026-03-28 21:31:19.511567,2026-03-29 02:08:31.398481,2026-03-29 06:13:11.235868,2026-03-29 18:03:33.514676,2026-03-30 07:59:18.023152,2026-03-30 16:57:00.934346,2026-03-31 17:23:53.898302,Delivered,Closed,SHP090,Shipper 090,Enterprise,East Java,ST13_Malang,HB03_SBY_GATEWAY,Jabodetabek,ST03_JKT_East,HB01_JKT_GATEWAY,Inter-Region,Regular,COD,CR118,Van,1.06,1.13,1.13,1280743,21085,18542,8,1,0,,15.0,72,1,0,,1,0,,0,,47.55,4.62,11.84,ST03_JKT_East,
SHPM001040,AWB260001040,2026-03-25 22:51:38.367117,2026-03-25 23:05:38.367117,2026-03-25 23:46:38.367117,2026-03-26 06:39:14.898638,2026-03-26 06:54:14.898638,2026-03-26 07:25:14.898638,2026-03-26 12:39:21.256392,2026-03-26 13:44:51.980217,2026-03-27 01:42:27.412385,2026-03-27 10:39:24.287100,2026-03-27 18:13:19.813679,2026-03-27 22:51:38.367117,Delivered,Closed,SHP065,Shipper 065,Marketplace,Jabodetabek,ST01_JKT_Central,HB01_JKT_GATEWAY,Jabodetabek,ST03_JKT_East,HB01_JKT_GATEWAY,Intra-Region,Regular,Prepaid,CR001,Bike,3.7,3.55,3.7,348123,28650,18859,8,1,0,,15.0,48,1,0,,1,0,,0,,43.36,5.24,11.96,ST03_JKT_East,
SHPM001041,AWB260001041,2026-03-28 17:20:04.517848,2026-03-28 17:27:04.517848,2026-03-28 17:43:04.517848,2026-03-28 21:58:05.480464,2026-03-28 22:33:05.480464,2026-03-28 23:48:05.480464,2026-03-29 03:22:34.727650,2026-03-29 05:47:16.059500,2026-03-29 13:01:04.490499,2026-03-29 18:20:33.036643,,2026-03-29 17:20:04.517848,Delivery Exception,Exception,SHP089,Shipper 089,Enterprise,Central Java,ST11_Yogyakarta,HB04_CTG_NATIONAL,Central Java,ST10_Solo,HB04_CTG_NATIONAL,Intra-Region,Next Day,Prepaid,CR102,Truck,0.97,1.19,1.19,1030866,25355,19793,4,0,0,,35.0,24,0,1,Customer Reschedule,2,0,,0,,210.67,3.57,7.23,ST10_Solo,Delivery Exception
SHPM001042,AWB260001042,2026-02-24 06:32:26.345472,2026-02-24 07:17:26.345472,2026-02-24 08:07:26.345472,2026-02-24 11:15:04.160425,2026-02-24 11:50:04.160425,2026-02-24 13:45:04.160425,2026-02-24 19:23:33.787061,2026-02-25 04:11:39.516484,2026-02-25 07:06:12.328247,2026-02-25 18:47:03.872201,2026-02-26 05:32:34.250612,2026-02-25 18:32:26.345472,Delivered,Closed,SHP091,Shipper 091,SME,Outer Java,ST16_Palembang,HB05_SUMATRA_GATEWAY,Jabodetabek,ST02_JKT_West,HB01_JKT_GATEWAY,Inter-Region,Next Day,Prepaid,CR150,Truck,0.27,0.26,0.27,585589,21215,16186,4,1,0,,35.0,36,0,0,,1,0,,0,,47.0,5.64,2.91,ST02_JKT_West,Last Mile Delay
SHPM001043,AWB260001043,2026-03-12 19:46:45.184880,2026-03-12 20:04:45.184880,2026-03-12 20:35:45.184880,2026-03-13 00:13:18.312847,2026-03-13 01:04:18.312847,2026-03-13 02:13:18.312847,2026-03-13 08:03:12.290984,2026-03-13 16:54:26.548743,2026-03-14 01:05:50.761474,2026-03-14 17:38:49.548153,2026-03-14 23:53:00.042979,2026-03-14 07:46:45.184880,Delivered,Closed,SHP091,Shipper 091,SME,Outer Java,ST16_Palembang,HB05_SUMATRA_GATEWAY,West Java,ST07_Cirebon,HB02_BDG_TRANSIT,Inter-Region,Next Day,Prepaid,CR146,Bike,1.01,1.63,1.63,1328337,27335,22649,4,0,0,,51.0,36,0,0,,1,0,,0,,52.1,5.83,8.19,ST07_Cirebon,First Mile Delay
SHPM001044,AWB260001044,2026-02-21 10:07:12.866488,2026-02-21 10:51:12.866488,2026-02-21 11:19:12.866488,2026-02-21 15:23:58.973177,2026-02-21 15:32:58.973177,2026-02-21 16:28:58.973177,2026-02-21 18:32:30.352033,2026-02-21 22:20:58.484359,2026-02-22 07:51:39.475013,2026-02-22 14:31:36.835219,2026-02-22 19:40:33.615145,2026-02-22 22:07:12.866488,Delivered,Closed,SHP092,Shipper 092,Marketplace,Jabodetabek,ST03_JKT_East,HB01_JKT_GATEWAY,Outer Java,ST19_Denpasar,HB06_EASTERN_GATEWAY,Inter-Region,Next Day,Prepaid,CR026,Van,7.04,7.13,7.13,324163,52085,40027,4,0,0,,9.0,36,1,0,,1,0,,0,,33.56,2.06,9.51,ST19_Denpasar,
SHPM001045,AWB260001045,2026-03-17 15:53:16.936025,2026-03-17 16:32:16.936025,2026-03-17 16:37:16.936025,2026-03-17 18:42:35.151577,2026-03-17 19:22:35.151577,2026-03-17 21:18:35.151577,2026-03-18 01:38:43.902009,2026-03-18 04:29:38.449629,2026-03-18 15:26:46.596815,2026-03-18 21:38:24.664019,2026-03-18 23:35:56.867080,2026-03-18 01:53:16.936025,Delivered,Closed,SHP100,Shipper 100,Marketplace,Central Java,ST11_Yogyakarta,HB04_CTG_NATIONAL,Central Java,ST09_Semarang,HB04_CTG_NATIONAL,Intra-Region,Same Day,COD,CR104,Van,0.86,0.81,0.86,795714,34870,26588,2,0,0,,40.0,10,0,0,,1,0,,0,,31.71,4.34,10.95,ST09_Semarang,First Mile Delay
SHPM001046,AWB260001046,2026-03-01 14:29:14.783578,2026-03-01 15:00:14.783578,2026-03-01 15:23:14.783578,2026-03-01 19:53:04.820275,2026-03-01 20:01:04.820275,2026-03-01 21:38:04.820275,2026-03-02 00:53:45.426495,2026-03-02 04:33:14.316138,2026-03-02 10:18:06.142169,2026-03-02 16:04:22.821693,2026-03-03 08:17:47.496874,2026-03-03 14:29:14.783578,Delivered,Closed,SHP006,Shipper 006,Marketplace,East Java,ST14_Kediri,HB03_SBY_GATEWAY,East Java,ST12_Surabaya,HB03_SBY_GATEWAY,Intra-Region,Regular,Prepaid,CR132,Bike,1.0,0.93,1.0,2543552,16500,11168,8,1,0,,8.0,48,1,0,,1,0,,0,,41.81,3.26,5.75,ST12_Surabaya,
SHPM001047,AWB260001047,2026-03-26 13:33:43.828098,2026-03-26 14:07:43.828098,2026-03-26 14:38:43.828098,2026-03-26 17:30:20.720183,2026-03-26 18:30:20.720183,2026-03-26 19:59:20.720183,2026-03-26 22:53:04.031913,2026-03-27 03:12:25.133089,2026-03-27 11:17:55.832491,2026-03-27 19:52:34.521616,2026-03-28 14:26:16.669156,2026-03-28 13:33:43.828098,Delivered,Closed,SHP072,Shipper 072,Enterprise,Outer Java,ST17_Makassar,HB06_EASTERN_GATEWAY,Outer Java,ST20_Banjarmasin,HB06_EASTERN_GATEWAY,Intra-Region,Regular,Prepaid,CR155,Van,1.6,2.67,2.67,715133,24015,19263,8,1,0,,60.0,48,0,0,,1,0,,0,,48.88,2.9,8.09,ST20_Banjarmasin,Remote Area
SHPM001048,AWB260001048,2026-03-24 01:50:27.668408,2026-03-24 02:16:27.668408,2026-03-24 03:02:27.668408,2026-03-24 04:15:19.247755,2026-03-24 05:18:19.247755,2026-03-24 05:45:19.247755,2026-03-24 09:55:03.645162,2026-03-24 18:11:37.313838,2026-03-25 06:05:52.996479,2026-03-25 11:16:49.141934,,2026-03-24 17:50:27.668408,Delivery Exception,Exception,SHP002,Shipper 002,Enterprise,Jabodetabek,ST01_JKT_Central,HB01_JKT_GATEWAY,East Java,ST12_Surabaya,HB03_SBY_GATEWAY,Inter-Region,Same Day,Prepaid,CR008,Bike,1.23,1.12,1.23,471539,32535,19010,2,1,0,,63.0,16,0,1,Customer Not Home,2,0,,0,,322.16,4.16,11.9,ST12_Surabaya,Hub Bottleneck
SHPM001049,AWB260001049,2026-02-23 14:37:49.483280,2026-02-23 14:49:49.483280,2026-02-23 15:11:49.483280,2026-02-23 21:37:01.989636,2026-02-23 22:09:01.989636,2026-02-23 22:54:01.989636,2026-02-24 01:32:17.829209,2026-02-24 11:05:40.778110,2026-02-24 17:27:33.357859,2026-02-25 07:14:27.376494,2026-02-25 22:15:32.991681,2026-02-26 14:37:49.483280,Delivered,Closed,SHP018,Shipper 018,Enterprise,West Java,ST08_Bogor,HB01_JKT_GATEWAY,Jabodetabek,ST05_Tangerang,HB01_JKT_GATEWAY,Inter-Region,Regular,Prepaid,CR078,Bike,1.59,2.16,2.16,1929760,21720,20198,8,1,0,,32.0,72,1,0,,1,0,,0,,55.63,2.64,6.36,ST05_Tangerang,
SHPM001050,AWB260001050,2026-02-21 11:28:44.505187,2026-02-21 11:34:44.505187,2026-02-21 12:13:44.505187,2026-02-21 13:52:18.107315,2026-02-21 14:24:18.107315,2026-02-21 15:12:18.107315,2026-02-21 21:11:14.185231,2026-02-22 02:19:53.637040,2026-02-22 11:15:55.359027,2026-02-22 21:37:31.107939,2026-02-22 23:42:29.409789,2026-02-22 03:28:44.505187,Delivered,Closed,SHP077,Shipper 077,Marketplace,Outer Java,ST16_Palembang,HB05_SUMATRA_GATEWAY,West Java,ST08_Bogor,HB01_JKT_GATEWAY,Inter-Region,Same Day,Prepaid,CR147,Van,1.63,1.63,1.63,2172756,34335,19914,2,0,0,,32.0,16,0,0,,1,0,,0,,36.23,5.98,8.93,ST08_Bogor,First Mile Delay
SHPM001051,AWB260001051,2026-03-28 13:50:35.275820,2026-03-28 14:04:35.275820,2026-03-28 14:39:35.275820,2026-03-28 18:44:05.183529,2026-03-28 19:10:05.183529,2026-03-28 20:58:05.183529,2026-03-28 22:01:14.543660,2026-03-29 07:46:38.599118,2026-03-29 17:14:59.021665,2026-03-30 07:56:57.328470,2026-03-30 16:06:53.085002,2026-03-31 13:50:35.275820,Delivered,Closed,SHP011,Shipper 011,Enterprise,Jabodetabek,ST03_JKT_East,HB01_JKT_GATEWAY,East Java,ST13_Malang,HB03_SBY_GATEWAY,Inter-Region,Regular,COD,CR028,Bike,4.02,5.0,5.0,494867,38500,35500,8,1,0,,26.0,72,1,0,,1,0,,0,,50.27,1.05,9.47,ST13_Malang,
SHPM001052,AWB260001052,2026-03-08 05:00:42.851108,2026-03-08 05:16:42.851108,2026-03-08 06:01:42.851108,2026-03-08 09:04:05.648310,2026-03-08 09:12:05.648310,2026-03-08 11:04:05.648310,2026-03-08 12:15:34.145693,2026-03-08 16:48:23.009218,2026-03-09 00:54:59.894998,2026-03-09 16:47:43.985671,2026-03-10 05:55:22.045106,2026-03-11 05:00:42.851108,Delivered,Closed,SHP095,Shipper 095,Enterprise,Central Java,ST11_Yogyakarta,HB04_CTG_NATIONAL,East Java,ST12_Surabaya,HB03_SBY_GATEWAY,Inter-Region,Regular,Prepaid,CR106,Van,1.71,1.76,1.76,1394268,19920,12840,8,1,0,,8.0,72,1,0,,1,0,,0,,48.91,1.19,8.11,ST12_Surabaya,
SHPM001053,AWB260001053,2026-02-24 09:22:13.937763,2026-02-24 09:57:13.937763,2026-02-24 10:24:13.937763,2026-02-24 11:41:22.806556,2026-02-24 11:49:22.806556,2026-02-24 13:24:22.806556,2026-02-24 18:50:25.899233,2026-02-25 02:57:50.043392,2026-02-25 10:43:07.390668,2026-02-25 23:16:06.253984,2026-02-26 02:16:18.573597,2026-02-25 01:22:13.937763,Delivered,Closed,SHP092,Shipper 092,Marketplace,Jabodetabek,ST01_JKT_Central,HB01_JKT_GATEWAY,West Java,ST07_Cirebon,HB02_BDG_TRANSIT,Inter-Region,Same Day,Prepaid,CR004,Van,0.6,0.55,0.6,506214,29700,24104,2,1,0,,8.0,16,0,0,,1,0,,0,,40.9,5.43,7.75,ST07_Cirebon,Last Mile Delay
SHPM001054,AWB260001054,2026-03-10 19:01:22.726442,2026-03-10 19:42:22.726442,2026-03-10 20:10:22.726442,2026-03-10 21:30:44.867196,2026-03-10 22:42:44.867196,2026-03-10 23:21:44.867196,2026-03-11 02:43:02.238745,2026-03-11 04:45:52.446624,2026-03-11 06:43:08.805247,2026-03-11 11:28:41.893841,2026-03-11 19:48:11.483269,2026-03-11 19:01:22.726442,Delivered,Closed,SHP077,Shipper 077,Marketplace,Outer Java,ST16_Palembang,HB05_SUMATRA_GATEWAY,Outer Java,ST19_Denpasar,HB06_EASTERN_GATEWAY,Intra-Region,Next Day,COD,CR145,Van,2.49,2.33,2.49,1820681,35205,26097,4,1,0,,72.0,24,0,0,,1,0,,0,,24.78,3.35,1.95,ST19_Denpasar,Remote Area
SHPM001055,AWB260001055,2026-03-14 15:48:15.906437,2026-03-14 16:16:15.906437,2026-03-14 16:57:15.906437,2026-03-14 19:08:02.474305,2026-03-14 19:25:02.474305,2026-03-14 20:35:02.474305,2026-03-14 22:33:31.742068,2026-03-15 06:49:46.186386,2026-03-15 09:55:07.646335,2026-03-15 16:50:26.665605,2026-03-15 20:50:45.286148,2026-03-16 03:48:15.906437,Delivered,Closed,SHP029,Shipper 029,SME,Outer Java,ST18_Balikpapan,HB06_EASTERN_GATEWAY,East Java,ST14_Kediri,HB03_SBY_GATEWAY,Inter-Region,Next Day,Prepaid,CR166,Van,0.54,0.53,0.54,1141094,22430,13740,4,1,0,,17.0,36,1,0,,1,0,,0,,29.04,1.97,3.09,ST14_Kediri,
SHPM001056,AWB260001056,2026-03-30 06:59:52.584437,2026-03-30 07:21:52.584437,2026-03-30 07:44:52.584437,2026-03-30 08:56:16.767375,2026-03-30 09:18:16.767375,2026-03-30 09:34:16.767375,2026-03-30 15:11:16.190670,2026-03-30 18:10:15.819509,2026-03-31 01:27:09.558984,2026-03-31 11:02:49.746542,2026-03-31 17:54:20.622215,2026-03-31 18:59:52.584437,Delivered,Closed,SHP048,Shipper 048,Enterprise,Outer Java,ST17_Makassar,HB06_EASTERN_GATEWAY,Jabodetabek,ST02_JKT_West,HB01_JKT_GATEWAY,Inter-Region,Next Day,COD,CR161,Bike,1.55,1.52,1.55,1379751,30975,27573,4,1,0,,22.0,36,1,0,,1,0,,0,,34.91,5.62,7.28,ST02_JKT_West,
SHPM001057,AWB260001057,2026-03-20 22:25:32.092238,2026-03-20 22:46:32.092238,2026-03-20 23:13:32.092238,2026-03-21 00:26:04.095036,2026-03-21 01:25:04.095036,2026-03-21 02:34:04.095036,2026-03-21 05:27:08.795336,2026-03-21 14:05:34.987483,2026-03-21 23:50:38.452781,2026-03-22 08:41:16.145875,2026-03-22 10:31:05.990936,2026-03-21 14:25:32.092238,Delivered,Closed,SHP094,Shipper 094,SME,Outer Java,ST20_Banjarmasin,HB06_EASTERN_GATEWAY,East Java,ST14_Kediri,HB03_SBY_GATEWAY,Inter-Region,Same Day,Prepaid,CR189,Van,0.45,0.49,0.49,1826015,29205,21745,2,1,0,,59.0,16,0,0,,1,0,,0,,36.09,2.88,9.75,ST14_Kediri,Last Mile Delay
SHPM001058,AWB260001058,2026-02-27 23:21:47.176048,2026-02-28 00:06:47.176048,2026-02-28 00:24:47.176048,2026-02-28 02:20:27.626097,2026-02-28 02:58:27.626097,2026-02-28 03:14:27.626097,2026-02-28 05:50:18.465408,2026-02-28 12:54:20.243806,2026-02-28 17:03:24.686396,2026-02-28 23:45:15.094955,2026-03-01 07:31:42.796459,2026-03-01 11:21:47.176048,Delivered,Closed,SHP097,Shipper 097,SME,Jabodetabek,ST03_JKT_East,HB01_JKT_GATEWAY,West Java,ST06_Bandung,HB01_JKT_GATEWAY,Inter-Region,Next Day,COD,CR022,Bike,0.81,0.78,0.81,470168,27645,20567,4,1,0,,38.0,36,1,0,,1,0,,0,,32.17,2.6,4.15,ST06_Bandung,
SHPM001059,AWB260001059,2026-03-14 04:28:58.752607,2026-03-14 05:00:58.752607,2026-03-14 05:17:58.752607,2026-03-14 06:46:41.878670,2026-03-14 07:44:41.878670,2026-03-14 09:03:41.878670,2026-03-14 13:47:57.022157,2026-03-14 21:15:48.002041,2026-03-15 02:24:00.229975,2026-03-15 15:54:34.546247,2026-03-15 17:14:30.422991,2026-03-14 20:28:58.752607,Delivered,Closed,SHP095,Shipper 095,Enterprise,Central Java,ST11_Yogyakarta,HB04_CTG_NATIONAL,Jabodetabek,ST04_Bekasi,HB01_JKT_GATEWAY,Inter-Region,Same Day,Prepaid,CR105,Bike,1.81,2.52,2.52,905969,38340,25657,2,1,0,,58.0,16,0,0,,1,0,,0,,36.76,4.74,5.14,ST04_Bekasi,Last Mile Delay
SHPM001060,AWB260001060,2026-03-30 13:33:51.785372,2026-03-30 13:55:51.785372,2026-03-30 14:10:51.785372,2026-03-30 21:25:45.121504,2026-03-30 22:00:45.121504,2026-03-30 22:25:45.121504,2026-03-31 04:04:05.034751,2026-03-31 12:06:56.505919,2026-03-31 22:21:29.027612,2026-04-01 09:27:21.734673,2026-04-01 16:32:57.197154,2026-04-02 13:33:51.785372,Delivered,Closed,SHP080,Shipper 080,SME,Outer Java,ST19_Denpasar,HB06_EASTERN_GATEWAY,West Java,ST06_Bandung,HB01_JKT_GATEWAY,Inter-Region,Regular,Prepaid,CR176,Bike,0.96,0.92,0.96,905045,16320,10006,8,1,0,,35.0,72,1,0,,1,0,,0,,50.98,5.64,10.24,ST06_Bandung,
SHPM001061,AWB260001061,2026-03-20 12:02:55.915155,2026-03-20 12:18:55.915155,2026-03-20 12:44:55.915155,2026-03-20 16:37:13.813289,2026-03-20 17:25:13.813289,2026-03-20 18:58:13.813289,2026-03-20 21:08:31.086632,2026-03-21 06:38:37.897916,2026-03-21 17:42:06.226648,2026-03-22 08:46:25.769791,2026-03-22 18:40:09.703679,2026-03-22 00:02:55.915155,Delivered,Closed,SHP005,Shipper 005,Enterprise,Central Java,ST09_Semarang,HB04_CTG_NATIONAL,West Java,ST07_Cirebon,HB02_BDG_TRANSIT,Inter-Region,Next Day,Prepaid,CR086,Bike,0.78,0.71,0.78,1545437,23510,13562,4,0,0,,48.0,36,0,0,,1,0,,0,,54.62,2.17,11.06,ST07_Cirebon,First Mile Delay
SHPM001062,AWB260001062,2026-03-19 15:54:02.164386,2026-03-19 16:31:02.164386,2026-03-19 16:50:02.164386,2026-03-20 01:24:24.804463,2026-03-20 01:41:24.804463,2026-03-20 02:50:24.804463,2026-03-20 05:04:40.721560,2026-03-20 11:46:54.824343,2026-03-20 18:12:17.838942,2026-03-21 02:03:30.084427,2026-03-21 11:26:45.046344,2026-03-22 15:54:02.164386,Delivered,Closed,SHP051,Shipper 051,Marketplace,Outer Java,ST19_Denpasar,HB06_EASTERN_GATEWAY,East Java,ST13_Malang,HB03_SBY_GATEWAY,Inter-Region,Regular,Prepaid,CR179,Van,0.37,0.4,0.4,1073708,13800,10681,8,0,0,,17.0,72,1,0,,1,0,,0,,43.55,2.24,6.42,ST13_Malang,
SHPM001063,AWB260001063,2026-02-16 17:23:54.589666,2026-02-16 18:07:54.589666,2026-02-16 18:50:54.589666,,,,,,,,,2026-02-18 17:23:54.589666,Failed Pickup,Exception,SHP061,Shipper 061,Enterprise,Outer Java,ST17_Makassar,HB06_EASTERN_GATEWAY,Outer Java,ST15_Medan,HB05_SUMATRA_GATEWAY,Intra-Region,Regular,COD,CR160,Bike,1.64,1.69,1.69,914586,23605,14309,8,0,1,Address Not Found,,48,0,0,,0,0,,0,,1170.6,,,ST17_Makassar,
SHPM001064,AWB260001064,2026-02-23 21:01:09.644587,2026-02-23 21:34:09.644587,2026-02-23 22:13:09.644587,2026-02-23 22:54:48.514995,2026-02-24 00:02:48.514995,2026-02-24 01:27:48.514995,2026-02-24 04:45:54.871668,2026-02-24 07:02:22.682037,2026-02-24 13:51:10.265341,2026-02-25 01:21:48.373119,,2026-02-25 09:01:09.644587,Damaged,Exception,SHP044,Shipper 044,Marketplace,Jabodetabek,ST05_Tangerang,HB01_JKT_GATEWAY,Central Java,ST10_Solo,HB04_CTG_NATIONAL,Inter-Region,Next Day,Prepaid,CR047,Van,0.96,0.96,0.96,294752,24320,17676,4,1,0,,68.0,36,0,0,,1,1,Damaged,0,,998.98,3.3,6.81,HB01_JKT_GATEWAY,
SHPM001065,AWB260001065,2026-03-12 01:41:31.732279,2026-03-12 01:57:31.732279,2026-03-12 02:30:31.732279,2026-03-12 05:39:18.498884,2026-03-12 06:21:18.498884,2026-03-12 06:39:18.498884,2026-03-12 11:47:41.490393,2026-03-12 15:15:36.534747,2026-03-13 13:11:46.697427,2026-03-13 22:31:59.135293,2026-03-14 06:34:33.920846,2026-03-15 01:41:31.732279,Delivered,Closed,SHP020,Shipper 020,SME,East Java,ST14_Kediri,HB03_SBY_GATEWAY,Central Java,ST10_Solo,HB04_CTG_NATIONAL,Inter-Region,Regular,COD,CR135,Bike,1.03,1.09,1.09,483435,20905,11877,8,1,0,,42.0,72,1,0,,1,0,,0,,52.88,5.14,21.94,ST10_Solo,
SHPM001066,AWB260001066,2026-03-30 17:57:56.692435,2026-03-30 18:29:56.692435,2026-03-30 19:00:56.692435,2026-03-30 21:37:56.149243,2026-03-30 21:45:56.149243,2026-03-30 22:54:56.149243,2026-03-31 01:35:43.647812,2026-03-31 06:54:20.034927,2026-03-31 23:06:21.273971,2026-04-01 08:56:02.487062,2026-04-02 13:03:30.387265,2026-04-02 17:57:56.692435,Delivered,Closed,SHP033,Shipper 033,Marketplace,Jabodetabek,ST04_Bekasi,HB01_JKT_GATEWAY,Outer Java,ST18_Balikpapan,HB06_EASTERN_GATEWAY,Inter-Region,Regular,Prepaid,CR039,Bike,2.66,2.41,2.66,1143813,23970,19736,8,1,0,,8.0,72,1,0,,1,0,,0,,67.09,2.68,16.2,ST18_Balikpapan,
SHPM001067,AWB260001067,2026-02-28 16:58:06.082092,2026-02-28 17:37:06.082092,2026-02-28 18:23:06.082092,2026-02-28 22:00:59.910737,2026-02-28 22:18:59.910737,2026-03-01 00:09:59.910737,2026-03-01 02:57:56.111080,2026-03-01 08:44:47.880152,2026-03-01 11:48:39.279916,2026-03-01 23:39:14.561066,2026-03-02 08:49:54.928727,2026-03-03 16:58:06.082092,Delivered,Closed,SHP034,Shipper 034,Enterprise,Jabodetabek,ST04_Bekasi,HB01_JKT_GATEWAY,West Java,ST07_Cirebon,HB02_BDG_TRANSIT,Inter-Region,Regular,Prepaid,CR032,Bike,0.39,0.39,0.39,1264803,13755,10328,8,1,0,,18.0,72,1,0,,1,0,,0,,39.86,2.8,3.06,ST07_Cirebon,
SHPM001068,AWB260001068,2026-03-23 02:41:51.732685,2026-03-23 03:04:51.732685,2026-03-23 03:41:51.732685,2026-03-23 05:22:32.455860,2026-03-23 06:01:32.455860,2026-03-23 06:55:32.455860,2026-03-23 09:36:15.328676,2026-03-23 14:00:40.357255,2026-03-24 14:11:24.772889,2026-03-24 20:58:52.829665,,2026-03-26 02:41:51.732685,Delivery Exception,Exception,SHP093,Shipper 093,SME,East Java,ST13_Malang,HB03_SBY_GATEWAY,Jabodetabek,ST01_JKT_Central,HB01_JKT_GATEWAY,Inter-Region,Regular,Prepaid,CR115,Bike,6.49,9.38,9.38,1298551,54210,50831,8,1,0,,39.0,72,0,1,Remote Area Delay,1,0,,0,,345.3,2.68,24.18,ST01_JKT_Central,Hub Bottleneck
SHPM001069,AWB260001069,2026-03-04 20:15:03.466028,2026-03-04 20:39:03.466028,2026-03-04 20:53:03.466028,2026-03-04 22:55:10.679414,2026-03-04 23:59:10.679414,2026-03-05 00:44:10.679414,2026-03-05 03:29:01.287695,2026-03-05 11:44:32.903164,2026-03-05 21:21:24.447478,2026-03-06 13:40:55.576065,2026-03-07 02:15:29.334624,2026-03-07 20:15:03.466028,Delivered,Closed,SHP032,Shipper 032,Marketplace,West Java,ST06_Bandung,HB01_JKT_GATEWAY,East Java,ST14_Kediri,HB03_SBY_GATEWAY,Inter-Region,Regular,COD,CR057,Van,2.24,2.11,2.24,526758,26080,17399,8,1,0,,64.0,72,1,0,,1,0,,0,,54.01,2.75,9.61,ST14_Kediri,
SHPM001070,AWB260001070,2026-03-24 19:15:20.300541,2026-03-24 19:56:20.300541,2026-03-24 20:09:20.300541,2026-03-24 23:08:28.538960,2026-03-25 00:08:28.538960,2026-03-25 01:26:28.538960,2026-03-25 06:33:51.965860,2026-03-25 16:11:01.324993,2026-03-25 22:56:42.343832,2026-03-26 05:26:57.396296,2026-03-26 12:29:52.194058,2026-03-26 07:15:20.300541,Delivered,Closed,SHP072,Shipper 072,Enterprise,Outer Java,ST18_Balikpapan,HB06_EASTERN_GATEWAY,Jabodetabek,ST01_JKT_Central,HB01_JKT_GATEWAY,Inter-Region,Next Day,Prepaid,CR167,Bike,3.0,3.0,3.0,446177,33500,22661,4,1,0,,60.0,36,0,0,,1,0,,0,,41.24,5.12,6.76,ST01_JKT_Central,Last Mile Delay
SHPM001071,AWB260001071,2026-02-16 10:49:22.808538,2026-02-16 11:31:22.808538,2026-02-16 11:46:22.808538,2026-02-16 13:08:16.237267,2026-02-16 13:45:16.237267,2026-02-16 14:45:16.237267,2026-02-16 20:23:38.101412,2026-02-17 04:43:41.371221,2026-02-17 12:56:10.869768,2026-02-18 06:10:47.959197,2026-02-18 13:51:28.148042,2026-02-17 22:49:22.808538,Delivered,Closed,SHP059,Shipper 059,Marketplace,Jabodetabek,ST02_JKT_West,HB01_JKT_GATEWAY,West Java,ST07_Cirebon,HB02_BDG_TRANSIT,Inter-Region,Next Day,Prepaid,CR013,Bike,2.93,3.25,3.25,744389,34625,24884,4,1,0,,37.0,36,0,0,,1,0,,0,,51.03,5.64,8.21,ST07_Cirebon,Last Mile Delay
SHPM001072,AWB260001072,2026-03-15 05:45:37.505906,2026-03-15 06:16:37.505906,2026-03-15 06:32:37.505906,2026-03-15 07:20:58.456041,2026-03-15 08:31:58.456041,2026-03-15 09:30:58.456041,2026-03-15 13:55:37.824649,2026-03-15 16:55:41.069772,2026-03-16 01:04:23.640156,2026-03-16 07:04:12.707426,2026-03-16 09:12:48.552606,2026-03-15 15:45:37.505906,Delivered,Closed,SHP050,Shipper 050,Marketplace,Jabodetabek,ST04_Bekasi,HB01_JKT_GATEWAY,Jabodetabek,ST04_Bekasi,HB01_JKT_GATEWAY,Intra-Region,Same Day,Prepaid,CR035,Bike,2.08,2.22,2.22,603037,36990,33782,2,1,0,,71.0,10,0,0,,1,0,,0,,27.45,4.41,8.15,ST04_Bekasi,Last Mile Delay
SHPM001073,AWB260001073,2026-03-17 08:02:28.464420,2026-03-17 08:32:28.464420,2026-03-17 09:17:28.464420,2026-03-17 13:52:04.070937,2026-03-17 14:16:04.070937,2026-03-17 16:01:04.070937,2026-03-17 21:01:33.729072,2026-03-18 01:16:35.685295,2026-03-18 09:52:23.704591,2026-03-18 18:54:58.174394,2026-03-19 05:00:38.833868,2026-03-20 08:02:28.464420,Delivered,Closed,SHP081,Shipper 081,Marketplace,West Java,ST06_Bandung,HB01_JKT_GATEWAY,Jabodetabek,ST04_Bekasi,HB01_JKT_GATEWAY,Inter-Region,Regular,Prepaid,CR062,Bike,1.27,1.81,1.81,1783137,20145,17590,8,1,0,,24.0,72,1,0,,1,0,,0,,44.97,5.01,8.6,ST04_Bekasi,
SHPM001074,AWB260001074,2026-02-21 00:24:54.618634,2026-02-21 00:29:54.618634,2026-02-21 00:47:54.618634,2026-02-21 04:48:26.246483,2026-02-21 05:17:26.246483,2026-02-21 06:33:26.246483,2026-02-21 09:15:13.078780,2026-02-21 14:11:45.460439,2026-02-22 01:10:24.328556,2026-02-22 12:42:59.604407,2026-02-22 19:26:48.773820,2026-02-22 12:24:54.618634,Delivered,Closed,SHP030,Shipper 030,Enterprise,Jabodetabek,ST05_Tangerang,HB01_JKT_GATEWAY,West Java,ST06_Bandung,HB01_JKT_GATEWAY,Inter-Region,Next Day,COD,CR049,Bike,5.22,6.15,6.15,381435,51675,42640,4,0,0,,29.0,36,0,0,,1,0,,0,,43.03,2.7,10.98,ST06_Bandung,First Mile Delay
SHPM001075,AWB260001075,2026-02-15 22:52:02.229384,2026-02-15 23:23:02.229384,2026-02-16 00:00:02.229384,2026-02-16 04:25:29.545883,2026-02-16 05:18:29.545883,2026-02-16 06:37:29.545883,2026-02-16 11:35:32.411282,2026-02-16 20:28:18.078413,2026-02-17 04:04:06.047656,2026-02-17 20:02:49.755783,2026-02-18 10:34:58.937463,2026-02-18 22:52:02.229384,Delivered,Closed,SHP008,Shipper 008,SME,Outer Java,ST16_Palembang,HB05_SUMATRA_GATEWAY,Jabodetabek,ST02_JKT_West,HB01_JKT_GATEWAY,Inter-Region,Regular,Prepaid,CR148,Bike,1.27,1.18,1.27,964231,17715,12941,8,1,0,,53.0,72,1,0,,1,0,,0,,59.72,4.97,7.6,ST02_JKT_West,
SHPM001076,AWB260001076,2026-03-13 14:45:57.276337,2026-03-13 15:28:57.276337,2026-03-13 15:57:57.276337,2026-03-13 17:21:22.442238,2026-03-13 17:58:22.442238,2026-03-13 19:35:22.442238,2026-03-13 23:05:47.569602,2026-03-14 07:12:09.356346,2026-03-14 09:02:09.452647,2026-03-14 15:01:09.512897,2026-03-15 00:53:16.680941,2026-03-15 02:45:57.276337,Delivered,Closed,SHP061,Shipper 061,Enterprise,Outer Java,ST17_Makassar,HB06_EASTERN_GATEWAY,Central Java,ST09_Semarang,HB04_CTG_NATIONAL,Inter-Region,Next Day,Prepaid,CR158,Van,2.03,2.12,2.12,2049692,29540,21078,4,1,0,,37.0,36,1,0,,1,0,,0,,34.12,3.51,1.83,ST09_Semarang,
SHPM001077,AWB260001077,2026-03-14 07:02:17.701243,2026-03-14 07:14:17.701243,2026-03-14 07:47:17.701243,2026-03-14 15:38:21.830587,2026-03-14 16:05:21.830587,2026-03-14 17:06:21.830587,2026-03-14 22:52:52.480748,2026-03-15 01:27:25.006726,2026-03-15 13:43:11.026546,2026-03-16 03:24:20.467094,2026-03-16 10:51:02.401452,2026-03-17 07:02:17.701243,Delivered,Closed,SHP031,Shipper 031,SME,East Java,ST14_Kediri,HB03_SBY_GATEWAY,Jabodetabek,ST03_JKT_East,HB01_JKT_GATEWAY,Inter-Region,Regular,Prepaid,CR134,Bike,0.5,0.79,0.79,433661,15555,11189,8,0,0,,27.0,72,1,0,,1,0,,0,,51.81,5.78,12.26,ST03_JKT_East,
SHPM001078,AWB260001078,2026-03-24 01:27:06.151729,2026-03-24 01:51:06.151729,2026-03-24 02:28:06.151729,2026-03-24 10:23:00.274719,2026-03-24 10:43:00.274719,2026-03-24 11:11:00.274719,2026-03-24 15:22:30.177767,2026-03-24 21:46:37.732711,2026-03-25 06:35:18.276892,2026-03-25 22:52:59.289831,2026-03-26 06:18:32.884536,2026-03-27 01:27:06.151729,Delivered,Closed,SHP061,Shipper 061,Enterprise,Outer Java,ST17_Makassar,HB06_EASTERN_GATEWAY,East Java,ST12_Surabaya,HB03_SBY_GATEWAY,Inter-Region,Regular,COD,CR156,Van,0.76,0.97,0.97,2378402,20365,14543,8,0,0,,20.0,72,1,0,,1,0,,0,,52.86,4.19,8.81,ST12_Surabaya,
SHPM001079,AWB260001079,2026-02-17 09:43:08.953252,2026-02-17 10:10:08.953252,2026-02-17 10:50:08.953252,2026-02-17 14:47:18.016367,2026-02-17 16:10:18.016367,2026-02-17 16:52:18.016367,2026-02-17 19:57:55.475457,2026-02-17 22:42:32.231812,2026-02-18 04:19:04.631718,2026-02-18 21:24:28.106166,2026-02-19 04:34:20.291691,2026-02-20 09:43:08.953252,Delivered,Closed,SHP007,Shipper 007,SME,Jabodetabek,ST05_Tangerang,HB01_JKT_GATEWAY,West Java,ST08_Bogor,HB01_JKT_GATEWAY,Inter-Region,Regular,Prepaid,CR053,Bike,1.61,1.73,1.73,288540,19785,15347,8,1,0,,83.0,72,1,0,,1,0,,0,,42.85,3.09,5.61,ST08_Bogor,
SHPM001080,AWB260001080,2026-03-31 16:01:43.817231,2026-03-31 16:24:43.817231,2026-03-31 16:37:43.817231,2026-03-31 17:35:58.670836,2026-03-31 18:14:58.670836,2026-03-31 19:36:58.670836,2026-03-31 23:41:47.477473,2026-04-01 02:12:05.073887,2026-04-01 06:19:00.613742,2026-04-01 12:50:25.771158,2026-04-01 18:24:16.259753,2026-04-01 08:01:43.817231,Delivered,Closed,SHP071,Shipper 071,Enterprise,Jabodetabek,ST04_Bekasi,HB01_JKT_GATEWAY,Outer Java,ST19_Denpasar,HB06_EASTERN_GATEWAY,Inter-Region,Same Day,Prepaid,CR033,Truck,5.34,5.23,5.34,237117,51030,28214,2,1,0,,39.0,16,0,0,,1,0,,0,,26.38,4.08,4.12,ST19_Denpasar,Remote Area
SHPM001081,AWB260001081,2026-03-17 13:01:02.064840,2026-03-17 13:29:02.064840,2026-03-17 13:46:02.064840,2026-03-17 19:53:17.253589,2026-03-17 20:18:17.253589,2026-03-17 20:55:17.253589,2026-03-18 01:36:13.274356,2026-03-18 05:45:37.649060,2026-03-18 11:45:35.079109,2026-03-18 21:57:24.935175,2026-03-19 06:59:22.516183,2026-03-20 13:01:02.064840,Delivered,Closed,SHP077,Shipper 077,Marketplace,Outer Java,ST16_Palembang,HB05_SUMATRA_GATEWAY,Jabodetabek,ST02_JKT_West,HB01_JKT_GATEWAY,Inter-Region,Regular,COD,CR151,Van,2.88,2.76,2.88,1324473,28960,21787,8,1,0,,25.0,72,1,0,,1,0,,0,,41.97,4.68,6.0,ST02_JKT_West,
SHPM001082,AWB260001082,2026-03-16 04:15:43.833787,2026-03-16 04:24:43.833787,2026-03-16 04:57:43.833787,2026-03-16 06:47:47.955639,2026-03-16 06:55:47.955639,2026-03-16 07:40:47.955639,2026-03-16 09:13:47.798827,2026-03-16 17:17:19.838259,2026-03-17 01:51:31.697227,2026-03-17 14:24:27.826023,2026-03-17 15:35:58.888066,2026-03-16 20:15:43.833787,Delivered,Closed,SHP002,Shipper 002,Enterprise,Jabodetabek,ST03_JKT_East,HB01_JKT_GATEWAY,Central Java,ST10_Solo,HB04_CTG_NATIONAL,Inter-Region,Same Day,COD,CR021,Bike,1.22,1.72,1.72,1551870,38740,23097,2,0,0,,8.0,16,0,0,,1,0,,0,,35.34,1.55,8.57,ST10_Solo,First Mile Delay
SHPM001083,AWB260001083,2026-03-15 04:31:55.940235,2026-03-15 05:00:55.940235,2026-03-15 05:31:55.940235,2026-03-15 06:36:32.257427,2026-03-15 07:17:32.257427,2026-03-15 07:42:32.257427,2026-03-15 12:09:52.017412,2026-03-15 15:07:59.003845,2026-03-16 00:58:10.322417,2026-03-16 09:48:21.153672,2026-03-16 18:40:03.230214,2026-03-16 16:31:55.940235,Delivered,Closed,SHP091,Shipper 091,SME,Outer Java,ST16_Palembang,HB05_SUMATRA_GATEWAY,Jabodetabek,ST04_Bekasi,HB01_JKT_GATEWAY,Inter-Region,Next Day,Prepaid,CR148,Bike,1.32,1.26,1.32,1631777,25940,18402,4,1,0,,41.0,36,0,0,,1,0,,0,,38.14,4.46,9.84,ST04_Bekasi,Last Mile Delay
SHPM001084,AWB260001084,2026-03-16 02:24:23.748803,2026-03-16 02:56:23.748803,2026-03-16 03:37:23.748803,2026-03-16 10:03:02.921931,2026-03-16 11:46:02.921931,2026-03-16 13:41:02.921931,2026-03-16 20:48:06.777381,2026-03-16 23:35:03.841869,2026-03-17 14:17:48.404101,2026-03-17 21:29:15.680138,2026-03-18 04:59:40.295260,2026-03-17 14:24:23.748803,Delivered,Closed,SHP060,Shipper 060,Enterprise,East Java,ST12_Surabaya,HB03_SBY_GATEWAY,Outer Java,ST17_Makassar,HB06_EASTERN_GATEWAY,Inter-Region,Next Day,Prepaid,CR107,Bike,3.16,4.08,4.08,539905,38360,30275,4,0,0,,103.0,36,0,0,,1,0,,0,,50.59,7.12,14.71,ST17_Makassar,First Mile Delay
SHPM001085,AWB260001085,2026-02-28 20:32:01.031357,2026-02-28 21:06:01.031357,2026-02-28 21:47:01.031357,2026-03-01 02:46:08.540679,2026-03-01 03:15:08.540679,2026-03-01 03:44:08.540679,2026-03-01 06:44:27.336341,2026-03-01 14:34:13.791233,2026-03-02 01:07:12.355573,2026-03-02 07:24:08.414950,2026-03-02 15:00:54.551184,2026-03-03 20:32:01.031357,Delivered,Closed,SHP051,Shipper 051,Marketplace,Outer Java,ST19_Denpasar,HB06_EASTERN_GATEWAY,Jabodetabek,ST04_Bekasi,HB01_JKT_GATEWAY,Inter-Region,Regular,Prepaid,CR175,Bike,2.73,2.83,2.83,742129,24735,17500,8,1,0,,29.0,72,1,0,,1,0,,0,,42.48,3.01,10.55,ST04_Bekasi,
SHPM001086,AWB260001086,2026-03-19 21:20:39.933722,2026-03-19 21:25:39.933722,2026-03-19 21:47:39.933722,2026-03-20 01:51:56.179924,2026-03-20 02:10:56.179924,2026-03-20 03:10:56.179924,2026-03-20 06:33:36.727435,2026-03-20 15:04:31.173704,2026-03-20 18:57:42.800680,2026-03-21 01:33:03.913924,2026-03-21 13:39:33.819698,2026-03-21 09:20:39.933722,Delivered,Closed,SHP030,Shipper 030,Enterprise,Jabodetabek,ST03_JKT_East,HB01_JKT_GATEWAY,Outer Java,ST18_Balikpapan,HB06_EASTERN_GATEWAY,Inter-Region,Next Day,Prepaid,CR023,Bike,1.56,2.37,2.37,2097031,30665,27718,4,0,0,,19.0,36,0,0,,1,0,,0,,40.31,3.38,3.89,ST18_Balikpapan,First Mile Delay
SHPM001087,AWB260001087,2026-02-20 06:06:34.865144,2026-02-20 06:33:34.865144,2026-02-20 07:13:34.865144,2026-02-20 09:00:23.255553,2026-02-20 09:32:23.255553,2026-02-20 11:10:23.255553,2026-02-20 16:49:21.204695,2026-02-21 02:06:36.236392,2026-02-21 06:39:47.322983,2026-02-21 13:21:05.717189,2026-02-22 04:49:48.919682,2026-02-23 06:06:34.865144,Delivered,Closed,SHP005,Shipper 005,Enterprise,Central Java,ST09_Semarang,HB04_CTG_NATIONAL,Jabodetabek,ST02_JKT_West,HB01_JKT_GATEWAY,Inter-Region,Regular,Prepaid,CR090,Van,1.41,1.57,1.57,2301135,19065,17843,8,1,0,,32.0,72,1,0,,1,0,,0,,46.72,5.65,4.55,ST02_JKT_West,
SHPM001088,AWB260001088,2026-02-22 02:20:44.539530,2026-02-22 02:28:44.539530,2026-02-22 02:40:44.539530,2026-02-22 04:59:31.371022,2026-02-22 05:07:31.371022,2026-02-22 06:27:31.371022,2026-02-22 08:46:02.178354,2026-02-22 11:12:20.825992,2026-02-22 18:09:00.860443,2026-02-23 11:29:26.904359,2026-02-23 17:34:26.826646,2026-02-25 02:20:44.539530,Delivered,Closed,SHP012,Shipper 012,Marketplace,Outer Java,ST16_Palembang,HB05_SUMATRA_GATEWAY,Jabodetabek,ST03_JKT_East,HB01_JKT_GATEWAY,Inter-Region,Regular,Prepaid,CR147,Bike,0.92,0.91,0.92,618899,16140,13737,8,1,0,,8.0,72,1,0,,1,0,,0,,39.23,2.31,6.94,ST03_JKT_East,
SHPM001089,AWB260001089,2026-02-28 03:17:53.990637,2026-02-28 03:28:53.990637,2026-02-28 04:16:53.990637,2026-02-28 08:16:45.926305,2026-02-28 09:17:45.926305,2026-02-28 10:54:45.926305,2026-02-28 15:17:03.283296,2026-02-28 22:24:37.383734,2026-03-01 13:46:52.398179,2026-03-02 03:00:24.463817,,2026-03-01 15:17:53.990637,Delivery Exception,Exception,SHP042,Shipper 042,Marketplace,Jabodetabek,ST05_Tangerang,HB01_JKT_GATEWAY,Outer Java,ST18_Balikpapan,HB06_EASTERN_GATEWAY,Inter-Region,Next Day,Prepaid,CR054,Van,0.7,0.67,0.7,889356,23150,19947,4,0,0,,61.0,36,0,1,Invalid Address,1,0,,0,,896.7,4.37,15.37,ST18_Balikpapan,Hub Bottleneck
SHPM001090,AWB260001090,2026-03-13 12:34:33.042278,2026-03-13 12:56:33.042278,2026-03-13 13:20:33.042278,2026-03-13 16:25:26.493284,2026-03-13 16:44:26.493284,2026-03-13 18:36:26.493284,2026-03-13 22:37:20.162500,2026-03-13 23:45:35.930115,2026-03-14 08:14:27.398105,2026-03-14 13:30:20.401795,2026-03-14 17:40:42.399942,2026-03-14 12:34:33.042278,Delivered,Closed,SHP034,Shipper 034,Enterprise,Jabodetabek,ST01_JKT_Central,HB01_JKT_GATEWAY,Jabodetabek,ST05_Tangerang,HB01_JKT_GATEWAY,Intra-Region,Next Day,Prepaid,CR008,Bike,0.32,0.35,0.35,1319446,21575,16081,4,1,0,,19.0,24,0,0,,1,0,,0,,29.1,4.01,8.48,ST05_Tangerang,Last Mile Delay
SHPM001091,AWB260001091,2026-03-25 08:54:28.961349,2026-03-25 09:21:28.961349,2026-03-25 09:50:28.961349,2026-03-25 12:51:19.485490,2026-03-25 13:32:19.485490,2026-03-25 14:48:19.485490,2026-03-25 20:24:50.098321,2026-03-25 23:38:21.138568,2026-03-26 02:28:49.526706,2026-03-26 16:58:09.851792,2026-03-26 22:59:14.717189,2026-03-26 20:54:28.961349,Delivered,Closed,SHP087,Shipper 087,Enterprise,Jabodetabek,ST02_JKT_West,HB01_JKT_GATEWAY,Outer Java,ST16_Palembang,HB05_SUMATRA_GATEWAY,Inter-Region,Next Day,Prepaid,CR012,Van,2.17,2.19,2.19,1459751,29855,19628,4,1,0,,41.0,36,0,0,,1,0,,0,,38.08,5.61,2.84,ST16_Palembang,Remote Area
SHPM001092,AWB260001092,2026-03-27 12:57:28.844337,2026-03-27 13:14:28.844337,2026-03-27 13:47:28.844337,2026-03-27 15:34:09.817072,2026-03-27 16:17:09.817072,2026-03-27 17:49:09.817072,2026-03-27 19:31:01.615139,2026-03-28 01:57:08.623475,2026-03-28 11:37:36.183302,2026-03-29 04:04:35.453888,2026-03-29 05:44:52.032295,2026-03-28 04:57:28.844337,Delivered,Closed,SHP048,Shipper 048,Enterprise,Outer Java,ST17_Makassar,HB06_EASTERN_GATEWAY,Jabodetabek,ST03_JKT_East,HB01_JKT_GATEWAY,Inter-Region,Same Day,Prepaid,CR154,Bike,0.61,0.66,0.66,201485,29970,28196,2,0,0,,43.0,16,0,0,,1,0,,0,,40.79,1.7,9.67,ST03_JKT_East,First Mile Delay
SHPM001093,AWB260001093,2026-03-03 05:09:33.041709,2026-03-03 05:26:33.041709,2026-03-03 06:00:33.041709,2026-03-03 09:06:02.717113,2026-03-03 09:57:02.717113,2026-03-03 11:52:02.717113,2026-03-03 13:22:24.884213,2026-03-03 17:57:25.718664,2026-03-04 04:01:35.993858,2026-03-04 07:25:17.022478,2026-03-04 13:57:53.829720,2026-03-04 05:09:33.041709,Delivered,Closed,SHP072,Shipper 072,Enterprise,Outer Java,ST18_Balikpapan,HB06_EASTERN_GATEWAY,Outer Java,ST18_Balikpapan,HB06_EASTERN_GATEWAY,Intra-Region,Next Day,Prepaid,CR173,Van,1.16,1.07,1.16,626327,25220,15631,4,1,0,,51.0,24,0,0,,1,0,,0,,32.81,1.51,10.07,ST18_Balikpapan,Hub Bottleneck
SHPM001094,AWB260001094,2026-02-18 12:50:06.321981,2026-02-18 13:30:06.321981,2026-02-18 13:41:06.321981,2026-02-18 16:48:28.406385,2026-02-18 17:27:28.406385,2026-02-18 18:05:28.406385,2026-02-18 21:32:02.548615,2026-02-19 03:13:00.117171,2026-02-19 09:25:35.424042,2026-02-19 21:11:38.170845,2026-02-20 10:15:58.858316,2026-02-20 00:50:06.321981,Delivered,Closed,SHP030,Shipper 030,Enterprise,Jabodetabek,ST05_Tangerang,HB01_JKT_GATEWAY,Outer Java,ST19_Denpasar,HB06_EASTERN_GATEWAY,Inter-Region,Next Day,COD,CR053,Bike,1.86,1.91,1.91,2147249,32595,29185,4,1,0,,39.0,36,0,0,,1,0,,0,,45.43,3.44,6.21,ST19_Denpasar,Remote Area
SHPM001095,AWB260001095,2026-02-26 02:32:17.595479,2026-02-26 02:55:17.595479,2026-02-26 03:17:17.595479,2026-02-26 03:49:42.633889,2026-02-26 03:57:42.633889,2026-02-26 04:33:42.633889,2026-02-26 10:05:36.912600,2026-02-26 16:33:19.130416,2026-02-27 02:18:05.441403,2026-02-27 14:06:35.657437,2026-02-27 18:41:41.841363,2026-02-26 18:32:17.595479,Delivered,Closed,SHP069,Shipper 069,SME,West Java,ST06_Bandung,HB01_JKT_GATEWAY,Jabodetabek,ST01_JKT_Central,HB01_JKT_GATEWAY,Inter-Region,Same Day,Prepaid,CR063,Van,0.67,1.08,1.08,843296,31860,24873,2,1,0,,8.0,16,0,0,,1,0,,0,,40.16,5.53,9.75,ST01_JKT_Central,Last Mile Delay
SHPM001096,AWB260001096,2026-03-21 22:00:54.668842,2026-03-21 22:40:54.668842,2026-03-21 23:23:54.668842,,,,,,,,,2026-03-24 22:00:54.668842,Failed Pickup,Exception,SHP021,Shipper 021,Marketplace,East Java,ST12_Surabaya,HB03_SBY_GATEWAY,Jabodetabek,ST05_Tangerang,HB01_JKT_GATEWAY,Inter-Region,Regular,Prepaid,CR110,Van,1.06,0.99,1.06,538888,16770,15847,8,0,1,Shipper Not Ready,,72,0,0,,0,0,,0,,373.98,,,ST12_Surabaya,
SHPM001097,AWB260001097,2026-03-11 20:37:56.843839,2026-03-11 20:58:56.843839,2026-03-11 21:15:56.843839,2026-03-11 23:22:27.080486,2026-03-11 23:50:27.080486,2026-03-12 01:07:27.080486,2026-03-12 06:32:09.055226,2026-03-12 08:39:28.425528,2026-03-12 13:31:37.426020,2026-03-12 21:33:04.875044,2026-03-13 00:43:22.339158,2026-03-13 08:37:56.843839,Delivered,Closed,SHP062,Shipper 062,Enterprise,Jabodetabek,ST04_Bekasi,HB01_JKT_GATEWAY,East Java,ST12_Surabaya,HB03_SBY_GATEWAY,Inter-Region,Next Day,Prepaid,CR034,Bike,3.19,3.02,3.19,382063,34355,21964,4,1,0,,28.0,36,1,0,,1,0,,0,,28.09,5.41,4.87,ST12_Surabaya,
SHPM001098,AWB260001098,2026-02-27 11:08:25.655969,2026-02-27 11:27:25.655969,2026-02-27 11:32:25.655969,2026-02-27 15:42:18.063794,2026-02-27 16:33:18.063794,2026-02-27 17:18:18.063794,2026-02-27 19:23:12.631115,2026-02-27 21:39:12.269377,2026-02-28 07:15:26.526387,2026-02-28 17:12:52.564729,2026-03-01 06:59:17.043359,2026-03-02 11:08:25.655969,Delivered,Closed,SHP070,Shipper 070,Enterprise,Jabodetabek,ST01_JKT_Central,HB01_JKT_GATEWAY,East Java,ST14_Kediri,HB03_SBY_GATEWAY,Inter-Region,Regular,Prepaid,CR008,Van,1.32,1.33,1.33,446565,17985,12342,8,1,0,,51.0,72,1,0,,1,0,,0,,43.85,2.08,9.6,ST14_Kediri,
SHPM001099,AWB260001099,2026-02-25 06:16:18.425783,2026-02-25 06:37:18.425783,2026-02-25 07:26:18.425783,2026-02-25 10:20:10.465105,2026-02-25 11:17:10.465105,2026-02-25 11:35:10.465105,2026-02-25 16:45:54.232987,2026-02-25 23:24:38.676762,2026-02-27 10:06:26.599563,2026-02-28 03:03:41.154818,,2026-02-25 22:16:18.425783,Return To Sender,RTS,SHP010,Shipper 010,Enterprise,East Java,ST12_Surabaya,HB03_SBY_GATEWAY,Outer Java,ST20_Banjarmasin,HB06_EASTERN_GATEWAY,Inter-Region,Same Day,Prepaid,CR107,Van,2.65,2.4,2.65,570396,38925,24609,2,0,0,,57.0,16,0,1,Customer Not Home,1,0,,1,Customer Not Home,965.73,5.18,34.7,ST20_Banjarmasin,Hub Bottleneck
SHPM001100,AWB260001100,2026-03-18 12:27:51.219620,2026-03-18 12:39:51.219620,2026-03-18 13:22:51.219620,2026-03-18 15:02:24.463454,2026-03-18 16:06:24.463454,2026-03-18 17:05:24.463454,2026-03-18 20:28:24.810201,2026-03-19 04:58:30.685668,2026-03-19 16:39:25.135504,2026-03-19 21:57:07.216353,2026-03-20 02:03:00.272769,2026-03-19 04:27:51.219620,Delivered,Closed,SHP048,Shipper 048,Enterprise,Outer Java,ST17_Makassar,HB06_EASTERN_GATEWAY,West Java,ST07_Cirebon,HB02_BDG_TRANSIT,Inter-Region,Same Day,Prepaid,CR161,Van,0.98,0.89,0.98,1511300,31410,20025,2,0,0,,64.0,16,0,0,,1,0,,0,,37.59,3.38,11.68,ST07_Cirebon,First Mile Delay
SHPM001101,AWB260001101,2026-02-19 23:39:29.678165,2026-02-20 00:02:29.678165,2026-02-20 00:53:29.678165,2026-02-20 09:38:27.506202,2026-02-20 10:58:27.506202,2026-02-20 12:41:27.506202,2026-02-20 18:58:39.177131,2026-02-21 03:21:29.034487,2026-02-21 07:48:16.023024,2026-02-21 20:08:10.125076,2026-02-22 02:37:18.755119,2026-02-21 11:39:29.678165,Delivered,Closed,SHP081,Shipper 081,Marketplace,West Java,ST07_Cirebon,HB02_BDG_TRANSIT,Central Java,ST11_Yogyakarta,HB04_CTG_NATIONAL,Inter-Region,Next Day,Prepaid,CR075,Bike,0.64,0.67,0.67,1518596,23015,19837,4,0,0,,80.0,36,0,0,,1,0,,0,,50.96,6.29,4.45,ST11_Yogyakarta,First Mile Delay
SHPM001102,AWB260001102,2026-03-20 17:01:24.460641,2026-03-20 17:28:24.460641,2026-03-20 17:52:24.460641,2026-03-20 18:31:29.844702,2026-03-20 19:23:29.844702,2026-03-20 20:15:29.844702,2026-03-21 00:49:27.632698,2026-03-21 04:51:47.889237,2026-03-21 10:07:49.966662,2026-03-21 23:13:59.007938,2026-03-22 09:56:34.740708,2026-03-22 05:01:24.460641,Delivered,Closed,SHP005,Shipper 005,Enterprise,Central Java,ST09_Semarang,HB04_CTG_NATIONAL,Jabodetabek,ST01_JKT_Central,HB01_JKT_GATEWAY,Inter-Region,Next Day,Prepaid,CR087,Truck,2.17,2.16,2.17,1168497,29765,26406,4,1,0,,52.0,36,0,0,,1,0,,0,,40.92,4.57,5.27,ST01_JKT_Central,Last Mile Delay
SHPM001103,AWB260001103,2026-03-03 05:42:00.718362,2026-03-03 06:19:00.718362,2026-03-03 07:00:00.718362,2026-03-03 10:24:42.089387,2026-03-03 11:21:42.089387,2026-03-03 12:23:42.089387,2026-03-03 13:41:39.898676,2026-03-03 21:05:40.968280,2026-03-04 02:27:36.492760,2026-03-04 11:44:55.864761,,2026-03-04 17:42:00.718362,Damaged,Exception,SHP002,Shipper 002,Enterprise,Jabodetabek,ST05_Tangerang,HB01_JKT_GATEWAY,Central Java,ST10_Solo,HB04_CTG_NATIONAL,Inter-Region,Next Day,Prepaid,CR045,Bike,1.14,1.15,1.15,1460129,25175,19912,4,0,0,,57.0,36,0,0,,1,1,Damaged,0,,822.3,1.3,5.37,HB01_JKT_GATEWAY,
SHPM001104,AWB260001104,2026-03-26 17:45:22.966408,2026-03-26 18:00:22.966408,2026-03-26 18:26:22.966408,2026-03-26 20:47:57.326169,2026-03-26 21:15:57.326169,2026-03-26 22:18:57.326169,2026-03-26 23:48:50.849789,2026-03-27 05:53:35.847426,2026-03-27 17:03:35.673639,2026-03-28 01:40:29.053867,2026-03-28 09:28:02.749930,2026-03-28 05:45:22.966408,Delivered,Closed,SHP008,Shipper 008,SME,Outer Java,ST16_Palembang,HB05_SUMATRA_GATEWAY,Jabodetabek,ST03_JKT_East,HB01_JKT_GATEWAY,Inter-Region,Next Day,COD,CR148,Van,5.34,5.7,5.7,349746,49650,28099,4,1,0,,28.0,36,0,0,,1,0,,0,,39.71,1.5,11.17,ST03_JKT_East,Hub Bottleneck
SHPM001105,AWB260001105,2026-03-21 13:20:52.133361,2026-03-21 13:35:52.133361,2026-03-21 14:05:52.133361,2026-03-21 16:14:38.518705,2026-03-21 16:30:38.518705,2026-03-21 17:23:38.518705,2026-03-21 23:15:03.882662,2026-03-22 08:31:37.163008,2026-03-22 16:04:01.775498,2026-03-23 01:02:30.847493,2026-03-23 15:41:32.168076,2026-03-24 13:20:52.133361,Delivered,Closed,SHP032,Shipper 032,Marketplace,West Java,ST08_Bogor,HB01_JKT_GATEWAY,Jabodetabek,ST01_JKT_Central,HB01_JKT_GATEWAY,Inter-Region,Regular,COD,CR080,Van,1.5,1.55,1.55,1651606,22975,21215,8,1,0,,16.0,72,1,0,,1,0,,0,,50.34,5.86,7.54,ST01_JKT_Central,
SHPM001106,AWB260001106,2026-03-12 03:56:17.324175,2026-03-12 04:27:17.324175,2026-03-12 05:02:17.324175,2026-03-12 10:10:21.822926,2026-03-12 10:18:21.822926,2026-03-12 11:08:21.822926,2026-03-12 16:25:18.267188,2026-03-12 18:49:27.065618,2026-03-13 02:14:04.791796,2026-03-13 10:08:49.868259,2026-03-13 18:26:23.086933,2026-03-14 03:56:17.324175,Delivered,Closed,SHP024,Shipper 024,Marketplace,Jabodetabek,ST05_Tangerang,HB01_JKT_GATEWAY,Jabodetabek,ST05_Tangerang,HB01_JKT_GATEWAY,Intra-Region,Regular,COD,CR054,Van,1.21,1.27,1.27,980727,21715,17728,8,1,0,,8.0,48,1,0,,1,0,,0,,38.5,5.28,7.41,ST05_Tangerang,
SHPM001107,AWB260001107,2026-03-07 01:36:42.325441,2026-03-07 01:41:42.325441,2026-03-07 01:57:42.325441,2026-03-07 07:43:16.405446,2026-03-07 08:17:16.405446,2026-03-07 09:19:16.405446,2026-03-07 14:32:59.277701,2026-03-07 20:02:18.128910,2026-03-08 05:47:37.789897,2026-03-08 21:08:54.156409,2026-03-09 01:47:53.127623,2026-03-10 01:36:42.325441,Delivered,Closed,SHP047,Shipper 047,Marketplace,Central Java,ST09_Semarang,HB04_CTG_NATIONAL,East Java,ST12_Surabaya,HB03_SBY_GATEWAY,Inter-Region,Regular,COD,CR090,Van,0.46,0.43,0.46,923290,18070,16188,8,1,0,,34.0,72,1,0,,1,0,,0,,48.19,5.23,9.76,ST12_Surabaya,
SHPM001108,AWB260001108,2026-03-01 01:01:35.576281,2026-03-01 01:45:35.576281,2026-03-01 02:04:35.576281,2026-03-01 04:41:06.649545,2026-03-01 04:49:06.649545,2026-03-01 06:24:06.649545,2026-03-01 08:29:03.102425,2026-03-01 12:33:03.195955,2026-03-01 23:34:07.142468,2026-03-02 16:42:28.641570,2026-03-03 05:52:15.225463,2026-03-04 01:01:35.576281,Delivered,Closed,SHP049,Shipper 049,Enterprise,Jabodetabek,ST01_JKT_Central,HB01_JKT_GATEWAY,West Java,ST07_Cirebon,HB02_BDG_TRANSIT,Inter-Region,Regular,Prepaid,CR011,Van,3.07,3.35,3.35,588392,27075,17947,8,1,0,,8.0,72,1,0,,1,0,,0,,52.84,2.08,11.02,ST07_Cirebon,
SHPM001109,AWB260001109,2026-03-05 04:56:26.985854,2026-03-05 05:31:26.985854,2026-03-05 06:10:26.985854,2026-03-05 10:14:51.637561,2026-03-05 11:12:51.637561,2026-03-05 12:31:51.637561,2026-03-05 17:56:04.831470,2026-03-05 23:55:06.643211,2026-03-06 11:21:34.054209,2026-03-06 23:34:43.148717,2026-03-07 12:36:36.895294,2026-03-08 04:56:26.985854,Delivered,Closed,SHP076,Shipper 076,Enterprise,West Java,ST06_Bandung,HB01_JKT_GATEWAY,Jabodetabek,ST03_JKT_East,HB01_JKT_GATEWAY,Inter-Region,Regular,Prepaid,CR062,Bike,2.4,2.59,2.59,2387522,23655,20393,8,1,0,,58.0,72,1,0,,1,0,,0,,55.67,5.4,11.44,ST03_JKT_East,
SHPM001110,AWB260001110,2026-03-06 15:31:12.486068,2026-03-06 15:59:12.486068,2026-03-06 16:56:12.486068,2026-03-06 18:42:18.270152,2026-03-06 19:34:18.270152,2026-03-06 20:50:18.270152,2026-03-07 00:19:01.417470,2026-03-07 08:33:52.179613,2026-03-07 17:12:45.028155,2026-03-08 01:32:28.096285,2026-03-08 06:26:45.428318,2026-03-09 15:31:12.486068,Delivered,Closed,SHP024,Shipper 024,Marketplace,Jabodetabek,ST05_Tangerang,HB01_JKT_GATEWAY,Central Java,ST09_Semarang,HB04_CTG_NATIONAL,Inter-Region,Regular,Prepaid,CR048,Bike,2.16,3.53,3.53,1231813,27885,24525,8,1,0,,52.0,72,1,0,,1,0,,0,,38.93,3.48,8.65,ST09_Semarang,
SHPM001111,AWB260001111,2026-02-20 09:33:44.729693,2026-02-20 10:08:44.729693,2026-02-20 10:34:44.729693,2026-02-20 18:05:43.910510,2026-02-20 18:39:43.910510,2026-02-20 20:28:43.910510,2026-02-21 00:22:35.220660,2026-02-21 01:56:31.655690,2026-02-21 13:23:06.057371,2026-02-21 18:29:14.836816,2026-02-22 00:56:44.590802,2026-02-22 09:33:44.729693,Delivered,Closed,SHP070,Shipper 070,Enterprise,Jabodetabek,ST04_Bekasi,HB01_JKT_GATEWAY,Jabodetabek,ST04_Bekasi,HB01_JKT_GATEWAY,Intra-Region,Regular,Prepaid,CR033,Bike,1.07,1.06,1.07,284202,16815,13451,8,1,0,,34.0,48,1,0,,1,0,,0,,39.38,3.9,11.44,ST04_Bekasi,
SHPM001112,AWB260001112,2026-03-22 15:40:36.909462,2026-03-22 15:51:36.909462,2026-03-22 16:33:36.909462,2026-03-22 19:36:16.270787,2026-03-22 20:32:16.270787,2026-03-22 22:10:16.270787,2026-03-23 01:04:47.875271,2026-03-23 05:23:08.030745,2026-03-23 23:53:07.697926,2026-03-24 08:44:44.814526,2026-03-24 14:38:08.790874,2026-03-23 15:40:36.909462,Delivered,Closed,SHP010,Shipper 010,Enterprise,East Java,ST12_Surabaya,HB03_SBY_GATEWAY,East Java,ST14_Kediri,HB03_SBY_GATEWAY,Intra-Region,Next Day,Prepaid,CR108,Bike,0.37,0.59,0.59,871618,22655,14842,4,1,0,,56.0,24,0,0,,1,0,,0,,46.96,2.91,18.5,ST14_Kediri,Hub Bottleneck
SHPM001113,AWB260001113,2026-03-13 10:34:45.673668,2026-03-13 10:59:45.673668,2026-03-13 11:35:45.673668,2026-03-13 14:46:26.165340,2026-03-13 15:28:26.165340,2026-03-13 16:00:26.165340,2026-03-13 20:25:34.285772,2026-03-13 23:03:38.734562,2026-03-14 05:19:37.994699,2026-03-14 12:59:01.511272,2026-03-14 22:33:23.997154,2026-03-14 22:34:45.673668,Delivered,Closed,SHP061,Shipper 061,Enterprise,Outer Java,ST16_Palembang,HB05_SUMATRA_GATEWAY,Central Java,ST10_Solo,HB04_CTG_NATIONAL,Inter-Region,Next Day,COD,CR153,Van,3.06,3.58,3.58,1519202,40110,25932,4,1,0,,42.0,36,1,0,,1,0,,0,,35.98,4.42,6.27,ST10_Solo,
SHPM001114,AWB260001114,2026-02-22 14:00:38.985765,2026-02-22 14:38:38.985765,2026-02-22 14:57:38.985765,2026-02-22 22:37:45.746939,2026-02-22 23:08:45.746939,2026-02-23 00:19:45.746939,2026-02-23 02:09:29.096479,2026-02-23 08:03:31.772912,2026-02-23 14:59:46.762855,2026-02-24 00:58:56.897396,,2026-02-25 14:00:38.985765,Delivery Exception,Exception,SHP063,Shipper 063,Enterprise,Jabodetabek,ST05_Tangerang,HB01_JKT_GATEWAY,Outer Java,ST20_Banjarmasin,HB06_EASTERN_GATEWAY,Inter-Region,Regular,Prepaid,CR047,Van,1.57,1.64,1.64,1636823,19380,14437,8,1,0,,31.0,72,0,1,Customer Not Home,3,0,,0,,1029.99,1.83,6.94,ST20_Banjarmasin,Delivery Exception
SHPM001115,AWB260001115,2026-02-22 21:23:57.739596,2026-02-22 21:34:57.739596,2026-02-22 21:56:57.739596,2026-02-23 05:05:22.914188,2026-02-23 05:38:22.914188,2026-02-23 06:00:22.914188,2026-02-23 11:56:53.727624,2026-02-23 13:40:06.194369,2026-02-23 18:59:41.005072,2026-02-24 00:27:46.945875,2026-02-24 04:52:57.141643,2026-02-24 21:23:57.739596,Delivered,Closed,SHP063,Shipper 063,Enterprise,Jabodetabek,ST03_JKT_East,HB01_JKT_GATEWAY,Jabodetabek,ST01_JKT_Central,HB01_JKT_GATEWAY,Intra-Region,Regular,Prepaid,CR019,Bike,0.46,0.55,0.55,601109,14475,12039,8,1,0,,33.0,48,1,0,,1,0,,0,,31.48,5.94,5.33,ST01_JKT_Central,
SHPM001116,AWB260001116,2026-03-13 15:44:07.123370,2026-03-13 16:18:07.123370,2026-03-13 16:44:07.123370,2026-03-13 21:12:21.415748,2026-03-13 22:02:21.415748,2026-03-13 23:20:21.415748,2026-03-14 05:20:02.082148,2026-03-14 07:23:18.260457,2026-03-15 09:21:28.055575,2026-03-15 23:27:37.331141,2026-03-16 15:08:01.755363,2026-03-16 15:44:07.123370,Delivered,Closed,SHP090,Shipper 090,Enterprise,East Java,ST14_Kediri,HB03_SBY_GATEWAY,Jabodetabek,ST03_JKT_East,HB01_JKT_GATEWAY,Inter-Region,Regular,Prepaid,CR127,Truck,1.13,1.2,1.2,978272,17400,14403,8,1,0,,50.0,72,1,0,,1,0,,0,,71.4,5.99,25.97,ST03_JKT_East,
SHPM001117,AWB260001117,2026-03-09 04:53:46.535514,2026-03-09 05:24:46.535514,2026-03-09 06:04:46.535514,2026-03-09 11:34:04.285777,2026-03-09 12:23:04.285777,2026-03-09 12:44:04.285777,2026-03-09 14:35:23.560822,2026-03-09 21:47:33.008874,2026-03-10 08:16:18.532215,2026-03-11 01:57:28.293066,2026-03-11 17:33:33.307933,2026-03-12 04:53:46.535514,Delivered,Closed,SHP005,Shipper 005,Enterprise,Central Java,ST09_Semarang,HB04_CTG_NATIONAL,Jabodetabek,ST03_JKT_East,HB01_JKT_GATEWAY,Inter-Region,Regular,Prepaid,CR083,Truck,1.81,1.69,1.81,1536376,20145,18303,8,1,0,,49.0,72,1,0,,1,0,,0,,60.66,1.86,10.48,ST03_JKT_East,
SHPM001118,AWB260001118,2026-02-19 09:26:15.869166,2026-02-19 09:40:15.869166,2026-02-19 09:51:15.869166,2026-02-19 10:36:50.573431,2026-02-19 11:17:50.573431,2026-02-19 13:08:50.573431,2026-02-19 16:37:09.677713,2026-02-19 22:29:50.045332,2026-02-20 04:35:09.452568,2026-02-20 10:13:54.729408,2026-02-20 14:59:32.867679,2026-02-20 01:26:15.869166,Delivered,Closed,SHP072,Shipper 072,Enterprise,Outer Java,ST18_Balikpapan,HB06_EASTERN_GATEWAY,East Java,ST13_Malang,HB03_SBY_GATEWAY,Inter-Region,Same Day,COD,CR173,Bike,2.1,3.52,3.52,2090800,46840,43017,2,1,0,,41.0,16,0,0,,1,0,,0,,29.55,3.47,6.09,ST13_Malang,Last Mile Delay
SHPM001119,AWB260001119,2026-03-08 13:03:10.879842,2026-03-08 13:41:10.879842,2026-03-08 14:20:10.879842,2026-03-08 15:07:35.145987,2026-03-08 16:14:35.145987,2026-03-08 16:41:35.145987,2026-03-08 19:36:23.430231,2026-03-09 00:33:33.337617,2026-03-09 07:54:02.935607,2026-03-10 01:12:54.248239,2026-03-10 06:24:07.767397,2026-03-10 01:03:10.879842,Delivered,Closed,SHP029,Shipper 029,SME,Outer Java,ST18_Balikpapan,HB06_EASTERN_GATEWAY,West Java,ST06_Bandung,HB01_JKT_GATEWAY,Inter-Region,Next Day,COD,CR167,Van,2.2,2.03,2.2,1544233,33900,25316,4,1,0,,67.0,36,0,0,,1,0,,0,,41.35,2.91,7.34,ST06_Bandung,Last Mile Delay
SHPM001120,AWB260001120,2026-03-12 12:12:19.378514,2026-03-12 12:20:19.378514,2026-03-12 12:40:19.378514,2026-03-12 16:27:05.205704,2026-03-12 16:35:05.205704,2026-03-12 18:14:05.205704,2026-03-12 21:18:36.122732,2026-03-13 01:23:37.202612,2026-03-13 06:16:59.756338,2026-03-13 14:21:59.440829,2026-03-13 20:58:10.350145,2026-03-13 12:12:19.378514,Delivered,Closed,SHP074,Shipper 074,Enterprise,Outer Java,ST15_Medan,HB05_SUMATRA_GATEWAY,Outer Java,ST17_Makassar,HB06_EASTERN_GATEWAY,Intra-Region,Next Day,Prepaid,CR137,Bike,0.92,0.88,0.92,414589,24140,17181,4,0,0,,8.0,24,0,0,,1,0,,0,,32.76,3.08,4.89,ST17_Makassar,First Mile Delay
SHPM001121,AWB260001121,2026-03-10 03:15:00.714573,2026-03-10 03:49:00.714573,2026-03-10 04:01:00.714573,2026-03-10 06:00:21.035742,2026-03-10 06:58:21.035742,2026-03-10 07:23:21.035742,2026-03-10 10:00:05.064348,2026-03-10 11:07:06.928275,2026-03-10 18:32:34.893413,2026-03-11 01:12:05.811962,2026-03-11 11:18:12.732460,2026-03-11 03:15:00.714573,Delivered,Closed,SHP088,Shipper 088,SME,Outer Java,ST18_Balikpapan,HB06_EASTERN_GATEWAY,Outer Java,ST15_Medan,HB05_SUMATRA_GATEWAY,Intra-Region,Next Day,Prepaid,CR166,Van,1.12,1.45,1.45,1181068,26525,16224,4,1,0,,58.0,24,0,0,,1,0,,0,,32.05,2.61,7.42,ST15_Medan,Remote Area
SHPM001122,AWB260001122,2026-03-28 03:10:40.845968,2026-03-28 03:26:40.845968,2026-03-28 04:13:40.845968,2026-03-28 07:13:48.997731,2026-03-28 08:13:48.997731,2026-03-28 09:14:48.997731,2026-03-28 12:25:16.860008,2026-03-28 20:23:02.132513,2026-03-29 13:09:28.218448,2026-03-29 20:42:34.076690,2026-03-30 05:46:32.795121,2026-03-29 15:10:40.845968,Delivered,Closed,SHP060,Shipper 060,Enterprise,East Java,ST12_Surabaya,HB03_SBY_GATEWAY,Jabodetabek,ST04_Bekasi,HB01_JKT_GATEWAY,Inter-Region,Next Day,Prepaid,CR111,Van,1.05,1.04,1.05,999563,24725,20403,4,1,0,,60.0,36,0,0,,1,0,,0,,50.6,3.17,16.77,ST04_Bekasi,Hub Bottleneck
SHPM001123,AWB260001123,2026-03-11 02:32:59.869235,2026-03-11 03:02:59.869235,2026-03-11 03:31:59.869235,2026-03-11 05:09:06.717725,2026-03-11 05:40:06.717725,2026-03-11 05:59:06.717725,2026-03-11 07:43:43.711501,2026-03-11 13:39:21.319967,2026-03-11 22:04:00.525607,2026-03-12 13:21:52.072639,2026-03-13 02:31:02.114947,2026-03-14 02:32:59.869235,Delivered,Closed,SHP017,Shipper 017,Marketplace,Outer Java,ST17_Makassar,HB06_EASTERN_GATEWAY,Central Java,ST10_Solo,HB04_CTG_NATIONAL,Inter-Region,Regular,Prepaid,CR156,Bike,2.57,2.82,2.82,1102643,24690,14474,8,1,0,,31.0,72,1,0,,1,0,,0,,47.97,1.74,8.41,ST10_Solo,
SHPM001124,AWB260001124,2026-03-19 19:18:29.703653,2026-03-19 19:35:29.703653,2026-03-19 19:40:29.703653,2026-03-19 21:57:31.017055,2026-03-19 23:13:31.017055,2026-03-20 00:30:31.017055,2026-03-20 02:26:55.152649,2026-03-20 05:36:10.802675,2026-03-20 08:10:28.832740,2026-03-20 17:24:56.254290,,2026-03-21 07:18:29.703653,Delivery Exception,Exception,SHP023,Shipper 023,Enterprise,West Java,ST08_Bogor,HB01_JKT_GATEWAY,Outer Java,ST15_Medan,HB05_SUMATRA_GATEWAY,Inter-Region,Next Day,Prepaid,CR082,Bike,1.08,1.06,1.08,1765956,24860,17125,4,1,0,,76.0,36,0,1,Customer Reschedule,1,0,,0,,424.69,1.94,2.57,ST15_Medan,Delivery Exception
SHPM001125,AWB260001125,2026-02-27 14:48:56.915451,2026-02-27 15:11:56.915451,2026-02-27 15:33:56.915451,,,,,,,,,2026-03-01 02:48:56.915451,Failed Pickup,Exception,SHP060,Shipper 060,Enterprise,East Java,ST12_Surabaya,HB03_SBY_GATEWAY,Outer Java,ST19_Denpasar,HB06_EASTERN_GATEWAY,Inter-Region,Next Day,Prepaid,CR110,Bike,1.51,1.57,1.57,262228,27065,14934,4,0,1,Shipper Not Ready,,36,0,0,,0,0,,0,,909.18,,,ST12_Surabaya,
SHPM001126,AWB260001126,2026-03-01 15:44:08.377739,2026-03-01 16:28:08.377739,2026-03-01 17:12:08.377739,2026-03-01 20:18:35.225199,2026-03-01 20:52:35.225199,2026-03-01 22:07:35.225199,2026-03-01 23:12:00.836865,2026-03-02 05:06:31.749915,2026-03-02 15:53:09.642659,2026-03-03 07:55:11.717928,2026-03-03 09:57:33.728910,2026-03-03 03:44:08.377739,Delivered,Closed,SHP046,Shipper 046,SME,East Java,ST14_Kediri,HB03_SBY_GATEWAY,Central Java,ST11_Yogyakarta,HB04_CTG_NATIONAL,Inter-Region,Next Day,Prepaid,CR130,Bike,0.2,0.2,0.2,1285124,20900,11539,4,1,0,,34.0,36,0,0,,1,0,,0,,42.22,1.07,10.78,ST11_Yogyakarta,Hub Bottleneck
SHPM001127,AWB260001127,2026-02-17 19:47:51.387164,2026-02-17 20:20:51.387164,2026-02-17 20:53:51.387164,2026-02-17 22:45:19.162158,2026-02-17 23:37:19.162158,2026-02-18 00:01:19.162158,2026-02-18 02:37:12.013921,2026-02-18 07:34:42.082278,2026-02-18 09:40:02.133254,2026-02-18 17:07:05.357502,2026-02-18 23:03:27.290609,2026-02-19 07:47:51.387164,Delivered,Closed,SHP080,Shipper 080,SME,Outer Java,ST15_Medan,HB05_SUMATRA_GATEWAY,West Java,ST07_Cirebon,HB02_BDG_TRANSIT,Inter-Region,Next Day,Prepaid,CR142,Van,2.38,2.89,2.89,803436,33005,24892,4,1,0,,52.0,36,1,0,,1,0,,0,,27.26,2.6,2.09,ST07_Cirebon,
SHPM001128,AWB260001128,2026-03-17 23:05:19.450058,2026-03-17 23:10:19.450058,2026-03-17 23:21:19.450058,2026-03-18 08:00:50.322282,2026-03-18 08:39:50.322282,2026-03-18 09:48:50.322282,2026-03-18 13:42:58.912239,2026-03-18 18:22:23.385684,2026-03-18 22:06:28.774856,2026-03-19 05:37:28.665372,2026-03-19 14:58:55.440874,2026-03-19 23:05:19.450058,Delivered,Closed,SHP035,Shipper 035,Enterprise,Jabodetabek,ST04_Bekasi,HB01_JKT_GATEWAY,Jabodetabek,ST05_Tangerang,HB01_JKT_GATEWAY,Intra-Region,Regular,Prepaid,CR033,Bike,1.28,1.24,1.28,336252,17760,11824,8,0,0,,39.0,48,1,0,,1,0,,0,,39.89,3.9,3.73,ST05_Tangerang,
SHPM001129,AWB260001129,2026-03-13 09:39:29.742195,2026-03-13 10:12:29.742195,2026-03-13 10:48:29.742195,2026-03-13 15:32:54.719831,2026-03-13 16:18:54.719831,2026-03-13 17:11:54.719831,2026-03-13 21:16:36.419408,2026-03-14 00:22:19.241049,2026-03-14 05:09:28.287640,2026-03-14 23:00:28.445214,2026-03-15 15:10:58.004266,2026-03-16 09:39:29.742195,Delivered,Closed,SHP028,Shipper 028,Marketplace,Jabodetabek,ST04_Bekasi,HB01_JKT_GATEWAY,West Java,ST06_Bandung,HB01_JKT_GATEWAY,Inter-Region,Regular,Prepaid,CR037,Van,0.46,0.45,0.46,262936,14070,10061,8,1,0,,46.0,72,1,0,,1,0,,0,,53.52,4.08,4.79,ST06_Bandung,
SHPM001130,AWB260001130,2026-03-06 18:12:33.191515,2026-03-06 18:35:33.191515,2026-03-06 18:56:33.191515,2026-03-07 00:19:52.757084,2026-03-07 01:06:52.757084,2026-03-07 02:35:52.757084,2026-03-07 05:59:33.373086,2026-03-07 11:16:45.894335,2026-03-07 15:10:34.311492,2026-03-08 08:51:38.520449,2026-03-09 00:24:22.968587,2026-03-09 18:12:33.191515,Delivered,Closed,SHP048,Shipper 048,Enterprise,Outer Java,ST17_Makassar,HB06_EASTERN_GATEWAY,Jabodetabek,ST03_JKT_East,HB01_JKT_GATEWAY,Inter-Region,Regular,Prepaid,CR159,Truck,2.05,2.16,2.16,777521,21720,18498,8,1,0,,47.0,72,1,0,,1,0,,0,,54.2,3.39,3.9,ST03_JKT_East,
SHPM001131,AWB260001131,2026-02-26 05:09:01.357189,2026-02-26 05:41:01.357189,2026-02-26 05:55:01.357189,2026-02-26 07:44:41.695464,2026-02-26 08:19:41.695464,2026-02-26 09:33:41.695464,2026-02-26 12:08:02.302389,2026-02-26 20:00:12.619804,2026-02-27 03:51:58.475844,2026-02-27 21:14:49.096440,2026-02-27 23:43:28.238652,2026-02-26 21:09:01.357189,Delivered,Closed,SHP057,Shipper 057,SME,Central Java,ST09_Semarang,HB04_CTG_NATIONAL,Jabodetabek,ST04_Bekasi,HB01_JKT_GATEWAY,Inter-Region,Same Day,Prepaid,CR089,Truck,1.74,1.77,1.77,678048,34965,30066,2,0,0,,35.0,16,0,0,,1,0,,0,,42.57,2.57,7.86,ST04_Bekasi,First Mile Delay
SHPM001132,AWB260001132,2026-03-11 11:44:25.450521,2026-03-11 11:49:25.450521,2026-03-11 12:00:25.450521,2026-03-11 20:07:57.004417,2026-03-11 20:33:57.004417,2026-03-11 21:39:57.004417,2026-03-12 00:58:04.100422,2026-03-12 10:26:37.830492,2026-03-12 19:08:33.341191,2026-03-13 06:42:50.104190,2026-03-13 10:52:18.278623,2026-03-14 11:44:25.450521,Delivered,Closed,SHP078,Shipper 078,SME,Outer Java,ST16_Palembang,HB05_SUMATRA_GATEWAY,Jabodetabek,ST01_JKT_Central,HB01_JKT_GATEWAY,Inter-Region,Regular,Prepaid,CR151,Bike,1.31,1.34,1.34,958193,18030,10632,8,0,0,,26.0,72,1,0,,1,0,,0,,47.13,3.3,8.7,ST01_JKT_Central,
SHPM001133,AWB260001133,2026-03-04 16:30:56.946946,2026-03-04 16:39:56.946946,2026-03-04 16:59:56.946946,2026-03-04 18:45:02.380016,2026-03-04 18:58:02.380016,2026-03-04 20:11:02.380016,2026-03-05 02:09:03.650372,2026-03-05 07:41:38.184022,2026-03-05 11:57:31.777232,2026-03-05 17:46:06.870866,2026-03-06 05:44:16.453241,2026-03-06 04:30:56.946946,Delivered,Closed,SHP043,Shipper 043,Marketplace,Central Java,ST11_Yogyakarta,HB04_CTG_NATIONAL,Outer Java,ST16_Palembang,HB05_SUMATRA_GATEWAY,Inter-Region,Next Day,Prepaid,CR100,Bike,1.65,2.43,2.43,793890,30935,23245,4,1,0,,13.0,36,0,0,,1,0,,0,,37.22,5.97,4.26,ST16_Palembang,Remote Area
SHPM001134,AWB260001134,2026-02-27 07:14:24.304554,2026-02-27 07:43:24.304554,2026-02-27 08:16:24.304554,2026-02-27 14:32:15.426863,2026-02-27 15:13:15.426863,2026-02-27 16:22:15.426863,2026-02-27 21:06:33.925677,2026-02-28 02:25:46.559575,2026-02-28 04:31:07.611246,2026-02-28 21:30:12.531315,2026-03-01 10:28:05.932829,2026-03-02 07:14:24.304554,Delivered,Closed,SHP099,Shipper 099,SME,West Java,ST08_Bogor,HB01_JKT_GATEWAY,Jabodetabek,ST03_JKT_East,HB01_JKT_GATEWAY,Inter-Region,Regular,Prepaid,CR081,Van,0.68,0.69,0.69,2199049,15105,11074,8,1,0,,41.0,72,1,0,,1,0,,0,,51.23,4.74,2.09,ST03_JKT_East,
SHPM001135,AWB260001135,2026-03-11 11:56:55.147684,2026-03-11 12:06:55.147684,2026-03-11 12:19:55.147684,2026-03-11 14:48:15.602322,2026-03-11 16:09:15.602322,2026-03-11 17:20:15.602322,2026-03-11 19:20:20.759555,2026-03-11 21:57:42.166247,2026-03-12 08:03:23.312288,2026-03-13 01:42:23.095121,2026-03-13 09:29:16.162589,2026-03-14 11:56:55.147684,Delivered,Closed,SHP002,Shipper 002,Enterprise,Jabodetabek,ST01_JKT_Central,HB01_JKT_GATEWAY,West Java,ST08_Bogor,HB01_JKT_GATEWAY,Inter-Region,Regular,Prepaid,CR001,Bike,2.4,3.63,3.63,2009466,28335,21562,8,1,0,,81.0,72,1,0,,1,0,,0,,45.54,2.0,10.09,ST08_Bogor,
SHPM001136,AWB260001136,2026-03-14 03:29:30.826528,2026-03-14 04:02:30.826528,2026-03-14 04:11:30.826528,2026-03-14 08:27:00.136277,2026-03-14 09:00:00.136277,2026-03-14 10:12:00.136277,2026-03-14 12:40:17.581211,2026-03-14 22:26:08.681453,2026-03-15 01:23:39.648860,2026-03-15 14:11:34.909091,2026-03-15 20:02:23.788311,2026-03-15 15:29:30.826528,Delivered,Closed,SHP073,Shipper 073,Marketplace,Outer Java,ST15_Medan,HB05_SUMATRA_GATEWAY,Central Java,ST10_Solo,HB04_CTG_NATIONAL,Inter-Region,Next Day,COD,CR137,Truck,0.36,0.36,0.36,218354,25620,17256,4,0,0,,33.0,36,0,0,,1,0,,0,,40.55,2.47,2.96,ST10_Solo,First Mile Delay
SHPM001137,AWB260001137,2026-03-01 15:49:09.299361,2026-03-01 15:55:09.299361,2026-03-01 16:52:09.299361,2026-03-01 17:47:03.751105,2026-03-01 18:59:03.751105,2026-03-01 19:43:03.751105,2026-03-01 23:30:11.520010,2026-03-02 06:52:14.005596,2026-03-02 13:53:22.227282,2026-03-03 07:44:48.462968,2026-03-03 15:44:40.111877,2026-03-03 03:49:09.299361,Delivered,Closed,SHP087,Shipper 087,Enterprise,Jabodetabek,ST02_JKT_West,HB01_JKT_GATEWAY,West Java,ST07_Cirebon,HB02_BDG_TRANSIT,Inter-Region,Next Day,Prepaid,CR014,Bike,1.33,1.23,1.33,1516857,25985,19199,4,1,0,,72.0,36,0,0,,1,0,,0,,47.93,3.79,7.02,ST07_Cirebon,Last Mile Delay
SHPM001138,AWB260001138,2026-03-04 22:03:01.815105,2026-03-04 22:13:01.815105,2026-03-04 22:34:01.815105,2026-03-05 03:35:04.023735,2026-03-05 03:43:04.023735,2026-03-05 03:58:04.023735,2026-03-05 08:12:19.511833,2026-03-05 09:19:52.458299,2026-03-06 00:34:22.308160,2026-03-06 05:16:57.127685,2026-03-06 20:28:25.714846,2026-03-06 22:03:01.815105,Delivered,Closed,SHP067,Shipper 067,SME,East Java,ST14_Kediri,HB03_SBY_GATEWAY,East Java,ST12_Surabaya,HB03_SBY_GATEWAY,Intra-Region,Regular,COD,CR133,Van,0.95,1.32,1.32,1144430,21940,14806,8,1,0,,8.0,48,1,0,,1,0,,0,,46.42,4.24,15.24,ST12_Surabaya,
SHPM001139,AWB260001139,2026-02-18 22:33:18.866362,2026-02-18 23:11:18.866362,2026-02-18 23:55:18.866362,2026-02-19 02:58:56.308107,2026-02-19 03:07:56.308107,2026-02-19 04:59:56.308107,2026-02-19 09:15:10.997156,2026-02-19 12:30:11.599216,2026-02-19 22:38:12.913712,2026-02-20 15:29:03.333307,2026-02-20 23:28:16.267139,2026-02-20 10:33:18.866362,Delivered,Closed,SHP005,Shipper 005,Enterprise,Central Java,ST09_Semarang,HB04_CTG_NATIONAL,Jabodetabek,ST04_Bekasi,HB01_JKT_GATEWAY,Inter-Region,Next Day,COD,CR084,Bike,1.42,1.73,1.73,1521190,31785,17974,4,1,0,,9.0,36,0,0,,1,0,,0,,48.92,4.25,10.13,ST04_Bekasi,Hub Bottleneck
SHPM001140,AWB260001140,2026-03-10 10:53:30.268733,2026-03-10 11:23:30.268733,2026-03-10 11:51:30.268733,2026-03-10 12:12:14.551603,2026-03-10 12:42:14.551603,2026-03-10 12:57:14.551603,2026-03-10 17:09:02.497384,2026-03-10 22:00:41.367406,2026-03-11 09:29:29.245521,2026-03-11 19:47:03.663392,2026-03-12 01:15:21.262557,2026-03-11 02:53:30.268733,Delivered,Closed,SHP071,Shipper 071,Enterprise,Jabodetabek,ST01_JKT_Central,HB01_JKT_GATEWAY,West Java,ST06_Bandung,HB01_JKT_GATEWAY,Inter-Region,Same Day,COD,CR011,Bike,0.65,0.7,0.7,251435,34150,24894,2,1,0,,30.0,16,0,0,,1,0,,0,,38.36,4.2,11.48,ST06_Bandung,Hub Bottleneck
SHPM001141,AWB260001141,2026-03-01 11:40:24.554812,2026-03-01 12:20:24.554812,2026-03-01 12:34:24.554812,2026-03-01 18:16:00.240775,2026-03-01 18:48:00.240775,2026-03-01 20:15:00.240775,2026-03-02 01:54:36.123595,2026-03-02 03:39:33.169738,2026-03-02 07:53:33.621938,2026-03-02 09:54:56.942576,2026-03-03 00:14:39.806917,2026-03-03 11:40:24.554812,Delivered,Closed,SHP032,Shipper 032,Marketplace,West Java,ST06_Bandung,HB01_JKT_GATEWAY,West Java,ST08_Bogor,HB01_JKT_GATEWAY,Intra-Region,Regular,Prepaid,CR060,Bike,1.58,2.03,2.03,432813,21135,14786,8,1,0,,32.0,48,1,0,,1,0,,0,,36.57,5.66,4.23,ST08_Bogor,
SHPM001142,AWB260001142,2026-03-25 04:24:51.868147,2026-03-25 04:48:51.868147,2026-03-25 05:08:51.868147,2026-03-25 09:18:22.872145,2026-03-25 10:14:22.872145,2026-03-25 11:05:22.872145,2026-03-25 16:28:49.660103,2026-03-25 17:41:44.272871,2026-03-26 05:39:55.280422,2026-03-26 13:54:02.511300,2026-03-26 22:46:52.890497,2026-03-26 04:24:51.868147,Delivered,Closed,SHP023,Shipper 023,Enterprise,West Java,ST06_Bandung,HB01_JKT_GATEWAY,West Java,ST08_Bogor,HB01_JKT_GATEWAY,Intra-Region,Next Day,COD,CR057,Van,1.14,1.09,1.14,543196,29130,24382,4,0,0,,56.0,24,0,0,,1,0,,0,,42.37,5.39,11.97,ST08_Bogor,First Mile Delay
SHPM001143,AWB260001143,2026-03-28 14:24:00.631990,2026-03-28 14:40:00.631990,2026-03-28 15:02:00.631990,2026-03-28 21:07:09.212034,2026-03-28 21:37:09.212034,2026-03-28 22:08:09.212034,2026-03-29 01:38:58.945705,2026-03-29 07:02:20.671002,2026-03-30 00:27:14.458961,2026-03-30 11:33:42.681427,2026-03-30 22:46:54.873638,2026-03-31 14:24:00.631990,Delivered,Closed,SHP079,Shipper 079,Marketplace,East Java,ST14_Kediri,HB03_SBY_GATEWAY,Jabodetabek,ST01_JKT_Central,HB01_JKT_GATEWAY,Inter-Region,Regular,Prepaid,CR134,Bike,0.71,0.65,0.71,218788,15195,11835,8,1,0,,30.0,72,1,0,,1,0,,0,,56.38,3.51,17.41,ST01_JKT_Central,
SHPM001144,AWB260001144,2026-02-18 15:34:40.247238,2026-02-18 15:55:40.247238,2026-02-18 16:19:40.247238,2026-02-18 23:19:58.992820,2026-02-19 00:28:58.992820,2026-02-19 02:06:58.992820,2026-02-19 04:11:55.189091,2026-02-19 13:43:06.890918,2026-02-19 17:43:53.954907,2026-02-20 03:00:20.800676,2026-02-20 17:58:25.082379,2026-02-21 15:34:40.247238,Delivered,Closed,SHP038,Shipper 038,Marketplace,Jabodetabek,ST01_JKT_Central,HB01_JKT_GATEWAY,Central Java,ST11_Yogyakarta,HB04_CTG_NATIONAL,Inter-Region,Regular,Prepaid,CR004,Bike,1.66,1.81,1.81,1347427,20145,19088,8,1,0,,69.0,72,1,0,,1,0,,0,,50.4,2.08,4.01,ST11_Yogyakarta,
SHPM001145,AWB260001145,2026-03-28 21:15:33.788814,2026-03-28 21:36:33.788814,2026-03-28 22:02:33.788814,2026-03-29 00:49:37.767064,2026-03-29 01:50:37.767064,2026-03-29 03:03:37.767064,2026-03-29 04:19:11.055301,2026-03-29 06:47:08.356763,2026-03-29 21:34:40.097483,2026-03-30 10:39:36.407814,2026-03-31 00:29:16.357301,2026-03-30 09:15:33.788814,Delivered,Closed,SHP063,Shipper 063,Enterprise,Jabodetabek,ST02_JKT_West,HB01_JKT_GATEWAY,Outer Java,ST15_Medan,HB05_SUMATRA_GATEWAY,Inter-Region,Next Day,Prepaid,CR016,Bike,2.57,3.13,3.13,425555,34085,32000,4,1,0,,61.0,36,0,0,,1,0,,0,,51.23,1.26,14.79,ST15_Medan,Hub Bottleneck
SHPM001146,AWB260001146,2026-03-07 08:04:50.146038,2026-03-07 08:47:50.146038,2026-03-07 09:27:50.146038,2026-03-07 10:25:01.110161,2026-03-07 10:52:01.110161,2026-03-07 12:22:01.110161,2026-03-07 16:28:31.989907,2026-03-08 01:09:43.109251,2026-03-08 04:42:40.322454,2026-03-08 17:03:55.661301,2026-03-08 21:28:29.335222,2026-03-08 20:04:50.146038,Delivered,Closed,SHP027,Shipper 027,SME,Jabodetabek,ST05_Tangerang,HB01_JKT_GATEWAY,East Java,ST12_Surabaya,HB03_SBY_GATEWAY,Inter-Region,Next Day,Prepaid,CR054,Bike,1.38,1.25,1.38,1049664,26210,24886,4,1,0,,27.0,36,0,0,,1,0,,0,,37.39,4.11,3.55,ST12_Surabaya,Last Mile Delay
SHPM001147,AWB260001147,2026-03-23 19:28:19.897756,2026-03-23 19:53:19.897756,2026-03-23 20:34:19.897756,2026-03-23 23:55:56.986538,2026-03-24 01:12:56.986538,2026-03-24 01:39:56.986538,2026-03-24 04:28:17.097414,2026-03-24 06:47:50.593441,2026-03-24 10:38:53.296939,2026-03-24 19:21:25.285968,2026-03-25 04:19:24.926453,2026-03-24 19:28:19.897756,Delivered,Closed,SHP023,Shipper 023,Enterprise,West Java,ST08_Bogor,HB01_JKT_GATEWAY,West Java,ST08_Bogor,HB01_JKT_GATEWAY,Intra-Region,Next Day,Prepaid,CR080,Van,4.64,6.0,6.0,2199056,47000,27817,4,0,0,,77.0,24,0,0,,1,0,,0,,32.85,2.81,3.85,ST08_Bogor,First Mile Delay
SHPM001148,AWB260001148,2026-03-17 11:45:53.656926,2026-03-17 12:17:53.656926,2026-03-17 12:39:53.656926,2026-03-17 20:03:00.111170,2026-03-17 21:06:00.111170,2026-03-17 22:57:00.111170,2026-03-18 04:17:30.076265,2026-03-18 10:00:15.152581,2026-03-18 19:34:22.557772,2026-03-19 05:08:10.989835,2026-03-19 09:53:02.710023,2026-03-20 11:45:53.656926,Delivered,Closed,SHP083,Shipper 083,Marketplace,Jabodetabek,ST03_JKT_East,HB01_JKT_GATEWAY,West Java,ST07_Cirebon,HB02_BDG_TRANSIT,Inter-Region,Regular,COD,CR021,Bike,0.85,1.33,1.33,1755149,21985,19002,8,1,0,,63.0,72,1,0,,1,0,,0,,46.12,5.34,9.57,ST07_Cirebon,
SHPM001149,AWB260001149,2026-03-16 16:51:22.355986,2026-03-16 17:27:22.355986,2026-03-16 18:11:22.355986,2026-03-17 09:42:50.855911,2026-03-17 11:29:50.855911,2026-03-17 11:55:50.855911,2026-03-17 14:19:22.966368,2026-03-17 17:37:52.305200,2026-03-18 03:40:14.402012,2026-03-18 15:40:42.376551,2026-03-18 22:22:40.263632,2026-03-19 16:51:22.355986,Delivered,Closed,SHP010,Shipper 010,Enterprise,East Java,ST12_Surabaya,HB03_SBY_GATEWAY,West Java,ST07_Cirebon,HB02_BDG_TRANSIT,Inter-Region,Regular,Prepaid,CR112,Van,1.39,1.43,1.43,2146715,18435,15180,8,0,0,,107.0,72,1,0,,1,0,,0,,53.52,2.39,10.04,ST07_Cirebon,
SHPM001150,AWB260001150,2026-02-20 00:23:56.228187,2026-02-20 00:40:56.228187,2026-02-20 01:06:56.228187,2026-02-20 08:28:58.931762,2026-02-20 09:05:58.931762,2026-02-20 10:17:58.931762,2026-02-20 16:00:21.489588,2026-02-20 18:36:06.011578,2026-02-21 07:20:44.070390,2026-02-21 15:18:58.731235,2026-02-21 23:48:11.617253,2026-02-23 00:23:56.228187,Delivered,Closed,SHP031,Shipper 031,SME,East Java,ST13_Malang,HB03_SBY_GATEWAY,Jabodetabek,ST01_JKT_Central,HB01_JKT_GATEWAY,Inter-Region,Regular,Prepaid,CR116,Van,1.58,1.73,1.73,1629545,19785,16038,8,1,0,,37.0,72,1,0,,1,0,,0,,47.4,5.71,12.74,ST01_JKT_Central,
SHPM001151,AWB260001151,2026-02-20 11:00:32.867707,2026-02-20 11:30:32.867707,2026-02-20 11:55:32.867707,2026-02-20 16:11:23.722052,2026-02-20 16:19:23.722052,2026-02-20 17:08:23.722052,2026-02-20 19:18:46.352306,2026-02-21 05:16:16.763793,2026-02-21 14:50:33.650990,2026-02-21 19:51:20.865669,2026-02-22 01:15:43.945006,2026-02-21 23:00:32.867707,Delivered,Closed,SHP035,Shipper 035,Enterprise,Jabodetabek,ST04_Bekasi,HB01_JKT_GATEWAY,East Java,ST13_Malang,HB03_SBY_GATEWAY,Inter-Region,Next Day,COD,CR032,Van,1.15,1.82,1.82,786553,32190,23236,4,0,0,,8.0,36,0,0,,1,0,,0,,38.25,2.17,9.57,ST13_Malang,First Mile Delay
SHPM001152,AWB260001152,2026-03-04 07:11:41.848945,2026-03-04 07:25:41.848945,2026-03-04 07:53:41.848945,2026-03-04 12:24:42.722821,2026-03-04 13:08:42.722821,2026-03-04 13:38:42.722821,2026-03-04 16:11:53.859624,2026-03-04 22:04:48.486945,2026-03-04 23:49:33.990130,2026-03-05 10:15:44.005993,2026-03-06 01:59:11.610881,2026-03-07 07:11:41.848945,Delivered,Closed,SHP086,Shipper 086,Marketplace,Jabodetabek,ST04_Bekasi,HB01_JKT_GATEWAY,West Java,ST06_Bandung,HB01_JKT_GATEWAY,Inter-Region,Regular,Prepaid,CR040,Bike,0.45,0.47,0.47,99016,14115,10697,8,1,0,,44.0,72,1,0,,1,0,,0,,42.79,2.55,1.75,ST06_Bandung,
SHPM001153,AWB260001153,2026-03-08 11:14:53.380835,2026-03-08 11:22:53.380835,2026-03-08 11:27:53.380835,2026-03-08 16:09:45.532583,2026-03-08 16:52:45.532583,2026-03-08 18:02:45.532583,2026-03-08 23:16:58.089411,2026-03-09 04:57:35.719385,2026-03-09 09:56:32.491298,2026-03-09 15:42:15.154850,2026-03-10 05:14:20.120217,2026-03-11 11:14:53.380835,Delivered,Closed,SHP080,Shipper 080,SME,Outer Java,ST19_Denpasar,HB06_EASTERN_GATEWAY,East Java,ST12_Surabaya,HB03_SBY_GATEWAY,Inter-Region,Regular,Prepaid,CR180,Bike,1.19,1.27,1.27,420616,17715,11177,8,1,0,,43.0,72,1,0,,1,0,,0,,41.99,5.24,4.98,ST12_Surabaya,
SHPM001154,AWB260001154,2026-03-07 09:49:03.883938,2026-03-07 10:26:03.883938,2026-03-07 10:56:03.883938,2026-03-07 14:36:40.337483,2026-03-07 15:37:40.337483,2026-03-07 17:04:40.337483,2026-03-07 20:46:25.191503,2026-03-08 06:01:27.292103,2026-03-08 16:24:34.837784,2026-03-09 05:29:31.392904,2026-03-09 17:05:57.115027,2026-03-10 09:49:03.883938,Delivered,Closed,SHP020,Shipper 020,SME,East Java,ST14_Kediri,HB03_SBY_GATEWAY,Outer Java,ST15_Medan,HB05_SUMATRA_GATEWAY,Inter-Region,Regular,Prepaid,CR135,Van,1.87,2.42,2.42,297518,22890,13951,8,1,0,,61.0,72,1,0,,1,0,,0,,55.28,3.7,10.39,ST15_Medan,
SHPM001155,AWB260001155,2026-03-28 19:07:06.344198,2026-03-28 19:25:06.344198,2026-03-28 19:35:06.344198,2026-03-28 20:45:08.115142,2026-03-28 21:49:08.115142,2026-03-28 23:41:08.115142,2026-03-29 04:20:41.850771,2026-03-29 14:04:53.243579,2026-03-29 18:29:24.727442,2026-03-30 06:27:15.559714,2026-03-30 15:56:40.932923,2026-03-30 07:07:06.344198,Delivered,Closed,SHP071,Shipper 071,Enterprise,Jabodetabek,ST04_Bekasi,HB01_JKT_GATEWAY,East Java,ST14_Kediri,HB03_SBY_GATEWAY,Inter-Region,Next Day,COD,CR043,Van,0.28,0.27,0.28,370680,25260,23938,4,1,0,,64.0,36,0,0,,1,0,,0,,44.83,4.66,4.41,ST14_Kediri,Last Mile Delay
SHPM001156,AWB260001156,2026-03-15 01:09:17.189609,2026-03-15 01:48:17.189609,2026-03-15 02:23:17.189609,2026-03-15 03:59:32.463119,2026-03-15 04:44:32.463119,2026-03-15 06:32:32.463119,2026-03-15 07:54:54.558932,2026-03-15 11:50:44.255054,2026-03-15 21:49:14.487998,2026-03-16 13:15:50.290710,2026-03-16 16:51:23.162849,2026-03-15 17:09:17.189609,Delivered,Closed,SHP080,Shipper 080,SME,Outer Java,ST20_Banjarmasin,HB06_EASTERN_GATEWAY,Jabodetabek,ST03_JKT_East,HB01_JKT_GATEWAY,Inter-Region,Same Day,Prepaid,CR192,Bike,1.94,2.0,2.0,787287,36000,28008,2,0,0,,45.0,16,0,0,,1,0,,0,,39.7,1.37,9.98,ST03_JKT_East,First Mile Delay
SHPM001157,AWB260001157,2026-02-28 01:33:11.189868,2026-02-28 01:48:11.189868,2026-02-28 01:54:11.189868,2026-02-28 07:18:24.617299,2026-02-28 08:11:24.617299,2026-02-28 09:52:24.617299,2026-02-28 11:07:24.263011,2026-02-28 16:30:19.350855,2026-03-01 03:41:17.509023,2026-03-01 09:37:55.881809,2026-03-01 22:34:25.669578,2026-03-03 01:33:11.189868,Delivered,Closed,SHP077,Shipper 077,Marketplace,Outer Java,ST16_Palembang,HB05_SUMATRA_GATEWAY,Central Java,ST11_Yogyakarta,HB04_CTG_NATIONAL,Inter-Region,Regular,Prepaid,CR146,Van,3.0,2.76,3.0,1974112,25500,20409,8,1,0,,53.0,72,1,0,,1,0,,0,,45.02,1.25,11.18,ST11_Yogyakarta,
SHPM001158,AWB260001158,2026-03-26 15:39:40.337904,2026-03-26 16:14:40.337904,2026-03-26 16:23:40.337904,2026-03-26 18:28:09.381006,2026-03-26 19:08:09.381006,2026-03-26 19:23:09.381006,2026-03-26 20:33:12.053420,2026-03-26 23:01:23.184744,2026-03-27 01:44:41.988137,2026-03-27 16:58:04.427284,,2026-03-28 03:39:40.337904,Return To Sender,RTS,SHP011,Shipper 011,Enterprise,Jabodetabek,ST02_JKT_West,HB01_JKT_GATEWAY,Outer Java,ST15_Medan,HB05_SUMATRA_GATEWAY,Inter-Region,Next Day,COD,CR014,Van,0.85,0.86,0.86,627748,27870,22890,4,1,0,,40.0,36,0,1,Customer Not Home,3,0,,1,Customer Not Home,260.34,1.17,2.72,ST15_Medan,Delivery Exception
SHPM001159,AWB260001159,2026-03-01 08:20:53.524027,2026-03-01 08:41:53.524027,2026-03-01 09:29:53.524027,2026-03-01 15:57:41.775369,2026-03-01 16:19:41.775369,2026-03-01 17:34:41.775369,2026-03-01 18:51:09.346695,2026-03-01 23:28:17.713623,2026-03-02 10:03:35.525494,2026-03-02 20:33:15.280062,2026-03-03 04:14:56.815177,2026-03-04 08:20:53.524027,Delivered,Closed,SHP046,Shipper 046,SME,East Java,ST14_Kediri,HB03_SBY_GATEWAY,Jabodetabek,ST03_JKT_East,HB01_JKT_GATEWAY,Inter-Region,Regular,COD,CR132,Bike,0.7,0.64,0.7,144179,19150,17126,8,1,0,,22.0,72,1,0,,1,0,,0,,43.9,1.27,10.59,ST03_JKT_East,
SHPM001160,AWB260001160,2026-03-18 15:12:55.515405,2026-03-18 15:40:55.515405,2026-03-18 16:29:55.515405,2026-03-18 20:07:24.970644,2026-03-18 20:41:24.970644,2026-03-18 22:00:24.970644,2026-03-19 02:47:50.669876,2026-03-19 09:40:32.725546,2026-03-19 17:47:56.943534,2026-03-20 10:27:47.223177,2026-03-20 14:26:47.052440,2026-03-20 03:12:55.515405,Delivered,Closed,SHP079,Shipper 079,Marketplace,East Java,ST13_Malang,HB03_SBY_GATEWAY,Central Java,ST09_Semarang,HB04_CTG_NATIONAL,Inter-Region,Next Day,COD,CR117,Van,1.15,1.19,1.19,781918,29355,27582,4,0,0,,34.0,36,0,0,,1,0,,0,,47.23,4.79,8.12,ST09_Semarang,First Mile Delay
SHPM001161,AWB260001161,2026-02-26 15:39:07.217726,2026-02-26 16:04:07.217726,2026-02-26 16:34:07.217726,2026-02-26 23:32:31.743413,2026-02-26 23:40:31.743413,2026-02-27 00:32:31.743413,2026-02-27 01:45:01.752149,2026-02-27 10:36:49.825720,2026-02-27 17:47:41.663978,2026-02-28 05:32:49.199884,2026-02-28 17:37:06.822751,2026-03-01 15:39:07.217726,Delivered,Closed,SHP074,Shipper 074,Enterprise,Outer Java,ST15_Medan,HB05_SUMATRA_GATEWAY,East Java,ST14_Kediri,HB03_SBY_GATEWAY,Inter-Region,Regular,Prepaid,CR141,Van,1.04,1.12,1.12,787438,17040,9455,8,1,0,,8.0,72,1,0,,1,0,,0,,49.97,1.21,7.18,ST14_Kediri,
SHPM001162,AWB260001162,2026-03-26 15:09:56.327314,2026-03-26 15:26:56.327314,2026-03-26 16:10:56.327314,,,,,,,,,2026-03-29 15:09:56.327314,Failed Pickup,Exception,SHP002,Shipper 002,Enterprise,Jabodetabek,ST01_JKT_Central,HB01_JKT_GATEWAY,East Java,ST13_Malang,HB03_SBY_GATEWAY,Inter-Region,Regular,COD,CR003,Bike,1.83,1.78,1.83,1100568,24235,21340,8,0,1,Shipper Not Ready,,72,0,0,,0,0,,0,,260.83,,,ST01_JKT_Central,
SHPM001163,AWB260001163,2026-02-21 18:56:39.900858,2026-02-21 19:38:39.900858,2026-02-21 20:04:39.900858,2026-02-22 04:26:31.418494,2026-02-22 05:03:31.418494,2026-02-22 06:22:31.418494,2026-02-22 08:17:49.018086,2026-02-22 13:02:13.455598,2026-02-23 02:07:38.504956,2026-02-23 09:36:47.051358,2026-02-24 08:47:46.044151,2026-02-23 18:56:39.900858,Delivered,Closed,SHP075,Shipper 075,Marketplace,Outer Java,ST16_Palembang,HB05_SUMATRA_GATEWAY,Outer Java,ST17_Makassar,HB06_EASTERN_GATEWAY,Intra-Region,Regular,Prepaid,CR152,Truck,2.89,2.84,2.89,1563700,25005,14650,8,0,0,,37.0,48,0,0,,1,0,,0,,61.85,1.92,13.09,ST17_Makassar,First Mile Delay
SHPM001164,AWB260001164,2026-03-24 17:22:48.779255,2026-03-24 17:44:48.779255,2026-03-24 18:15:48.779255,2026-03-24 20:40:02.846309,2026-03-24 20:48:02.846309,2026-03-24 22:36:02.846309,2026-03-25 01:32:02.439100,2026-03-25 05:12:41.773127,2026-03-25 07:18:31.879394,2026-03-25 13:17:09.918362,2026-03-26 01:16:13.098186,2026-03-27 17:22:48.779255,Delivered,Closed,SHP075,Shipper 075,Marketplace,Outer Java,ST20_Banjarmasin,HB06_EASTERN_GATEWAY,West Java,ST07_Cirebon,HB02_BDG_TRANSIT,Inter-Region,Regular,Prepaid,CR192,Bike,0.69,0.75,0.75,427078,15375,11787,8,1,0,,8.0,72,1,0,,1,0,,0,,31.89,2.93,2.1,ST07_Cirebon,
SHPM001165,AWB260001165,2026-03-23 06:15:56.268840,2026-03-23 06:52:56.268840,2026-03-23 07:10:56.268840,2026-03-23 10:36:02.022855,2026-03-23 11:30:02.022855,2026-03-23 13:06:02.022855,2026-03-23 14:09:46.426300,2026-03-23 19:10:32.619861,2026-03-24 04:00:27.670323,2026-03-24 18:49:49.813832,2026-03-25 10:29:28.042176,2026-03-26 06:15:56.268840,Delivered,Closed,SHP062,Shipper 062,Enterprise,Jabodetabek,ST04_Bekasi,HB01_JKT_GATEWAY,Outer Java,ST16_Palembang,HB05_SUMATRA_GATEWAY,Inter-Region,Regular,Prepaid,CR042,Bike,0.64,0.64,0.64,1548873,14880,8271,8,1,0,,54.0,72,1,0,,1,0,,0,,52.23,1.06,8.83,ST16_Palembang,
SHPM001166,AWB260001166,2026-02-25 00:04:44.774050,2026-02-25 00:27:44.774050,2026-02-25 00:48:44.774050,2026-02-25 02:38:31.585233,2026-02-25 03:08:31.585233,2026-02-25 04:15:31.585233,2026-02-25 07:48:55.682702,2026-02-25 13:52:34.372998,2026-02-25 18:52:48.004918,2026-02-26 07:08:18.834164,2026-02-26 22:47:44.692044,2026-02-28 00:04:44.774050,Delivered,Closed,SHP058,Shipper 058,Enterprise,Jabodetabek,ST01_JKT_Central,HB01_JKT_GATEWAY,East Java,ST14_Kediri,HB03_SBY_GATEWAY,Inter-Region,Regular,Prepaid,CR001,Bike,1.31,1.38,1.38,1073582,18210,10683,8,1,0,,30.0,72,1,0,,1,0,,0,,46.72,3.56,5.0,ST14_Kediri,
SHPM001167,AWB260001167,2026-02-21 09:12:23.494722,2026-02-21 09:36:23.494722,2026-02-21 10:06:23.494722,2026-02-21 15:44:43.571561,2026-02-21 17:03:43.571561,2026-02-21 18:20:43.571561,2026-02-21 20:59:33.673636,2026-02-22 01:04:41.244408,2026-02-22 17:21:38.525861,2026-02-22 20:11:06.092059,2026-02-23 07:32:36.805580,2026-02-23 09:12:23.494722,Delivered,Closed,SHP020,Shipper 020,SME,East Java,ST14_Kediri,HB03_SBY_GATEWAY,East Java,ST13_Malang,HB03_SBY_GATEWAY,Intra-Region,Regular,Prepaid,CR134,Bike,4.93,4.51,4.93,1203901,34185,28154,8,1,0,,79.0,48,1,0,,1,0,,0,,46.34,2.65,16.28,ST13_Malang,
SHPM001168,AWB260001168,2026-03-21 00:24:58.425801,2026-03-21 01:00:58.425801,2026-03-21 01:15:58.425801,2026-03-21 03:11:17.611962,2026-03-21 03:45:17.611962,2026-03-21 05:03:17.611962,2026-03-21 10:20:05.893882,2026-03-21 13:26:18.606410,2026-03-22 01:54:41.202089,2026-03-22 07:24:33.886106,2026-03-22 10:34:45.114871,2026-03-22 00:24:58.425801,Delivered,Closed,SHP017,Shipper 017,Marketplace,Outer Java,ST16_Palembang,HB05_SUMATRA_GATEWAY,Outer Java,ST15_Medan,HB05_SUMATRA_GATEWAY,Intra-Region,Next Day,COD,CR146,Bike,0.73,0.73,0.73,275114,27285,22494,4,1,0,,34.0,24,0,0,,1,0,,0,,34.16,5.28,12.47,ST15_Medan,Hub Bottleneck
SHPM001169,AWB260001169,2026-02-21 08:14:47.686097,2026-02-21 08:28:47.686097,2026-02-21 09:01:47.686097,2026-02-21 11:59:50.746706,2026-02-21 13:04:50.746706,2026-02-21 14:31:50.746706,2026-02-21 18:47:38.874747,2026-02-22 01:16:27.603065,2026-02-22 18:46:07.114237,2026-02-23 03:49:16.363343,2026-02-23 16:03:53.447106,2026-02-22 20:14:47.686097,Delivered,Closed,SHP089,Shipper 089,Enterprise,Central Java,ST11_Yogyakarta,HB04_CTG_NATIONAL,Outer Java,ST19_Denpasar,HB06_EASTERN_GATEWAY,Inter-Region,Next Day,Prepaid,CR106,Van,2.39,2.24,2.39,700919,30755,19689,4,1,0,,65.0,36,0,0,,1,0,,0,,55.82,4.26,17.49,ST19_Denpasar,Hub Bottleneck
SHPM001170,AWB260001170,2026-03-24 00:35:46.873263,2026-03-24 00:48:46.873263,2026-03-24 01:13:46.873263,2026-03-24 04:58:49.664747,2026-03-24 05:42:49.664747,2026-03-24 06:59:49.664747,2026-03-24 09:13:06.228714,2026-03-24 18:14:46.624633,2026-03-24 23:33:35.058504,2026-03-25 05:31:47.191847,2026-03-25 13:26:51.049529,2026-03-25 12:35:46.873263,Delivered,Closed,SHP050,Shipper 050,Marketplace,Jabodetabek,ST04_Bekasi,HB01_JKT_GATEWAY,West Java,ST08_Bogor,HB01_JKT_GATEWAY,Inter-Region,Next Day,Prepaid,CR042,Bike,2.38,2.72,2.72,205215,32240,30044,4,0,0,,44.0,36,0,0,,1,0,,0,,36.85,2.22,5.31,ST08_Bogor,First Mile Delay
SHPM001171,AWB260001171,2026-03-05 04:30:02.144778,2026-03-05 04:58:02.144778,2026-03-05 05:18:02.144778,,,,,,,,,2026-03-06 16:30:02.144778,Failed Pickup,Exception,SHP087,Shipper 087,Enterprise,Jabodetabek,ST02_JKT_West,HB01_JKT_GATEWAY,Central Java,ST09_Semarang,HB04_CTG_NATIONAL,Inter-Region,Next Day,Prepaid,CR016,Truck,1.07,1.11,1.11,1735169,24995,15999,4,0,1,Shipper Not Ready,,36,0,0,,0,0,,0,,775.5,,,ST02_JKT_West,
SHPM001172,AWB260001172,2026-02-28 21:14:18.389324,2026-02-28 21:42:18.389324,2026-02-28 22:17:18.389324,2026-03-01 06:21:33.437236,2026-03-01 06:44:33.437236,2026-03-01 08:34:33.437236,2026-03-01 11:00:49.775101,2026-03-01 12:39:33.022159,2026-03-01 15:11:05.345826,2026-03-01 17:28:35.218874,2026-03-01 22:48:19.303520,2026-03-02 21:14:18.389324,Delivered,Closed,SHP070,Shipper 070,Enterprise,Jabodetabek,ST04_Bekasi,HB01_JKT_GATEWAY,Jabodetabek,ST04_Bekasi,HB01_JKT_GATEWAY,Intra-Region,Regular,Prepaid,CR041,Truck,0.81,0.86,0.86,538821,15870,10351,8,0,0,,23.0,48,1,0,,1,0,,0,,25.57,2.44,2.53,ST04_Bekasi,
SHPM001173,AWB260001173,2026-03-31 07:47:32.568552,2026-03-31 08:21:32.568552,2026-03-31 08:37:32.568552,2026-03-31 08:59:47.990257,2026-03-31 09:40:47.990257,2026-03-31 11:19:47.990257,2026-03-31 13:03:24.598833,2026-03-31 20:09:20.951095,2026-04-01 03:03:55.604924,2026-04-01 20:21:44.370124,2026-04-02 00:19:46.221285,2026-03-31 23:47:32.568552,Delivered,Closed,SHP057,Shipper 057,SME,Central Java,ST09_Semarang,HB04_CTG_NATIONAL,West Java,ST08_Bogor,HB01_JKT_GATEWAY,Inter-Region,Same Day,Prepaid,CR089,Van,0.9,1.48,1.48,1582511,33660,30967,2,1,0,,41.0,16,0,0,,1,0,,0,,40.54,1.73,6.91,ST08_Bogor,Last Mile Delay
SHPM001174,AWB260001174,2026-03-21 00:18:53.294023,2026-03-21 00:41:53.294023,2026-03-21 01:17:53.294023,2026-03-21 08:43:17.664362,2026-03-21 09:29:17.664362,2026-03-21 11:11:17.664362,2026-03-21 16:43:21.486983,2026-03-22 02:12:26.958197,2026-03-22 13:33:10.585746,2026-03-22 22:56:07.603606,2026-03-23 16:20:10.062404,2026-03-24 00:18:53.294023,Delivered,Closed,SHP084,Shipper 084,Enterprise,Central Java,ST11_Yogyakarta,HB04_CTG_NATIONAL,East Java,ST12_Surabaya,HB03_SBY_GATEWAY,Inter-Region,Regular,Prepaid,CR103,Bike,1.06,1.04,1.06,1402680,16770,10749,8,0,0,,46.0,72,1,0,,1,0,,0,,64.02,5.53,11.35,ST12_Surabaya,
SHPM001175,AWB260001175,2026-03-30 13:18:53.735752,2026-03-30 14:02:53.735752,2026-03-30 14:44:53.735752,2026-03-30 16:16:37.869647,2026-03-30 16:57:37.869647,2026-03-30 18:42:37.869647,2026-03-30 21:51:48.782030,2026-03-31 02:14:26.054988,2026-03-31 04:10:23.600515,2026-03-31 20:02:30.225749,2026-03-31 22:34:29.879497,2026-04-01 01:18:53.735752,Delivered,Closed,SHP064,Shipper 064,Marketplace,Jabodetabek,ST04_Bekasi,HB01_JKT_GATEWAY,East Java,ST13_Malang,HB03_SBY_GATEWAY,Inter-Region,Next Day,Prepaid,CR041,Bike,2.26,2.34,2.34,1217364,30530,19272,4,1,0,,41.0,36,1,0,,1,0,,0,,33.26,3.15,1.93,ST13_Malang,
SHPM001176,AWB260001176,2026-02-22 23:25:52.577565,2026-02-22 23:32:52.577565,2026-02-23 00:07:52.577565,2026-02-23 04:00:17.659889,2026-02-23 04:46:17.659889,2026-02-23 06:11:17.659889,2026-02-23 08:00:42.677878,2026-02-23 10:55:14.690374,2026-02-23 14:23:38.377061,2026-02-23 22:02:53.347798,2026-02-24 03:29:40.817879,2026-02-25 23:25:52.577565,Delivered,Closed,SHP035,Shipper 035,Enterprise,Jabodetabek,ST02_JKT_West,HB01_JKT_GATEWAY,East Java,ST13_Malang,HB03_SBY_GATEWAY,Inter-Region,Regular,Prepaid,CR014,Bike,0.79,1.11,1.11,659327,16995,9818,8,1,0,,46.0,72,1,0,,1,0,,0,,28.06,1.82,3.47,ST13_Malang,
SHPM001177,AWB260001177,2026-03-21 22:18:11.936682,2026-03-21 22:47:11.936682,2026-03-21 23:27:11.936682,2026-03-22 01:11:32.749149,2026-03-22 02:26:32.749149,2026-03-22 04:04:32.749149,2026-03-22 09:24:37.510481,2026-03-22 18:29:45.643069,2026-03-23 02:17:44.160232,2026-03-23 18:03:42.711555,2026-03-24 19:19:42.981921,2026-03-24 22:18:11.936682,Delivered,Closed,SHP089,Shipper 089,Enterprise,Central Java,ST11_Yogyakarta,HB04_CTG_NATIONAL,Outer Java,ST20_Banjarmasin,HB06_EASTERN_GATEWAY,Inter-Region,Regular,Prepaid,CR104,Van,0.88,0.96,0.96,982839,16320,10671,8,1,0,,75.0,72,1,0,,1,0,,0,,69.03,5.33,7.8,ST20_Banjarmasin,
SHPM001178,AWB260001178,2026-02-23 03:36:05.791324,2026-02-23 04:02:05.791324,2026-02-23 04:32:05.791324,2026-02-23 05:29:57.280367,2026-02-23 05:58:57.280367,2026-02-23 07:20:57.280367,2026-02-23 08:31:33.101203,2026-02-23 13:19:01.112617,2026-02-23 20:22:58.264646,2026-02-24 04:02:59.647598,2026-02-24 13:47:51.817695,2026-02-24 15:36:05.791324,Delivered,Closed,SHP002,Shipper 002,Enterprise,Jabodetabek,ST01_JKT_Central,HB01_JKT_GATEWAY,Central Java,ST09_Semarang,HB04_CTG_NATIONAL,Inter-Region,Next Day,Prepaid,CR009,Van,2.2,2.22,2.22,476882,29990,27596,4,1,0,,29.0,36,1,0,,1,0,,0,,34.2,1.18,7.07,ST09_Semarang,
SHPM001179,AWB260001179,2026-03-31 04:18:32.845728,2026-03-31 04:30:32.845728,2026-03-31 04:56:32.845728,2026-03-31 10:33:34.561398,2026-03-31 10:53:34.561398,2026-03-31 11:53:34.561398,2026-03-31 17:47:03.414520,2026-03-31 22:07:48.651078,2026-04-01 09:11:55.733409,2026-04-01 18:11:01.588528,2026-04-02 12:01:13.631895,2026-04-03 04:18:32.845728,Delivered,Closed,SHP089,Shipper 089,Enterprise,Central Java,ST11_Yogyakarta,HB04_CTG_NATIONAL,Jabodetabek,ST05_Tangerang,HB01_JKT_GATEWAY,Inter-Region,Regular,Prepaid,CR106,Bike,0.56,0.59,0.59,1215102,14655,12140,8,1,0,,20.0,72,1,0,,1,0,,0,,55.71,5.89,11.07,ST05_Tangerang,
SHPM001180,AWB260001180,2026-02-20 15:45:34.425972,2026-02-20 16:26:34.425972,2026-02-20 16:39:34.425972,2026-02-20 17:27:02.668541,2026-02-20 18:27:02.668541,2026-02-20 19:11:02.668541,2026-02-20 22:37:45.161365,2026-02-20 23:48:02.781961,2026-02-21 08:24:10.305323,2026-02-21 14:39:47.213501,2026-02-21 15:39:08.921696,2026-02-21 01:45:34.425972,Delivered,Closed,SHP056,Shipper 056,Enterprise,Jabodetabek,ST04_Bekasi,HB01_JKT_GATEWAY,Jabodetabek,ST02_JKT_West,HB01_JKT_GATEWAY,Intra-Region,Same Day,Prepaid,CR038,Van,2.19,2.19,2.19,1250072,36855,29107,2,1,0,,60.0,10,0,0,,1,0,,0,,23.89,3.45,8.6,ST02_JKT_West,Last Mile Delay
SHPM001181,AWB260001181,2026-03-18 10:39:08.962122,2026-03-18 11:24:08.962122,2026-03-18 11:51:08.962122,2026-03-18 14:00:35.026201,2026-03-18 14:32:35.026201,2026-03-18 16:28:35.026201,2026-03-18 17:30:48.835327,2026-03-19 00:57:33.230464,2026-03-19 04:24:47.263728,2026-03-19 12:30:13.653604,2026-03-19 19:59:42.593931,2026-03-21 10:39:08.962122,Delivered,Closed,SHP092,Shipper 092,Marketplace,Jabodetabek,ST03_JKT_East,HB01_JKT_GATEWAY,East Java,ST12_Surabaya,HB03_SBY_GATEWAY,Inter-Region,Regular,Prepaid,CR027,Bike,1.52,1.61,1.61,915087,19245,16825,8,1,0,,32.0,72,1,0,,1,0,,0,,33.34,1.04,3.45,ST12_Surabaya,
SHPM001182,AWB260001182,2026-02-17 10:03:30.312665,2026-02-17 10:21:30.312665,2026-02-17 10:48:30.312665,2026-02-17 17:29:21.555503,2026-02-17 18:31:21.555503,2026-02-17 19:21:21.555503,2026-02-18 00:28:48.253618,2026-02-18 05:04:08.594761,2026-02-18 10:14:00.394202,2026-02-19 03:22:48.871465,2026-02-19 16:30:24.993912,2026-02-20 10:03:30.312665,Delivered,Closed,SHP008,Shipper 008,SME,Outer Java,ST16_Palembang,HB05_SUMATRA_GATEWAY,Jabodetabek,ST04_Bekasi,HB01_JKT_GATEWAY,Inter-Region,Regular,COD,CR147,Bike,1.69,1.82,1.82,2903435,24190,17767,8,1,0,,62.0,72,1,0,,1,0,,0,,54.45,5.12,5.16,ST04_Bekasi,
SHPM001183,AWB260001183,2026-03-22 12:50:01.012448,2026-03-22 13:27:01.012448,2026-03-22 13:52:01.012448,2026-03-22 14:46:42.826223,2026-03-22 14:54:42.826223,2026-03-22 15:15:42.826223,2026-03-22 20:42:43.498486,2026-03-23 05:02:58.949428,2026-03-23 09:19:40.919288,2026-03-23 15:13:08.085145,,2026-03-23 04:50:01.012448,Delivery Exception,Exception,SHP034,Shipper 034,Enterprise,Jabodetabek,ST01_JKT_Central,HB01_JKT_GATEWAY,West Java,ST08_Bogor,HB01_JKT_GATEWAY,Inter-Region,Same Day,Prepaid,CR011,Bike,5.29,7.32,7.32,250330,59940,40116,2,1,0,,8.0,16,0,1,Cash Issue,2,0,,0,,359.17,5.45,4.28,ST08_Bogor,Delivery Exception
SHPM001184,AWB260001184,2026-03-30 06:54:30.719830,2026-03-30 07:11:30.719830,2026-03-30 07:46:30.719830,2026-03-30 10:50:35.245261,2026-03-30 11:51:35.245261,2026-03-30 13:45:35.245261,2026-03-30 22:04:36.354741,2026-03-31 05:59:03.299747,2026-03-31 10:23:40.861382,2026-03-31 16:50:59.880790,2026-04-01 00:04:32.324601,2026-03-31 18:54:30.719830,Delivered,Closed,SHP018,Shipper 018,Enterprise,West Java,ST07_Cirebon,HB02_BDG_TRANSIT,Jabodetabek,ST02_JKT_West,HB01_JKT_GATEWAY,Inter-Region,Next Day,Prepaid,CR065,Bike,1.0,0.94,1.0,597909,24500,15387,4,1,0,,61.0,36,0,0,,1,0,,0,,41.17,8.32,4.41,ST02_JKT_West,Last Mile Delay
SHPM001185,AWB260001185,2026-02-24 11:17:59.634873,2026-02-24 11:33:59.634873,2026-02-24 11:51:59.634873,2026-02-24 14:11:06.625822,2026-02-24 15:06:06.625822,2026-02-24 15:29:06.625822,2026-02-24 18:31:32.228446,2026-02-25 01:44:20.138286,2026-02-25 07:05:45.676212,2026-02-25 23:58:34.773954,2026-02-26 16:58:18.913613,2026-02-27 11:17:59.634873,Delivered,Closed,SHP045,Shipper 045,Marketplace,Jabodetabek,ST02_JKT_West,HB01_JKT_GATEWAY,Outer Java,ST18_Balikpapan,HB06_EASTERN_GATEWAY,Inter-Region,Regular,COD,CR013,Van,0.58,0.59,0.59,1141705,18655,12974,8,1,0,,55.0,72,1,0,,1,0,,0,,53.67,3.04,5.36,ST18_Balikpapan,
SHPM001186,AWB260001186,2026-02-16 00:07:10.442190,2026-02-16 00:46:10.442190,2026-02-16 01:05:10.442190,2026-02-16 03:10:28.596809,2026-02-16 04:12:28.596809,2026-02-16 04:46:28.596809,2026-02-16 10:36:08.349648,2026-02-16 18:56:40.555221,2026-02-17 04:42:34.719286,2026-02-17 18:06:39.124874,2026-02-18 02:32:40.893414,2026-02-19 00:07:10.442190,Delivered,Closed,SHP091,Shipper 091,SME,Outer Java,ST16_Palembang,HB05_SUMATRA_GATEWAY,Central Java,ST10_Solo,HB04_CTG_NATIONAL,Inter-Region,Regular,Prepaid,CR148,Van,0.5,0.69,0.69,1391886,15105,10991,8,1,0,,62.0,72,1,0,,1,0,,0,,50.43,5.83,9.77,ST10_Solo,
SHPM001187,AWB260001187,2026-03-24 16:57:19.507014,2026-03-24 17:05:19.507014,2026-03-24 17:37:19.507014,2026-03-24 18:20:02.111348,2026-03-24 18:39:02.111348,2026-03-24 18:58:02.111348,2026-03-25 00:56:31.620199,2026-03-25 05:09:27.794991,2026-03-26 01:11:45.703468,2026-03-26 13:29:37.338949,2026-03-27 03:38:41.951733,2026-03-26 04:57:19.507014,Delivered,Closed,SHP057,Shipper 057,SME,Central Java,ST09_Semarang,HB04_CTG_NATIONAL,Outer Java,ST15_Medan,HB05_SUMATRA_GATEWAY,Inter-Region,Next Day,Prepaid,CR085,Bike,2.22,2.04,2.22,892445,29990,27163,4,1,0,,19.0,36,0,0,,1,0,,0,,58.69,5.97,20.04,ST15_Medan,Hub Bottleneck
SHPM001188,AWB260001188,2026-03-31 19:12:35.753974,2026-03-31 19:46:35.753974,2026-03-31 20:16:35.753974,2026-03-31 23:39:26.244032,2026-04-01 00:16:26.244032,2026-04-01 01:13:26.244032,2026-04-01 05:25:37.441067,2026-04-01 13:04:27.296918,2026-04-02 01:21:44.885190,2026-04-02 13:55:48.546542,2026-04-02 22:12:44.977982,2026-04-02 07:12:35.753974,Delivered,Closed,SHP046,Shipper 046,SME,East Java,ST14_Kediri,HB03_SBY_GATEWAY,West Java,ST07_Cirebon,HB02_BDG_TRANSIT,Inter-Region,Next Day,COD,CR128,Van,9.02,8.24,9.02,2242853,64590,56270,4,1,0,,37.0,36,0,0,,1,0,,0,,51.0,4.2,12.29,ST07_Cirebon,Hub Bottleneck
SHPM001189,AWB260001189,2026-02-26 16:16:53.337266,2026-02-26 16:54:53.337266,2026-02-26 17:17:53.337266,2026-02-26 22:27:01.894408,2026-02-26 23:13:01.894408,2026-02-27 00:36:01.894408,2026-02-27 06:27:55.157650,2026-02-27 15:53:45.232162,2026-02-27 22:46:58.881683,2026-02-28 12:51:18.584116,2026-02-28 19:31:00.081736,2026-03-01 16:16:53.337266,Delivered,Closed,SHP089,Shipper 089,Enterprise,Central Java,ST11_Yogyakarta,HB04_CTG_NATIONAL,East Java,ST13_Malang,HB03_SBY_GATEWAY,Inter-Region,Regular,COD,CR103,Van,1.1,1.05,1.1,532920,20950,15560,8,1,0,,46.0,72,1,0,,1,0,,0,,51.24,5.86,6.89,ST13_Malang,
SHPM001190,AWB260001190,2026-03-15 13:55:13.445647,2026-03-15 14:06:13.445647,2026-03-15 14:28:13.445647,2026-03-15 21:27:07.672013,2026-03-15 21:35:07.672013,2026-03-15 21:50:07.672013,2026-03-15 23:56:57.954537,2026-03-16 08:17:15.981165,2026-03-16 20:12:45.239593,2026-03-17 10:39:13.082665,2026-03-17 20:46:20.064177,2026-03-18 13:55:13.445647,Delivered,Closed,SHP005,Shipper 005,Enterprise,Central Java,ST09_Semarang,HB04_CTG_NATIONAL,Jabodetabek,ST03_JKT_East,HB01_JKT_GATEWAY,Inter-Region,Regular,Prepaid,CR084,Truck,1.47,1.56,1.56,457438,19020,12993,8,1,0,,8.0,72,1,0,,1,0,,0,,54.85,2.11,11.92,ST03_JKT_East,
SHPM001191,AWB260001191,2026-03-27 15:46:41.542187,2026-03-27 15:53:41.542187,2026-03-27 16:27:41.542187,2026-03-27 20:24:27.478243,2026-03-27 21:21:27.478243,2026-03-27 22:27:27.478243,2026-03-28 01:19:30.121917,2026-03-28 06:14:26.031591,2026-03-28 11:05:37.203627,2026-03-28 20:00:37.136718,2026-03-29 09:36:25.631648,2026-03-30 15:46:41.542187,Delivered,Closed,SHP002,Shipper 002,Enterprise,Jabodetabek,ST03_JKT_East,HB01_JKT_GATEWAY,Central Java,ST09_Semarang,HB04_CTG_NATIONAL,Inter-Region,Regular,Prepaid,CR021,Van,1.2,1.23,1.23,509576,17535,10205,8,1,0,,57.0,72,1,0,,1,0,,0,,41.83,2.87,4.85,ST09_Semarang,
SHPM001192,AWB260001192,2026-03-17 13:18:25.286958,2026-03-17 13:27:25.286958,2026-03-17 14:02:25.286958,2026-03-17 17:21:03.231259,2026-03-17 18:30:03.231259,2026-03-17 19:33:03.231259,2026-03-18 02:02:35.908435,2026-03-18 04:46:28.312371,2026-03-18 07:09:47.015160,2026-03-18 14:55:51.773180,2026-03-19 00:43:56.380442,2026-03-19 01:18:25.286958,Delivered,Closed,SHP076,Shipper 076,Enterprise,West Java,ST07_Cirebon,HB02_BDG_TRANSIT,Jabodetabek,ST03_JKT_East,HB01_JKT_GATEWAY,Inter-Region,Next Day,Prepaid,CR065,Bike,0.95,1.0,1.0,1591892,24500,22570,4,1,0,,69.0,36,1,0,,1,0,,0,,35.43,6.49,2.39,ST03_JKT_East,
SHPM001193,AWB260001193,2026-03-02 04:42:57.441054,2026-03-02 05:11:57.441054,2026-03-02 05:36:57.441054,2026-03-02 09:45:39.976505,2026-03-02 09:58:39.976505,2026-03-02 11:12:39.976505,2026-03-02 16:00:00.348079,2026-03-02 22:08:25.165040,2026-03-03 00:01:13.423803,2026-03-03 06:25:26.870376,2026-03-03 16:51:47.611396,2026-03-03 16:42:57.441054,Delivered,Closed,SHP080,Shipper 080,SME,Outer Java,ST19_Denpasar,HB06_EASTERN_GATEWAY,East Java,ST12_Surabaya,HB03_SBY_GATEWAY,Inter-Region,Next Day,COD,CR180,Van,1.06,1.45,1.45,433481,30525,24476,4,0,0,,13.0,36,0,0,,1,0,,0,,36.15,4.79,1.88,ST12_Surabaya,First Mile Delay
SHPM001194,AWB260001194,2026-02-27 00:57:43.594000,2026-02-27 01:06:43.594000,2026-02-27 01:32:43.594000,2026-02-27 08:06:10.655944,2026-02-27 08:36:10.655944,2026-02-27 09:47:10.655944,2026-02-27 13:49:10.514049,2026-02-27 20:35:31.646587,2026-02-28 12:34:40.275318,2026-02-28 22:01:55.753075,2026-03-01 19:11:23.525002,2026-03-02 00:57:43.594000,Delivered,Closed,SHP081,Shipper 081,Marketplace,West Java,ST06_Bandung,HB01_JKT_GATEWAY,Outer Java,ST18_Balikpapan,HB06_EASTERN_GATEWAY,Inter-Region,Regular,COD,CR059,Bike,0.28,0.3,0.3,1233128,17350,14316,8,1,0,,30.0,72,1,0,,1,0,,0,,66.23,4.03,15.99,ST18_Balikpapan,
SHPM001195,AWB260001195,2026-03-16 12:17:50.318950,2026-03-16 12:34:50.318950,2026-03-16 13:01:50.318950,2026-03-16 16:53:15.701678,2026-03-16 17:01:15.701678,2026-03-16 17:26:15.701678,2026-03-16 21:23:04.061548,2026-03-17 03:09:27.659633,2026-03-17 08:06:22.535664,2026-03-17 18:58:35.146275,2026-03-18 02:25:10.386110,2026-03-18 00:17:50.318950,Delivered,Closed,SHP035,Shipper 035,Enterprise,Jabodetabek,ST02_JKT_West,HB01_JKT_GATEWAY,West Java,ST08_Bogor,HB01_JKT_GATEWAY,Inter-Region,Next Day,COD,CR017,Van,0.99,1.09,1.09,1245438,28905,25199,4,0,0,,8.0,36,0,0,,1,0,,0,,38.12,3.95,4.95,ST08_Bogor,First Mile Delay
SHPM001196,AWB260001196,2026-03-17 19:50:35.079399,2026-03-17 20:27:35.079399,2026-03-17 20:42:35.079399,2026-03-18 03:49:18.535465,2026-03-18 04:10:18.535465,2026-03-18 04:54:18.535465,2026-03-18 08:43:45.747254,2026-03-18 11:21:32.880559,2026-03-18 22:52:38.532818,2026-03-19 05:27:57.583887,2026-03-19 18:11:28.051696,2026-03-20 19:50:35.079399,Delivered,Closed,SHP058,Shipper 058,Enterprise,Jabodetabek,ST01_JKT_Central,HB01_JKT_GATEWAY,East Java,ST12_Surabaya,HB03_SBY_GATEWAY,Inter-Region,Regular,COD,CR009,Bike,1.06,1.0,1.06,813860,20770,15468,8,1,0,,21.0,72,1,0,,1,0,,0,,46.35,3.82,11.52,ST12_Surabaya,
SHPM001197,AWB260001197,2026-03-15 00:34:01.714400,2026-03-15 00:56:01.714400,2026-03-15 01:34:01.714400,2026-03-15 05:14:51.822655,2026-03-15 05:39:51.822655,2026-03-15 06:26:51.822655,2026-03-15 09:21:24.758862,2026-03-15 11:24:54.743264,2026-03-15 17:37:40.668412,2026-03-16 00:48:58.983777,2026-03-16 06:32:29.509112,2026-03-16 12:34:01.714400,Delivered,Closed,SHP080,Shipper 080,SME,Outer Java,ST19_Denpasar,HB06_EASTERN_GATEWAY,Jabodetabek,ST04_Bekasi,HB01_JKT_GATEWAY,Inter-Region,Next Day,Prepaid,CR176,Bike,0.99,0.9,0.99,1235139,24455,15920,4,0,0,,25.0,36,1,0,,1,0,,0,,29.97,2.91,6.21,ST04_Bekasi,
SHPM001198,AWB260001198,2026-03-14 18:12:27.527070,2026-03-14 18:47:27.527070,2026-03-14 19:11:27.527070,2026-03-14 22:30:17.189700,2026-03-14 22:52:17.189700,2026-03-15 00:08:17.189700,2026-03-15 05:01:35.911931,2026-03-15 07:33:46.913491,2026-03-15 18:43:38.197278,2026-03-16 09:13:54.542196,2026-03-16 16:29:09.135214,2026-03-17 18:12:27.527070,Delivered,Closed,SHP090,Shipper 090,Enterprise,East Java,ST14_Kediri,HB03_SBY_GATEWAY,West Java,ST06_Bandung,HB01_JKT_GATEWAY,Inter-Region,Regular,Prepaid,CR133,Van,1.93,1.97,1.97,457876,20865,14165,8,1,0,,22.0,72,1,0,,1,0,,0,,46.28,4.89,11.16,ST06_Bandung,
SHPM001199,AWB260001199,2026-02-25 17:11:49.064773,2026-02-25 17:33:49.064773,2026-02-25 17:48:49.064773,2026-02-25 21:38:32.031089,2026-02-25 22:07:32.031089,2026-02-26 00:04:32.031089,2026-02-26 02:19:04.024108,2026-02-26 06:22:17.197867,2026-02-26 20:14:05.279907,2026-02-27 02:34:34.354249,2026-02-27 15:42:22.686730,2026-02-28 17:11:49.064773,Delivered,Closed,SHP021,Shipper 021,Marketplace,East Java,ST14_Kediri,HB03_SBY_GATEWAY,Jabodetabek,ST02_JKT_West,HB01_JKT_GATEWAY,Inter-Region,Regular,Prepaid,CR131,Van,0.36,0.35,0.36,1254004,13620,9683,8,1,0,,29.0,72,1,0,,1,0,,0,,46.51,2.24,13.86,ST02_JKT_West,
SHPM001200,AWB260001200,2026-03-25 17:40:39.309726,2026-03-25 18:10:39.309726,2026-03-25 18:21:39.309726,2026-03-25 20:44:06.014062,2026-03-25 21:17:06.014062,2026-03-25 21:59:06.014062,2026-03-25 23:55:32.600949,2026-03-26 08:12:38.867313,2026-03-26 16:13:54.483026,2026-03-26 21:25:16.867639,2026-03-27 11:15:53.824833,2026-03-28 17:40:39.309726,Delivered,Closed,SHP087,Shipper 087,Enterprise,Jabodetabek,ST02_JKT_West,HB01_JKT_GATEWAY,Outer Java,ST16_Palembang,HB05_SUMATRA_GATEWAY,Inter-Region,Regular,COD,CR014,Van,2.68,2.6,2.68,1948221,28060,19039,8,1,0,,33.0,72,1,0,,1,0,,0,,41.59,1.94,8.02,ST16_Palembang,
SHPM001201,AWB260001201,2026-03-18 15:15:36.184402,2026-03-18 15:59:36.184402,2026-03-18 16:24:36.184402,2026-03-18 18:00:39.017304,2026-03-18 18:48:39.017304,2026-03-18 19:51:39.017304,2026-03-18 21:16:50.552378,2026-03-19 06:13:52.208616,2026-03-19 22:08:16.635659,2026-03-20 14:37:58.765615,2026-03-20 17:42:10.921217,2026-03-20 03:15:36.184402,Delivered,Closed,SHP047,Shipper 047,Marketplace,Central Java,ST10_Solo,HB04_CTG_NATIONAL,Outer Java,ST16_Palembang,HB05_SUMATRA_GATEWAY,Inter-Region,Next Day,COD,CR096,Bike,6.11,5.74,6.11,564942,51495,33245,4,1,0,,48.0,36,0,0,,1,0,,0,,50.44,1.42,15.91,ST16_Palembang,Hub Bottleneck
SHPM001202,AWB260001202,2026-02-25 03:15:23.467106,2026-02-25 03:24:23.467106,2026-02-25 04:04:23.467106,2026-02-25 09:11:52.872289,2026-02-25 10:10:52.872289,2026-02-25 11:17:52.872289,2026-02-25 14:34:22.174034,2026-02-25 17:57:39.662960,2026-02-26 00:37:02.643297,2026-02-26 06:36:25.345366,2026-02-27 13:33:30.494045,2026-02-28 03:15:23.467106,Delivered,Closed,SHP007,Shipper 007,SME,Jabodetabek,ST05_Tangerang,HB01_JKT_GATEWAY,Outer Java,ST16_Palembang,HB05_SUMATRA_GATEWAY,Inter-Region,Regular,Prepaid,CR049,Bike,1.03,1.75,1.75,779800,19875,18032,8,1,0,,59.0,72,1,0,,1,0,,0,,58.3,3.27,6.66,ST16_Palembang,
SHPM001203,AWB260001203,2026-02-20 13:41:10.753656,2026-02-20 14:18:10.753656,2026-02-20 15:03:10.753656,2026-02-20 18:17:20.635314,2026-02-20 19:12:20.635314,2026-02-20 21:08:20.635314,2026-02-20 23:48:16.301291,2026-02-21 02:23:18.238685,2026-02-21 11:38:51.388697,2026-02-21 19:59:33.736309,2026-02-22 10:17:09.650180,2026-02-23 13:41:10.753656,Delivered,Closed,SHP022,Shipper 022,Marketplace,Central Java,ST09_Semarang,HB04_CTG_NATIONAL,Jabodetabek,ST03_JKT_East,HB01_JKT_GATEWAY,Inter-Region,Regular,Prepaid,CR083,Bike,4.58,7.74,7.74,1389824,46830,33677,8,1,0,,55.0,72,1,0,,1,0,,0,,44.6,2.67,9.26,ST03_JKT_East,
SHPM001204,AWB260001204,2026-02-16 09:55:14.521417,2026-02-16 10:37:14.521417,2026-02-16 10:48:14.521417,2026-02-16 12:31:35.849565,2026-02-16 13:17:35.849565,2026-02-16 14:40:35.849565,2026-02-16 17:02:27.538391,2026-02-16 21:30:57.561485,2026-02-17 15:10:44.184578,2026-02-17 23:25:56.381750,2026-02-18 09:20:42.493729,2026-02-17 21:55:14.521417,Delivered,Closed,SHP058,Shipper 058,Enterprise,Jabodetabek,ST03_JKT_East,HB01_JKT_GATEWAY,Outer Java,ST17_Makassar,HB06_EASTERN_GATEWAY,Inter-Region,Next Day,Prepaid,CR030,Bike,0.61,0.88,0.88,890484,23960,14095,4,1,0,,46.0,36,0,0,,1,0,,0,,47.42,2.36,17.66,ST17_Makassar,Hub Bottleneck
SHPM001205,AWB260001205,2026-03-13 15:51:45.670295,2026-03-13 16:07:45.670295,2026-03-13 16:56:45.670295,2026-03-14 05:46:15.932361,2026-03-14 06:54:15.932361,2026-03-14 08:41:15.932361,2026-03-14 18:46:27.143440,2026-03-15 03:52:44.796003,2026-03-15 13:26:00.439203,2026-03-15 23:25:57.922281,2026-03-16 17:12:41.896272,2026-03-16 15:51:45.670295,Delivered,Closed,SHP090,Shipper 090,Enterprise,East Java,ST12_Surabaya,HB03_SBY_GATEWAY,Central Java,ST09_Semarang,HB04_CTG_NATIONAL,Inter-Region,Regular,Prepaid,CR113,Van,0.98,1.01,1.01,1627422,16545,13295,8,0,0,,68.0,72,0,0,,1,0,,0,,73.35,10.09,9.55,ST09_Semarang,First Mile Delay
SHPM001206,AWB260001206,2026-02-25 17:13:15.410367,2026-02-25 17:54:15.410367,2026-02-25 18:17:15.410367,2026-02-25 20:04:06.949204,2026-02-25 20:52:06.949204,2026-02-25 21:08:06.949204,2026-02-26 01:32:45.083888,2026-02-26 04:06:55.233688,2026-02-26 11:56:30.117959,2026-02-26 22:33:35.429635,2026-02-27 03:23:19.373689,2026-02-26 09:13:15.410367,Delivered,Closed,SHP061,Shipper 061,Enterprise,Outer Java,ST17_Makassar,HB06_EASTERN_GATEWAY,Jabodetabek,ST03_JKT_East,HB01_JKT_GATEWAY,Inter-Region,Same Day,Prepaid,CR154,Van,1.27,1.28,1.28,478663,32760,29558,2,0,0,,48.0,16,0,0,,1,0,,0,,34.17,4.41,7.83,ST03_JKT_East,First Mile Delay
SHPM001207,AWB260001207,2026-03-21 13:41:32.483708,2026-03-21 14:07:32.483708,2026-03-21 14:49:32.483708,2026-03-21 17:39:03.267393,2026-03-21 18:25:03.267393,2026-03-21 20:04:03.267393,2026-03-22 01:35:55.940144,2026-03-22 03:57:50.536112,2026-03-22 09:40:05.238875,2026-03-23 02:17:34.548974,2026-03-23 06:09:58.839871,2026-03-23 01:41:32.483708,Delivered,Closed,SHP074,Shipper 074,Enterprise,Outer Java,ST17_Makassar,HB06_EASTERN_GATEWAY,West Java,ST08_Bogor,HB01_JKT_GATEWAY,Inter-Region,Next Day,COD,CR162,Bike,0.83,1.14,1.14,1319767,29130,21232,4,1,0,,46.0,36,0,0,,1,0,,0,,40.47,5.53,5.7,ST08_Bogor,Last Mile Delay
SHPM001208,AWB260001208,2026-03-05 08:24:33.773463,2026-03-05 08:29:33.773463,2026-03-05 09:02:33.773463,2026-03-05 12:22:13.838659,2026-03-05 13:08:13.838659,2026-03-05 14:50:13.838659,2026-03-05 20:41:20.991640,2026-03-05 23:15:55.007558,2026-03-06 04:54:37.883056,2026-03-06 20:22:53.760244,2026-03-07 07:11:26.827250,2026-03-06 20:24:33.773463,Delivered,Closed,SHP058,Shipper 058,Enterprise,Jabodetabek,ST01_JKT_Central,HB01_JKT_GATEWAY,West Java,ST06_Bandung,HB01_JKT_GATEWAY,Inter-Region,Next Day,Prepaid,CR011,Van,0.54,0.58,0.58,991144,22610,20655,4,1,0,,46.0,36,0,0,,1,0,,0,,46.78,5.85,5.65,ST06_Bandung,Last Mile Delay
SHPM001209,AWB260001209,2026-03-05 05:18:49.934796,2026-03-05 05:23:49.934796,2026-03-05 06:01:49.934796,2026-03-05 08:23:30.449664,2026-03-05 09:09:30.449664,2026-03-05 10:36:30.449664,2026-03-05 16:16:58.583566,2026-03-05 18:45:29.733534,2026-03-06 06:16:59.469885,2026-03-06 15:07:15.117818,2026-03-06 23:22:56.886985,2026-03-06 17:18:49.934796,Delivered,Closed,SHP029,Shipper 029,SME,Outer Java,ST18_Balikpapan,HB06_EASTERN_GATEWAY,Jabodetabek,ST02_JKT_West,HB01_JKT_GATEWAY,Inter-Region,Next Day,Prepaid,CR166,Bike,1.1,1.0,1.1,575328,24950,23240,4,1,0,,46.0,36,0,0,,1,0,,0,,42.07,5.67,11.52,ST02_JKT_West,Hub Bottleneck
SHPM001210,AWB260001210,2026-02-17 03:28:34.472081,2026-02-17 03:58:34.472081,2026-02-17 04:38:34.472081,2026-02-17 06:50:37.424451,2026-02-17 07:36:37.424451,2026-02-17 09:10:37.424451,2026-02-17 10:59:58.790548,2026-02-17 15:02:41.127734,2026-02-17 23:10:09.637513,2026-02-18 10:08:16.999865,,2026-02-18 15:28:34.472081,Delivery Exception,Exception,SHP081,Shipper 081,Marketplace,West Java,ST06_Bandung,HB01_JKT_GATEWAY,Outer Java,ST18_Balikpapan,HB06_EASTERN_GATEWAY,Inter-Region,Next Day,Prepaid,CR061,Bike,2.14,2.03,2.14,628805,29630,17667,4,1,0,,46.0,36,0,1,Customer Reschedule,3,0,,0,,1160.52,1.82,8.12,ST18_Balikpapan,Delivery Exception
SHPM001211,AWB260001211,2026-03-29 23:52:24.142362,2026-03-30 00:11:24.142362,2026-03-30 00:41:24.142362,2026-03-30 04:25:53.182761,2026-03-30 04:49:53.182761,2026-03-30 06:37:53.182761,2026-03-30 12:14:17.440595,2026-03-30 20:23:01.932940,2026-03-31 07:39:58.909381,2026-04-01 01:22:10.229603,,2026-04-01 23:52:24.142362,Delivery Exception,Exception,SHP005,Shipper 005,Enterprise,Central Java,ST09_Semarang,HB04_CTG_NATIONAL,Jabodetabek,ST03_JKT_East,HB01_JKT_GATEWAY,Inter-Region,Regular,Prepaid,CR090,Van,1.97,1.99,1.99,781402,20955,17864,8,1,0,,24.0,72,0,1,Customer Reschedule,2,0,,0,,180.13,5.61,11.28,ST03_JKT_East,Hub Bottleneck
SHPM001212,AWB260001212,2026-03-29 21:11:24.834173,2026-03-29 21:16:24.834173,2026-03-29 21:55:24.834173,2026-03-29 23:15:29.599240,2026-03-29 23:55:29.599240,2026-03-30 01:53:29.599240,2026-03-30 06:26:09.837783,2026-03-30 09:54:01.166899,2026-03-30 19:51:08.029383,2026-03-31 03:16:35.387995,2026-03-31 06:33:46.128383,2026-03-30 07:11:24.834173,Delivered,Closed,SHP058,Shipper 058,Enterprise,Jabodetabek,ST03_JKT_East,HB01_JKT_GATEWAY,Jabodetabek,ST05_Tangerang,HB01_JKT_GATEWAY,Intra-Region,Same Day,Prepaid,CR026,Van,0.79,0.94,0.94,1806628,31230,19351,2,1,0,,40.0,10,0,0,,1,0,,0,,33.37,4.54,9.95,ST05_Tangerang,Last Mile Delay
SHPM001213,AWB260001213,2026-03-25 18:29:09.794258,2026-03-25 19:14:09.794258,2026-03-25 20:07:09.794258,2026-03-25 21:52:01.774761,2026-03-25 22:33:01.774761,2026-03-26 00:26:01.774761,2026-03-26 03:16:13.808568,2026-03-26 05:26:09.910918,2026-03-26 10:08:01.830972,2026-03-27 02:34:13.753701,2026-03-27 11:34:48.259064,2026-03-27 06:29:09.794258,Delivered,Closed,SHP099,Shipper 099,SME,West Java,ST08_Bogor,HB01_JKT_GATEWAY,Jabodetabek,ST05_Tangerang,HB01_JKT_GATEWAY,Inter-Region,Next Day,Prepaid,CR082,Van,2.99,3.16,3.16,1598329,34220,22355,4,1,0,,41.0,36,0,0,,1,0,,0,,41.09,2.84,4.7,ST05_Tangerang,Last Mile Delay
SHPM001214,AWB260001214,2026-02-21 01:01:09.518499,2026-02-21 01:06:09.518499,2026-02-21 01:47:09.518499,2026-02-21 06:02:12.965606,2026-02-21 06:30:12.965606,2026-02-21 07:24:12.965606,2026-02-21 08:54:28.263114,2026-02-21 14:41:20.850637,2026-02-21 18:39:32.519344,2026-02-22 11:01:56.275614,2026-02-22 21:33:53.598443,2026-02-24 01:01:09.518499,Delivered,Closed,SHP049,Shipper 049,Enterprise,Jabodetabek,ST05_Tangerang,HB01_JKT_GATEWAY,Central Java,ST11_Yogyakarta,HB04_CTG_NATIONAL,Inter-Region,Regular,COD,CR045,Bike,0.66,0.66,0.66,1840842,18970,13860,8,1,0,,28.0,72,1,0,,1,0,,0,,44.55,1.5,3.97,ST11_Yogyakarta,
SHPM001215,AWB260001215,2026-03-31 09:35:37.343421,2026-03-31 09:50:37.343421,2026-03-31 10:35:37.343421,2026-03-31 12:03:16.678931,2026-03-31 12:36:16.678931,2026-03-31 14:23:16.678931,2026-03-31 15:28:22.109298,2026-03-31 22:23:35.108503,2026-04-01 07:22:26.966790,2026-04-02 00:56:07.374521,2026-04-02 18:52:25.253946,2026-04-03 09:35:37.343421,Delivered,Closed,SHP034,Shipper 034,Enterprise,Jabodetabek,ST01_JKT_Central,HB01_JKT_GATEWAY,West Java,ST08_Bogor,HB01_JKT_GATEWAY,Inter-Region,Regular,Prepaid,CR007,Bike,1.13,1.15,1.15,329762,17175,13750,8,1,0,,33.0,72,1,0,,1,0,,0,,57.28,1.08,8.98,ST08_Bogor,
SHPM001216,AWB260001216,2026-02-19 22:30:09.976694,2026-02-19 22:57:09.976694,2026-02-19 23:18:09.976694,2026-02-20 04:29:19.118417,2026-02-20 04:41:19.118417,2026-02-20 05:46:19.118417,2026-02-20 07:24:01.805792,2026-02-20 15:27:16.562917,2026-02-21 00:07:48.281252,2026-02-21 12:39:56.580721,2026-02-22 02:57:26.141143,2026-02-22 22:30:09.976694,Delivered,Closed,SHP041,Shipper 041,SME,West Java,ST08_Bogor,HB01_JKT_GATEWAY,East Java,ST12_Surabaya,HB03_SBY_GATEWAY,Inter-Region,Regular,Prepaid,CR081,Van,1.2,1.1,1.2,334510,17400,14014,8,1,0,,12.0,72,1,0,,1,0,,0,,52.45,1.63,8.68,ST12_Surabaya,
SHPM001217,AWB260001217,2026-03-10 07:46:22.385103,2026-03-10 08:06:22.385103,2026-03-10 08:27:22.385103,2026-03-10 09:57:09.030749,2026-03-10 10:57:09.030749,2026-03-10 12:48:09.030749,2026-03-10 18:37:56.217728,2026-03-10 20:37:39.334326,2026-03-11 03:14:37.073454,2026-03-11 06:57:16.495360,2026-03-11 09:44:57.417070,2026-03-10 17:46:22.385103,Delivered,Closed,SHP071,Shipper 071,Enterprise,Jabodetabek,ST04_Bekasi,HB01_JKT_GATEWAY,Jabodetabek,ST02_JKT_West,HB01_JKT_GATEWAY,Intra-Region,Same Day,COD,CR040,Bike,1.3,1.77,1.77,599783,38965,24548,2,1,0,,60.0,10,0,0,,1,0,,0,,25.98,5.83,6.62,ST02_JKT_West,Last Mile Delay
SHPM001218,AWB260001218,2026-03-11 18:10:30.197264,2026-03-11 18:21:30.197264,2026-03-11 19:14:30.197264,2026-03-12 02:26:30.993753,2026-03-12 03:37:30.993753,2026-03-12 04:48:30.993753,2026-03-12 09:17:13.106237,2026-03-12 12:06:12.957062,2026-03-13 09:04:47.302531,2026-03-13 15:19:48.391956,2026-03-14 09:05:21.682934,2026-03-14 18:10:30.197264,Delivered,Closed,SHP025,Shipper 025,Marketplace,East Java,ST12_Surabaya,HB03_SBY_GATEWAY,Jabodetabek,ST05_Tangerang,HB01_JKT_GATEWAY,Inter-Region,Regular,Prepaid,CR111,Van,1.37,1.24,1.37,1518482,18165,14629,8,0,0,,71.0,72,1,0,,1,0,,0,,62.91,4.48,20.98,ST05_Tangerang,
SHPM001219,AWB260001219,2026-02-25 07:50:47.362799,2026-02-25 08:02:47.362799,2026-02-25 08:23:47.362799,2026-02-25 10:46:36.028129,2026-02-25 11:30:36.028129,2026-02-25 13:09:36.028129,2026-02-25 14:52:40.517112,2026-02-25 21:18:17.684725,2026-02-26 04:57:42.134792,2026-02-26 10:20:27.065744,2026-02-27 08:33:23.547677,2026-02-28 07:50:47.362799,Delivered,Closed,SHP081,Shipper 081,Marketplace,West Java,ST06_Bandung,HB01_JKT_GATEWAY,Outer Java,ST17_Makassar,HB06_EASTERN_GATEWAY,Inter-Region,Regular,Prepaid,CR060,Truck,0.98,0.94,0.98,1898524,16410,11658,8,1,0,,44.0,72,1,0,,1,0,,0,,48.71,1.72,7.66,ST17_Makassar,
SHPM001220,AWB260001220,2026-03-02 11:23:34.060419,2026-03-02 12:08:34.060419,2026-03-02 12:54:34.060419,2026-03-02 14:23:56.735537,2026-03-02 14:43:56.735537,2026-03-02 16:34:56.735537,2026-03-02 20:17:16.214599,2026-03-02 23:14:14.685780,2026-03-03 09:54:00.910607,2026-03-03 23:31:26.134597,2026-03-04 01:46:38.076393,2026-03-03 03:23:34.060419,Delivered,Closed,SHP005,Shipper 005,Enterprise,Central Java,ST09_Semarang,HB04_CTG_NATIONAL,Jabodetabek,ST03_JKT_East,HB01_JKT_GATEWAY,Inter-Region,Same Day,Prepaid,CR087,Bike,0.87,0.87,0.87,1667942,30915,19433,2,0,0,,20.0,16,0,0,,1,0,,0,,38.38,3.71,10.66,ST03_JKT_East,First Mile Delay
SHPM001221,AWB260001221,2026-03-03 08:08:52.224496,2026-03-03 08:45:52.224496,2026-03-03 09:16:52.224496,2026-03-03 10:48:48.658305,2026-03-03 11:12:48.658305,2026-03-03 12:57:48.658305,2026-03-03 14:00:16.153874,2026-03-03 16:47:48.852920,2026-03-03 23:06:47.168143,2026-03-04 05:04:06.310563,2026-03-04 09:08:44.754565,2026-03-04 00:08:52.224496,Delivered,Closed,SHP082,Shipper 082,SME,Outer Java,ST19_Denpasar,HB06_EASTERN_GATEWAY,East Java,ST12_Surabaya,HB03_SBY_GATEWAY,Inter-Region,Same Day,Prepaid,CR176,Van,1.75,2.54,2.54,1419624,38430,22358,2,0,0,,24.0,16,0,0,,1,0,,0,,25.0,1.04,6.32,ST12_Surabaya,First Mile Delay
SHPM001222,AWB260001222,2026-03-10 00:26:05.765455,2026-03-10 00:41:05.765455,2026-03-10 01:17:05.765455,2026-03-10 02:40:42.056121,2026-03-10 03:42:42.056121,2026-03-10 04:46:42.056121,2026-03-10 07:24:26.327479,2026-03-10 15:23:53.204192,2026-03-10 18:19:33.335685,2026-03-11 02:30:44.255697,2026-03-11 16:19:19.480366,2026-03-11 12:26:05.765455,Delivered,Closed,SHP084,Shipper 084,Enterprise,Central Java,ST11_Yogyakarta,HB04_CTG_NATIONAL,Outer Java,ST18_Balikpapan,HB06_EASTERN_GATEWAY,Inter-Region,Next Day,Prepaid,CR106,Bike,2.25,2.03,2.25,487192,30125,26128,4,1,0,,62.0,36,0,0,,1,0,,0,,39.89,2.63,2.93,ST18_Balikpapan,Remote Area
SHPM001223,AWB260001223,2026-03-11 06:56:29.068108,2026-03-11 07:16:29.068108,2026-03-11 07:54:29.068108,2026-03-11 13:05:52.165234,2026-03-11 13:43:52.165234,2026-03-11 15:05:52.165234,2026-03-11 19:46:43.107841,2026-03-12 02:48:56.417526,2026-03-12 12:34:06.333910,2026-03-13 02:05:30.611466,2026-03-13 12:27:07.501662,2026-03-14 06:56:29.068108,Delivered,Closed,SHP024,Shipper 024,Marketplace,Jabodetabek,ST03_JKT_East,HB01_JKT_GATEWAY,West Java,ST06_Bandung,HB01_JKT_GATEWAY,Inter-Region,Regular,Prepaid,CR019,Bike,0.88,0.81,0.88,1074385,15960,12300,8,1,0,,38.0,72,1,0,,1,0,,0,,53.51,4.68,9.75,ST06_Bandung,
SHPM001224,AWB260001224,2026-02-18 09:54:51.510539,2026-02-18 10:34:51.510539,2026-02-18 11:02:51.510539,2026-02-18 15:45:40.953677,2026-02-18 16:23:40.953677,2026-02-18 18:02:40.953677,2026-02-18 19:52:40.892053,2026-02-19 04:26:58.564512,2026-02-19 12:11:25.085387,2026-02-20 04:13:32.858681,2026-02-20 18:59:25.966096,2026-02-21 09:54:51.510539,Delivered,Closed,SHP007,Shipper 007,SME,Jabodetabek,ST05_Tangerang,HB01_JKT_GATEWAY,East Java,ST12_Surabaya,HB03_SBY_GATEWAY,Inter-Region,Regular,Prepaid,CR045,Truck,0.83,1.04,1.04,297282,16680,14853,8,1,0,,38.0,72,1,0,,1,0,,0,,57.08,1.83,7.74,ST12_Surabaya,
SHPM001225,AWB260001225,2026-02-26 05:33:55.784748,2026-02-26 06:01:55.784748,2026-02-26 06:19:55.784748,2026-02-26 09:04:18.207666,2026-02-26 10:00:18.207666,2026-02-26 10:43:18.207666,2026-02-26 13:02:04.010156,2026-02-26 20:16:22.095429,2026-02-27 04:34:22.863252,2026-02-27 20:10:53.591688,2026-02-28 04:40:41.038184,2026-03-01 05:33:55.784748,Delivered,Closed,SHP072,Shipper 072,Enterprise,Outer Java,ST18_Balikpapan,HB06_EASTERN_GATEWAY,Central Java,ST11_Yogyakarta,HB04_CTG_NATIONAL,Inter-Region,Regular,Prepaid,CR166,Truck,1.92,1.76,1.92,1252513,20640,17719,8,1,0,,56.0,72,1,0,,1,0,,0,,47.11,2.31,8.3,ST11_Yogyakarta,
SHPM001226,AWB260001226,2026-03-28 10:58:27.946832,2026-03-28 11:41:27.946832,2026-03-28 12:11:27.946832,2026-03-28 15:36:53.877650,2026-03-28 15:50:53.877650,2026-03-28 17:14:53.877650,2026-03-28 18:39:09.667489,2026-03-28 21:13:15.419324,2026-03-30 02:35:40.941343,2026-03-30 13:44:46.979852,2026-03-31 04:05:16.277302,2026-03-31 10:58:27.946832,Delivered,Closed,SHP021,Shipper 021,Marketplace,East Java,ST14_Kediri,HB03_SBY_GATEWAY,Jabodetabek,ST03_JKT_East,HB01_JKT_GATEWAY,Inter-Region,Regular,Prepaid,CR126,Bike,2.44,2.47,2.47,1292888,23115,14163,8,1,0,,14.0,72,1,0,,1,0,,0,,65.11,1.4,29.37,ST03_JKT_East,
SHPM001227,AWB260001227,2026-02-27 13:39:37.071591,2026-02-27 13:45:37.071591,2026-02-27 14:35:37.071591,2026-02-27 21:05:56.953034,2026-02-27 22:03:56.953034,2026-02-27 22:59:56.953034,2026-02-28 02:13:51.495161,2026-02-28 09:42:57.140763,2026-02-28 18:07:14.262479,2026-03-01 07:08:25.541880,2026-03-01 23:21:57.010178,2026-03-02 13:39:37.071591,Delivered,Closed,SHP085,Shipper 085,Marketplace,Central Java,ST09_Semarang,HB04_CTG_NATIONAL,Jabodetabek,ST05_Tangerang,HB01_JKT_GATEWAY,Inter-Region,Regular,Prepaid,CR083,Bike,1.28,1.32,1.32,2684788,17940,15810,8,1,0,,58.0,72,1,0,,1,0,,0,,57.71,3.23,8.4,ST05_Tangerang,
SHPM001228,AWB260001228,2026-03-06 06:38:47.553586,2026-03-06 07:01:47.553586,2026-03-06 07:32:47.553586,2026-03-06 07:38:17.807333,2026-03-06 07:46:17.807333,2026-03-06 08:06:17.807333,2026-03-06 11:04:14.443917,2026-03-06 18:16:39.688707,2026-03-07 08:44:34.240142,2026-03-07 17:14:38.187151,2026-03-07 21:34:21.288261,2026-03-06 22:38:47.553586,Delivered,Closed,SHP071,Shipper 071,Enterprise,Jabodetabek,ST04_Bekasi,HB01_JKT_GATEWAY,Outer Java,ST15_Medan,HB05_SUMATRA_GATEWAY,Inter-Region,Same Day,Prepaid,CR040,Van,1.32,2.11,2.11,616353,36495,22805,2,1,0,,8.0,16,0,0,,1,0,,0,,38.93,2.97,14.47,ST15_Medan,Hub Bottleneck
SHPM001229,AWB260001229,2026-03-25 04:58:30.558389,2026-03-25 05:29:30.558389,2026-03-25 05:57:30.558389,,,,,,,,,2026-03-27 04:58:30.558389,Failed Pickup,Exception,SHP053,Shipper 053,Marketplace,Jabodetabek,ST05_Tangerang,HB01_JKT_GATEWAY,Jabodetabek,ST01_JKT_Central,HB01_JKT_GATEWAY,Intra-Region,Regular,Prepaid,CR054,Bike,0.99,0.9,0.99,1271850,16455,14701,8,0,1,Shipper Not Ready,,48,0,0,,0,0,,0,,295.02,,,ST05_Tangerang,
SHPM001230,AWB260001230,2026-02-17 09:44:40.975300,2026-02-17 10:17:40.975300,2026-02-17 10:51:40.975300,2026-02-17 14:41:08.102495,2026-02-17 15:54:08.102495,2026-02-17 17:41:08.102495,2026-02-18 03:16:08.279718,2026-02-18 07:24:28.631430,2026-02-19 00:07:43.301304,2026-02-19 07:18:36.518751,2026-02-19 11:00:43.016129,2026-02-18 21:44:40.975300,Delivered,Closed,SHP019,Shipper 019,Marketplace,West Java,ST07_Cirebon,HB02_BDG_TRANSIT,Outer Java,ST17_Makassar,HB06_EASTERN_GATEWAY,Inter-Region,Next Day,Prepaid,CR071,Bike,2.11,2.17,2.17,479326,29765,22338,4,0,0,,73.0,36,0,0,,1,0,,0,,49.27,9.58,16.72,ST17_Makassar,First Mile Delay
SHPM001231,AWB260001231,2026-03-02 20:29:19.684430,2026-03-02 20:55:19.684430,2026-03-02 21:17:19.684430,2026-03-03 01:54:50.145027,2026-03-03 02:14:50.145027,2026-03-03 03:52:50.145027,2026-03-03 05:24:36.422068,2026-03-03 07:56:07.765988,2026-03-03 12:57:20.434422,2026-03-03 19:31:25.730713,2026-03-04 04:23:57.825694,2026-03-05 20:29:19.684430,Delivered,Closed,SHP067,Shipper 067,SME,East Java,ST14_Kediri,HB03_SBY_GATEWAY,Jabodetabek,ST05_Tangerang,HB01_JKT_GATEWAY,Inter-Region,Regular,Prepaid,CR130,Bike,0.61,0.58,0.61,123190,14745,12935,8,1,0,,20.0,72,1,0,,1,0,,0,,31.91,1.53,5.02,ST05_Tangerang,
SHPM001232,AWB260001232,2026-03-12 17:35:28.141975,2026-03-12 18:04:28.141975,2026-03-12 18:12:28.141975,2026-03-12 22:10:57.334675,2026-03-12 23:00:57.334675,2026-03-13 00:24:57.334675,2026-03-13 04:32:04.298921,2026-03-13 06:33:17.032461,2026-03-13 14:16:57.244654,2026-03-13 23:35:47.390736,2026-03-14 07:45:23.628065,2026-03-14 05:35:28.141975,Delivered,Closed,SHP061,Shipper 061,Enterprise,Outer Java,ST20_Banjarmasin,HB06_EASTERN_GATEWAY,Jabodetabek,ST02_JKT_West,HB01_JKT_GATEWAY,Inter-Region,Next Day,Prepaid,CR183,Van,2.82,2.94,2.94,317708,33230,18353,4,0,0,,50.0,36,0,0,,1,0,,0,,38.17,4.12,7.73,ST02_JKT_West,First Mile Delay
SHPM001233,AWB260001233,2026-02-27 14:32:14.467559,2026-02-27 14:57:14.467559,2026-02-27 15:20:14.467559,2026-02-27 21:16:55.920492,2026-02-27 21:53:55.920492,2026-02-27 22:28:55.920492,2026-02-28 03:06:37.332523,2026-02-28 12:21:06.744546,2026-02-28 18:32:44.292638,2026-03-01 06:52:57.514585,2026-03-01 11:47:22.756550,2026-03-02 14:32:14.467559,Delivered,Closed,SHP063,Shipper 063,Enterprise,Jabodetabek,ST03_JKT_East,HB01_JKT_GATEWAY,East Java,ST14_Kediri,HB03_SBY_GATEWAY,Inter-Region,Regular,Prepaid,CR026,Bike,1.23,1.13,1.23,2221717,17535,14310,8,1,0,,37.0,72,1,0,,1,0,,0,,45.25,4.63,6.19,ST14_Kediri,
SHPM001234,AWB260001234,2026-03-31 23:27:10.347255,2026-03-31 23:38:10.347255,2026-03-31 23:58:10.347255,2026-04-01 05:15:54.760821,2026-04-01 05:36:54.760821,2026-04-01 06:17:54.760821,2026-04-01 07:50:40.282217,2026-04-01 10:55:31.399495,2026-04-01 19:40:05.346771,2026-04-01 23:46:56.290612,2026-04-02 17:37:44.522282,2026-04-02 23:27:10.347255,Delivered,Closed,SHP034,Shipper 034,Enterprise,Jabodetabek,ST03_JKT_East,HB01_JKT_GATEWAY,Jabodetabek,ST05_Tangerang,HB01_JKT_GATEWAY,Intra-Region,Regular,Prepaid,CR028,Van,0.91,0.99,0.99,877004,16455,11163,8,1,0,,21.0,48,1,0,,1,0,,0,,42.18,1.55,8.74,ST05_Tangerang,
SHPM001235,AWB260001235,2026-03-02 08:10:22.107626,2026-03-02 08:33:22.107626,2026-03-02 08:49:22.107626,2026-03-02 10:03:52.459774,2026-03-02 10:27:52.459774,2026-03-02 10:54:52.459774,2026-03-02 14:14:16.554319,2026-03-02 21:18:34.270811,2026-03-03 16:16:37.150938,2026-03-04 06:56:38.110569,,2026-03-03 20:10:22.107626,Lost,Exception,SHP020,Shipper 020,SME,East Java,ST14_Kediri,HB03_SBY_GATEWAY,Central Java,ST09_Semarang,HB04_CTG_NATIONAL,Inter-Region,Next Day,Prepaid,CR129,Bike,1.22,1.34,1.34,1784345,26030,19160,4,1,0,,24.0,36,0,0,,1,1,Lost,0,,843.83,3.32,18.97,ST14_Kediri,
SHPM001236,AWB260001236,2026-03-05 02:12:14.095072,2026-03-05 02:48:14.095072,2026-03-05 03:23:14.095072,2026-03-05 09:51:29.936701,2026-03-05 10:31:29.936701,2026-03-05 12:12:29.936701,2026-03-05 16:24:26.855921,2026-03-06 00:13:39.677344,2026-03-06 11:40:20.380985,2026-03-07 03:46:49.247764,2026-03-07 14:52:59.029521,2026-03-08 02:12:14.095072,Delivered,Closed,SHP029,Shipper 029,SME,Outer Java,ST18_Balikpapan,HB06_EASTERN_GATEWAY,East Java,ST14_Kediri,HB03_SBY_GATEWAY,Inter-Region,Regular,COD,CR171,Van,0.78,1.17,1.17,1318497,21265,16734,8,1,0,,40.0,72,1,0,,1,0,,0,,60.68,4.2,11.44,ST14_Kediri,
SHPM001237,AWB260001237,2026-02-17 13:20:37.004482,2026-02-17 13:48:37.004482,2026-02-17 14:24:37.004482,2026-02-17 16:20:53.851959,2026-02-17 16:28:53.851959,2026-02-17 17:11:53.851959,2026-02-17 21:15:44.390803,2026-02-17 23:17:47.306629,2026-02-18 04:38:05.886659,2026-02-18 16:32:08.582243,2026-02-19 00:17:13.654588,2026-02-20 13:20:37.004482,Delivered,Closed,SHP080,Shipper 080,SME,Outer Java,ST19_Denpasar,HB06_EASTERN_GATEWAY,West Java,ST08_Bogor,HB01_JKT_GATEWAY,Inter-Region,Regular,Prepaid,CR179,Truck,1.7,2.26,2.26,2020394,22170,14467,8,1,0,,8.0,72,1,0,,1,0,,0,,34.94,4.06,5.34,ST08_Bogor,
SHPM001238,AWB260001238,2026-03-10 02:27:54.680990,2026-03-10 03:11:54.680990,2026-03-10 03:53:54.680990,2026-03-10 09:55:25.471803,2026-03-10 11:15:25.471803,2026-03-10 13:01:25.471803,2026-03-10 22:50:54.439845,2026-03-11 07:34:32.655259,2026-03-11 19:43:55.651794,2026-03-12 08:50:27.053511,2026-03-12 11:15:48.300724,2026-03-11 14:27:54.680990,Delivered,Closed,SHP040,Shipper 040,Marketplace,West Java,ST07_Cirebon,HB02_BDG_TRANSIT,Outer Java,ST16_Palembang,HB05_SUMATRA_GATEWAY,Inter-Region,Next Day,Prepaid,CR068,Truck,0.99,1.0,1.0,1074659,24500,14982,4,0,0,,80.0,36,0,0,,1,0,,0,,56.8,9.82,12.16,ST16_Palembang,First Mile Delay
SHPM001239,AWB260001239,2026-02-26 23:51:46.317799,2026-02-27 00:21:46.317799,2026-02-27 00:58:46.317799,2026-02-27 03:17:39.669801,2026-02-27 03:37:39.669801,2026-02-27 04:29:39.669801,2026-02-27 06:24:09.937457,2026-02-27 10:25:09.192441,2026-02-27 12:45:04.610285,2026-02-28 02:43:25.994414,2026-02-28 20:46:23.103336,2026-03-01 23:51:46.317799,Delivered,Closed,SHP039,Shipper 039,Marketplace,Central Java,ST10_Solo,HB04_CTG_NATIONAL,Outer Java,ST18_Balikpapan,HB06_EASTERN_GATEWAY,Inter-Region,Regular,Prepaid,CR096,Bike,2.34,2.4,2.4,1595319,22800,18427,8,1,0,,20.0,72,1,0,,1,0,,0,,44.91,1.91,2.33,ST18_Balikpapan,
SHPM001240,AWB260001240,2026-03-20 15:34:11.136984,2026-03-20 15:47:11.136984,2026-03-20 15:56:11.136984,2026-03-20 22:57:14.872867,2026-03-20 23:05:14.872867,2026-03-20 23:56:14.872867,2026-03-21 02:08:12.316360,2026-03-21 05:19:33.824522,2026-03-21 14:05:06.725500,2026-03-22 05:08:49.816441,,2026-03-23 15:34:11.136984,Delivery Exception,Exception,SHP076,Shipper 076,Enterprise,West Java,ST06_Bandung,HB01_JKT_GATEWAY,Jabodetabek,ST01_JKT_Central,HB01_JKT_GATEWAY,Inter-Region,Regular,COD,CR056,Bike,2.8,4.4,4.4,524804,35800,27620,8,1,0,,8.0,72,0,1,Customer Not Home,3,0,,0,,404.43,2.2,8.76,ST01_JKT_Central,Delivery Exception
SHPM001241,AWB260001241,2026-03-12 01:51:35.440372,2026-03-12 02:07:35.440372,2026-03-12 02:13:35.440372,2026-03-12 09:16:23.809273,2026-03-12 09:31:23.809273,2026-03-12 10:22:23.809273,2026-03-12 11:39:11.891634,2026-03-12 15:43:25.672438,2026-03-13 01:08:12.418257,2026-03-13 09:22:25.046488,2026-03-13 18:38:13.629527,2026-03-14 01:51:35.440372,Delivered,Closed,SHP028,Shipper 028,Marketplace,Jabodetabek,ST04_Bekasi,HB01_JKT_GATEWAY,Jabodetabek,ST04_Bekasi,HB01_JKT_GATEWAY,Intra-Region,Regular,Prepaid,CR038,Truck,0.83,1.02,1.02,799566,16590,13346,8,1,0,,15.0,48,1,0,,1,0,,0,,40.78,1.28,9.41,ST04_Bekasi,
SHPM001242,AWB260001242,2026-03-28 00:32:53.570643,2026-03-28 00:41:53.570643,2026-03-28 01:20:53.570643,2026-03-28 09:05:43.536583,2026-03-28 10:35:43.536583,2026-03-28 12:20:43.536583,2026-03-28 17:08:09.353301,2026-03-28 23:29:13.424921,2026-03-29 08:46:12.472231,2026-03-29 22:45:21.063106,2026-03-30 11:04:19.061419,2026-03-31 00:32:53.570643,Delivered,Closed,SHP018,Shipper 018,Enterprise,West Java,ST07_Cirebon,HB02_BDG_TRANSIT,Jabodetabek,ST02_JKT_West,HB01_JKT_GATEWAY,Inter-Region,Regular,Prepaid,CR075,Bike,0.47,0.51,0.51,2512606,14295,10281,8,0,0,,90.0,72,1,0,,1,0,,0,,58.52,4.79,9.28,ST02_JKT_West,
SHPM001243,AWB260001243,2026-02-23 03:55:48.946861,2026-02-23 04:18:48.946861,2026-02-23 05:05:48.946861,2026-02-23 06:59:05.506676,2026-02-23 07:19:05.506676,2026-02-23 07:43:05.506676,2026-02-23 09:34:37.367102,2026-02-23 11:55:50.238564,2026-02-23 15:06:53.451676,2026-02-23 21:02:30.551510,2026-02-24 08:21:19.615736,2026-02-25 03:55:48.946861,Delivered,Closed,SHP095,Shipper 095,Enterprise,Central Java,ST09_Semarang,HB04_CTG_NATIONAL,Central Java,ST09_Semarang,HB04_CTG_NATIONAL,Intra-Region,Regular,COD,CR083,Van,0.79,1.34,1.34,806950,22030,16393,8,1,0,,20.0,48,1,0,,1,0,,0,,28.43,1.86,3.18,ST09_Semarang,
SHPM001244,AWB260001244,2026-03-24 14:44:55.803492,2026-03-24 15:24:55.803492,2026-03-24 16:00:55.803492,2026-03-24 17:18:20.889032,2026-03-24 17:26:20.889032,2026-03-24 19:03:20.889032,2026-03-25 00:46:19.814651,2026-03-25 03:13:58.853387,2026-03-25 16:12:53.362454,2026-03-25 23:45:52.353542,2026-03-26 09:53:37.868205,2026-03-25 14:44:55.803492,Delivered,Closed,SHP061,Shipper 061,Enterprise,Outer Java,ST17_Makassar,HB06_EASTERN_GATEWAY,Outer Java,ST15_Medan,HB05_SUMATRA_GATEWAY,Intra-Region,Next Day,COD,CR157,Van,2.14,3.1,3.1,943635,37950,22586,4,1,0,,8.0,24,0,0,,1,0,,0,,43.15,5.72,12.98,ST15_Medan,Hub Bottleneck
SHPM001245,AWB260001245,2026-03-09 05:29:58.163539,2026-03-09 05:53:58.163539,2026-03-09 06:10:58.163539,2026-03-09 07:58:58.723153,2026-03-09 08:35:58.723153,2026-03-09 09:11:58.723153,2026-03-09 13:54:55.505102,2026-03-09 16:41:57.158788,2026-03-10 09:28:39.175752,2026-03-11 02:52:52.908104,2026-03-11 11:49:16.790787,2026-03-10 17:29:58.163539,Delivered,Closed,SHP006,Shipper 006,Marketplace,East Java,ST14_Kediri,HB03_SBY_GATEWAY,Jabodetabek,ST04_Bekasi,HB01_JKT_GATEWAY,Inter-Region,Next Day,Prepaid,CR134,Bike,1.61,1.62,1.62,873163,27290,24708,4,1,0,,37.0,36,0,0,,1,0,,0,,54.32,4.72,16.78,ST04_Bekasi,Hub Bottleneck
SHPM001246,AWB260001246,2026-03-17 06:07:53.584182,2026-03-17 06:35:53.584182,2026-03-17 06:55:53.584182,2026-03-17 09:35:53.018530,2026-03-17 10:29:53.018530,2026-03-17 11:41:53.018530,2026-03-17 14:48:08.874695,2026-03-17 21:57:40.641729,2026-03-17 23:44:09.877261,2026-03-18 13:09:06.467712,2026-03-18 22:47:02.203460,2026-03-20 06:07:53.584182,Delivered,Closed,SHP086,Shipper 086,Marketplace,Jabodetabek,ST01_JKT_Central,HB01_JKT_GATEWAY,East Java,ST12_Surabaya,HB03_SBY_GATEWAY,Inter-Region,Regular,Prepaid,CR001,Truck,3.37,4.85,4.85,1737101,33825,28697,8,1,0,,54.0,72,1,0,,1,0,,0,,40.65,3.1,1.77,ST12_Surabaya,
SHPM001247,AWB260001247,2026-03-09 04:03:58.150931,2026-03-09 04:22:58.150931,2026-03-09 04:48:58.150931,2026-03-09 11:44:52.450299,2026-03-09 12:28:52.450299,2026-03-09 13:44:52.450299,2026-03-09 15:06:13.973737,2026-03-09 18:17:55.459347,2026-03-10 07:36:04.568181,2026-03-10 22:56:04.998378,,2026-03-12 04:03:58.150931,Delivery Exception,Exception,SHP047,Shipper 047,Marketplace,Central Java,ST10_Solo,HB04_CTG_NATIONAL,Outer Java,ST17_Makassar,HB06_EASTERN_GATEWAY,Inter-Region,Regular,COD,CR092,Bike,0.62,0.94,0.94,538459,20230,19043,8,1,0,,44.0,72,0,1,Customer Reschedule,3,0,,0,,679.93,1.36,13.3,ST17_Makassar,Hub Bottleneck
SHPM001248,AWB260001248,2026-03-16 13:53:26.730099,2026-03-16 14:26:26.730099,2026-03-16 14:43:26.730099,2026-03-16 19:20:08.877509,2026-03-16 19:33:08.877509,2026-03-16 20:17:08.877509,2026-03-16 21:28:15.125819,2026-03-17 07:19:55.865153,2026-03-17 16:34:16.426014,2026-03-18 03:33:13.923082,2026-03-18 09:26:48.353233,2026-03-19 13:53:26.730099,Delivered,Closed,SHP091,Shipper 091,SME,Outer Java,ST16_Palembang,HB05_SUMATRA_GATEWAY,East Java,ST14_Kediri,HB03_SBY_GATEWAY,Inter-Region,Regular,Prepaid,CR152,Bike,0.68,0.65,0.68,915571,15060,10921,8,1,0,,13.0,72,1,0,,1,0,,0,,43.56,1.19,9.24,ST14_Kediri,
SHPM001249,AWB260001249,2026-04-01 16:12:18.895673,2026-04-01 16:20:18.895673,2026-04-01 16:30:18.895673,2026-04-01 18:10:35.279423,2026-04-01 18:59:35.279423,2026-04-01 19:36:35.279423,2026-04-02 01:36:20.743598,2026-04-02 05:52:17.746455,2026-04-02 13:40:53.635210,2026-04-02 18:53:35.365250,2026-04-02 23:52:03.307013,2026-04-02 08:12:18.895673,Delivered,Closed,SHP057,Shipper 057,SME,Central Java,ST09_Semarang,HB04_CTG_NATIONAL,West Java,ST06_Bandung,HB01_JKT_GATEWAY,Inter-Region,Same Day,COD,CR083,Van,1.14,1.03,1.14,588602,36130,20877,2,1,0,,49.0,16,0,0,,1,0,,0,,31.66,6.0,7.81,ST06_Bandung,Last Mile Delay
SHPM001250,AWB260001250,2026-03-08 04:48:23.323454,2026-03-08 05:10:23.323454,2026-03-08 05:48:23.323454,2026-03-08 06:26:47.923756,2026-03-08 07:20:47.923756,2026-03-08 07:50:47.923756,2026-03-08 10:10:32.951476,2026-03-08 13:13:42.746717,2026-03-08 19:32:08.625825,2026-03-09 01:12:30.546140,2026-03-09 06:42:10.864896,2026-03-09 16:48:23.323454,Delivered,Closed,SHP029,Shipper 029,SME,Outer Java,ST15_Medan,HB05_SUMATRA_GATEWAY,Jabodetabek,ST01_JKT_Central,HB01_JKT_GATEWAY,Inter-Region,Next Day,Prepaid,CR142,Van,1.28,1.63,1.63,166816,27335,19743,4,1,0,,54.0,36,1,0,,1,0,,0,,25.9,2.33,6.31,ST01_JKT_Central,
SHPM001251,AWB260001251,2026-03-02 09:55:30.214532,2026-03-02 10:31:30.214532,2026-03-02 11:03:30.214532,2026-03-02 14:45:09.437443,2026-03-02 15:39:09.437443,2026-03-02 16:03:09.437443,2026-03-02 17:59:13.504376,2026-03-02 20:02:32.116898,2026-03-03 06:22:38.970348,2026-03-04 00:13:38.580655,2026-03-04 15:20:34.140744,2026-03-03 21:55:30.214532,Delivered,Closed,SHP090,Shipper 090,Enterprise,East Java,ST14_Kediri,HB03_SBY_GATEWAY,Outer Java,ST15_Medan,HB05_SUMATRA_GATEWAY,Inter-Region,Next Day,COD,CR126,Van,1.46,1.57,1.57,1942718,31065,29058,4,0,0,,54.0,36,0,0,,1,0,,0,,53.42,1.93,10.34,ST15_Medan,First Mile Delay
SHPM001252,AWB260001252,2026-03-23 04:51:34.886327,2026-03-23 04:57:34.886327,2026-03-23 05:31:34.886327,2026-03-23 06:35:08.541383,2026-03-23 06:47:08.541383,2026-03-23 08:32:08.541383,2026-03-23 10:05:19.279059,2026-03-23 18:25:09.737530,2026-03-23 21:20:39.854006,2026-03-24 11:27:17.549267,2026-03-24 21:10:24.446684,2026-03-24 16:51:34.886327,Delivered,Closed,SHP048,Shipper 048,Enterprise,Outer Java,ST17_Makassar,HB06_EASTERN_GATEWAY,Jabodetabek,ST02_JKT_West,HB01_JKT_GATEWAY,Inter-Region,Next Day,Prepaid,CR158,Van,2.41,2.54,2.54,1997523,31430,29646,4,1,0,,12.0,36,0,0,,1,0,,0,,40.31,1.55,2.93,ST02_JKT_West,Last Mile Delay
SHPM001253,AWB260001253,2026-02-19 01:07:25.494215,2026-02-19 01:37:25.494215,2026-02-19 02:18:25.494215,2026-02-19 03:53:11.139628,2026-02-19 04:01:11.139628,2026-02-19 05:54:11.139628,2026-02-19 07:45:30.224458,2026-02-19 14:52:57.860408,2026-02-19 17:48:26.202050,2026-02-20 10:13:15.086755,2026-02-20 20:48:40.696387,2026-02-22 01:07:25.494215,Delivered,Closed,SHP087,Shipper 087,Enterprise,Jabodetabek,ST02_JKT_West,HB01_JKT_GATEWAY,Central Java,ST10_Solo,HB04_CTG_NATIONAL,Inter-Region,Regular,COD,CR017,Van,0.62,0.62,0.62,1088372,18790,15669,8,1,0,,8.0,72,1,0,,1,0,,0,,43.69,1.86,2.92,ST10_Solo,
SHPM001254,AWB260001254,2026-03-15 04:16:07.789899,2026-03-15 04:27:07.789899,2026-03-15 05:08:07.789899,2026-03-15 11:09:17.990961,2026-03-15 11:46:17.990961,2026-03-15 12:50:17.990961,2026-03-15 14:15:28.130806,2026-03-15 21:56:29.877773,2026-03-16 06:11:32.707617,2026-03-16 11:24:08.599019,2026-03-16 19:57:28.353860,2026-03-18 04:16:07.789899,Delivered,Closed,SHP041,Shipper 041,SME,West Java,ST08_Bogor,HB01_JKT_GATEWAY,Jabodetabek,ST05_Tangerang,HB01_JKT_GATEWAY,Inter-Region,Regular,Prepaid,CR077,Bike,3.44,3.53,3.53,321424,27885,23084,8,1,0,,37.0,72,1,0,,1,0,,0,,39.69,1.42,8.25,ST05_Tangerang,
SHPM001255,AWB260001255,2026-02-20 14:54:36.432342,2026-02-20 15:29:36.432342,2026-02-20 16:20:36.432342,2026-02-21 01:52:50.381518,2026-02-21 03:26:50.381518,2026-02-21 03:46:50.381518,2026-02-21 08:34:21.788316,2026-02-21 15:42:53.494787,2026-02-22 07:51:26.105514,2026-02-22 17:27:43.641755,,2026-02-23 14:54:36.432342,Delivery Exception,Exception,SHP067,Shipper 067,SME,East Java,ST12_Surabaya,HB03_SBY_GATEWAY,Outer Java,ST18_Balikpapan,HB06_EASTERN_GATEWAY,Inter-Region,Regular,Prepaid,CR112,Van,3.91,4.57,4.57,204482,32565,25309,8,0,0,,94.0,72,0,1,Customer Not Home,1,0,,0,,1077.09,4.79,16.14,ST18_Balikpapan,Hub Bottleneck
SHPM001256,AWB260001256,2026-02-25 06:43:23.224149,2026-02-25 06:56:23.224149,2026-02-25 07:23:23.224149,2026-02-25 13:50:02.213576,2026-02-25 14:48:02.213576,2026-02-25 16:39:02.213576,2026-02-25 22:24:47.716445,2026-02-26 05:17:36.304361,2026-02-26 07:14:15.577967,2026-02-26 17:25:25.423813,2026-02-27 10:01:31.247628,2026-02-28 06:43:23.224149,Delivered,Closed,SHP063,Shipper 063,Enterprise,Jabodetabek,ST05_Tangerang,HB01_JKT_GATEWAY,East Java,ST14_Kediri,HB03_SBY_GATEWAY,Inter-Region,Regular,Prepaid,CR048,Van,2.84,2.72,2.84,1749553,24780,19427,8,1,0,,58.0,72,1,0,,1,0,,0,,51.3,5.76,1.94,ST14_Kediri,
SHPM001257,AWB260001257,2026-03-15 00:34:07.679892,2026-03-15 00:41:07.679892,2026-03-15 01:04:07.679892,2026-03-15 04:59:40.203166,2026-03-15 06:13:40.203166,2026-03-15 08:12:40.203166,2026-03-15 11:26:24.157143,2026-03-15 18:35:49.337622,2026-03-16 08:33:06.809801,2026-03-16 15:51:27.400548,2026-03-16 22:53:17.311104,2026-03-16 12:34:07.679892,Delivered,Closed,SHP046,Shipper 046,SME,East Java,ST14_Kediri,HB03_SBY_GATEWAY,Central Java,ST09_Semarang,HB04_CTG_NATIONAL,Inter-Region,Next Day,Prepaid,CR126,Truck,4.14,4.36,4.36,899204,39620,27065,4,0,0,,74.0,36,0,0,,1,0,,0,,46.32,3.23,13.95,ST09_Semarang,First Mile Delay
SHPM001258,AWB260001258,2026-02-24 10:29:22.837113,2026-02-24 11:12:22.837113,2026-02-24 11:52:22.837113,2026-02-24 12:51:19.111434,2026-02-24 13:19:19.111434,2026-02-24 15:19:19.111434,2026-02-24 19:53:52.834140,2026-02-24 23:33:28.500459,2026-02-25 06:43:31.933206,2026-02-25 22:51:24.288292,2026-02-26 08:38:44.446160,2026-02-25 22:29:22.837113,Delivered,Closed,SHP022,Shipper 022,Marketplace,Central Java,ST09_Semarang,HB04_CTG_NATIONAL,West Java,ST07_Cirebon,HB02_BDG_TRANSIT,Inter-Region,Next Day,Prepaid,CR090,Bike,0.24,0.26,0.26,575921,21170,17244,4,1,0,,28.0,36,0,0,,1,0,,0,,46.16,4.58,7.17,ST07_Cirebon,Last Mile Delay
SHPM001259,AWB260001259,2026-03-25 12:24:44.851908,2026-03-25 12:45:44.851908,2026-03-25 13:14:44.851908,2026-03-25 20:28:16.288985,2026-03-25 22:30:16.288985,2026-03-26 00:16:16.288985,2026-03-26 02:42:39.918147,2026-03-26 05:50:29.651722,2026-03-27 04:25:17.523948,2026-03-27 18:23:20.999774,2026-03-27 23:27:12.462756,2026-03-27 00:24:44.851908,Delivered,Closed,SHP010,Shipper 010,Enterprise,East Java,ST12_Surabaya,HB03_SBY_GATEWAY,Central Java,ST11_Yogyakarta,HB04_CTG_NATIONAL,Inter-Region,Next Day,Prepaid,CR110,Truck,1.37,1.48,1.48,831693,26660,20661,4,0,0,,122.0,36,0,0,,1,0,,0,,59.04,2.44,22.58,ST11_Yogyakarta,First Mile Delay
SHPM001260,AWB260001260,2026-03-23 07:24:09.722014,2026-03-23 07:54:09.722014,2026-03-23 08:42:09.722014,2026-03-23 12:18:49.732677,2026-03-23 12:32:49.732677,2026-03-23 13:44:49.732677,2026-03-23 19:38:35.878777,2026-03-24 00:27:41.462304,2026-03-24 11:10:05.407665,2026-03-25 04:41:32.031451,2026-03-25 11:42:01.277640,2026-03-24 19:24:09.722014,Delivered,Closed,SHP017,Shipper 017,Marketplace,Outer Java,ST16_Palembang,HB05_SUMATRA_GATEWAY,East Java,ST14_Kediri,HB03_SBY_GATEWAY,Inter-Region,Next Day,COD,CR153,Bike,0.96,1.02,1.02,1083991,28590,19350,4,0,0,,14.0,36,0,0,,1,0,,0,,52.3,5.9,10.71,ST14_Kediri,First Mile Delay
SHPM001261,AWB260001261,2026-03-22 17:43:27.637788,2026-03-22 17:54:27.637788,2026-03-22 18:13:27.637788,2026-03-22 21:36:27.010628,2026-03-22 22:11:27.010628,2026-03-22 23:41:27.010628,2026-03-23 01:31:13.932084,2026-03-23 07:25:05.347972,2026-03-23 18:45:17.659035,2026-03-24 04:11:58.218476,2026-03-24 12:07:33.057028,2026-03-24 05:43:27.637788,Delivered,Closed,SHP027,Shipper 027,SME,Jabodetabek,ST02_JKT_West,HB01_JKT_GATEWAY,East Java,ST12_Surabaya,HB03_SBY_GATEWAY,Inter-Region,Next Day,Prepaid,CR015,Van,0.59,0.91,0.91,960361,24095,16201,4,1,0,,35.0,36,0,0,,1,0,,0,,42.4,1.83,11.34,ST12_Surabaya,Hub Bottleneck
SHPM001262,AWB260001262,2026-03-23 04:37:37.710177,2026-03-23 05:01:37.710177,2026-03-23 05:59:37.710177,2026-03-23 16:10:01.176781,2026-03-23 17:23:01.176781,2026-03-23 18:58:01.176781,2026-03-24 01:58:53.653051,2026-03-24 05:29:08.151285,2026-03-24 07:10:19.577530,2026-03-24 10:24:58.753466,2026-03-25 00:52:02.513171,2026-03-25 04:37:37.710177,Delivered,Closed,SHP015,Shipper 015,Marketplace,West Java,ST07_Cirebon,HB02_BDG_TRANSIT,West Java,ST08_Bogor,HB01_JKT_GATEWAY,Intra-Region,Regular,Prepaid,CR072,Van,0.58,0.62,0.62,1034194,14790,11812,8,0,0,,73.0,48,1,0,,1,0,,0,,44.24,7.01,1.69,ST08_Bogor,
SHPM001263,AWB260001263,2026-03-04 15:39:22.754177,2026-03-04 15:56:22.754177,2026-03-04 16:26:22.754177,2026-03-04 18:40:13.750926,2026-03-04 19:18:13.750926,2026-03-04 20:10:13.750926,2026-03-05 00:41:52.118786,2026-03-05 08:15:57.587151,2026-03-05 15:11:16.971399,2026-03-06 08:27:27.419278,2026-03-06 15:37:12.420726,2026-03-07 15:39:22.754177,Delivered,Closed,SHP042,Shipper 042,Marketplace,Jabodetabek,ST05_Tangerang,HB01_JKT_GATEWAY,Central Java,ST10_Solo,HB04_CTG_NATIONAL,Inter-Region,Regular,Prepaid,CR045,Bike,3.82,3.58,3.82,1136721,29190,26472,8,1,0,,38.0,72,1,0,,1,0,,0,,47.96,4.53,6.92,ST10_Solo,
SHPM001264,AWB260001264,2026-03-30 22:36:28.680995,2026-03-30 23:00:28.680995,2026-03-30 23:34:28.680995,2026-03-31 02:33:52.494620,2026-03-31 03:25:52.494620,2026-03-31 03:45:52.494620,2026-03-31 08:52:06.538430,2026-03-31 15:37:37.727662,2026-04-01 01:48:03.207206,2026-04-01 07:34:31.086900,2026-04-01 23:42:56.129012,2026-04-02 22:36:28.680995,Delivered,Closed,SHP030,Shipper 030,Enterprise,Jabodetabek,ST05_Tangerang,HB01_JKT_GATEWAY,Central Java,ST11_Yogyakarta,HB04_CTG_NATIONAL,Inter-Region,Regular,Prepaid,CR051,Van,2.17,2.92,2.92,1064657,25140,16887,8,1,0,,52.0,72,1,0,,1,0,,0,,49.11,5.1,10.17,ST11_Yogyakarta,
SHPM001265,AWB260001265,2026-03-02 08:07:06.330965,2026-03-02 08:28:06.330965,2026-03-02 08:51:06.330965,2026-03-02 16:17:06.901887,2026-03-02 16:56:06.901887,2026-03-02 17:30:06.901887,2026-03-02 21:34:51.651703,2026-03-03 03:04:29.650812,2026-03-03 12:01:01.647412,2026-03-04 01:21:12.834394,2026-03-04 15:08:45.207301,2026-03-05 08:07:06.330965,Delivered,Closed,SHP034,Shipper 034,Enterprise,Jabodetabek,ST03_JKT_East,HB01_JKT_GATEWAY,West Java,ST08_Bogor,HB01_JKT_GATEWAY,Inter-Region,Regular,COD,CR023,Bike,2.42,2.4,2.42,526351,26890,18974,8,1,0,,39.0,72,1,0,,1,0,,0,,55.03,4.08,8.94,ST08_Bogor,
SHPM001266,AWB260001266,2026-03-16 19:57:18.918663,2026-03-16 20:07:18.918663,2026-03-16 20:26:18.918663,2026-03-16 21:21:02.397467,2026-03-16 21:49:02.397467,2026-03-16 22:45:02.397467,2026-03-17 01:48:44.139371,2026-03-17 07:53:53.834474,2026-03-17 11:31:19.117219,2026-03-18 03:33:31.859604,2026-03-18 13:01:10.957884,2026-03-18 07:57:18.918663,Delivered,Closed,SHP059,Shipper 059,Marketplace,Jabodetabek,ST02_JKT_West,HB01_JKT_GATEWAY,Central Java,ST11_Yogyakarta,HB04_CTG_NATIONAL,Inter-Region,Next Day,Prepaid,CR017,Bike,0.3,0.48,0.48,818088,22160,12897,4,1,0,,28.0,36,0,0,,1,0,,0,,41.06,3.06,3.62,ST11_Yogyakarta,Last Mile Delay
SHPM001267,AWB260001267,2026-02-26 20:25:49.418259,2026-02-26 21:04:49.418259,2026-02-26 21:48:49.418259,2026-02-27 02:51:16.899727,2026-02-27 04:03:16.899727,2026-02-27 05:19:16.899727,2026-02-27 08:59:39.720065,2026-02-27 13:57:10.961269,2026-02-27 23:14:33.631139,2026-02-28 07:36:09.459427,2026-02-28 14:11:38.874117,2026-02-28 08:25:49.418259,Delivered,Closed,SHP060,Shipper 060,Enterprise,East Java,ST12_Surabaya,HB03_SBY_GATEWAY,West Java,ST06_Bandung,HB01_JKT_GATEWAY,Inter-Region,Next Day,COD,CR107,Van,1.18,1.91,1.91,929660,32595,26515,4,0,0,,72.0,36,0,0,,1,0,,0,,41.76,3.67,9.29,ST06_Bandung,First Mile Delay
SHPM001268,AWB260001268,2026-03-13 07:15:36.634068,2026-03-13 07:32:36.634068,2026-03-13 07:37:36.634068,2026-03-13 12:13:02.362421,2026-03-13 12:21:02.362421,2026-03-13 13:59:02.362421,2026-03-13 17:19:35.419393,2026-03-14 01:30:23.783918,2026-03-14 12:10:53.361925,2026-03-14 19:19:06.223085,2026-03-15 02:10:47.852073,2026-03-14 19:15:36.634068,Delivered,Closed,SHP037,Shipper 037,Marketplace,Central Java,ST11_Yogyakarta,HB04_CTG_NATIONAL,Jabodetabek,ST02_JKT_West,HB01_JKT_GATEWAY,Inter-Region,Next Day,Prepaid,CR104,Van,1.43,2.32,2.32,1012839,30440,21584,4,0,0,,8.0,36,0,0,,1,0,,0,,42.92,3.34,10.67,ST02_JKT_West,First Mile Delay
SHPM001269,AWB260001269,2026-02-22 06:11:25.105776,2026-02-22 06:27:25.105776,2026-02-22 06:56:25.105776,2026-02-22 10:16:25.341172,2026-02-22 10:47:25.341172,2026-02-22 12:39:25.341172,2026-02-22 13:41:38.693000,2026-02-22 21:17:06.427704,2026-02-23 04:11:54.660107,2026-02-23 14:12:23.689230,2026-02-24 02:54:43.028736,2026-02-25 06:11:25.105776,Delivered,Closed,SHP049,Shipper 049,Enterprise,Jabodetabek,ST03_JKT_East,HB01_JKT_GATEWAY,East Java,ST13_Malang,HB03_SBY_GATEWAY,Inter-Region,Regular,Prepaid,CR023,Van,3.15,3.4,3.4,562620,27300,18486,8,1,0,,31.0,72,1,0,,1,0,,0,,44.72,1.04,6.91,ST13_Malang,
SHPM001270,AWB260001270,2026-03-11 17:55:03.356994,2026-03-11 18:07:03.356994,2026-03-11 18:41:03.356994,2026-03-11 20:58:29.983396,2026-03-11 21:18:29.983396,2026-03-11 21:43:29.983396,2026-03-11 23:53:51.827826,2026-03-12 06:07:04.998385,2026-03-12 17:49:55.166161,2026-03-13 07:08:58.176678,,2026-03-13 05:55:03.356994,Delivery Exception,Exception,SHP020,Shipper 020,SME,East Java,ST13_Malang,HB03_SBY_GATEWAY,Outer Java,ST16_Palembang,HB05_SUMATRA_GATEWAY,Inter-Region,Next Day,COD,CR119,Truck,0.62,0.58,0.62,1694689,26790,20489,4,1,0,,20.0,36,0,1,Customer Reschedule,1,0,,0,,618.08,2.17,11.71,ST16_Palembang,Hub Bottleneck
SHPM001271,AWB260001271,2026-03-06 07:22:13.573017,2026-03-06 07:46:13.573017,2026-03-06 07:51:13.573017,2026-03-06 13:13:43.260303,2026-03-06 14:02:43.260303,2026-03-06 15:27:43.260303,2026-03-06 18:34:48.201100,2026-03-06 20:55:09.759763,2026-03-07 05:37:56.352099,2026-03-07 11:57:53.353937,2026-03-07 20:59:42.440355,2026-03-09 07:22:13.573017,Delivered,Closed,SHP011,Shipper 011,Enterprise,Jabodetabek,ST03_JKT_East,HB01_JKT_GATEWAY,East Java,ST14_Kediri,HB03_SBY_GATEWAY,Inter-Region,Regular,Prepaid,CR027,Bike,1.68,1.82,1.82,456262,20190,17052,8,1,0,,49.0,72,1,0,,1,0,,0,,37.62,3.12,8.71,ST14_Kediri,
SHPM001272,AWB260001272,2026-03-14 20:47:56.930115,2026-03-14 20:58:56.930115,2026-03-14 21:36:56.930115,2026-03-15 04:59:05.793696,2026-03-15 05:32:05.793696,2026-03-15 06:58:05.793696,2026-03-15 08:32:04.720587,2026-03-15 15:03:39.469799,2026-03-15 17:26:43.935572,2026-03-15 23:38:33.228799,,2026-03-17 20:47:56.930115,Delivery Exception,Exception,SHP058,Shipper 058,Enterprise,Jabodetabek,ST01_JKT_Central,HB01_JKT_GATEWAY,Central Java,ST09_Semarang,HB04_CTG_NATIONAL,Inter-Region,Regular,Prepaid,CR008,Van,1.77,1.68,1.77,610109,19965,18931,8,0,0,,33.0,72,0,1,Remote Area Delay,3,0,,0,,543.2,1.57,2.38,ST09_Semarang,Delivery Exception
SHPM001273,AWB260001273,2026-03-17 02:09:47.769582,2026-03-17 02:29:47.769582,2026-03-17 02:58:47.769582,2026-03-17 10:12:14.600511,2026-03-17 11:34:14.600511,2026-03-17 12:01:14.600511,2026-03-17 13:49:23.533321,2026-03-17 18:36:53.916122,2026-03-18 03:26:42.391128,2026-03-18 08:19:43.537354,2026-03-18 20:48:10.819424,2026-03-19 02:09:47.769582,Delivered,Closed,SHP063,Shipper 063,Enterprise,Jabodetabek,ST01_JKT_Central,HB01_JKT_GATEWAY,Jabodetabek,ST04_Bekasi,HB01_JKT_GATEWAY,Intra-Region,Regular,Prepaid,CR004,Truck,0.86,0.82,0.86,743695,15870,14998,8,1,0,,82.0,48,1,0,,1,0,,0,,42.64,1.8,8.83,ST04_Bekasi,
SHPM001274,AWB260001274,2026-03-25 19:37:49.869618,2026-03-25 20:05:49.869618,2026-03-25 20:12:49.869618,2026-03-25 21:02:40.343404,2026-03-25 22:08:40.343404,2026-03-25 23:50:40.343404,2026-03-26 04:51:43.756402,2026-03-26 14:38:40.073557,2026-03-26 20:43:56.665342,2026-03-27 07:22:08.256320,2026-03-27 09:34:49.331345,2026-03-26 11:37:49.869618,Delivered,Closed,SHP076,Shipper 076,Enterprise,West Java,ST06_Bandung,HB01_JKT_GATEWAY,Jabodetabek,ST04_Bekasi,HB01_JKT_GATEWAY,Inter-Region,Same Day,Prepaid,CR058,Bike,1.49,1.4,1.49,293457,33705,22120,2,1,0,,66.0,16,0,0,,1,0,,0,,37.95,5.02,6.09,ST04_Bekasi,Last Mile Delay
SHPM001275,AWB260001275,2026-03-27 21:39:18.534587,2026-03-27 22:21:18.534587,2026-03-27 22:44:18.534587,2026-03-28 00:58:55.948435,2026-03-28 02:02:55.948435,2026-03-28 02:51:55.948435,2026-03-28 06:06:00.121428,2026-03-28 15:45:21.962294,2026-03-29 05:23:34.719852,2026-03-29 14:49:42.799395,2026-03-30 10:38:34.353225,2026-03-30 21:39:18.534587,Delivered,Closed,SHP011,Shipper 011,Enterprise,Jabodetabek,ST03_JKT_East,HB01_JKT_GATEWAY,Outer Java,ST16_Palembang,HB05_SUMATRA_GATEWAY,Inter-Region,Regular,COD,CR021,Van,2.39,2.33,2.39,1493541,26755,14961,8,1,0,,64.0,72,1,0,,1,0,,0,,60.99,3.23,13.64,ST16_Palembang,
SHPM001276,AWB260001276,2026-03-09 23:11:40.327866,2026-03-09 23:39:40.327866,2026-03-09 23:46:40.327866,2026-03-10 04:42:11.656246,2026-03-10 04:50:11.656246,2026-03-10 05:12:11.656246,2026-03-10 09:49:07.612285,2026-03-10 19:38:06.811125,2026-03-11 02:31:12.841409,2026-03-11 19:52:13.811330,2026-03-12 13:29:03.811723,2026-03-12 23:11:40.327866,Delivered,Closed,SHP011,Shipper 011,Enterprise,Jabodetabek,ST03_JKT_East,HB01_JKT_GATEWAY,East Java,ST14_Kediri,HB03_SBY_GATEWAY,Inter-Region,Regular,Prepaid,CR029,Truck,2.96,2.69,2.96,779142,25320,13952,8,1,0,,8.0,72,1,0,,1,0,,0,,62.29,4.62,6.89,ST14_Kediri,
SHPM001277,AWB260001277,2026-03-18 06:41:42.436109,2026-03-18 07:08:42.436109,2026-03-18 07:34:42.436109,2026-03-18 08:52:53.636501,2026-03-18 09:47:53.636501,2026-03-18 11:39:53.636501,2026-03-18 16:04:54.770138,2026-03-18 22:50:37.535651,2026-03-19 10:30:55.880695,2026-03-19 23:16:03.420919,2026-03-20 02:59:20.119779,2026-03-18 22:41:42.436109,Delivered,Closed,SHP088,Shipper 088,SME,Outer Java,ST19_Denpasar,HB06_EASTERN_GATEWAY,Jabodetabek,ST02_JKT_West,HB01_JKT_GATEWAY,Inter-Region,Same Day,COD,CR175,Truck,0.4,0.38,0.4,350975,32800,29616,2,1,0,,55.0,16,0,0,,1,0,,0,,44.29,4.42,11.67,ST02_JKT_West,Hub Bottleneck
SHPM001278,AWB260001278,2026-02-18 10:34:11.121622,2026-02-18 10:43:11.121622,2026-02-18 10:58:11.121622,2026-02-18 11:30:47.168963,2026-02-18 12:19:47.168963,2026-02-18 13:01:47.168963,2026-02-18 18:58:47.690119,2026-02-18 21:38:43.175391,2026-02-19 05:41:52.935176,2026-02-19 09:23:16.648844,2026-02-19 14:09:27.797821,2026-02-18 20:34:11.121622,Delivered,Closed,SHP007,Shipper 007,SME,Jabodetabek,ST05_Tangerang,HB01_JKT_GATEWAY,Jabodetabek,ST02_JKT_West,HB01_JKT_GATEWAY,Intra-Region,Same Day,COD,CR044,Truck,0.87,0.82,0.87,830492,34915,31787,2,1,0,,49.0,10,0,0,,1,0,,0,,27.59,5.95,8.05,ST02_JKT_West,Last Mile Delay
SHPM001279,AWB260001279,2026-03-14 17:27:25.487208,2026-03-14 18:07:25.487208,2026-03-14 18:12:25.487208,,,,,,,,,2026-03-16 05:27:25.487208,Failed Pickup,Exception,SHP006,Shipper 006,Marketplace,East Java,ST13_Malang,HB03_SBY_GATEWAY,Jabodetabek,ST02_JKT_West,HB01_JKT_GATEWAY,Inter-Region,Next Day,COD,CR124,Truck,1.01,1.1,1.1,1588151,28950,26657,4,0,1,Schedule Miss,,36,0,0,,0,0,,0,,546.54,,,ST13_Malang,
SHPM001280,AWB260001280,2026-03-09 16:44:21.374280,2026-03-09 17:07:21.374280,2026-03-09 17:56:21.374280,2026-03-09 23:05:24.896851,2026-03-10 00:08:24.896851,2026-03-10 00:53:24.896851,2026-03-10 04:27:20.570574,2026-03-10 12:39:52.373071,2026-03-10 14:56:14.211406,2026-03-11 01:05:28.062880,2026-03-11 14:35:04.590756,2026-03-12 16:44:21.374280,Delivered,Closed,SHP030,Shipper 030,Enterprise,Jabodetabek,ST03_JKT_East,HB01_JKT_GATEWAY,West Java,ST06_Bandung,HB01_JKT_GATEWAY,Inter-Region,Regular,Prepaid,CR029,Truck,0.39,0.48,0.48,1643943,14160,12843,8,1,0,,63.0,72,1,0,,1,0,,0,,45.85,3.57,2.27,ST06_Bandung,
SHPM001281,AWB260001281,2026-03-03 12:49:02.476507,2026-03-03 13:03:02.476507,2026-03-03 13:18:02.476507,2026-03-03 14:37:20.572914,2026-03-03 15:54:20.572914,2026-03-03 17:26:20.572914,2026-03-03 22:00:51.553436,2026-03-04 07:41:55.667432,2026-03-04 10:31:48.685060,2026-03-04 18:19:00.436076,2026-03-04 20:38:54.429451,2026-03-04 04:49:02.476507,Delivered,Closed,SHP056,Shipper 056,Enterprise,Jabodetabek,ST05_Tangerang,HB01_JKT_GATEWAY,Outer Java,ST20_Banjarmasin,HB06_EASTERN_GATEWAY,Inter-Region,Same Day,Prepaid,CR052,Van,0.76,0.69,0.76,1727603,30420,24967,2,1,0,,77.0,16,0,0,,1,0,,0,,31.83,4.58,2.83,ST20_Banjarmasin,Remote Area
SHPM001282,AWB260001282,2026-03-13 02:05:56.343133,2026-03-13 02:25:56.343133,2026-03-13 02:48:56.343133,2026-03-13 04:26:55.693505,2026-03-13 04:34:55.693505,2026-03-13 05:54:55.693505,2026-03-13 11:00:51.215745,2026-03-13 15:26:58.517747,2026-03-13 23:50:59.530172,2026-03-14 14:15:30.285101,2026-03-15 01:20:49.638427,2026-03-16 02:05:56.343133,Delivered,Closed,SHP057,Shipper 057,SME,Central Java,ST09_Semarang,HB04_CTG_NATIONAL,Jabodetabek,ST04_Bekasi,HB01_JKT_GATEWAY,Inter-Region,Regular,Prepaid,CR084,Bike,1.79,1.94,1.94,162329,20730,11876,8,1,0,,8.0,72,1,0,,1,0,,0,,47.25,5.1,8.4,ST04_Bekasi,
SHPM001283,AWB260001283,2026-02-20 07:33:37.376741,2026-02-20 07:42:37.376741,2026-02-20 08:13:37.376741,2026-02-20 12:02:37.214048,2026-02-20 12:36:37.214048,2026-02-20 13:04:37.214048,2026-02-20 16:33:29.760220,2026-02-20 22:00:31.768210,2026-02-21 00:40:15.576403,2026-02-21 17:10:25.220663,2026-02-21 21:42:09.534250,2026-02-23 07:33:37.376741,Delivered,Closed,SHP061,Shipper 061,Enterprise,Outer Java,ST17_Makassar,HB06_EASTERN_GATEWAY,Jabodetabek,ST02_JKT_West,HB01_JKT_GATEWAY,Inter-Region,Regular,Prepaid,CR162,Bike,0.9,1.07,1.07,2296922,16815,13708,8,1,0,,34.0,72,1,0,,1,0,,0,,38.14,3.48,2.66,ST02_JKT_West,
SHPM001284,AWB260001284,2026-03-05 17:08:55.600734,2026-03-05 17:26:55.600734,2026-03-05 18:10:55.600734,2026-03-06 03:39:22.799264,2026-03-06 05:31:22.799264,2026-03-06 07:09:22.799264,2026-03-06 11:38:04.431955,2026-03-06 15:24:20.681696,2026-03-07 06:33:33.946154,2026-03-08 00:21:26.929283,2026-03-08 12:43:47.307415,2026-03-08 17:08:55.600734,Delivered,Closed,SHP076,Shipper 076,Enterprise,West Java,ST07_Cirebon,HB02_BDG_TRANSIT,Outer Java,ST18_Balikpapan,HB06_EASTERN_GATEWAY,Inter-Region,Regular,Prepaid,CR065,Bike,1.72,2.57,2.57,1315697,23565,12978,8,0,0,,112.0,72,1,0,,1,0,,0,,67.58,4.48,15.15,ST18_Balikpapan,
SHPM001285,AWB260001285,2026-03-23 09:20:10.109851,2026-03-23 09:29:10.109851,2026-03-23 09:48:10.109851,2026-03-23 14:55:44.387323,2026-03-23 15:38:44.387323,2026-03-23 17:22:44.387323,2026-03-23 20:53:19.033349,2026-03-24 00:22:07.752779,2026-03-24 04:52:44.485659,2026-03-24 21:53:42.990742,2026-03-25 15:17:59.824167,2026-03-26 09:20:10.109851,Delivered,Closed,SHP054,Shipper 054,Marketplace,West Java,ST06_Bandung,HB01_JKT_GATEWAY,East Java,ST12_Surabaya,HB03_SBY_GATEWAY,Inter-Region,Regular,COD,CR059,Bike,3.9,5.89,5.89,775858,42505,33829,8,1,0,,43.0,72,1,0,,1,0,,0,,53.96,3.51,4.51,ST12_Surabaya,
SHPM001286,AWB260001286,2026-03-03 05:25:06.097738,2026-03-03 05:36:06.097738,2026-03-03 05:57:06.097738,2026-03-03 07:36:24.305435,2026-03-03 08:15:24.305435,2026-03-03 09:55:24.305435,2026-03-03 11:46:52.572539,2026-03-03 14:55:12.845189,2026-03-04 00:21:46.559724,2026-03-04 03:01:29.292743,2026-03-04 11:42:41.743294,2026-03-04 05:25:06.097738,Delivered,Closed,SHP088,Shipper 088,SME,Outer Java,ST19_Denpasar,HB06_EASTERN_GATEWAY,Outer Java,ST17_Makassar,HB06_EASTERN_GATEWAY,Intra-Region,Next Day,Prepaid,CR179,Bike,0.88,0.86,0.88,1282585,23960,15631,4,1,0,,39.0,24,0,0,,1,0,,0,,30.29,1.86,9.44,ST17_Makassar,Remote Area
SHPM001287,AWB260001287,2026-02-26 09:06:56.125952,2026-02-26 09:11:56.125952,2026-02-26 09:45:56.125952,2026-02-26 13:21:03.374732,2026-02-26 14:08:03.374732,2026-02-26 14:54:03.374732,2026-02-26 18:13:32.878540,2026-02-27 00:03:02.995335,2026-02-27 13:36:51.161224,2026-02-28 07:09:10.880926,2026-03-01 12:28:55.295658,2026-03-01 09:06:56.125952,Delivered,Closed,SHP004,Shipper 004,Marketplace,Jabodetabek,ST01_JKT_Central,HB01_JKT_GATEWAY,Outer Java,ST15_Medan,HB05_SUMATRA_GATEWAY,Inter-Region,Regular,Prepaid,CR002,Bike,1.95,1.78,1.95,281320,20775,12577,8,1,0,,47.0,72,0,0,,1,0,,0,,75.37,3.32,13.56,ST15_Medan,Hub Bottleneck
SHPM001288,AWB260001288,2026-02-16 15:01:33.963229,2026-02-16 15:34:33.963229,2026-02-16 15:54:33.963229,2026-02-16 18:01:16.632906,2026-02-16 18:09:16.632906,2026-02-16 19:15:16.632906,2026-02-16 21:12:16.640402,2026-02-17 03:43:21.063288,2026-02-17 10:32:08.981271,2026-02-18 03:49:41.704684,2026-02-18 08:22:20.489888,2026-02-18 03:01:33.963229,Delivered,Closed,SHP048,Shipper 048,Enterprise,Outer Java,ST19_Denpasar,HB06_EASTERN_GATEWAY,West Java,ST08_Bogor,HB01_JKT_GATEWAY,Inter-Region,Next Day,Prepaid,CR177,Bike,1.71,1.69,1.71,1687901,27695,16094,4,1,0,,8.0,36,0,0,,1,0,,0,,41.35,1.95,6.81,ST08_Bogor,Last Mile Delay
SHPM001289,AWB260001289,2026-03-17 05:37:29.336000,2026-03-17 05:50:29.336000,2026-03-17 06:56:29.336000,,,,,,,,,2026-03-20 05:37:29.336000,Failed Pickup,Exception,SHP066,Shipper 066,Marketplace,West Java,ST07_Cirebon,HB02_BDG_TRANSIT,Jabodetabek,ST04_Bekasi,HB01_JKT_GATEWAY,Inter-Region,Regular,COD,CR074,Van,1.65,1.61,1.65,1166381,23425,14977,8,0,1,Shipper Closed,,72,0,0,,0,0,,0,,486.38,,,ST07_Cirebon,
SHPM001290,AWB260001290,2026-03-27 00:41:00.339830,2026-03-27 01:09:00.339830,2026-03-27 01:50:00.339830,2026-03-27 04:03:42.074715,2026-03-27 04:31:42.074715,2026-03-27 05:08:42.074715,2026-03-27 09:45:52.315021,2026-03-27 14:10:59.632231,2026-03-28 00:03:05.896608,2026-03-28 12:02:31.437394,2026-03-28 22:17:08.828919,2026-03-30 00:41:00.339830,Delivered,Closed,SHP005,Shipper 005,Enterprise,Central Java,ST09_Semarang,HB04_CTG_NATIONAL,East Java,ST13_Malang,HB03_SBY_GATEWAY,Inter-Region,Regular,COD,CR090,Bike,0.53,0.49,0.53,1194259,18385,16829,8,1,0,,28.0,72,1,0,,1,0,,0,,45.6,4.62,9.87,ST13_Malang,
SHPM001291,AWB260001291,2026-03-24 01:03:23.865430,2026-03-24 01:40:23.865430,2026-03-24 02:21:23.865430,2026-03-24 15:05:34.278892,2026-03-24 15:58:34.278892,2026-03-24 16:49:34.278892,2026-03-24 21:02:19.985118,2026-03-25 05:19:31.499405,2026-03-25 20:19:43.444000,2026-03-26 19:23:38.303908,2026-03-27 10:55:29.218782,2026-03-27 01:03:23.865430,Delivered,Closed,SHP060,Shipper 060,Enterprise,East Java,ST12_Surabaya,HB03_SBY_GATEWAY,Jabodetabek,ST03_JKT_East,HB01_JKT_GATEWAY,Inter-Region,Regular,Prepaid,CR110,Van,2.48,3.01,3.01,258417,25545,15645,8,0,0,,53.0,72,0,0,,1,1,Invalid Address,0,,81.87,4.21,15.0,ST03_JKT_East,First Mile Delay
SHPM001292,AWB260001292,2026-03-08 09:37:26.201656,2026-03-08 10:02:26.201656,2026-03-08 10:33:26.201656,2026-03-08 16:26:08.519439,2026-03-08 16:55:08.519439,2026-03-08 17:55:08.519439,2026-03-08 20:38:11.883561,2026-03-09 02:08:31.635476,2026-03-09 08:26:17.623154,2026-03-09 23:55:52.537402,2026-03-10 10:07:07.594238,2026-03-11 09:37:26.201656,Delivered,Closed,SHP048,Shipper 048,Enterprise,Outer Java,ST17_Makassar,HB06_EASTERN_GATEWAY,Jabodetabek,ST04_Bekasi,HB01_JKT_GATEWAY,Inter-Region,Regular,Prepaid,CR159,Bike,0.56,0.76,0.76,1759602,15420,11688,8,1,0,,29.0,72,1,0,,1,0,,0,,48.49,2.72,6.3,ST04_Bekasi,
SHPM001293,AWB260001293,2026-02-17 21:46:43.791654,2026-02-17 21:59:43.791654,2026-02-17 22:26:43.791654,2026-02-18 01:26:57.454947,2026-02-18 02:23:57.454947,2026-02-18 02:51:57.454947,2026-02-18 06:21:22.670112,2026-02-18 10:39:57.739852,2026-02-19 00:39:02.483302,2026-02-19 07:40:43.888398,2026-02-19 17:35:28.938420,2026-02-19 09:46:43.791654,Delivered,Closed,SHP067,Shipper 067,SME,East Java,ST14_Kediri,HB03_SBY_GATEWAY,Jabodetabek,ST01_JKT_Central,HB01_JKT_GATEWAY,Inter-Region,Next Day,Prepaid,CR131,Bike,0.52,0.48,0.52,473446,22340,17884,4,1,0,,57.0,36,0,0,,1,0,,0,,43.81,3.49,13.98,ST01_JKT_Central,Hub Bottleneck
SHPM001294,AWB260001294,2026-03-07 01:19:54.822876,2026-03-07 01:56:54.822876,2026-03-07 02:20:54.822876,2026-03-07 03:17:19.380901,2026-03-07 03:56:19.380901,2026-03-07 04:18:19.380901,2026-03-07 08:10:23.779704,2026-03-07 18:06:13.673833,2026-03-08 05:50:00.043219,2026-03-08 20:23:06.895862,2026-03-09 01:50:17.381068,2026-03-07 17:19:54.822876,Delivered,Closed,SHP075,Shipper 075,Marketplace,Outer Java,ST15_Medan,HB05_SUMATRA_GATEWAY,Jabodetabek,ST01_JKT_Central,HB01_JKT_GATEWAY,Inter-Region,Same Day,Prepaid,CR138,Van,1.33,1.65,1.65,1504923,34425,32069,2,1,0,,39.0,16,0,0,,1,0,,0,,48.51,3.87,11.73,ST01_JKT_Central,Hub Bottleneck
SHPM001295,AWB260001295,2026-03-04 03:27:09.351943,2026-03-04 03:33:09.351943,2026-03-04 04:07:09.351943,2026-03-04 09:32:26.476634,2026-03-04 09:40:26.476634,2026-03-04 11:30:26.476634,2026-03-04 12:40:40.116342,2026-03-04 15:08:44.231383,2026-03-05 00:56:06.428797,2026-03-05 07:48:15.458782,2026-03-05 23:25:42.397001,2026-03-07 03:27:09.351943,Delivered,Closed,SHP074,Shipper 074,Enterprise,Outer Java,ST15_Medan,HB05_SUMATRA_GATEWAY,Central Java,ST11_Yogyakarta,HB04_CTG_NATIONAL,Inter-Region,Regular,COD,CR141,Bike,3.2,3.99,3.99,526578,33955,22071,8,1,0,,8.0,72,1,0,,1,0,,0,,43.98,1.17,9.79,ST11_Yogyakarta,
SHPM001296,AWB260001296,2026-03-01 17:16:19.225704,2026-03-01 17:23:19.225704,2026-03-01 18:03:19.225704,2026-03-01 20:31:18.603155,2026-03-01 20:59:18.603155,2026-03-01 22:30:18.603155,2026-03-02 03:51:25.350919,2026-03-02 13:09:26.356792,2026-03-02 20:36:16.701790,2026-03-03 11:08:41.928796,2026-03-03 16:43:21.119779,2026-03-03 05:16:19.225704,Delivered,Closed,SHP051,Shipper 051,Marketplace,Outer Java,ST19_Denpasar,HB06_EASTERN_GATEWAY,West Java,ST07_Cirebon,HB02_BDG_TRANSIT,Inter-Region,Next Day,Prepaid,CR178,Bike,0.35,0.39,0.39,220392,21755,19160,4,1,0,,28.0,36,0,0,,1,0,,0,,47.45,5.35,7.45,ST07_Cirebon,Last Mile Delay
SHPM001297,AWB260001297,2026-03-22 12:29:52.576131,2026-03-22 12:47:52.576131,2026-03-22 13:03:52.576131,2026-03-22 18:03:22.098252,2026-03-22 18:37:22.098252,2026-03-22 19:26:22.098252,2026-03-22 21:52:19.521602,2026-03-23 04:03:58.760575,2026-03-23 06:53:31.182611,2026-03-23 20:04:16.933562,2026-03-24 09:23:01.559889,2026-03-25 12:29:52.576131,Delivered,Closed,SHP071,Shipper 071,Enterprise,Jabodetabek,ST04_Bekasi,HB01_JKT_GATEWAY,Outer Java,ST16_Palembang,HB05_SUMATRA_GATEWAY,Inter-Region,Regular,COD,CR040,Bike,1.25,1.43,1.43,1352780,22435,13883,8,1,0,,34.0,72,1,0,,1,0,,0,,44.89,2.43,2.83,ST16_Palembang,
SHPM001298,AWB260001298,2026-02-20 14:45:56.927352,2026-02-20 15:14:56.927352,2026-02-20 15:26:56.927352,2026-02-20 18:02:55.514701,2026-02-20 18:18:55.514701,2026-02-20 19:51:55.514701,2026-02-21 01:09:06.938333,2026-02-21 08:26:52.423711,2026-02-21 16:45:25.380977,2026-02-22 10:35:48.268269,2026-02-22 19:24:53.938825,2026-02-22 02:45:56.927352,Delivered,Closed,SHP017,Shipper 017,Marketplace,Outer Java,ST16_Palembang,HB05_SUMATRA_GATEWAY,East Java,ST14_Kediri,HB03_SBY_GATEWAY,Inter-Region,Next Day,Prepaid,CR151,Bike,0.54,0.49,0.54,378282,22430,20266,4,1,0,,16.0,36,0,0,,1,0,,0,,52.65,5.29,8.31,ST14_Kediri,Last Mile Delay
SHPM001299,AWB260001299,2026-03-09 16:05:34.388488,2026-03-09 16:35:34.388488,2026-03-09 17:17:34.388488,2026-03-09 18:48:28.294135,2026-03-09 19:27:28.294135,2026-03-09 19:46:28.294135,2026-03-10 01:19:53.723344,2026-03-10 05:53:36.229266,2026-03-10 11:31:08.555993,2026-03-10 19:34:41.506338,2026-03-10 22:39:31.401839,2026-03-10 08:05:34.388488,Delivered,Closed,SHP017,Shipper 017,Marketplace,Outer Java,ST16_Palembang,HB05_SUMATRA_GATEWAY,West Java,ST07_Cirebon,HB02_BDG_TRANSIT,Inter-Region,Same Day,Prepaid,CR150,Truck,0.72,1.1,1.1,828819,31950,21004,2,0,0,,39.0,16,0,0,,1,0,,0,,30.57,5.56,5.63,ST07_Cirebon,First Mile Delay
SHPM001300,AWB260001300,2026-03-24 03:27:07.249594,2026-03-24 03:48:07.249594,2026-03-24 04:27:07.249594,2026-03-24 12:18:15.142979,2026-03-24 13:05:15.142979,2026-03-24 14:11:15.142979,2026-03-24 17:03:33.744755,2026-03-24 22:56:09.159848,2026-03-25 02:06:52.510440,2026-03-25 10:28:23.466120,2026-03-26 04:08:57.231182,2026-03-27 03:27:07.249594,Delivered,Closed,SHP011,Shipper 011,Enterprise,Jabodetabek,ST03_JKT_East,HB01_JKT_GATEWAY,East Java,ST12_Surabaya,HB03_SBY_GATEWAY,Inter-Region,Regular,Prepaid,CR024,Bike,1.05,1.16,1.16,2032809,17220,13651,8,0,0,,47.0,72,1,0,,1,0,,0,,48.7,2.87,3.18,ST12_Surabaya,
SHPM001301,AWB260001301,2026-03-26 22:04:40.351211,2026-03-26 22:33:40.351211,2026-03-26 22:50:40.351211,2026-03-27 00:19:16.383721,2026-03-27 01:07:16.383721,2026-03-27 02:09:16.383721,2026-03-27 05:14:23.819341,2026-03-27 07:11:39.394784,2026-03-27 08:57:33.625510,2026-03-27 11:51:26.850032,2026-03-27 12:43:15.617248,2026-03-27 08:04:40.351211,Delivered,Closed,SHP002,Shipper 002,Enterprise,Jabodetabek,ST01_JKT_Central,HB01_JKT_GATEWAY,Jabodetabek,ST03_JKT_East,HB01_JKT_GATEWAY,Intra-Region,Same Day,Prepaid,CR011,Van,1.89,1.85,1.89,1311982,35505,24522,2,1,0,,48.0,10,0,0,,1,0,,0,,14.64,3.09,1.77,ST03_JKT_East,Last Mile Delay
SHPM001302,AWB260001302,2026-03-24 01:09:31.522300,2026-03-24 01:46:31.522300,2026-03-24 01:56:31.522300,2026-03-24 03:22:30.266052,2026-03-24 03:31:30.266052,2026-03-24 04:02:30.266052,2026-03-24 08:05:43.657942,2026-03-24 15:55:36.970958,2026-03-25 01:24:57.213864,2026-03-25 18:38:03.995438,2026-03-25 21:54:22.415686,2026-03-25 13:09:31.522300,Delivered,Closed,SHP088,Shipper 088,SME,Outer Java,ST19_Denpasar,HB06_EASTERN_GATEWAY,Central Java,ST09_Semarang,HB04_CTG_NATIONAL,Inter-Region,Next Day,Prepaid,CR176,Van,1.97,1.97,1.97,1163870,28865,22558,4,1,0,,9.0,36,0,0,,1,0,,0,,44.75,4.05,9.49,ST09_Semarang,Last Mile Delay
SHPM001303,AWB260001303,2026-03-17 22:06:31.365865,2026-03-17 22:50:31.365865,2026-03-17 23:21:31.365865,2026-03-18 02:43:22.308136,2026-03-18 03:40:22.308136,2026-03-18 04:11:22.308136,2026-03-18 06:07:04.519537,2026-03-18 08:33:19.777630,2026-03-18 14:20:52.391408,2026-03-18 17:35:31.763866,2026-03-19 14:27:01.366382,2026-03-19 22:06:31.365865,Delivered,Closed,SHP091,Shipper 091,SME,Outer Java,ST16_Palembang,HB05_SUMATRA_GATEWAY,Outer Java,ST19_Denpasar,HB06_EASTERN_GATEWAY,Intra-Region,Regular,Prepaid,CR145,Bike,1.47,1.56,1.56,215132,19020,14525,8,1,0,,57.0,48,1,0,,1,0,,0,,40.34,1.93,5.79,ST19_Denpasar,
SHPM001304,AWB260001304,2026-03-01 15:05:12.439713,2026-03-01 15:44:12.439713,2026-03-01 15:55:12.439713,2026-03-01 18:59:23.153410,2026-03-01 19:57:23.153410,2026-03-01 20:37:23.153410,2026-03-02 00:31:42.261894,2026-03-02 03:13:58.035366,2026-03-02 12:18:32.629975,2026-03-02 20:55:44.876126,2026-03-03 00:16:10.559943,2026-03-02 15:05:12.439713,Delivered,Closed,SHP014,Shipper 014,Enterprise,Jabodetabek,ST05_Tangerang,HB01_JKT_GATEWAY,Jabodetabek,ST05_Tangerang,HB01_JKT_GATEWAY,Intra-Region,Next Day,COD,CR045,Bike,2.73,2.91,2.91,1480420,37095,26257,4,1,0,,58.0,24,0,0,,1,0,,0,,33.18,3.91,9.08,ST05_Tangerang,Last Mile Delay
SHPM001305,AWB260001305,2026-03-05 04:46:23.519816,2026-03-05 05:17:23.519816,2026-03-05 05:56:23.519816,2026-03-05 09:40:17.054349,2026-03-05 10:09:17.054349,2026-03-05 10:32:17.054349,2026-03-05 16:23:15.973180,2026-03-05 22:03:10.018508,2026-03-06 07:17:44.281844,2026-03-06 17:45:44.569610,2026-03-06 22:48:56.048305,2026-03-08 04:46:23.519816,Delivered,Closed,SHP095,Shipper 095,Enterprise,Central Java,ST11_Yogyakarta,HB04_CTG_NATIONAL,East Java,ST12_Surabaya,HB03_SBY_GATEWAY,Inter-Region,Regular,Prepaid,CR102,Van,1.65,1.66,1.66,2543788,19470,13275,8,1,0,,29.0,72,1,0,,1,0,,0,,42.04,5.85,9.24,ST12_Surabaya,
SHPM001306,AWB260001306,2026-03-30 13:18:42.232247,2026-03-30 13:40:42.232247,2026-03-30 14:13:42.232247,2026-03-30 15:48:21.879657,2026-03-30 16:54:21.879657,2026-03-30 18:04:21.879657,2026-03-30 20:03:37.454701,2026-03-31 02:02:24.054542,2026-03-31 08:28:06.445506,2026-03-31 16:59:56.255310,2026-04-01 02:43:10.462594,2026-04-01 01:18:42.232247,Delivered,Closed,SHP084,Shipper 084,Enterprise,Central Java,ST11_Yogyakarta,HB04_CTG_NATIONAL,West Java,ST06_Bandung,HB01_JKT_GATEWAY,Inter-Region,Next Day,Prepaid,CR103,Van,0.58,0.56,0.58,353610,22610,15052,4,1,0,,66.0,36,0,0,,1,0,,0,,37.41,1.99,6.43,ST06_Bandung,Last Mile Delay
SHPM001307,AWB260001307,2026-02-21 11:08:31.073779,2026-02-21 11:48:31.073779,2026-02-21 12:09:31.073779,2026-02-21 12:46:44.588392,2026-02-21 13:45:44.588392,2026-02-21 14:26:44.588392,2026-02-21 19:07:33.437465,2026-02-21 23:42:25.054114,2026-02-22 11:20:32.171938,2026-02-22 20:28:26.483144,2026-02-23 00:25:58.043220,2026-02-22 03:08:31.073779,Delivered,Closed,SHP082,Shipper 082,SME,Outer Java,ST18_Balikpapan,HB06_EASTERN_GATEWAY,Jabodetabek,ST05_Tangerang,HB01_JKT_GATEWAY,Inter-Region,Same Day,Prepaid,CR171,Bike,1.14,1.16,1.16,462977,32220,29682,2,1,0,,59.0,16,0,0,,1,0,,0,,37.29,4.68,11.64,ST05_Tangerang,Hub Bottleneck
SHPM001308,AWB260001308,2026-03-19 01:08:43.234054,2026-03-19 01:23:43.234054,2026-03-19 01:48:43.234054,2026-03-19 10:08:34.008998,2026-03-19 10:54:34.008998,2026-03-19 11:27:34.008998,2026-03-19 12:37:20.911655,2026-03-19 22:00:24.616624,2026-03-20 03:06:40.866468,2026-03-20 15:48:20.268877,2026-03-21 21:43:13.623164,2026-03-22 01:08:43.234054,Delivered,Closed,SHP063,Shipper 063,Enterprise,Jabodetabek,ST01_JKT_Central,HB01_JKT_GATEWAY,Outer Java,ST16_Palembang,HB05_SUMATRA_GATEWAY,Inter-Region,Regular,Prepaid,CR011,Bike,1.97,2.11,2.11,516731,21495,19876,8,0,0,,46.0,72,1,0,,1,0,,0,,68.58,1.16,5.1,ST16_Palembang,
SHPM001309,AWB260001309,2026-03-02 22:28:56.563356,2026-03-02 22:54:56.563356,2026-03-02 23:54:56.563356,2026-03-03 05:13:44.236168,2026-03-03 06:43:44.236168,2026-03-03 07:08:44.236168,2026-03-03 11:44:41.742323,2026-03-03 13:49:54.159660,2026-03-03 21:27:50.508947,2026-03-04 11:19:45.887992,2026-03-04 21:54:14.739993,2026-03-05 22:28:56.563356,Delivered,Closed,SHP060,Shipper 060,Enterprise,East Java,ST12_Surabaya,HB03_SBY_GATEWAY,Central Java,ST11_Yogyakarta,HB04_CTG_NATIONAL,Inter-Region,Regular,Prepaid,CR108,Van,1.88,2.68,2.68,357508,24060,16143,8,1,0,,90.0,72,1,0,,1,0,,0,,47.42,4.6,7.63,ST11_Yogyakarta,
SHPM001310,AWB260001310,2026-02-21 07:13:33.395671,2026-02-21 07:26:33.395671,2026-02-21 08:06:33.395671,2026-02-21 11:21:09.271435,2026-02-21 11:57:09.271435,2026-02-21 12:33:09.271435,2026-02-21 16:37:00.698249,2026-02-21 19:08:17.988487,2026-02-22 04:34:31.469626,2026-02-22 10:56:58.881251,2026-02-22 19:20:20.372487,2026-02-24 07:13:33.395671,Delivered,Closed,SHP053,Shipper 053,Marketplace,Jabodetabek,ST05_Tangerang,HB01_JKT_GATEWAY,East Java,ST12_Surabaya,HB03_SBY_GATEWAY,Inter-Region,Regular,Prepaid,CR053,Van,1.09,1.05,1.09,69018,16905,13946,8,1,0,,36.0,72,1,0,,1,0,,0,,36.11,4.06,9.44,ST12_Surabaya,
SHPM001311,AWB260001311,2026-03-18 13:15:49.938782,2026-03-18 13:47:49.938782,2026-03-18 14:29:49.938782,2026-03-18 22:18:39.016874,2026-03-18 23:16:39.016874,2026-03-19 00:48:39.016874,2026-03-19 06:10:33.846203,2026-03-19 07:40:43.930541,2026-03-19 13:09:16.396637,2026-03-19 17:10:36.491277,2026-03-20 01:17:47.830431,2026-03-20 13:15:49.938782,Delivered,Closed,SHP071,Shipper 071,Enterprise,Jabodetabek,ST04_Bekasi,HB01_JKT_GATEWAY,Jabodetabek,ST01_JKT_Central,HB01_JKT_GATEWAY,Intra-Region,Regular,Prepaid,CR037,Van,1.0,1.68,1.68,704918,19560,10767,8,0,0,,58.0,48,1,0,,1,0,,0,,36.03,5.37,5.48,ST01_JKT_Central,
SHPM001312,AWB260001312,2026-02-27 01:11:47.055327,2026-02-27 01:29:47.055327,2026-02-27 02:15:47.055327,2026-02-27 03:51:37.252119,2026-02-27 04:04:37.252119,2026-02-27 05:38:37.252119,2026-02-27 09:32:18.342125,2026-02-27 18:30:36.105245,2026-02-28 00:52:26.642461,2026-02-28 15:57:07.022274,2026-02-28 21:28:41.619369,2026-02-28 13:11:47.055327,Delivered,Closed,SHP069,Shipper 069,SME,West Java,ST06_Bandung,HB01_JKT_GATEWAY,East Java,ST12_Surabaya,HB03_SBY_GATEWAY,Inter-Region,Next Day,Prepaid,CR061,Bike,0.82,0.77,0.82,2318273,23690,14437,4,1,0,,13.0,36,0,0,,1,0,,0,,44.28,3.89,6.36,ST12_Surabaya,Last Mile Delay
SHPM001313,AWB260001313,2026-03-13 06:02:23.837192,2026-03-13 06:28:23.837192,2026-03-13 06:47:23.837192,2026-03-13 09:46:27.009613,2026-03-13 10:13:27.009613,2026-03-13 11:22:27.009613,2026-03-13 15:42:05.624928,2026-03-13 21:52:21.167138,2026-03-14 02:54:35.439065,2026-03-14 18:01:46.447967,2026-03-15 03:03:56.621933,2026-03-14 18:02:23.837192,Delivered,Closed,SHP072,Shipper 072,Enterprise,Outer Java,ST18_Balikpapan,HB06_EASTERN_GATEWAY,Jabodetabek,ST04_Bekasi,HB01_JKT_GATEWAY,Inter-Region,Next Day,Prepaid,CR166,Truck,1.23,1.14,1.23,1773700,25535,17832,4,1,0,,27.0,36,0,0,,1,0,,0,,45.03,4.33,5.04,ST04_Bekasi,Last Mile Delay
SHPM001314,AWB260001314,2026-03-13 07:15:07.291921,2026-03-13 07:42:07.291921,2026-03-13 08:09:07.291921,2026-03-13 12:30:42.063001,2026-03-13 13:40:42.063001,2026-03-13 14:13:42.063001,2026-03-13 16:47:05.134857,2026-03-13 19:55:32.169897,2026-03-14 07:26:32.249689,2026-03-14 17:07:54.365038,2026-03-15 07:33:21.991148,2026-03-16 07:15:07.291921,Delivered,Closed,SHP014,Shipper 014,Enterprise,Jabodetabek,ST05_Tangerang,HB01_JKT_GATEWAY,East Java,ST13_Malang,HB03_SBY_GATEWAY,Inter-Region,Regular,Prepaid,CR046,Truck,1.87,2.28,2.28,1157987,22260,13300,8,1,0,,70.0,72,1,0,,1,0,,0,,48.3,2.56,11.52,ST13_Malang,
SHPM001315,AWB260001315,2026-03-18 16:28:57.703083,2026-03-18 16:34:57.703083,2026-03-18 16:48:57.703083,2026-03-18 19:16:18.835588,2026-03-18 20:11:18.835588,2026-03-18 20:28:18.835588,2026-03-18 23:54:36.817369,2026-03-19 08:31:21.862859,2026-03-19 20:10:07.203492,2026-03-20 04:48:54.145054,2026-03-20 18:47:06.124567,2026-03-21 16:28:57.703083,Delivered,Closed,SHP050,Shipper 050,Marketplace,Jabodetabek,ST01_JKT_Central,HB01_JKT_GATEWAY,West Java,ST07_Cirebon,HB02_BDG_TRANSIT,Inter-Region,Regular,COD,CR011,Bike,3.15,3.35,3.35,1000340,31075,18047,8,1,0,,55.0,72,1,0,,1,0,,0,,50.3,3.44,11.65,ST07_Cirebon,
SHPM001316,AWB260001316,2026-02-18 03:02:47.818578,2026-02-18 03:35:47.818578,2026-02-18 04:09:47.818578,2026-02-18 07:51:02.256450,2026-02-18 08:52:02.256450,2026-02-18 10:11:02.256450,2026-02-18 12:07:22.461101,2026-02-18 19:04:01.820715,2026-02-18 23:13:04.599181,2026-02-19 16:42:00.711749,2026-02-20 09:41:45.192746,2026-02-21 03:02:47.818578,Delivered,Closed,SHP014,Shipper 014,Enterprise,Jabodetabek,ST05_Tangerang,HB01_JKT_GATEWAY,East Java,ST12_Surabaya,HB03_SBY_GATEWAY,Inter-Region,Regular,Prepaid,CR054,Van,1.42,2.15,2.15,667158,21675,14146,8,1,0,,61.0,72,1,0,,1,0,,0,,54.65,1.94,4.15,ST12_Surabaya,
SHPM001317,AWB260001317,2026-02-28 02:13:05.831947,2026-02-28 02:23:05.831947,2026-02-28 02:52:05.831947,2026-02-28 09:46:53.962215,2026-02-28 10:33:53.962215,2026-02-28 12:22:53.962215,2026-02-28 14:41:46.991033,2026-02-28 21:20:58.664573,2026-03-01 02:56:28.810685,2026-03-01 15:17:56.154287,2026-03-02 13:35:08.190687,2026-03-03 02:13:05.831947,Delivered,Closed,SHP041,Shipper 041,SME,West Java,ST08_Bogor,HB01_JKT_GATEWAY,Outer Java,ST20_Banjarmasin,HB06_EASTERN_GATEWAY,Inter-Region,Regular,COD,CR080,Bike,0.81,1.21,1.21,1148423,21445,18588,8,1,0,,47.0,72,1,0,,1,0,,0,,59.37,2.31,5.59,ST20_Banjarmasin,
SHPM001318,AWB260001318,2026-03-15 12:13:23.669624,2026-03-15 12:42:23.669624,2026-03-15 12:58:23.669624,2026-03-15 21:26:15.557408,2026-03-15 21:34:15.557408,2026-03-15 22:37:15.557408,2026-03-16 01:55:39.058938,2026-03-16 05:27:59.695060,2026-03-16 12:26:14.519870,2026-03-16 19:00:03.878866,2026-03-16 23:51:05.477284,2026-03-17 12:13:23.669624,Delivered,Closed,SHP030,Shipper 030,Enterprise,Jabodetabek,ST05_Tangerang,HB01_JKT_GATEWAY,Jabodetabek,ST01_JKT_Central,HB01_JKT_GATEWAY,Intra-Region,Regular,Prepaid,CR052,Bike,2.86,3.04,3.04,1853876,25680,15149,8,0,0,,8.0,48,1,0,,1,0,,0,,35.63,3.31,6.97,ST01_JKT_Central,
SHPM001319,AWB260001319,2026-03-29 00:49:55.803261,2026-03-29 00:58:55.803261,2026-03-29 01:11:55.803261,2026-03-29 06:08:30.005038,2026-03-29 06:27:30.005038,2026-03-29 07:32:30.005038,2026-03-29 09:47:12.246211,2026-03-29 19:37:28.898487,2026-03-30 04:29:22.094760,2026-03-30 11:36:09.015854,2026-03-31 05:09:08.272301,2026-04-01 00:49:55.803261,Delivered,Closed,SHP058,Shipper 058,Enterprise,Jabodetabek,ST01_JKT_Central,HB01_JKT_GATEWAY,West Java,ST07_Cirebon,HB02_BDG_TRANSIT,Inter-Region,Regular,COD,CR011,Bike,2.21,2.09,2.21,759214,25945,17482,8,1,0,,19.0,72,1,0,,1,0,,0,,52.32,2.25,8.86,ST07_Cirebon,
SHPM001320,AWB260001320,2026-02-21 20:39:25.363604,2026-02-21 21:24:25.363604,2026-02-21 21:56:25.363604,2026-02-22 04:25:57.040767,2026-02-22 04:33:57.040767,2026-02-22 05:15:57.040767,2026-02-22 10:51:51.233752,2026-02-22 14:20:19.404452,2026-02-22 19:52:14.561480,2026-02-23 13:41:37.179922,2026-02-24 05:43:15.928464,2026-02-24 20:39:25.363604,Delivered,Closed,SHP052,Shipper 052,Marketplace,Jabodetabek,ST04_Bekasi,HB01_JKT_GATEWAY,Central Java,ST11_Yogyakarta,HB04_CTG_NATIONAL,Inter-Region,Regular,Prepaid,CR036,Bike,1.51,1.52,1.52,791898,18840,12182,8,1,0,,8.0,72,1,0,,1,0,,0,,57.06,5.6,5.53,ST11_Yogyakarta,
SHPM001321,AWB260001321,2026-03-18 16:23:53.676227,2026-03-18 16:47:53.676227,2026-03-18 17:11:53.676227,2026-03-18 19:39:54.486837,2026-03-18 20:33:54.486837,2026-03-18 20:55:54.486837,2026-03-18 23:45:50.368328,2026-03-19 08:09:08.263510,2026-03-19 18:18:01.441568,2026-03-20 06:26:31.831910,,2026-03-20 04:23:53.676227,Return To Sender,RTS,SHP042,Shipper 042,Marketplace,Jabodetabek,ST05_Tangerang,HB01_JKT_GATEWAY,East Java,ST14_Kediri,HB03_SBY_GATEWAY,Inter-Region,Next Day,Prepaid,CR054,Bike,0.97,1.43,1.43,365100,26435,21248,4,1,0,,54.0,36,0,1,Customer Not Home,2,0,,1,Customer Not Home,451.6,2.83,10.15,ST14_Kediri,Hub Bottleneck
SHPM001322,AWB260001322,2026-03-02 07:35:04.527044,2026-03-02 08:18:04.527044,2026-03-02 08:30:04.527044,2026-03-02 10:22:22.232954,2026-03-02 11:07:22.232954,2026-03-02 11:36:22.232954,2026-03-02 13:23:05.941401,2026-03-02 17:06:06.574831,2026-03-02 19:28:41.604092,2026-03-03 10:23:32.822233,2026-03-03 16:54:09.416751,2026-03-02 23:35:04.527044,Delivered,Closed,SHP013,Shipper 013,SME,Jabodetabek,ST05_Tangerang,HB01_JKT_GATEWAY,Outer Java,ST19_Denpasar,HB06_EASTERN_GATEWAY,Inter-Region,Same Day,COD,CR046,Truck,0.49,0.66,0.66,1039221,33970,19601,2,0,0,,45.0,16,0,0,,1,0,,0,,33.32,1.78,2.38,ST19_Denpasar,First Mile Delay
SHPM001323,AWB260001323,2026-02-22 11:03:51.828302,2026-02-22 11:47:51.828302,2026-02-22 12:43:51.828302,2026-02-22 14:14:42.908092,2026-02-22 14:35:42.908092,2026-02-22 16:06:42.908092,2026-02-22 21:47:13.060313,2026-02-23 02:23:46.716295,2026-02-23 10:10:41.068517,2026-02-23 22:45:47.240011,2026-02-24 09:44:29.507853,2026-02-25 11:03:51.828302,Delivered,Closed,SHP041,Shipper 041,SME,West Java,ST08_Bogor,HB01_JKT_GATEWAY,Central Java,ST09_Semarang,HB04_CTG_NATIONAL,Inter-Region,Regular,Prepaid,CR080,Bike,1.1,1.33,1.33,1181761,17985,15050,8,1,0,,21.0,72,1,0,,1,0,,0,,46.68,5.68,7.78,ST09_Semarang,
SHPM001324,AWB260001324,2026-03-28 22:39:06.093815,2026-03-28 23:04:06.093815,2026-03-28 23:25:06.093815,2026-03-29 03:54:58.299107,2026-03-29 04:11:58.299107,2026-03-29 04:32:58.299107,2026-03-29 07:31:51.911519,2026-03-29 14:19:25.317294,2026-03-29 23:57:06.256834,2026-03-30 10:19:40.778824,2026-03-30 14:24:05.153609,2026-03-31 22:39:06.093815,Delivered,Closed,SHP048,Shipper 048,Enterprise,Outer Java,ST17_Makassar,HB06_EASTERN_GATEWAY,West Java,ST08_Bogor,HB01_JKT_GATEWAY,Inter-Region,Regular,Prepaid,CR159,Truck,1.95,1.88,1.95,1018421,20775,14897,8,1,0,,17.0,72,1,0,,1,0,,0,,39.75,2.98,9.63,ST08_Bogor,
SHPM001325,AWB260001325,2026-03-15 09:16:46.696245,2026-03-15 09:21:46.696245,2026-03-15 09:43:46.696245,2026-03-15 13:02:19.092616,2026-03-15 13:13:19.092616,2026-03-15 14:15:19.092616,2026-03-15 15:24:49.020419,2026-03-15 19:46:46.636951,2026-03-16 01:39:49.259734,2026-03-16 16:34:58.854685,2026-03-16 20:02:52.306112,2026-03-16 21:16:46.696245,Delivered,Closed,SHP086,Shipper 086,Marketplace,Jabodetabek,ST02_JKT_West,HB01_JKT_GATEWAY,West Java,ST06_Bandung,HB01_JKT_GATEWAY,Inter-Region,Next Day,Prepaid,CR017,Bike,1.68,2.54,2.54,254186,31430,27050,4,1,0,,11.0,36,1,0,,1,0,,0,,34.77,1.16,5.88,ST06_Bandung,
SHPM001326,AWB260001326,2026-02-22 12:52:48.535961,2026-02-22 13:26:48.535961,2026-02-22 13:52:48.535961,2026-02-22 16:07:46.672750,2026-02-22 17:24:46.672750,2026-02-22 18:21:46.672750,2026-02-22 20:44:31.046060,2026-02-23 04:46:20.261707,2026-02-23 12:09:19.811128,2026-02-23 20:16:50.504948,2026-02-24 03:27:33.861068,2026-02-25 12:52:48.535961,Delivered,Closed,SHP011,Shipper 011,Enterprise,Jabodetabek,ST02_JKT_West,HB01_JKT_GATEWAY,Central Java,ST11_Yogyakarta,HB04_CTG_NATIONAL,Inter-Region,Regular,Prepaid,CR018,Bike,1.99,1.89,1.99,2415752,20955,12329,8,1,0,,77.0,72,1,0,,1,0,,0,,38.58,2.38,7.38,ST11_Yogyakarta,
SHPM001327,AWB260001327,2026-03-10 01:50:53.977339,2026-03-10 01:55:53.977339,2026-03-10 02:19:53.977339,2026-03-10 04:49:06.638730,2026-03-10 05:24:06.638730,2026-03-10 06:10:06.638730,2026-03-10 10:59:57.275665,2026-03-10 13:58:45.285407,2026-03-10 18:29:38.829162,2026-03-11 07:23:17.524223,2026-03-11 14:16:23.733387,2026-03-11 13:50:53.977339,Delivered,Closed,SHP061,Shipper 061,Enterprise,Outer Java,ST17_Makassar,HB06_EASTERN_GATEWAY,Central Java,ST09_Semarang,HB04_CTG_NATIONAL,Inter-Region,Next Day,Prepaid,CR159,Bike,1.83,2.0,2.0,1508650,29000,23516,4,1,0,,35.0,36,0,0,,1,0,,0,,36.42,4.83,4.51,ST09_Semarang,Last Mile Delay
SHPM001328,AWB260001328,2026-03-29 03:12:10.098397,2026-03-29 03:50:10.098397,2026-03-29 04:24:10.098397,2026-03-29 10:59:02.194563,2026-03-29 12:19:02.194563,2026-03-29 12:36:02.194563,2026-03-29 17:10:51.733621,2026-03-29 20:29:03.530452,2026-03-30 11:23:10.682883,2026-03-31 02:57:49.224178,2026-03-31 16:03:10.218403,2026-04-01 03:12:10.098397,Delivered,Closed,SHP070,Shipper 070,Enterprise,Jabodetabek,ST04_Bekasi,HB01_JKT_GATEWAY,Outer Java,ST18_Balikpapan,HB06_EASTERN_GATEWAY,Inter-Region,Regular,Prepaid,CR038,Bike,6.82,6.22,6.82,1905975,42690,29663,8,1,0,,80.0,72,1,0,,1,0,,0,,60.85,4.58,14.9,ST18_Balikpapan,
SHPM001329,AWB260001329,2026-03-25 00:17:02.513782,2026-03-25 00:23:02.513782,2026-03-25 01:21:02.513782,2026-03-25 09:34:56.159800,2026-03-25 11:03:56.159800,2026-03-25 11:51:56.159800,2026-03-25 19:26:41.091881,2026-03-26 00:29:01.558705,2026-03-26 08:17:37.345821,2026-03-27 02:00:40.165637,2026-03-27 12:47:32.819770,2026-03-28 00:17:02.513782,Delivered,Closed,SHP018,Shipper 018,Enterprise,West Java,ST07_Cirebon,HB02_BDG_TRANSIT,East Java,ST13_Malang,HB03_SBY_GATEWAY,Inter-Region,Regular,Prepaid,CR073,Truck,0.94,0.85,0.94,1867953,16230,11801,8,0,0,,89.0,72,1,0,,1,0,,0,,60.51,7.58,7.81,ST13_Malang,
SHPM001330,AWB260001330,2026-03-20 17:57:28.733245,2026-03-20 18:09:28.733245,2026-03-20 18:44:28.733245,2026-03-21 00:45:50.877004,2026-03-21 01:24:50.877004,2026-03-21 02:58:50.877004,2026-03-21 07:47:41.322327,2026-03-21 11:51:55.412142,2026-03-21 23:47:19.240077,2026-03-22 13:59:55.656308,2026-03-23 03:51:12.254055,2026-03-23 17:57:28.733245,Delivered,Closed,SHP061,Shipper 061,Enterprise,Outer Java,ST16_Palembang,HB05_SUMATRA_GATEWAY,West Java,ST06_Bandung,HB01_JKT_GATEWAY,Inter-Region,Regular,Prepaid,CR147,Bike,7.17,7.08,7.17,185819,44265,33618,8,1,0,,39.0,72,1,0,,1,0,,0,,57.9,4.81,11.92,ST06_Bandung,
SHPM001331,AWB260001331,2026-03-14 16:46:52.018495,2026-03-14 16:51:52.018495,2026-03-14 17:29:52.018495,2026-03-15 00:50:59.762410,2026-03-15 01:43:59.762410,2026-03-15 02:13:59.762410,2026-03-15 06:50:15.204567,2026-03-15 10:42:24.303892,2026-03-15 22:43:44.024213,2026-03-16 12:25:09.897356,2026-03-16 17:33:39.395104,2026-03-17 16:46:52.018495,Delivered,Closed,SHP060,Shipper 060,Enterprise,East Java,ST14_Kediri,HB03_SBY_GATEWAY,West Java,ST07_Cirebon,HB02_BDG_TRANSIT,Inter-Region,Regular,Prepaid,CR134,Bike,2.24,3.39,3.39,1561961,27255,24699,8,1,0,,53.0,72,1,0,,1,0,,0,,48.78,4.6,12.02,ST07_Cirebon,
SHPM001332,AWB260001332,2026-03-28 00:46:56.479278,2026-03-28 00:54:56.479278,2026-03-28 01:35:56.479278,2026-03-28 02:07:17.634954,2026-03-28 02:15:17.634954,2026-03-28 04:14:17.634954,2026-03-28 08:49:11.184846,2026-03-28 17:42:43.111112,2026-03-28 20:23:24.854519,2026-03-29 07:46:14.691887,2026-03-29 17:41:49.611404,2026-03-29 12:46:56.479278,Delivered,Closed,SHP050,Shipper 050,Marketplace,Jabodetabek,ST01_JKT_Central,HB01_JKT_GATEWAY,East Java,ST13_Malang,HB03_SBY_GATEWAY,Inter-Region,Next Day,COD,CR003,Bike,1.12,1.2,1.2,1532856,29400,18427,4,1,0,,8.0,36,0,0,,1,0,,0,,40.91,4.58,2.68,ST13_Malang,Last Mile Delay
SHPM001333,AWB260001333,2026-03-09 00:54:25.357999,2026-03-09 01:33:25.357999,2026-03-09 02:06:25.357999,2026-03-09 07:56:41.170089,2026-03-09 08:06:41.170089,2026-03-09 09:24:41.170089,2026-03-09 12:52:20.670841,2026-03-09 14:58:31.764137,2026-03-09 19:10:43.171914,2026-03-09 22:21:35.629125,2026-03-10 10:23:43.878906,2026-03-11 00:54:25.357999,Delivered,Closed,SHP004,Shipper 004,Marketplace,Jabodetabek,ST01_JKT_Central,HB01_JKT_GATEWAY,Jabodetabek,ST05_Tangerang,HB01_JKT_GATEWAY,Intra-Region,Regular,Prepaid,CR001,Van,2.87,2.68,2.87,619298,24915,14674,8,1,0,,10.0,48,1,0,,1,0,,0,,33.49,3.46,4.2,ST05_Tangerang,
SHPM001334,AWB260001334,2026-03-02 13:43:46.345901,2026-03-02 14:06:46.345901,2026-03-02 14:51:46.345901,2026-03-02 15:41:41.109446,2026-03-02 16:49:41.109446,2026-03-02 18:49:41.109446,2026-03-02 20:50:03.259605,2026-03-03 05:33:08.611000,2026-03-03 22:08:08.421058,2026-03-04 12:28:59.225788,2026-03-04 15:51:15.874407,2026-03-04 01:43:46.345901,Delivered,Closed,SHP010,Shipper 010,Enterprise,East Java,ST12_Surabaya,HB03_SBY_GATEWAY,Jabodetabek,ST01_JKT_Central,HB01_JKT_GATEWAY,Inter-Region,Next Day,Prepaid,CR111,Bike,1.51,2.52,2.52,1440457,31340,24962,4,1,0,,68.0,36,0,0,,1,0,,0,,50.12,2.01,16.58,ST01_JKT_Central,Hub Bottleneck
SHPM001335,AWB260001335,2026-02-20 19:32:03.302739,2026-02-20 20:14:03.302739,2026-02-20 20:50:03.302739,2026-02-21 02:19:18.834668,2026-02-21 02:50:18.834668,2026-02-21 04:01:18.834668,2026-02-21 05:43:33.231751,2026-02-21 10:05:01.833083,2026-02-21 20:25:53.698821,2026-02-22 09:59:41.478949,2026-02-23 03:52:39.640903,2026-02-23 19:32:03.302739,Delivered,Closed,SHP089,Shipper 089,Enterprise,Central Java,ST11_Yogyakarta,HB04_CTG_NATIONAL,Jabodetabek,ST03_JKT_East,HB01_JKT_GATEWAY,Inter-Region,Regular,Prepaid,CR104,Bike,3.37,3.68,3.68,1152578,28560,25325,8,1,0,,31.0,72,1,0,,1,0,,0,,56.34,1.7,10.35,ST03_JKT_East,
SHPM001336,AWB260001336,2026-03-18 00:40:35.484912,2026-03-18 01:05:35.484912,2026-03-18 01:36:35.484912,2026-03-18 06:49:55.851295,2026-03-18 07:36:55.851295,2026-03-18 08:29:55.851295,2026-03-18 11:23:36.171214,2026-03-18 20:18:36.359044,2026-03-19 07:06:01.002258,2026-03-19 20:02:06.626006,2026-03-20 07:50:55.129725,2026-03-21 00:40:35.484912,Delivered,Closed,SHP037,Shipper 037,Marketplace,Central Java,ST11_Yogyakarta,HB04_CTG_NATIONAL,Jabodetabek,ST03_JKT_East,HB01_JKT_GATEWAY,Inter-Region,Regular,Prepaid,CR100,Van,2.21,3.28,3.28,768648,26760,18030,8,1,0,,47.0,72,1,0,,1,0,,0,,55.17,2.89,10.79,ST03_JKT_East,
SHPM001337,AWB260001337,2026-02-22 09:03:06.840050,2026-02-22 09:31:06.840050,2026-02-22 09:58:06.840050,2026-02-22 11:08:32.659006,2026-02-22 11:57:32.659006,2026-02-22 13:53:32.659006,2026-02-22 14:53:59.659157,2026-02-22 18:31:42.256710,2026-02-23 01:33:44.947833,2026-02-23 09:17:59.332083,2026-02-23 12:55:25.188179,2026-02-23 21:03:06.840050,Delivered,Closed,SHP062,Shipper 062,Enterprise,Jabodetabek,ST04_Bekasi,HB01_JKT_GATEWAY,West Java,ST07_Cirebon,HB02_BDG_TRANSIT,Inter-Region,Next Day,Prepaid,CR042,Bike,1.57,1.73,1.73,1597554,27785,26356,4,1,0,,49.0,36,1,0,,1,0,,0,,27.87,1.01,7.03,ST07_Cirebon,
SHPM001338,AWB260001338,2026-03-26 04:03:09.031341,2026-03-26 04:21:09.031341,2026-03-26 04:50:09.031341,2026-03-26 08:44:34.104131,2026-03-26 09:41:34.104131,2026-03-26 11:17:34.104131,2026-03-26 14:35:34.818603,2026-03-26 19:26:38.501616,2026-03-27 06:41:49.016941,2026-03-27 23:18:00.112044,2026-03-28 04:31:35.620888,2026-03-29 04:03:09.031341,Delivered,Closed,SHP005,Shipper 005,Enterprise,Central Java,ST09_Semarang,HB04_CTG_NATIONAL,Jabodetabek,ST02_JKT_West,HB01_JKT_GATEWAY,Inter-Region,Regular,Prepaid,CR090,Truck,4.72,5.5,5.5,2194651,36750,29093,8,1,0,,57.0,72,1,0,,1,0,,0,,48.47,3.3,11.25,ST02_JKT_West,
SHPM001339,AWB260001339,2026-03-14 18:54:27.928671,2026-03-14 19:06:27.928671,2026-03-14 19:11:27.928671,,,,,,,,,2026-03-16 06:54:27.928671,Failed Pickup,Exception,SHP077,Shipper 077,Marketplace,Outer Java,ST16_Palembang,HB05_SUMATRA_GATEWAY,Jabodetabek,ST05_Tangerang,HB01_JKT_GATEWAY,Inter-Region,Next Day,Prepaid,CR149,Bike,2.11,2.18,2.18,1078630,29810,27269,4,0,1,Shipper Not Ready,,36,0,0,,0,0,,0,,545.09,,,ST16_Palembang,
SHPM001340,AWB260001340,2026-03-28 22:08:49.935565,2026-03-28 22:26:49.935565,2026-03-28 22:56:49.935565,2026-03-29 02:35:36.361355,2026-03-29 03:23:36.361355,2026-03-29 03:42:36.361355,2026-03-29 09:02:22.683308,2026-03-29 15:56:34.454825,2026-03-29 18:17:38.068172,2026-03-30 08:55:11.841331,2026-03-30 12:54:50.065554,2026-03-30 10:08:49.935565,Delivered,Closed,SHP089,Shipper 089,Enterprise,Central Java,ST11_Yogyakarta,HB04_CTG_NATIONAL,Jabodetabek,ST02_JKT_West,HB01_JKT_GATEWAY,Inter-Region,Next Day,Prepaid,CR106,Van,3.4,3.49,3.49,611750,35705,31472,4,0,0,,48.0,36,0,0,,1,0,,0,,38.77,5.33,2.35,ST02_JKT_West,First Mile Delay
SHPM001341,AWB260001341,2026-02-25 19:11:03.330493,2026-02-25 19:50:03.330493,2026-02-25 20:29:03.330493,2026-02-25 21:07:51.884702,2026-02-25 21:37:51.884702,2026-02-25 23:04:51.884702,2026-02-26 05:01:38.600899,2026-02-26 13:42:56.998253,2026-02-26 22:08:08.885067,2026-02-27 09:15:20.408830,2026-02-27 14:29:42.872350,2026-02-27 07:11:03.330493,Delivered,Closed,SHP069,Shipper 069,SME,West Java,ST06_Bandung,HB01_JKT_GATEWAY,East Java,ST13_Malang,HB03_SBY_GATEWAY,Inter-Region,Next Day,Prepaid,CR060,Bike,1.33,1.44,1.44,321939,26480,24148,4,1,0,,30.0,36,0,0,,1,0,,0,,43.31,5.95,8.42,ST13_Malang,Last Mile Delay
SHPM001342,AWB260001342,2026-03-07 08:36:39.112391,2026-03-07 09:15:39.112391,2026-03-07 09:54:39.112391,2026-03-07 10:23:42.106618,2026-03-07 11:06:42.106618,2026-03-07 11:28:42.106618,2026-03-07 13:03:50.524159,2026-03-07 17:31:30.774753,2026-03-07 21:21:32.655863,2026-03-08 01:46:34.648817,2026-03-08 03:00:33.126455,2026-03-07 18:36:39.112391,Delivered,Closed,SHP065,Shipper 065,Marketplace,Jabodetabek,ST01_JKT_Central,HB01_JKT_GATEWAY,Jabodetabek,ST02_JKT_West,HB01_JKT_GATEWAY,Intra-Region,Same Day,COD,CR001,Truck,1.41,1.3,1.41,844537,37345,33303,2,1,0,,43.0,10,0,0,,1,0,,0,,18.4,1.59,3.83,ST02_JKT_West,Last Mile Delay
SHPM001343,AWB260001343,2026-03-04 19:55:13.493637,2026-03-04 20:23:13.493637,2026-03-04 20:28:13.493637,2026-03-04 23:37:17.702664,2026-03-05 00:14:17.702664,2026-03-05 02:12:17.702664,2026-03-05 03:35:37.884640,2026-03-05 05:13:46.572629,2026-03-05 11:00:12.975890,2026-03-05 19:52:15.848696,2026-03-06 08:12:41.833525,2026-03-06 19:55:13.493637,Delivered,Closed,SHP058,Shipper 058,Enterprise,Jabodetabek,ST01_JKT_Central,HB01_JKT_GATEWAY,Jabodetabek,ST04_Bekasi,HB01_JKT_GATEWAY,Intra-Region,Regular,Prepaid,CR005,Van,0.34,0.36,0.36,333908,13620,11267,8,1,0,,37.0,48,1,0,,1,0,,0,,36.29,1.39,5.77,ST04_Bekasi,
SHPM001344,AWB260001344,2026-03-10 18:18:40.301371,2026-03-10 18:41:40.301371,2026-03-10 19:21:40.301371,2026-03-10 22:47:54.806175,2026-03-10 22:55:54.806175,2026-03-10 23:58:54.806175,2026-03-11 02:05:40.513786,2026-03-11 04:42:34.423791,2026-03-11 12:31:46.637966,2026-03-11 21:23:21.311768,2026-03-12 01:14:45.514833,2026-03-12 06:18:40.301371,Delivered,Closed,SHP088,Shipper 088,SME,Outer Java,ST20_Banjarmasin,HB06_EASTERN_GATEWAY,Jabodetabek,ST02_JKT_West,HB01_JKT_GATEWAY,Inter-Region,Next Day,Prepaid,CR191,Bike,1.89,1.96,1.96,437548,28820,27331,4,0,0,,8.0,36,1,0,,1,0,,0,,30.93,2.11,7.82,ST02_JKT_West,
SHPM001345,AWB260001345,2026-03-03 13:52:41.882889,2026-03-03 14:16:41.882889,2026-03-03 14:34:41.882889,2026-03-03 21:32:22.312532,2026-03-03 21:49:22.312532,2026-03-03 23:40:22.312532,2026-03-04 01:23:13.025913,2026-03-04 09:10:45.990953,2026-03-04 12:54:02.387556,2026-03-05 01:39:59.385709,2026-03-05 14:20:59.079420,2026-03-06 13:52:41.882889,Delivered,Closed,SHP087,Shipper 087,Enterprise,Jabodetabek,ST02_JKT_West,HB01_JKT_GATEWAY,Outer Java,ST16_Palembang,HB05_SUMATRA_GATEWAY,Inter-Region,Regular,Prepaid,CR015,Bike,0.65,0.6,0.65,851173,14925,12375,8,1,0,,17.0,72,1,0,,1,0,,0,,48.47,1.71,3.72,ST16_Palembang,
SHPM001346,AWB260001346,2026-02-27 17:22:54.820534,2026-02-27 18:03:54.820534,2026-02-27 18:24:54.820534,2026-02-28 00:32:22.201285,2026-02-28 01:02:22.201285,2026-02-28 01:57:22.201285,2026-02-28 04:21:21.467026,2026-02-28 06:05:24.722669,2026-02-28 07:38:27.328625,2026-02-28 11:44:44.198107,2026-03-01 05:24:20.966092,2026-03-01 17:22:54.820534,Delivered,Closed,SHP063,Shipper 063,Enterprise,Jabodetabek,ST04_Bekasi,HB01_JKT_GATEWAY,Jabodetabek,ST03_JKT_East,HB01_JKT_GATEWAY,Intra-Region,Regular,COD,CR036,Bike,5.81,6.25,6.25,252614,44125,30410,8,1,0,,30.0,48,1,0,,1,0,,0,,36.02,2.4,1.55,ST03_JKT_East,
SHPM001347,AWB260001347,2026-02-18 05:55:00.378644,2026-02-18 06:39:00.378644,2026-02-18 06:52:00.378644,2026-02-18 09:34:51.620882,2026-02-18 10:20:51.620882,2026-02-18 10:55:51.620882,2026-02-18 15:05:28.466648,2026-02-18 22:16:30.195718,2026-02-19 01:43:36.241017,2026-02-19 10:40:07.844206,2026-02-20 00:13:20.703461,2026-02-21 05:55:00.378644,Delivered,Closed,SHP085,Shipper 085,Marketplace,Central Java,ST09_Semarang,HB04_CTG_NATIONAL,Outer Java,ST19_Denpasar,HB06_EASTERN_GATEWAY,Inter-Region,Regular,Prepaid,CR090,Bike,0.88,0.83,0.88,596206,15960,10456,8,1,0,,46.0,72,1,0,,1,0,,0,,42.31,4.16,3.45,ST19_Denpasar,
SHPM001348,AWB260001348,2026-03-27 09:22:47.124695,2026-03-27 09:52:47.124695,2026-03-27 10:34:47.124695,2026-03-27 13:42:37.914444,2026-03-27 14:14:37.914444,2026-03-27 15:46:37.914444,2026-03-27 21:17:31.783933,2026-03-28 04:43:36.376727,2026-03-28 22:10:05.498100,2026-03-29 08:32:01.176534,2026-03-29 22:12:33.026504,2026-03-30 09:22:47.124695,Delivered,Closed,SHP007,Shipper 007,SME,Jabodetabek,ST05_Tangerang,HB01_JKT_GATEWAY,Outer Java,ST20_Banjarmasin,HB06_EASTERN_GATEWAY,Inter-Region,Regular,COD,CR044,Bike,1.19,1.24,1.24,1045979,21580,14748,8,1,0,,32.0,72,1,0,,1,0,,0,,60.83,5.51,17.44,ST20_Banjarmasin,
SHPM001349,AWB260001349,2026-03-07 02:17:16.211691,2026-03-07 03:02:16.211691,2026-03-07 03:39:16.211691,2026-03-07 11:47:37.663858,2026-03-07 12:27:37.663858,2026-03-07 13:43:37.663858,2026-03-07 15:30:56.524167,2026-03-07 22:01:50.938427,2026-03-08 09:42:53.318751,2026-03-08 18:28:17.290214,2026-03-08 22:40:13.419192,2026-03-10 02:17:16.211691,Delivered,Closed,SHP089,Shipper 089,Enterprise,Central Java,ST11_Yogyakarta,HB04_CTG_NATIONAL,East Java,ST13_Malang,HB03_SBY_GATEWAY,Inter-Region,Regular,Prepaid,CR100,Bike,1.02,1.15,1.15,1151086,17175,11134,8,0,0,,40.0,72,1,0,,1,0,,0,,44.38,1.79,11.68,ST13_Malang,
SHPM001350,AWB260001350,2026-03-13 03:57:13.753931,2026-03-13 04:16:13.753931,2026-03-13 04:21:13.753931,2026-03-13 10:16:05.924229,2026-03-13 11:02:05.924229,2026-03-13 12:01:05.924229,2026-03-13 16:03:59.040083,2026-03-13 21:59:20.785640,2026-03-14 04:36:42.559140,2026-03-14 10:10:21.253192,2026-03-14 23:12:24.854577,2026-03-16 03:57:13.753931,Delivered,Closed,SHP014,Shipper 014,Enterprise,Jabodetabek,ST05_Tangerang,HB01_JKT_GATEWAY,Outer Java,ST15_Medan,HB05_SUMATRA_GATEWAY,Inter-Region,Regular,Prepaid,CR052,Bike,1.17,1.39,1.39,1859129,18255,14356,8,1,0,,46.0,72,1,0,,1,0,,0,,43.25,4.05,6.62,ST15_Medan,
SHPM001351,AWB260001351,2026-03-14 05:34:32.594853,2026-03-14 05:42:32.594853,2026-03-14 06:12:32.594853,2026-03-14 09:33:36.629425,2026-03-14 10:02:36.629425,2026-03-14 11:46:36.629425,2026-03-14 14:45:20.411554,2026-03-14 23:23:08.881292,2026-03-15 10:03:44.994392,2026-03-16 03:20:00.087688,2026-03-16 06:25:49.475059,2026-03-15 17:34:32.594853,Delivered,Closed,SHP007,Shipper 007,SME,Jabodetabek,ST05_Tangerang,HB01_JKT_GATEWAY,West Java,ST07_Cirebon,HB02_BDG_TRANSIT,Inter-Region,Next Day,COD,CR044,Bike,1.32,2.16,2.16,1707916,33720,29481,4,1,0,,29.0,36,0,0,,1,0,,0,,48.85,2.98,10.68,ST07_Cirebon,Hub Bottleneck
SHPM001352,AWB260001352,2026-02-19 02:55:55.358270,2026-02-19 03:05:55.358270,2026-02-19 03:40:55.358270,2026-02-19 06:21:18.080548,2026-02-19 06:29:18.080548,2026-02-19 07:03:18.080548,2026-02-19 09:52:08.510105,2026-02-19 16:24:30.200131,2026-02-19 20:36:35.805372,2026-02-20 03:21:59.355297,2026-02-20 09:04:05.118035,2026-02-22 02:55:55.358270,Delivered,Closed,SHP059,Shipper 059,Marketplace,Jabodetabek,ST02_JKT_West,HB01_JKT_GATEWAY,West Java,ST07_Cirebon,HB02_BDG_TRANSIT,Inter-Region,Regular,Prepaid,CR016,Bike,1.05,0.96,1.05,1877418,16725,9933,8,1,0,,8.0,72,1,0,,1,0,,0,,30.14,2.81,4.2,ST07_Cirebon,
SHPM001353,AWB260001353,2026-03-07 09:50:16.124515,2026-03-07 10:00:16.124515,2026-03-07 10:37:16.124515,2026-03-07 14:29:06.104371,2026-03-07 14:42:06.104371,2026-03-07 16:04:06.104371,2026-03-07 17:19:13.326746,2026-03-08 00:52:58.430058,2026-03-09 21:17:22.451038,2026-03-10 02:18:54.821053,2026-03-10 12:45:33.462167,2026-03-08 21:50:16.124515,Delivered,Closed,SHP090,Shipper 090,Enterprise,East Java,ST14_Kediri,HB03_SBY_GATEWAY,Outer Java,ST17_Makassar,HB06_EASTERN_GATEWAY,Inter-Region,Next Day,Prepaid,CR128,Truck,2.17,3.65,3.65,1484252,36425,33489,4,0,0,,13.0,36,0,0,,1,0,,0,,74.92,1.25,44.41,ST17_Makassar,First Mile Delay
SHPM001354,AWB260001354,2026-03-30 18:50:08.901618,2026-03-30 19:21:08.901618,2026-03-30 19:27:08.901618,2026-03-30 23:30:10.911167,2026-03-31 00:19:10.911167,2026-03-31 00:56:10.911167,2026-03-31 04:29:15.959013,2026-03-31 10:24:04.808510,2026-03-31 12:00:55.978056,2026-04-01 04:52:18.496937,,2026-04-02 18:50:08.901618,Delivery Exception,Exception,SHP011,Shipper 011,Enterprise,Jabodetabek,ST03_JKT_East,HB01_JKT_GATEWAY,West Java,ST07_Cirebon,HB02_BDG_TRANSIT,Inter-Region,Regular,COD,CR020,Van,0.64,0.65,0.65,1316773,18925,10517,8,1,0,,49.0,72,0,1,Remote Area Delay,2,0,,0,,161.16,3.55,1.61,ST07_Cirebon,Delivery Exception
SHPM001355,AWB260001355,2026-02-25 22:48:08.225455,2026-02-25 23:24:08.225455,2026-02-26 00:00:08.225455,2026-02-26 02:39:52.675115,2026-02-26 03:31:52.675115,2026-02-26 04:27:52.675115,2026-02-26 08:39:15.776044,2026-02-26 13:02:57.112103,2026-02-27 05:01:02.135739,2026-02-27 09:05:54.791122,2026-02-27 20:55:34.547455,2026-02-26 22:48:08.225455,Delivered,Closed,SHP091,Shipper 091,SME,Outer Java,ST16_Palembang,HB05_SUMATRA_GATEWAY,Outer Java,ST18_Balikpapan,HB06_EASTERN_GATEWAY,Intra-Region,Next Day,Prepaid,CR145,Bike,5.72,5.5,5.72,1253785,45740,26439,4,1,0,,52.0,24,0,0,,1,0,,0,,46.12,4.19,15.97,ST18_Balikpapan,Hub Bottleneck
SHPM001356,AWB260001356,2026-02-24 05:59:43.479730,2026-02-24 06:22:43.479730,2026-02-24 07:06:43.479730,2026-02-24 10:24:22.459784,2026-02-24 11:30:22.459784,2026-02-24 12:24:22.459784,2026-02-24 15:07:12.174543,2026-02-24 19:19:16.123065,2026-02-24 21:26:11.313839,2026-02-25 14:02:07.769989,,2026-02-27 05:59:43.479730,Delivery Exception,Exception,SHP056,Shipper 056,Enterprise,Jabodetabek,ST03_JKT_East,HB01_JKT_GATEWAY,Central Java,ST10_Solo,HB04_CTG_NATIONAL,Inter-Region,Regular,Prepaid,CR030,Bike,1.79,1.75,1.79,2446876,20055,13092,8,1,0,,66.0,72,0,1,Customer Reschedule,2,0,,0,,990.0,2.71,2.12,ST10_Solo,Delivery Exception
SHPM001357,AWB260001357,2026-03-06 07:32:31.903930,2026-03-06 07:45:31.903930,2026-03-06 08:15:31.903930,2026-03-06 15:28:14.296269,2026-03-06 15:41:14.296269,2026-03-06 17:21:14.296269,2026-03-06 20:11:48.877503,2026-03-07 03:02:06.882972,2026-03-07 11:11:46.969923,2026-03-08 00:50:07.394516,2026-03-08 04:50:43.888051,2026-03-09 07:32:31.903930,Delivered,Closed,SHP089,Shipper 089,Enterprise,Central Java,ST11_Yogyakarta,HB04_CTG_NATIONAL,West Java,ST08_Bogor,HB01_JKT_GATEWAY,Inter-Region,Regular,Prepaid,CR106,Bike,0.32,0.37,0.37,744264,13665,9796,8,1,0,,13.0,72,1,0,,1,0,,0,,45.3,2.84,8.16,ST08_Bogor,
SHPM001358,AWB260001358,2026-02-24 17:04:33.630105,2026-02-24 17:16:33.630105,2026-02-24 17:35:33.630105,2026-02-24 19:32:57.750430,2026-02-24 20:27:57.750430,2026-02-24 21:30:57.750430,2026-02-24 23:31:33.619383,2026-02-25 06:19:37.720942,2026-02-25 17:04:20.110663,2026-02-26 02:48:28.891690,2026-02-26 17:26:38.544178,2026-02-27 17:04:33.630105,Delivered,Closed,SHP050,Shipper 050,Marketplace,Jabodetabek,ST04_Bekasi,HB01_JKT_GATEWAY,East Java,ST13_Malang,HB03_SBY_GATEWAY,Inter-Region,Regular,Prepaid,CR033,Bike,1.33,1.25,1.33,752159,17985,14276,8,1,0,,55.0,72,1,0,,1,0,,0,,48.37,2.01,10.75,ST13_Malang,
SHPM001359,AWB260001359,2026-02-21 01:27:11.162378,2026-02-21 01:57:11.162378,2026-02-21 02:18:11.162378,2026-02-21 03:42:39.372354,2026-02-21 04:15:39.372354,2026-02-21 05:37:39.372354,2026-02-21 07:29:35.779427,2026-02-21 16:24:04.768913,2026-02-22 03:42:39.014146,2026-02-22 20:02:17.501340,2026-02-22 21:54:06.949386,2026-02-21 17:27:11.162378,Delivered,Closed,SHP007,Shipper 007,SME,Jabodetabek,ST05_Tangerang,HB01_JKT_GATEWAY,Central Java,ST09_Semarang,HB04_CTG_NATIONAL,Inter-Region,Same Day,Prepaid,CR054,Bike,0.87,1.15,1.15,539041,32175,27348,2,1,0,,33.0,16,0,0,,1,0,,0,,44.45,1.87,11.31,ST09_Semarang,Hub Bottleneck
SHPM001360,AWB260001360,2026-02-26 16:40:07.601830,2026-02-26 16:52:07.601830,2026-02-26 17:18:07.601830,2026-02-26 23:57:48.487222,2026-02-27 00:48:48.487222,2026-02-27 01:11:48.487222,2026-02-27 04:15:43.024983,2026-02-27 08:39:56.383952,2026-02-27 17:46:11.636953,2026-02-28 07:44:48.297233,2026-02-28 16:43:38.803114,2026-03-01 16:40:07.601830,Delivered,Closed,SHP049,Shipper 049,Enterprise,Jabodetabek,ST05_Tangerang,HB01_JKT_GATEWAY,Central Java,ST10_Solo,HB04_CTG_NATIONAL,Inter-Region,Regular,Prepaid,CR048,Van,0.35,0.5,0.5,214932,14250,9982,8,1,0,,51.0,72,1,0,,1,0,,0,,48.06,3.07,9.1,ST10_Solo,
SHPM001361,AWB260001361,2026-02-28 06:52:57.929622,2026-02-28 07:15:57.929622,2026-02-28 07:33:57.929622,2026-02-28 11:13:23.000296,2026-02-28 12:16:23.000296,2026-02-28 12:32:23.000296,2026-02-28 14:06:12.774481,2026-02-28 21:11:34.704492,2026-03-01 05:06:33.800597,2026-03-01 11:38:57.403290,2026-03-01 19:33:57.583960,2026-03-03 06:52:57.929622,Delivered,Closed,SHP026,Shipper 026,Marketplace,Outer Java,ST17_Makassar,HB06_EASTERN_GATEWAY,West Java,ST08_Bogor,HB01_JKT_GATEWAY,Inter-Region,Regular,Prepaid,CR162,Bike,3.44,4.9,4.9,2172908,34050,26298,8,1,0,,63.0,72,1,0,,1,0,,0,,36.68,1.56,7.92,ST08_Bogor,
SHPM001362,AWB260001362,2026-02-24 23:49:52.513602,2026-02-25 00:02:52.513602,2026-02-25 00:18:52.513602,2026-02-25 08:04:21.007016,2026-02-25 08:14:21.007016,2026-02-25 09:50:21.007016,2026-02-25 12:41:07.191902,2026-02-25 20:13:51.158173,2026-02-26 11:18:38.952384,2026-02-27 00:59:50.389115,2026-02-27 12:25:44.469764,2026-02-27 23:49:52.513602,Delivered,Closed,SHP068,Shipper 068,Marketplace,East Java,ST13_Malang,HB03_SBY_GATEWAY,West Java,ST06_Bandung,HB01_JKT_GATEWAY,Inter-Region,Regular,Prepaid,CR124,Van,0.78,1.29,1.29,1864405,17805,10024,8,0,0,,10.0,72,1,0,,1,0,,0,,60.6,2.85,15.08,ST06_Bandung,
SHPM001363,AWB260001363,2026-03-25 10:33:36.626331,2026-03-25 11:15:36.626331,2026-03-25 11:39:36.626331,2026-03-25 14:20:28.325418,2026-03-25 15:11:28.325418,2026-03-25 15:55:28.325418,2026-03-25 18:32:34.166004,2026-03-26 02:00:56.111713,2026-03-26 09:54:20.025744,2026-03-26 19:26:11.705756,2026-03-27 05:39:12.546649,2026-03-26 22:33:36.626331,Delivered,Closed,SHP012,Shipper 012,Marketplace,Outer Java,ST20_Banjarmasin,HB06_EASTERN_GATEWAY,West Java,ST07_Cirebon,HB02_BDG_TRANSIT,Inter-Region,Next Day,Prepaid,CR183,Bike,1.36,1.45,1.45,1303825,26525,15907,4,1,0,,51.0,36,0,0,,1,0,,0,,43.09,2.62,7.89,ST07_Cirebon,Last Mile Delay
SHPM001364,AWB260001364,2026-03-22 15:55:18.154012,2026-03-22 16:09:18.154012,2026-03-22 17:15:18.154012,2026-03-22 21:44:55.581094,2026-03-22 23:03:55.581094,2026-03-23 00:00:55.581094,2026-03-23 02:02:05.196564,2026-03-23 09:17:35.716120,2026-03-24 00:29:47.991694,2026-03-24 13:09:56.380662,2026-03-24 22:36:27.506168,2026-03-24 03:55:18.154012,Delivered,Closed,SHP090,Shipper 090,Enterprise,East Java,ST12_Surabaya,HB03_SBY_GATEWAY,West Java,ST07_Cirebon,HB02_BDG_TRANSIT,Inter-Region,Next Day,Prepaid,CR112,Van,0.58,0.63,0.63,320119,22835,13967,4,0,0,,79.0,36,0,0,,1,0,,0,,54.69,2.02,15.2,ST07_Cirebon,First Mile Delay
SHPM001365,AWB260001365,2026-03-14 06:02:49.332562,2026-03-14 06:31:49.332562,2026-03-14 06:59:49.332562,2026-03-14 09:43:17.067119,2026-03-14 09:51:17.067119,2026-03-14 10:22:17.067119,2026-03-14 11:52:05.984596,2026-03-14 14:11:55.075528,2026-03-15 10:14:58.466738,2026-03-15 15:22:36.276856,2026-03-16 00:32:50.297916,2026-03-17 06:02:49.332562,Delivered,Closed,SHP067,Shipper 067,SME,East Java,ST14_Kediri,HB03_SBY_GATEWAY,Jabodetabek,ST04_Bekasi,HB01_JKT_GATEWAY,Inter-Region,Regular,Prepaid,CR127,Bike,0.93,1.3,1.3,507750,17850,15285,8,1,0,,8.0,72,1,0,,1,0,,0,,42.5,1.5,20.05,ST04_Bekasi,
SHPM001366,AWB260001366,2026-02-20 22:27:05.012644,2026-02-20 23:04:05.012644,2026-02-20 23:47:05.012644,2026-02-21 01:59:58.645783,2026-02-21 03:42:58.645783,2026-02-21 05:31:58.645783,2026-02-21 11:33:58.051213,2026-02-21 14:32:05.902185,2026-02-22 01:21:56.551211,2026-02-22 18:02:55.626922,2026-02-22 22:34:06.763446,2026-02-21 14:27:05.012644,Delivered,Closed,SHP018,Shipper 018,Enterprise,West Java,ST07_Cirebon,HB02_BDG_TRANSIT,Jabodetabek,ST04_Bekasi,HB01_JKT_GATEWAY,Inter-Region,Same Day,Prepaid,CR074,Van,0.51,0.54,0.54,1053951,29430,21340,2,0,0,,103.0,16,0,0,,1,0,,0,,48.12,6.03,10.83,ST04_Bekasi,First Mile Delay
SHPM001367,AWB260001367,2026-02-19 18:18:13.198375,2026-02-19 18:34:13.198375,2026-02-19 19:13:13.198375,2026-02-19 23:14:34.352385,2026-02-19 23:22:34.352385,2026-02-20 00:26:34.352385,2026-02-20 04:19:14.775186,2026-02-20 11:42:39.693814,2026-02-20 14:41:59.113983,2026-02-21 04:57:13.059188,2026-02-21 20:45:45.840824,2026-02-22 18:18:13.198375,Delivered,Closed,SHP076,Shipper 076,Enterprise,West Java,ST06_Bandung,HB01_JKT_GATEWAY,Outer Java,ST16_Palembang,HB05_SUMATRA_GATEWAY,Inter-Region,Regular,Prepaid,CR062,Truck,0.6,0.6,0.6,797991,14700,13228,8,1,0,,8.0,72,1,0,,1,0,,0,,50.46,3.88,2.99,ST16_Palembang,
SHPM001368,AWB260001368,2026-03-20 10:25:40.857458,2026-03-20 10:30:40.857458,2026-03-20 11:09:40.857458,2026-03-20 12:20:48.719303,2026-03-20 12:40:48.719303,2026-03-20 14:15:48.719303,2026-03-20 16:20:49.876783,2026-03-21 01:26:46.631085,2026-03-21 04:13:28.876899,2026-03-21 12:01:35.401529,2026-03-21 13:30:30.420178,2026-03-21 02:25:40.857458,Delivered,Closed,SHP076,Shipper 076,Enterprise,West Java,ST06_Bandung,HB01_JKT_GATEWAY,Jabodetabek,ST03_JKT_East,HB01_JKT_GATEWAY,Inter-Region,Same Day,Prepaid,CR061,Bike,0.66,0.66,0.66,515430,29970,23473,2,1,0,,20.0,16,0,0,,1,0,,0,,27.08,2.08,2.78,ST03_JKT_East,Last Mile Delay
SHPM001369,AWB260001369,2026-03-14 06:52:28.755615,2026-03-14 07:30:28.755615,2026-03-14 07:46:28.755615,2026-03-14 09:37:26.177906,2026-03-14 10:24:26.177906,2026-03-14 11:55:26.177906,2026-03-14 16:50:14.357789,2026-03-14 21:30:27.549207,2026-03-15 16:26:58.004285,2026-03-15 23:38:02.990918,2026-03-16 04:21:11.114059,2026-03-14 22:52:28.755615,Delivered,Closed,SHP060,Shipper 060,Enterprise,East Java,ST14_Kediri,HB03_SBY_GATEWAY,Central Java,ST09_Semarang,HB04_CTG_NATIONAL,Inter-Region,Same Day,Prepaid,CR127,Bike,0.47,0.71,0.71,938925,30195,25598,2,0,0,,47.0,16,0,0,,1,0,,0,,45.48,4.91,18.94,ST09_Semarang,First Mile Delay
SHPM001370,AWB260001370,2026-03-21 05:17:48.257448,2026-03-21 05:44:48.257448,2026-03-21 06:07:48.257448,2026-03-21 08:11:06.014079,2026-03-21 09:01:06.014079,2026-03-21 09:32:06.014079,2026-03-21 12:08:14.799585,2026-03-21 20:09:54.299213,2026-03-22 02:06:56.158050,2026-03-22 17:10:38.451416,2026-03-22 22:30:58.662829,2026-03-24 05:17:48.257448,Delivered,Closed,SHP054,Shipper 054,Marketplace,West Java,ST06_Bandung,HB01_JKT_GATEWAY,Jabodetabek,ST04_Bekasi,HB01_JKT_GATEWAY,Inter-Region,Regular,Prepaid,CR057,Van,0.65,0.69,0.69,1001138,15105,14048,8,1,0,,50.0,72,1,0,,1,0,,0,,41.22,2.6,5.95,ST04_Bekasi,
SHPM001371,AWB260001371,2026-03-02 08:26:28.838721,2026-03-02 09:03:28.838721,2026-03-02 09:48:28.838721,2026-03-02 14:13:24.890733,2026-03-02 15:25:24.890733,2026-03-02 16:45:24.890733,2026-03-03 01:43:38.853109,2026-03-03 07:38:05.551564,2026-03-03 15:35:24.627359,2026-03-04 03:50:26.149099,2026-03-04 13:59:24.227343,2026-03-03 20:26:28.838721,Delivered,Closed,SHP019,Shipper 019,Marketplace,West Java,ST07_Cirebon,HB02_BDG_TRANSIT,Jabodetabek,ST02_JKT_West,HB01_JKT_GATEWAY,Inter-Region,Next Day,Prepaid,CR070,Van,0.97,0.98,0.98,971016,24410,23108,4,0,0,,72.0,36,0,0,,1,0,,0,,53.55,8.97,7.96,ST02_JKT_West,First Mile Delay
SHPM001372,AWB260001372,2026-03-29 23:10:14.659349,2026-03-29 23:42:14.659349,2026-03-30 00:06:14.659349,2026-03-30 01:43:00.232556,2026-03-30 02:07:00.232556,2026-03-30 02:51:00.232556,2026-03-30 05:23:22.851602,2026-03-30 08:42:44.673684,2026-03-30 18:01:37.925862,2026-03-31 07:21:46.467886,2026-03-31 15:07:26.445976,2026-03-31 11:10:14.659349,Delivered,Closed,SHP030,Shipper 030,Enterprise,Jabodetabek,ST05_Tangerang,HB01_JKT_GATEWAY,East Java,ST12_Surabaya,HB03_SBY_GATEWAY,Inter-Region,Next Day,Prepaid,CR053,Van,1.96,2.93,2.93,862928,33185,27454,4,1,0,,24.0,36,0,0,,1,0,,0,,39.95,2.54,9.31,ST12_Surabaya,Last Mile Delay
SHPM001373,AWB260001373,2026-03-24 16:58:53.781744,2026-03-24 17:43:53.781744,2026-03-24 18:19:53.781744,2026-03-24 22:21:45.364409,2026-03-24 23:03:45.364409,2026-03-25 00:20:45.364409,2026-03-25 03:37:00.000584,2026-03-25 08:06:28.131187,2026-03-25 12:21:42.867153,2026-03-26 05:00:35.340679,2026-03-27 05:01:23.996211,2026-03-27 16:58:53.781744,Delivered,Closed,SHP039,Shipper 039,Marketplace,Central Java,ST10_Solo,HB04_CTG_NATIONAL,Outer Java,ST20_Banjarmasin,HB06_EASTERN_GATEWAY,Inter-Region,Regular,Prepaid,CR097,Van,0.84,0.88,0.88,2370096,15960,13714,8,1,0,,42.0,72,1,0,,1,0,,0,,60.04,3.27,4.25,ST20_Banjarmasin,
SHPM001374,AWB260001374,2026-03-11 02:12:58.548984,2026-03-11 02:25:58.548984,2026-03-11 03:03:58.548984,2026-03-11 07:29:34.545098,2026-03-11 07:37:34.545098,2026-03-11 08:47:34.545098,2026-03-11 13:18:16.373579,2026-03-11 14:41:25.167531,2026-03-12 19:34:00.685422,2026-03-13 00:37:42.710123,2026-03-13 11:59:30.739766,2026-03-13 02:12:58.548984,Delivered,Closed,SHP006,Shipper 006,Marketplace,East Java,ST14_Kediri,HB03_SBY_GATEWAY,East Java,ST12_Surabaya,HB03_SBY_GATEWAY,Intra-Region,Regular,Prepaid,CR136,Van,2.1,2.18,2.18,2206754,21810,16232,8,1,0,,8.0,48,0,0,,1,0,,0,,57.78,4.51,28.88,ST12_Surabaya,Hub Bottleneck
SHPM001375,AWB260001375,2026-03-10 10:59:48.045732,2026-03-10 11:43:48.045732,2026-03-10 12:21:48.045732,2026-03-10 16:18:08.019524,2026-03-10 17:02:08.019524,2026-03-10 18:30:08.019524,2026-03-10 23:31:02.621113,2026-03-11 02:17:19.918733,2026-03-11 09:26:50.684082,2026-03-11 22:53:17.730272,2026-03-12 09:25:21.196006,2026-03-11 22:59:48.045732,Delivered,Closed,SHP087,Shipper 087,Enterprise,Jabodetabek,ST02_JKT_West,HB01_JKT_GATEWAY,East Java,ST13_Malang,HB03_SBY_GATEWAY,Inter-Region,Next Day,Prepaid,CR015,Bike,0.64,0.63,0.64,2454486,22880,20295,4,0,0,,44.0,36,0,0,,1,0,,0,,46.43,5.02,7.16,ST13_Malang,First Mile Delay
SHPM001376,AWB260001376,2026-03-17 20:52:48.396361,2026-03-17 21:03:48.396361,2026-03-17 21:29:48.396361,2026-03-18 01:40:51.146000,2026-03-18 02:30:51.146000,2026-03-18 04:28:51.146000,2026-03-18 06:35:44.339845,2026-03-18 11:17:38.838093,2026-03-19 00:40:24.458283,2026-03-19 10:31:47.181003,2026-03-20 02:25:03.302986,2026-03-20 20:52:48.396361,Delivered,Closed,SHP042,Shipper 042,Marketplace,Jabodetabek,ST05_Tangerang,HB01_JKT_GATEWAY,Outer Java,ST19_Denpasar,HB06_EASTERN_GATEWAY,Inter-Region,Regular,Prepaid,CR046,Bike,0.62,0.72,0.72,259722,15240,10313,8,1,0,,50.0,72,1,0,,1,0,,0,,53.54,2.11,13.38,ST19_Denpasar,
SHPM001377,AWB260001377,2026-04-01 05:43:50.839654,2026-04-01 06:19:50.839654,2026-04-01 06:42:50.839654,2026-04-01 10:35:19.948042,2026-04-01 11:19:19.948042,2026-04-01 12:25:19.948042,2026-04-01 17:10:31.074793,2026-04-02 03:07:09.608984,2026-04-03 02:34:52.910773,2026-04-03 09:08:51.973983,2026-04-03 16:47:24.543635,2026-04-02 17:43:50.839654,Delivered,Closed,SHP079,Shipper 079,Marketplace,East Java,ST14_Kediri,HB03_SBY_GATEWAY,Central Java,ST11_Yogyakarta,HB04_CTG_NATIONAL,Inter-Region,Next Day,Prepaid,CR135,Bike,0.8,0.79,0.8,298648,23600,19538,4,0,0,,44.0,36,0,0,,1,0,,0,,59.06,4.75,23.46,ST11_Yogyakarta,First Mile Delay
SHPM001378,AWB260001378,2026-03-01 07:44:03.591468,2026-03-01 08:06:03.591468,2026-03-01 08:48:03.591468,2026-03-01 10:38:16.511257,2026-03-01 11:34:16.511257,2026-03-01 13:31:16.511257,2026-03-01 16:58:33.093076,2026-03-01 20:57:42.694415,2026-03-02 03:29:47.741972,2026-03-02 12:32:37.582124,2026-03-02 23:56:10.047990,2026-03-02 19:44:03.591468,Delivered,Closed,SHP067,Shipper 067,SME,East Java,ST14_Kediri,HB03_SBY_GATEWAY,Outer Java,ST15_Medan,HB05_SUMATRA_GATEWAY,Inter-Region,Next Day,COD,CR126,Van,0.43,0.71,0.71,680537,27195,25534,4,1,0,,56.0,36,0,0,,1,0,,0,,40.2,3.45,6.53,ST15_Medan,Remote Area
SHPM001379,AWB260001379,2026-03-05 08:27:40.016536,2026-03-05 08:53:40.016536,2026-03-05 10:15:40.016536,2026-03-06 01:30:26.612002,2026-03-06 02:06:26.612002,2026-03-06 02:49:26.612002,2026-03-06 05:35:44.304176,2026-03-06 12:53:42.503462,2026-03-06 22:01:26.748159,2026-03-07 06:35:30.615934,2026-03-08 00:13:31.251237,2026-03-08 08:27:40.016536,Delivered,Closed,SHP076,Shipper 076,Enterprise,West Java,ST07_Cirebon,HB02_BDG_TRANSIT,Central Java,ST11_Yogyakarta,HB04_CTG_NATIONAL,Inter-Region,Regular,Prepaid,CR066,Bike,1.4,1.4,1.4,1014519,18300,12023,8,0,0,,36.0,72,1,0,,1,0,,0,,63.76,2.77,9.13,ST11_Yogyakarta,
SHPM001380,AWB260001380,2026-03-01 21:36:31.308530,2026-03-01 22:09:31.308530,2026-03-01 22:19:31.308530,2026-03-02 00:37:10.337284,2026-03-02 01:22:10.337284,2026-03-02 02:01:10.337284,2026-03-02 07:17:27.194360,2026-03-02 14:32:12.268161,2026-03-02 23:38:59.895178,2026-03-03 09:35:09.115403,,2026-03-04 21:36:31.308530,Delivery Exception,Exception,SHP042,Shipper 042,Marketplace,Jabodetabek,ST05_Tangerang,HB01_JKT_GATEWAY,Outer Java,ST17_Makassar,HB06_EASTERN_GATEWAY,Inter-Region,Regular,Prepaid,CR052,Bike,3.17,3.38,3.38,2224549,27210,17296,8,1,0,,45.0,72,0,1,Remote Area Delay,3,0,,0,,854.39,5.27,9.11,ST17_Makassar,Delivery Exception
SHPM001381,AWB260001381,2026-02-15 10:16:20.623919,2026-02-15 10:39:20.623919,2026-02-15 10:44:20.623919,2026-02-15 12:49:27.453083,2026-02-15 13:49:27.453083,2026-02-15 15:13:27.453083,2026-02-15 18:17:50.458475,2026-02-16 01:27:41.844092,2026-02-16 11:36:37.975100,2026-02-16 20:33:46.484172,2026-02-17 04:57:20.807185,2026-02-16 22:16:20.623919,Delivered,Closed,SHP048,Shipper 048,Enterprise,Outer Java,ST16_Palembang,HB05_SUMATRA_GATEWAY,East Java,ST12_Surabaya,HB03_SBY_GATEWAY,Inter-Region,Next Day,COD,CR145,Bike,0.91,0.82,0.91,1245947,28095,21037,4,1,0,,60.0,36,0,0,,1,0,,0,,42.68,3.07,10.15,ST12_Surabaya,Hub Bottleneck
SHPM001382,AWB260001382,2026-02-15 22:32:33.151938,2026-02-15 23:01:33.151938,2026-02-15 23:35:33.151938,2026-02-16 00:40:11.482507,2026-02-16 01:08:11.482507,2026-02-16 01:25:11.482507,2026-02-16 06:58:29.801059,2026-02-16 09:52:04.590187,2026-02-16 13:21:13.473881,2026-02-17 07:04:25.615390,2026-02-17 09:01:12.734662,2026-02-16 14:32:33.151938,Delivered,Closed,SHP014,Shipper 014,Enterprise,Jabodetabek,ST05_Tangerang,HB01_JKT_GATEWAY,Outer Java,ST18_Balikpapan,HB06_EASTERN_GATEWAY,Inter-Region,Same Day,Prepaid,CR048,Bike,1.16,1.23,1.23,1085820,32535,28124,2,1,0,,28.0,16,0,0,,1,0,,0,,34.48,5.56,3.49,ST18_Balikpapan,Remote Area
SHPM001383,AWB260001383,2026-03-23 11:52:49.568456,2026-03-23 12:29:49.568456,2026-03-23 13:25:49.568456,2026-03-23 16:42:35.927893,2026-03-23 17:38:35.927893,2026-03-23 19:24:35.927893,2026-03-23 23:03:03.123114,2026-03-24 07:06:50.437630,2026-03-24 13:50:13.030710,2026-03-25 03:21:18.385620,2026-03-25 16:09:18.849759,2026-03-26 11:52:49.568456,Delivered,Closed,SHP001,Shipper 001,Marketplace,Jabodetabek,ST03_JKT_East,HB01_JKT_GATEWAY,Outer Java,ST20_Banjarmasin,HB06_EASTERN_GATEWAY,Inter-Region,Regular,Prepaid,CR027,Bike,1.1,1.1,1.1,886251,16950,10688,8,1,0,,56.0,72,1,0,,1,0,,0,,52.27,3.64,6.72,ST20_Banjarmasin,
SHPM001384,AWB260001384,2026-03-22 17:20:26.916547,2026-03-22 17:53:26.916547,2026-03-22 18:26:26.916547,2026-03-23 02:16:05.390610,2026-03-23 03:33:05.390610,2026-03-23 04:11:05.390610,2026-03-23 08:53:55.392407,2026-03-23 12:53:40.263532,2026-03-23 14:47:04.346781,2026-03-24 06:17:31.330414,2026-03-24 17:53:59.700752,2026-03-25 17:20:26.916547,Delivered,Closed,SHP076,Shipper 076,Enterprise,West Java,ST06_Bandung,HB01_JKT_GATEWAY,Jabodetabek,ST02_JKT_West,HB01_JKT_GATEWAY,Inter-Region,Regular,COD,CR060,Bike,1.32,1.29,1.32,1189839,21940,16712,8,0,0,,77.0,72,1,0,,1,0,,0,,48.56,4.71,1.89,ST02_JKT_West,
SHPM001385,AWB260001385,2026-03-09 16:03:17.855878,2026-03-09 16:17:17.855878,2026-03-09 16:51:17.855878,2026-03-09 22:01:49.927152,2026-03-09 22:38:49.927152,2026-03-09 23:50:49.927152,2026-03-10 02:52:04.792332,2026-03-10 08:31:23.740173,2026-03-11 04:09:53.645537,2026-03-11 16:09:45.932767,2026-03-12 08:29:57.540773,2026-03-12 16:03:17.855878,Delivered,Closed,SHP037,Shipper 037,Marketplace,Central Java,ST11_Yogyakarta,HB04_CTG_NATIONAL,Outer Java,ST17_Makassar,HB06_EASTERN_GATEWAY,Inter-Region,Regular,Prepaid,CR104,Bike,0.77,0.82,0.82,1269202,15690,10831,8,1,0,,37.0,72,1,0,,1,0,,0,,64.44,3.02,19.64,ST17_Makassar,
SHPM001386,AWB260001386,2026-02-18 14:06:26.190634,2026-02-18 14:20:26.190634,2026-02-18 14:45:26.190634,2026-02-18 18:47:30.827668,2026-02-18 19:50:30.827668,2026-02-18 20:40:30.827668,2026-02-19 01:34:29.536019,2026-02-19 04:27:47.215313,2026-02-19 11:35:47.714796,2026-02-19 21:54:42.216168,2026-02-20 05:14:48.408706,2026-02-21 14:06:26.190634,Delivered,Closed,SHP037,Shipper 037,Marketplace,Central Java,ST11_Yogyakarta,HB04_CTG_NATIONAL,Jabodetabek,ST05_Tangerang,HB01_JKT_GATEWAY,Inter-Region,Regular,Prepaid,CR105,Bike,1.2,1.31,1.31,407546,17895,10682,8,1,0,,63.0,72,1,0,,1,0,,0,,39.14,4.9,7.13,ST05_Tangerang,
SHPM001387,AWB260001387,2026-03-03 21:12:05.621956,2026-03-03 21:49:05.621956,2026-03-03 22:05:05.621956,2026-03-03 23:52:34.493731,2026-03-04 00:05:34.493731,2026-03-04 02:03:34.493731,2026-03-04 06:00:12.931774,2026-03-04 09:02:50.755788,2026-03-04 15:06:04.229745,2026-03-04 21:45:06.809099,2026-03-05 12:54:56.050569,2026-03-05 21:12:05.621956,Delivered,Closed,SHP028,Shipper 028,Marketplace,Jabodetabek,ST04_Bekasi,HB01_JKT_GATEWAY,Jabodetabek,ST04_Bekasi,HB01_JKT_GATEWAY,Intra-Region,Regular,COD,CR035,Van,1.78,2.36,2.36,1130152,26620,21848,8,1,0,,13.0,48,1,0,,1,0,,0,,39.71,3.94,6.05,ST04_Bekasi,
SHPM001388,AWB260001388,2026-04-01 01:56:19.442173,2026-04-01 02:19:19.442173,2026-04-01 02:38:19.442173,2026-04-01 09:22:23.708925,2026-04-01 09:46:23.708925,2026-04-01 11:22:23.708925,2026-04-01 14:35:47.041959,2026-04-01 17:44:08.730090,2026-04-02 00:57:46.147591,2026-04-02 09:57:35.999891,2026-04-03 03:02:25.833641,2026-04-04 01:56:19.442173,Delivered,Closed,SHP093,Shipper 093,SME,East Java,ST13_Malang,HB03_SBY_GATEWAY,Jabodetabek,ST05_Tangerang,HB01_JKT_GATEWAY,Inter-Region,Regular,COD,CR117,Truck,0.79,0.75,0.79,639253,19555,16972,8,1,0,,24.0,72,1,0,,1,0,,0,,49.1,3.22,7.23,ST05_Tangerang,
SHPM001389,AWB260001389,2026-02-25 23:14:22.296346,2026-02-25 23:53:22.296346,2026-02-26 00:11:22.296346,2026-02-26 07:59:07.449758,2026-02-26 08:07:07.449758,2026-02-26 09:38:07.449758,2026-02-26 14:01:22.304689,2026-02-26 16:57:32.364903,2026-02-26 23:01:29.242460,2026-02-27 15:36:22.719829,2026-02-28 07:49:09.385129,2026-02-28 23:14:22.296346,Delivered,Closed,SHP014,Shipper 014,Enterprise,Jabodetabek,ST05_Tangerang,HB01_JKT_GATEWAY,West Java,ST06_Bandung,HB01_JKT_GATEWAY,Inter-Region,Regular,Prepaid,CR053,Bike,0.6,0.6,0.6,2084798,14700,10653,8,0,0,,8.0,72,1,0,,1,0,,0,,56.58,4.39,6.07,ST06_Bandung,
SHPM001390,AWB260001390,2026-02-17 22:03:43.302737,2026-02-17 22:21:43.302737,2026-02-17 22:51:43.302737,2026-02-18 04:40:02.160323,2026-02-18 05:26:02.160323,2026-02-18 05:51:02.160323,2026-02-18 07:47:53.803539,2026-02-18 16:12:42.664884,2026-02-19 02:25:43.726213,2026-02-19 08:32:20.171775,2026-02-19 17:41:37.142629,2026-02-20 22:03:43.302737,Delivered,Closed,SHP087,Shipper 087,Enterprise,Jabodetabek,ST01_JKT_Central,HB01_JKT_GATEWAY,Outer Java,ST17_Makassar,HB06_EASTERN_GATEWAY,Inter-Region,Regular,Prepaid,CR007,Bike,1.62,1.74,1.74,588538,19830,13729,8,1,0,,46.0,72,1,0,,1,0,,0,,43.63,1.95,10.22,ST17_Makassar,
SHPM001391,AWB260001391,2026-03-06 22:56:21.796406,2026-03-06 23:32:21.796406,2026-03-06 23:55:21.796406,2026-03-07 04:42:46.913133,2026-03-07 05:50:46.913133,2026-03-07 06:08:46.913133,2026-03-07 10:34:49.958578,2026-03-07 17:12:13.668217,2026-03-08 12:04:40.910174,2026-03-08 18:57:59.333029,2026-03-09 06:14:19.287377,2026-03-09 22:56:21.796406,Delivered,Closed,SHP090,Shipper 090,Enterprise,East Java,ST14_Kediri,HB03_SBY_GATEWAY,West Java,ST07_Cirebon,HB02_BDG_TRANSIT,Inter-Region,Regular,Prepaid,CR128,Bike,0.47,0.46,0.47,365203,14115,12196,8,1,0,,68.0,72,1,0,,1,0,,0,,55.3,4.43,18.87,ST07_Cirebon,
SHPM001392,AWB260001392,2026-03-14 15:30:02.400449,2026-03-14 15:41:02.400449,2026-03-14 16:25:02.400449,2026-03-15 03:18:20.318026,2026-03-15 04:37:20.318026,2026-03-15 05:33:20.318026,2026-03-15 09:38:14.308958,2026-03-15 12:10:51.613982,2026-03-16 09:16:15.340297,2026-03-16 14:28:18.469929,2026-03-17 08:19:57.342420,2026-03-17 15:30:02.400449,Delivered,Closed,SHP060,Shipper 060,Enterprise,East Java,ST12_Surabaya,HB03_SBY_GATEWAY,Central Java,ST09_Semarang,HB04_CTG_NATIONAL,Inter-Region,Regular,Prepaid,CR111,Truck,0.84,1.05,1.05,695086,16725,14981,8,0,0,,79.0,72,1,0,,1,0,,0,,64.83,4.08,21.09,ST09_Semarang,
SHPM001393,AWB260001393,2026-03-08 05:00:07.822304,2026-03-08 05:28:07.822304,2026-03-08 06:24:07.822304,2026-03-08 09:07:23.349391,2026-03-08 10:20:23.349391,2026-03-08 11:17:23.349391,2026-03-08 13:06:17.281230,2026-03-08 18:06:16.553570,2026-03-09 03:17:22.082821,2026-03-09 19:17:35.483642,,2026-03-09 17:00:07.822304,Delivery Exception,Exception,SHP018,Shipper 018,Enterprise,West Java,ST07_Cirebon,HB02_BDG_TRANSIT,Outer Java,ST17_Makassar,HB06_EASTERN_GATEWAY,Inter-Region,Next Day,Prepaid,CR075,Bike,1.26,1.17,1.26,205859,25670,22187,4,1,0,,73.0,36,0,1,Customer Not Home,1,0,,0,,703.0,1.81,9.18,ST17_Makassar,Delivery Exception
SHPM001394,AWB260001394,2026-03-16 13:23:44.781141,2026-03-16 13:37:44.781141,2026-03-16 14:23:44.781141,2026-03-16 22:09:02.924986,2026-03-16 23:04:02.924986,2026-03-16 23:21:02.924986,2026-03-17 03:18:47.740756,2026-03-17 05:31:42.649638,2026-03-17 11:48:43.159048,2026-03-18 04:35:48.230539,2026-03-18 11:13:07.740782,2026-03-19 13:23:44.781141,Delivered,Closed,SHP048,Shipper 048,Enterprise,Outer Java,ST17_Makassar,HB06_EASTERN_GATEWAY,Central Java,ST09_Semarang,HB04_CTG_NATIONAL,Inter-Region,Regular,COD,CR157,Bike,0.91,0.98,0.98,1893314,20410,11565,8,0,0,,55.0,72,1,0,,1,0,,0,,45.82,3.96,6.28,ST09_Semarang,
SHPM001395,AWB260001395,2026-03-17 18:54:04.305294,2026-03-17 19:33:04.305294,2026-03-17 20:02:04.305294,2026-03-18 00:59:11.675153,2026-03-18 02:44:11.675153,2026-03-18 04:40:11.675153,2026-03-18 05:44:06.805670,2026-03-18 10:12:17.040104,2026-03-18 13:58:54.640524,2026-03-18 21:31:51.509023,2026-03-19 06:37:57.383679,2026-03-20 18:54:04.305294,Delivered,Closed,SHP009,Shipper 009,Marketplace,West Java,ST06_Bandung,HB01_JKT_GATEWAY,Central Java,ST10_Solo,HB04_CTG_NATIONAL,Inter-Region,Regular,COD,CR058,Bike,0.55,0.79,0.79,1129022,19555,16878,8,1,0,,105.0,72,1,0,,1,0,,0,,35.73,1.07,3.78,ST10_Solo,
SHPM001396,AWB260001396,2026-03-02 02:07:32.055341,2026-03-02 02:35:32.055341,2026-03-02 03:05:32.055341,2026-03-02 03:21:31.647833,2026-03-02 03:54:31.647833,2026-03-02 05:37:31.647833,2026-03-02 10:21:25.684375,2026-03-02 20:08:00.917887,2026-03-03 06:16:10.103003,2026-03-03 19:32:01.119414,2026-03-04 00:52:36.503741,2026-03-02 18:07:32.055341,Delivered,Closed,SHP090,Shipper 090,Enterprise,East Java,ST14_Kediri,HB03_SBY_GATEWAY,West Java,ST08_Bogor,HB01_JKT_GATEWAY,Inter-Region,Same Day,Prepaid,CR127,Bike,0.86,0.93,0.93,1467435,31185,19836,2,1,0,,33.0,16,0,0,,1,0,,0,,46.75,4.73,10.14,ST08_Bogor,Hub Bottleneck
SHPM001397,AWB260001397,2026-03-29 08:42:27.633227,2026-03-29 08:54:27.633227,2026-03-29 09:18:27.633227,2026-03-29 13:27:06.367105,2026-03-29 14:06:06.367105,2026-03-29 15:11:06.367105,2026-03-29 18:08:22.361990,2026-03-30 00:25:48.638845,2026-03-30 09:26:26.764195,2026-03-30 18:31:08.037307,2026-03-31 12:57:38.281496,2026-04-01 08:42:27.633227,Delivered,Closed,SHP081,Shipper 081,Marketplace,West Java,ST08_Bogor,HB01_JKT_GATEWAY,Outer Java,ST20_Banjarmasin,HB06_EASTERN_GATEWAY,Inter-Region,Regular,Prepaid,CR080,Bike,1.75,2.27,2.27,336358,22215,17519,8,1,0,,39.0,72,1,0,,1,0,,0,,52.25,2.95,9.01,ST20_Banjarmasin,
SHPM001398,AWB260001398,2026-03-06 14:12:35.716153,2026-03-06 14:49:35.716153,2026-03-06 15:26:35.716153,2026-03-06 18:17:22.126740,2026-03-06 18:32:22.126740,2026-03-06 19:07:22.126740,2026-03-06 22:51:58.133591,2026-03-07 02:44:08.605479,2026-03-07 06:31:26.108615,2026-03-07 15:52:51.204628,2026-03-07 19:41:15.955848,2026-03-08 02:12:35.716153,Delivered,Closed,SHP063,Shipper 063,Enterprise,Jabodetabek,ST05_Tangerang,HB01_JKT_GATEWAY,Central Java,ST09_Semarang,HB04_CTG_NATIONAL,Inter-Region,Next Day,COD,CR050,Truck,1.88,1.73,1.88,885159,32460,20249,4,1,0,,15.0,36,1,0,,1,0,,0,,29.48,3.74,3.79,ST09_Semarang,
SHPM001399,AWB260001399,2026-02-19 01:37:35.154699,2026-02-19 01:53:35.154699,2026-02-19 02:23:35.154699,2026-02-19 09:14:19.245360,2026-02-19 10:19:19.245360,2026-02-19 12:03:19.245360,2026-02-19 17:54:56.008214,2026-02-19 23:10:26.707181,2026-02-20 02:21:32.814257,2026-02-20 09:34:16.289617,2026-02-21 02:37:59.397463,2026-02-22 01:37:35.154699,Delivered,Closed,SHP070,Shipper 070,Enterprise,Jabodetabek,ST04_Bekasi,HB01_JKT_GATEWAY,West Java,ST07_Cirebon,HB02_BDG_TRANSIT,Inter-Region,Regular,Prepaid,CR038,Bike,1.24,1.64,1.64,1848678,19380,16773,8,1,0,,65.0,72,1,0,,1,0,,0,,49.01,5.86,3.19,ST07_Cirebon,
SHPM001400,AWB260001400,2026-02-27 16:12:11.566062,2026-02-27 16:48:11.566062,2026-02-27 17:09:11.566062,2026-02-27 19:58:32.933385,2026-02-27 20:50:32.933385,2026-02-27 22:09:32.933385,2026-02-28 03:39:00.728509,2026-02-28 11:34:35.025298,2026-02-28 15:49:59.121461,2026-03-01 01:06:27.092622,2026-03-01 06:06:40.358126,2026-03-01 04:12:11.566062,Delivered,Closed,SHP022,Shipper 022,Marketplace,Central Java,ST09_Semarang,HB04_CTG_NATIONAL,Jabodetabek,ST04_Bekasi,HB01_JKT_GATEWAY,Inter-Region,Next Day,Prepaid,CR089,Bike,0.91,0.85,0.91,977350,24095,18791,4,1,0,,52.0,36,0,0,,1,0,,0,,37.91,5.49,4.26,ST04_Bekasi,Last Mile Delay
SHPM001401,AWB260001401,2026-03-27 23:21:32.090042,2026-03-28 00:04:32.090042,2026-03-28 00:40:32.090042,2026-03-28 04:52:22.931793,2026-03-28 05:20:22.931793,2026-03-28 05:57:22.931793,2026-03-28 07:03:24.200147,2026-03-28 11:19:57.775806,2026-03-28 16:50:05.997928,2026-03-28 19:03:07.940326,2026-03-29 05:33:29.211362,2026-03-28 23:21:32.090042,Delivered,Closed,SHP030,Shipper 030,Enterprise,Jabodetabek,ST05_Tangerang,HB01_JKT_GATEWAY,Jabodetabek,ST02_JKT_West,HB01_JKT_GATEWAY,Intra-Region,Next Day,Prepaid,CR054,Bike,0.53,0.55,0.55,256009,22475,19840,4,0,0,,28.0,24,0,0,,1,0,,0,,30.2,1.1,5.5,ST02_JKT_West,First Mile Delay
SHPM001402,AWB260001402,2026-03-03 06:29:59.122002,2026-03-03 06:53:59.122002,2026-03-03 07:53:59.122002,2026-03-04 05:21:46.314764,2026-03-04 06:47:46.314764,2026-03-04 08:04:46.314764,2026-03-04 15:38:29.496381,2026-03-04 17:55:54.432647,2026-03-05 06:57:29.800204,2026-03-05 17:04:51.017915,2026-03-06 04:14:15.092060,2026-03-06 06:29:59.122002,Delivered,Closed,SHP018,Shipper 018,Enterprise,West Java,ST07_Cirebon,HB02_BDG_TRANSIT,Outer Java,ST20_Banjarmasin,HB06_EASTERN_GATEWAY,Inter-Region,Regular,Prepaid,CR071,Van,0.48,0.69,0.69,997335,15105,11774,8,0,0,,86.0,72,1,0,,1,0,,0,,69.74,7.56,13.03,ST20_Banjarmasin,
SHPM001403,AWB260001403,2026-03-27 06:31:30.159944,2026-03-27 06:51:30.159944,2026-03-27 07:20:30.159944,2026-03-27 13:51:02.972512,2026-03-27 14:29:02.972512,2026-03-27 16:02:02.972512,2026-03-27 20:06:27.104419,2026-03-28 02:12:01.938321,2026-03-28 16:59:42.884063,2026-03-29 00:44:17.822996,2026-03-30 06:56:12.756646,2026-03-30 06:31:30.159944,Delivered,Closed,SHP058,Shipper 058,Enterprise,Jabodetabek,ST01_JKT_Central,HB01_JKT_GATEWAY,Outer Java,ST16_Palembang,HB05_SUMATRA_GATEWAY,Inter-Region,Regular,Prepaid,CR005,Bike,1.36,1.44,1.44,1529683,18480,13011,8,1,0,,38.0,72,0,0,,1,0,,0,,72.41,4.07,14.79,ST16_Palembang,Hub Bottleneck
SHPM001404,AWB260001404,2026-03-07 22:11:59.801637,2026-03-07 22:25:59.801637,2026-03-07 23:03:59.801637,2026-03-08 00:49:27.395697,2026-03-08 01:55:27.395697,2026-03-08 03:51:27.395697,2026-03-08 08:56:18.707516,2026-03-08 13:41:25.260659,2026-03-08 17:23:13.694397,2026-03-09 10:50:33.220844,2026-03-09 16:09:53.774218,2026-03-09 10:11:59.801637,Delivered,Closed,SHP078,Shipper 078,SME,Outer Java,ST17_Makassar,HB06_EASTERN_GATEWAY,West Java,ST06_Bandung,HB01_JKT_GATEWAY,Inter-Region,Next Day,Prepaid,CR157,Bike,2.6,3.66,3.66,595402,36470,23469,4,1,0,,66.0,36,0,0,,1,0,,0,,41.96,5.08,3.7,ST06_Bandung,Last Mile Delay
SHPM001405,AWB260001405,2026-03-17 06:22:17.407581,2026-03-17 06:34:17.407581,2026-03-17 07:12:17.407581,2026-03-17 12:52:33.616615,2026-03-17 13:20:33.616615,2026-03-17 14:00:33.616615,2026-03-17 17:10:49.388125,2026-03-17 22:32:22.202852,2026-03-18 07:34:11.810157,2026-03-19 01:13:29.798181,2026-03-19 16:47:41.420404,2026-03-20 06:22:17.407581,Delivered,Closed,SHP062,Shipper 062,Enterprise,Jabodetabek,ST04_Bekasi,HB01_JKT_GATEWAY,West Java,ST06_Bandung,HB01_JKT_GATEWAY,Inter-Region,Regular,Prepaid,CR041,Van,1.57,1.69,1.69,1470256,19605,11486,8,1,0,,28.0,72,1,0,,1,0,,0,,58.42,3.17,9.03,ST06_Bandung,
SHPM001406,AWB260001406,2026-03-06 13:40:49.948814,2026-03-06 14:20:49.948814,2026-03-06 14:41:49.948814,2026-03-06 17:10:51.742906,2026-03-06 17:43:51.742906,2026-03-06 19:14:51.742906,2026-03-06 21:36:05.833631,2026-03-07 03:09:47.595767,2026-03-07 08:23:40.505839,2026-03-07 18:09:19.494780,2026-03-08 00:46:23.534163,2026-03-08 01:40:49.948814,Delivered,Closed,SHP013,Shipper 013,SME,Jabodetabek,ST05_Tangerang,HB01_JKT_GATEWAY,East Java,ST14_Kediri,HB03_SBY_GATEWAY,Inter-Region,Next Day,Prepaid,CR049,Van,0.75,1.09,1.09,693007,24905,19407,4,1,0,,33.0,36,1,0,,1,0,,0,,35.09,2.35,5.23,ST14_Kediri,
SHPM001407,AWB260001407,2026-03-17 21:55:53.304473,2026-03-17 22:16:53.304473,2026-03-17 22:48:53.304473,2026-03-18 00:12:29.669466,2026-03-18 01:05:29.669466,2026-03-18 02:59:29.669466,2026-03-18 07:46:50.849460,2026-03-18 15:49:01.097483,2026-03-19 05:06:22.813707,2026-03-19 16:56:57.285446,2026-03-19 21:54:41.143478,2026-03-18 13:55:53.304473,Delivered,Closed,SHP020,Shipper 020,SME,East Java,ST14_Kediri,HB03_SBY_GATEWAY,West Java,ST07_Cirebon,HB02_BDG_TRANSIT,Inter-Region,Same Day,Prepaid,CR129,Van,1.47,1.6,1.6,2481611,34200,25554,2,1,0,,53.0,16,0,0,,1,0,,0,,47.98,4.79,13.29,ST07_Cirebon,Hub Bottleneck
SHPM001408,AWB260001408,2026-02-21 01:52:37.485742,2026-02-21 02:24:37.485742,2026-02-21 03:10:37.485742,2026-02-21 09:33:16.114026,2026-02-21 10:01:16.114026,2026-02-21 11:51:16.114026,2026-02-21 14:07:59.713339,2026-02-21 16:56:57.499529,2026-02-21 22:12:27.554056,2026-02-22 13:20:28.958598,2026-02-22 18:25:01.469976,2026-02-24 01:52:37.485742,Delivered,Closed,SHP088,Shipper 088,SME,Outer Java,ST19_Denpasar,HB06_EASTERN_GATEWAY,Central Java,ST10_Solo,HB04_CTG_NATIONAL,Inter-Region,Regular,COD,CR174,Truck,0.88,0.84,0.88,798046,19960,18527,8,1,0,,28.0,72,1,0,,1,0,,0,,40.54,2.28,5.26,ST10_Solo,
SHPM001409,AWB260001409,2026-03-23 16:04:47.669508,2026-03-23 16:35:47.669508,2026-03-23 17:10:47.669508,2026-03-23 17:56:20.411643,2026-03-23 18:08:20.411643,2026-03-23 19:03:20.411643,2026-03-23 21:04:12.835728,2026-03-24 02:52:07.224183,2026-03-24 07:53:50.882195,2026-03-24 13:22:12.004262,2026-03-24 16:00:57.593174,2026-03-24 08:04:47.669508,Delivered,Closed,SHP016,Shipper 016,Marketplace,Jabodetabek,ST02_JKT_West,HB01_JKT_GATEWAY,West Java,ST06_Bandung,HB01_JKT_GATEWAY,Inter-Region,Same Day,COD,CR013,Truck,1.4,1.94,1.94,2166921,39730,23420,2,1,0,,12.0,16,0,0,,1,0,,0,,23.94,2.01,5.03,ST06_Bandung,Last Mile Delay
SHPM001410,AWB260001410,2026-03-12 09:34:58.244754,2026-03-12 10:18:58.244754,2026-03-12 10:42:58.244754,2026-03-12 12:12:26.124644,2026-03-12 12:37:26.124644,2026-03-12 12:56:26.124644,2026-03-12 18:19:21.086874,2026-03-13 03:08:40.430810,2026-03-13 09:18:39.947960,2026-03-13 21:41:22.323536,2026-03-14 01:03:57.756173,2026-03-13 01:34:58.244754,Delivered,Closed,SHP076,Shipper 076,Enterprise,West Java,ST08_Bogor,HB01_JKT_GATEWAY,Jabodetabek,ST05_Tangerang,HB01_JKT_GATEWAY,Inter-Region,Same Day,Prepaid,CR082,Bike,1.28,1.33,1.33,822085,32985,22597,2,1,0,,25.0,16,0,0,,1,0,,0,,39.48,5.38,6.17,ST05_Tangerang,Last Mile Delay
SHPM001411,AWB260001411,2026-02-21 21:19:39.942538,2026-02-21 21:56:39.942538,2026-02-21 22:20:39.942538,2026-02-21 23:50:53.140081,2026-02-22 00:22:53.140081,2026-02-22 01:49:53.140081,2026-02-22 07:47:14.746840,2026-02-22 14:20:36.443072,2026-02-22 22:12:49.820791,2026-02-23 06:02:20.621701,2026-02-23 09:30:56.376753,2026-02-22 13:19:39.942538,Delivered,Closed,SHP094,Shipper 094,SME,Outer Java,ST18_Balikpapan,HB06_EASTERN_GATEWAY,Central Java,ST10_Solo,HB04_CTG_NATIONAL,Inter-Region,Same Day,Prepaid,CR172,Bike,0.7,1.03,1.03,550880,31635,25276,2,1,0,,32.0,16,0,0,,1,0,,0,,36.19,5.96,7.87,ST10_Solo,Last Mile Delay
SHPM001412,AWB260001412,2026-03-15 15:46:49.733549,2026-03-15 16:04:49.733549,2026-03-15 16:39:49.733549,2026-03-15 23:47:06.191384,2026-03-16 01:04:06.191384,2026-03-16 02:11:06.191384,2026-03-16 07:59:56.465041,2026-03-16 14:00:43.195008,2026-03-17 00:00:34.253028,2026-03-17 17:10:02.499498,2026-03-17 22:24:42.750967,2026-03-18 15:46:49.733549,Delivered,Closed,SHP096,Shipper 096,Marketplace,Jabodetabek,ST04_Bekasi,HB01_JKT_GATEWAY,East Java,ST14_Kediri,HB03_SBY_GATEWAY,Inter-Region,Regular,Prepaid,CR038,Bike,0.85,0.85,0.85,827851,15825,10082,8,1,0,,77.0,72,1,0,,1,0,,0,,54.63,5.81,10.0,ST14_Kediri,
SHPM001413,AWB260001413,2026-02-22 14:09:41.496141,2026-02-22 14:35:41.496141,2026-02-22 14:54:41.496141,2026-02-22 19:08:14.606351,2026-02-22 20:04:14.606351,2026-02-22 21:57:14.606351,2026-02-22 23:40:24.785484,2026-02-23 04:19:04.220917,2026-02-23 10:10:06.665969,2026-02-23 22:24:44.779733,2026-02-24 05:20:40.158957,2026-02-24 02:09:41.496141,Delivered,Closed,SHP072,Shipper 072,Enterprise,Outer Java,ST18_Balikpapan,HB06_EASTERN_GATEWAY,West Java,ST06_Bandung,HB01_JKT_GATEWAY,Inter-Region,Next Day,Prepaid,CR166,Bike,1.98,1.94,1.98,769625,28910,25041,4,0,0,,56.0,36,0,0,,1,0,,0,,39.18,1.72,5.85,ST06_Bandung,First Mile Delay
SHPM001414,AWB260001414,2026-03-15 01:25:18.865751,2026-03-15 01:30:18.865751,2026-03-15 01:59:18.865751,2026-03-15 02:40:27.760065,2026-03-15 02:48:27.760065,2026-03-15 04:35:27.760065,2026-03-15 09:14:07.245496,2026-03-15 17:51:42.251704,2026-03-16 01:30:05.749227,2026-03-16 10:37:19.746782,2026-03-16 12:38:28.829173,2026-03-16 13:25:18.865751,Delivered,Closed,SHP088,Shipper 088,SME,Outer Java,ST19_Denpasar,HB06_EASTERN_GATEWAY,Jabodetabek,ST01_JKT_Central,HB01_JKT_GATEWAY,Inter-Region,Next Day,Prepaid,CR174,Bike,0.59,0.88,0.88,2478901,23960,18432,4,1,0,,8.0,36,1,0,,1,0,,0,,35.22,4.64,7.64,ST01_JKT_Central,
SHPM001415,AWB260001415,2026-03-12 10:10:01.123252,2026-03-12 10:28:01.123252,2026-03-12 10:40:01.123252,2026-03-12 14:14:29.445664,2026-03-12 14:33:29.445664,2026-03-12 14:58:29.445664,2026-03-12 18:14:33.340534,2026-03-13 01:54:19.050789,2026-03-13 06:18:28.736092,2026-03-13 16:05:03.612041,2026-03-14 07:59:36.121981,2026-03-15 10:10:01.123252,Delivered,Closed,SHP009,Shipper 009,Marketplace,West Java,ST06_Bandung,HB01_JKT_GATEWAY,Jabodetabek,ST02_JKT_West,HB01_JKT_GATEWAY,Inter-Region,Regular,Prepaid,CR057,Bike,0.66,0.64,0.66,606114,14970,9546,8,1,0,,19.0,72,1,0,,1,0,,0,,45.83,3.27,4.4,ST02_JKT_West,
SHPM001416,AWB260001416,2026-03-11 04:31:49.794428,2026-03-11 04:52:49.794428,2026-03-11 05:35:49.794428,2026-03-11 10:17:52.862545,2026-03-11 10:31:52.862545,2026-03-11 12:03:52.862545,2026-03-11 16:52:26.157149,2026-03-11 22:37:05.905524,2026-03-12 12:12:40.107332,2026-03-13 01:58:26.981649,2026-03-13 17:48:25.736628,2026-03-14 04:31:49.794428,Delivered,Closed,SHP064,Shipper 064,Marketplace,Jabodetabek,ST04_Bekasi,HB01_JKT_GATEWAY,Outer Java,ST19_Denpasar,HB06_EASTERN_GATEWAY,Inter-Region,Regular,Prepaid,CR037,Bike,0.34,0.38,0.38,1698575,13710,11758,8,1,0,,14.0,72,1,0,,1,0,,0,,61.28,4.81,13.59,ST19_Denpasar,
SHPM001417,AWB260001417,2026-03-02 18:02:06.418028,2026-03-02 18:18:06.418028,2026-03-02 18:46:06.418028,2026-03-02 19:49:39.145034,2026-03-02 20:13:39.145034,2026-03-02 20:58:39.145034,2026-03-02 23:06:48.085375,2026-03-03 01:10:21.039295,2026-03-03 12:23:04.497774,2026-03-03 19:48:26.196524,2026-03-04 00:15:06.285773,2026-03-04 06:02:06.418028,Delivered,Closed,SHP011,Shipper 011,Enterprise,Jabodetabek,ST03_JKT_East,HB01_JKT_GATEWAY,East Java,ST12_Surabaya,HB03_SBY_GATEWAY,Inter-Region,Next Day,Prepaid,CR024,Bike,0.49,0.71,0.71,960106,23195,17197,4,1,0,,24.0,36,1,0,,1,0,,0,,30.22,2.14,11.21,ST12_Surabaya,
SHPM001418,AWB260001418,2026-03-28 13:10:07.958216,2026-03-28 13:34:07.958216,2026-03-28 14:03:07.958216,2026-03-28 16:54:19.708583,2026-03-28 17:29:19.708583,2026-03-28 19:07:19.708583,2026-03-29 00:50:26.814233,2026-03-29 08:22:19.726557,2026-03-29 11:31:29.390586,2026-03-30 03:11:50.332325,2026-03-30 10:21:54.035817,2026-03-30 01:10:07.958216,Delivered,Closed,SHP092,Shipper 092,Marketplace,Jabodetabek,ST03_JKT_East,HB01_JKT_GATEWAY,Outer Java,ST19_Denpasar,HB06_EASTERN_GATEWAY,Inter-Region,Next Day,Prepaid,CR022,Bike,0.74,0.71,0.74,408647,23330,18953,4,1,0,,35.0,36,0,0,,1,0,,0,,45.2,5.72,3.15,ST19_Denpasar,Remote Area
SHPM001419,AWB260001419,2026-03-01 10:25:42.233418,2026-03-01 11:08:42.233418,2026-03-01 11:20:42.233418,2026-03-01 13:06:59.649402,2026-03-01 13:53:59.649402,2026-03-01 15:04:59.649402,2026-03-01 18:21:49.013352,2026-03-02 00:45:42.708195,2026-03-02 12:44:46.873152,2026-03-02 20:37:19.327065,2026-03-03 07:26:08.147768,2026-03-02 22:25:42.233418,Delivered,Closed,SHP072,Shipper 072,Enterprise,Outer Java,ST18_Balikpapan,HB06_EASTERN_GATEWAY,East Java,ST12_Surabaya,HB03_SBY_GATEWAY,Inter-Region,Next Day,COD,CR165,Van,0.76,0.88,0.88,675455,27960,22758,4,1,0,,47.0,36,0,0,,1,0,,0,,45.01,3.28,11.98,ST12_Surabaya,Hub Bottleneck
SHPM001420,AWB260001420,2026-02-15 18:22:09.452612,2026-02-15 18:52:09.452612,2026-02-15 19:34:09.452612,2026-02-15 22:35:42.584693,2026-02-16 00:17:42.584693,2026-02-16 00:48:42.584693,2026-02-16 05:20:53.397604,2026-02-16 07:56:08.268579,2026-02-17 03:43:17.196721,2026-02-17 07:27:12.158604,2026-02-17 08:36:06.609652,2026-02-16 04:22:09.452612,Delivered,Closed,SHP010,Shipper 010,Enterprise,East Java,ST12_Surabaya,HB03_SBY_GATEWAY,East Java,ST14_Kediri,HB03_SBY_GATEWAY,Intra-Region,Same Day,Prepaid,CR109,Bike,0.73,0.69,0.73,2045737,30285,22138,2,0,0,,102.0,10,0,0,,1,0,,0,,38.23,4.54,19.79,ST14_Kediri,First Mile Delay
SHPM001421,AWB260001421,2026-03-30 04:09:45.900760,2026-03-30 04:19:45.900760,2026-03-30 04:44:45.900760,2026-03-30 10:15:21.651356,2026-03-30 10:40:21.651356,2026-03-30 12:27:21.651356,2026-03-30 16:12:24.320228,2026-03-30 19:17:07.652011,2026-03-30 21:46:44.827451,2026-03-31 08:39:28.094784,2026-03-31 21:06:00.659979,2026-04-02 04:09:45.900760,Delivered,Closed,SHP094,Shipper 094,SME,Outer Java,ST15_Medan,HB05_SUMATRA_GATEWAY,West Java,ST07_Cirebon,HB02_BDG_TRANSIT,Inter-Region,Regular,Prepaid,CR140,Bike,1.63,1.77,1.77,809837,19965,15084,8,1,0,,25.0,72,1,0,,1,0,,0,,40.94,3.75,2.49,ST07_Cirebon,
SHPM001422,AWB260001422,2026-03-04 17:33:29.205510,2026-03-04 18:04:29.205510,2026-03-04 18:24:29.205510,2026-03-05 00:02:20.197565,2026-03-05 00:38:20.197565,2026-03-05 01:02:20.197565,2026-03-05 03:34:23.481062,2026-03-05 06:15:00.800908,2026-03-05 09:03:22.603969,2026-03-05 19:01:45.297930,2026-03-06 03:44:29.342800,2026-03-07 17:33:29.205510,Delivered,Closed,SHP062,Shipper 062,Enterprise,Jabodetabek,ST04_Bekasi,HB01_JKT_GATEWAY,Outer Java,ST17_Makassar,HB06_EASTERN_GATEWAY,Inter-Region,Regular,Prepaid,CR037,Bike,4.52,4.6,4.6,705048,32700,27023,8,1,0,,36.0,72,1,0,,1,0,,0,,34.18,2.53,2.81,ST17_Makassar,
SHPM001423,AWB260001423,2026-03-30 05:31:27.684629,2026-03-30 05:39:27.684629,2026-03-30 06:12:27.684629,2026-03-30 13:59:07.324328,2026-03-30 14:47:07.324328,2026-03-30 16:22:07.324328,2026-03-30 21:26:40.583030,2026-03-31 02:20:44.563908,2026-03-31 09:51:54.561349,2026-03-31 19:09:44.622389,2026-04-01 01:19:09.103247,2026-04-02 05:31:27.684629,Delivered,Closed,SHP005,Shipper 005,Enterprise,Central Java,ST09_Semarang,HB04_CTG_NATIONAL,West Java,ST07_Cirebon,HB02_BDG_TRANSIT,Inter-Region,Regular,Prepaid,CR084,Bike,0.38,0.4,0.4,1807655,13800,12890,8,0,0,,48.0,72,1,0,,1,0,,0,,43.79,5.08,7.52,ST07_Cirebon,
SHPM001424,AWB260001424,2026-03-30 08:16:50.293334,2026-03-30 08:51:50.293334,2026-03-30 09:26:50.293334,2026-03-30 11:36:12.066332,2026-03-30 12:06:12.066332,2026-03-30 13:20:12.066332,2026-03-30 16:17:12.457808,2026-03-30 21:47:15.663572,2026-03-31 04:53:19.994946,2026-03-31 11:55:18.218034,2026-03-31 15:33:46.144500,2026-03-31 20:16:50.293334,Delivered,Closed,SHP014,Shipper 014,Enterprise,Jabodetabek,ST05_Tangerang,HB01_JKT_GATEWAY,Central Java,ST09_Semarang,HB04_CTG_NATIONAL,Inter-Region,Next Day,Prepaid,CR053,Bike,1.51,1.65,1.65,1291190,27425,25964,4,1,0,,30.0,36,1,0,,1,0,,0,,31.28,2.95,7.1,ST09_Semarang,
SHPM001425,AWB260001425,2026-03-04 21:34:18.799701,2026-03-04 21:58:18.799701,2026-03-04 22:32:18.799701,2026-03-05 00:53:37.304243,2026-03-05 01:05:37.304243,2026-03-05 02:35:37.304243,2026-03-05 06:09:48.097100,2026-03-05 08:40:01.093413,2026-03-05 10:16:22.758143,2026-03-05 15:20:03.068293,2026-03-05 18:24:39.415403,2026-03-06 09:34:18.799701,Delivered,Closed,SHP087,Shipper 087,Enterprise,Jabodetabek,ST02_JKT_West,HB01_JKT_GATEWAY,Central Java,ST10_Solo,HB04_CTG_NATIONAL,Inter-Region,Next Day,Prepaid,CR018,Bike,2.07,2.83,2.83,676517,32735,26859,4,1,0,,12.0,36,1,0,,1,0,,0,,20.84,3.57,1.61,ST10_Solo,
SHPM001426,AWB260001426,2026-02-19 08:57:26.515338,2026-02-19 09:39:26.515338,2026-02-19 10:14:26.515338,2026-02-19 11:25:39.103133,2026-02-19 12:25:39.103133,2026-02-19 14:03:39.103133,2026-02-19 16:22:45.737853,2026-02-20 01:47:14.862504,2026-02-20 11:38:50.704231,2026-02-20 21:58:08.704096,2026-02-21 03:22:12.551819,2026-02-20 00:57:26.515338,Delivered,Closed,SHP011,Shipper 011,Enterprise,Jabodetabek,ST04_Bekasi,HB01_JKT_GATEWAY,Central Java,ST09_Semarang,HB04_CTG_NATIONAL,Inter-Region,Same Day,Prepaid,CR033,Bike,3.96,6.37,6.37,632269,55665,49472,2,1,0,,60.0,16,0,0,,1,0,,0,,42.41,2.32,9.86,ST09_Semarang,Last Mile Delay
SHPM001427,AWB260001427,2026-02-27 14:25:49.682804,2026-02-27 15:00:49.682804,2026-02-27 15:22:49.682804,2026-02-27 18:47:07.425374,2026-02-27 19:31:07.425374,2026-02-27 20:27:07.425374,2026-02-27 22:05:42.731579,2026-02-28 02:49:10.800139,2026-02-28 15:06:57.303610,2026-02-28 19:14:25.216976,2026-02-28 23:05:17.060557,2026-02-28 14:25:49.682804,Delivered,Closed,SHP074,Shipper 074,Enterprise,Outer Java,ST15_Medan,HB05_SUMATRA_GATEWAY,Outer Java,ST18_Balikpapan,HB06_EASTERN_GATEWAY,Intra-Region,Next Day,Prepaid,CR138,Bike,0.51,0.53,0.53,989184,22385,18263,4,1,0,,44.0,24,0,0,,1,0,,0,,32.66,1.64,12.3,ST18_Balikpapan,Hub Bottleneck
SHPM001428,AWB260001428,2026-03-22 20:08:34.606787,2026-03-22 20:19:34.606787,2026-03-22 20:33:34.606787,2026-03-22 22:34:28.343250,2026-03-22 23:04:28.343250,2026-03-22 23:24:28.343250,2026-03-23 01:03:57.926748,2026-03-23 09:11:35.954867,2026-03-23 14:35:08.304884,2026-03-24 07:09:20.151607,2026-03-24 09:49:20.960284,2026-03-23 12:08:34.606787,Delivered,Closed,SHP048,Shipper 048,Enterprise,Outer Java,ST17_Makassar,HB06_EASTERN_GATEWAY,Jabodetabek,ST05_Tangerang,HB01_JKT_GATEWAY,Inter-Region,Same Day,COD,CR159,Van,3.51,3.53,3.53,1950504,46885,41859,2,0,0,,30.0,16,0,0,,1,0,,0,,37.68,1.66,5.39,ST05_Tangerang,First Mile Delay
SHPM001429,AWB260001429,2026-02-19 18:52:18.578590,2026-02-19 19:37:18.578590,2026-02-19 19:55:18.578590,2026-02-19 23:33:12.322239,2026-02-20 00:05:12.322239,2026-02-20 01:29:12.322239,2026-02-20 02:52:13.149974,2026-02-20 09:47:44.864742,2026-02-20 20:09:18.645145,2026-02-21 08:04:06.185846,2026-02-21 10:28:46.925756,2026-02-21 06:52:18.578590,Delivered,Closed,SHP005,Shipper 005,Enterprise,Central Java,ST09_Semarang,HB04_CTG_NATIONAL,Jabodetabek,ST04_Bekasi,HB01_JKT_GATEWAY,Inter-Region,Next Day,Prepaid,CR090,Bike,1.21,1.59,1.59,828913,27155,21267,4,1,0,,32.0,36,0,0,,1,0,,0,,39.61,1.38,10.36,ST04_Bekasi,Hub Bottleneck
SHPM001430,AWB260001430,2026-02-16 04:48:50.638698,2026-02-16 05:11:50.638698,2026-02-16 05:33:50.638698,2026-02-16 06:45:21.398768,2026-02-16 07:47:21.398768,2026-02-16 08:54:21.398768,2026-02-16 11:00:40.567730,2026-02-16 17:38:54.242876,2026-02-17 03:55:49.863234,2026-02-18 04:40:56.592856,2026-02-18 08:54:54.720462,2026-02-16 20:48:50.638698,Delivered,Closed,SHP074,Shipper 074,Enterprise,Outer Java,ST15_Medan,HB05_SUMATRA_GATEWAY,Jabodetabek,ST05_Tangerang,HB01_JKT_GATEWAY,Inter-Region,Same Day,COD,CR140,Bike,0.77,1.25,1.25,335895,36625,30976,2,1,0,,62.0,16,0,0,,1,1,Invalid Address,0,,52.1,2.11,10.28,ST05_Tangerang,Hub Bottleneck
SHPM001431,AWB260001431,2026-02-15 17:23:37.922628,2026-02-15 17:36:37.922628,2026-02-15 18:13:37.922628,2026-02-15 19:53:11.644184,2026-02-15 20:01:11.644184,2026-02-15 21:22:11.644184,2026-02-16 02:57:46.961568,2026-02-16 07:30:16.150333,2026-02-16 14:22:45.542574,2026-02-16 19:53:18.485289,2026-02-16 21:45:07.892375,2026-02-16 03:23:37.922628,Delivered,Closed,SHP063,Shipper 063,Enterprise,Jabodetabek,ST05_Tangerang,HB01_JKT_GATEWAY,Jabodetabek,ST02_JKT_West,HB01_JKT_GATEWAY,Intra-Region,Same Day,COD,CR052,Van,0.3,0.31,0.31,1934606,32395,21844,2,0,0,,8.0,10,0,0,,1,0,,0,,28.36,5.59,6.87,ST02_JKT_West,First Mile Delay
SHPM001432,AWB260001432,2026-02-17 22:54:41.673693,2026-02-17 23:17:41.673693,2026-02-17 23:58:41.673693,2026-02-18 01:46:22.132255,2026-02-18 02:17:22.132255,2026-02-18 02:40:22.132255,2026-02-18 05:52:01.988428,2026-02-18 13:27:26.150296,2026-02-18 19:03:22.083897,2026-02-19 12:54:31.183208,2026-02-20 02:40:27.987986,2026-02-20 22:54:41.673693,Delivered,Closed,SHP014,Shipper 014,Enterprise,Jabodetabek,ST04_Bekasi,HB01_JKT_GATEWAY,East Java,ST12_Surabaya,HB03_SBY_GATEWAY,Inter-Region,Regular,Prepaid,CR040,Van,0.33,0.32,0.33,2376904,13485,12641,8,1,0,,31.0,72,1,0,,1,0,,0,,51.76,3.19,5.6,ST12_Surabaya,
SHPM001433,AWB260001433,2026-03-23 08:08:13.607934,2026-03-23 08:33:13.607934,2026-03-23 08:52:13.607934,2026-03-23 10:41:46.550363,2026-03-23 11:30:46.550363,2026-03-23 12:35:46.550363,2026-03-23 15:32:42.161397,2026-03-23 18:22:30.888226,2026-03-24 02:36:45.439996,2026-03-24 11:11:49.375311,2026-03-24 13:24:21.750584,2026-03-23 18:08:13.607934,Delivered,Closed,SHP061,Shipper 061,Enterprise,Outer Java,ST19_Denpasar,HB06_EASTERN_GATEWAY,Outer Java,ST20_Banjarmasin,HB06_EASTERN_GATEWAY,Intra-Region,Same Day,COD,CR176,Van,1.11,1.15,1.15,329629,36175,32864,2,0,0,,49.0,10,0,0,,1,0,,0,,29.27,2.95,8.24,ST20_Banjarmasin,First Mile Delay
SHPM001434,AWB260001434,2026-03-17 03:37:56.574911,2026-03-17 03:57:56.574911,2026-03-17 04:34:56.574911,2026-03-17 10:29:06.010350,2026-03-17 11:44:06.010350,2026-03-17 13:05:06.010350,2026-03-17 16:10:26.254018,2026-03-17 22:12:20.892368,2026-03-18 06:45:53.660918,2026-03-18 20:27:51.350983,2026-03-19 04:00:15.962305,2026-03-20 03:37:56.574911,Delivered,Closed,SHP064,Shipper 064,Marketplace,Jabodetabek,ST02_JKT_West,HB01_JKT_GATEWAY,East Java,ST13_Malang,HB03_SBY_GATEWAY,Inter-Region,Regular,COD,CR017,Van,0.34,0.42,0.42,872536,17890,12340,8,1,0,,75.0,72,1,0,,1,0,,0,,48.37,3.09,8.56,ST13_Malang,
SHPM001435,AWB260001435,2026-02-27 23:07:50.555475,2026-02-27 23:27:50.555475,2026-02-27 23:33:50.555475,2026-02-28 07:17:59.936273,2026-02-28 07:57:59.936273,2026-02-28 09:36:59.936273,2026-02-28 13:27:10.389529,2026-02-28 22:06:55.344128,2026-03-01 00:43:43.495602,2026-03-01 09:40:52.511122,2026-03-01 18:36:30.566222,2026-03-02 23:07:50.555475,Delivered,Closed,SHP062,Shipper 062,Enterprise,Jabodetabek,ST04_Bekasi,HB01_JKT_GATEWAY,Central Java,ST09_Semarang,HB04_CTG_NATIONAL,Inter-Region,Regular,Prepaid,CR035,Bike,1.65,1.67,1.67,526249,19515,15144,8,1,0,,40.0,72,1,0,,1,0,,0,,43.48,3.84,2.61,ST09_Semarang,
SHPM001436,AWB260001436,2026-03-11 23:30:06.615246,2026-03-12 00:01:06.615246,2026-03-12 00:39:06.615246,2026-03-12 04:52:42.559618,2026-03-12 05:13:42.559618,2026-03-12 06:21:42.559618,2026-03-12 07:45:34.001383,2026-03-12 15:21:47.617905,2026-03-12 20:56:46.240399,2026-03-13 07:43:55.791677,2026-03-13 16:11:17.114461,2026-03-14 23:30:06.615246,Delivered,Closed,SHP074,Shipper 074,Enterprise,Outer Java,ST15_Medan,HB05_SUMATRA_GATEWAY,Central Java,ST09_Semarang,HB04_CTG_NATIONAL,Inter-Region,Regular,Prepaid,CR140,Van,1.0,1.06,1.06,1637982,16770,15330,8,1,0,,21.0,72,1,0,,1,0,,0,,40.69,1.4,5.58,ST09_Semarang,
SHPM001437,AWB260001437,2026-03-14 11:42:11.126810,2026-03-14 11:53:11.126810,2026-03-14 12:17:11.126810,2026-03-14 15:54:25.693473,2026-03-14 16:17:25.693473,2026-03-14 17:18:25.693473,2026-03-14 18:29:52.797343,2026-03-15 00:45:49.577520,2026-03-15 16:26:37.660852,2026-03-16 01:50:14.555910,2026-03-16 17:19:09.251829,2026-03-15 23:42:11.126810,Delivered,Closed,SHP070,Shipper 070,Enterprise,Jabodetabek,ST04_Bekasi,HB01_JKT_GATEWAY,Outer Java,ST20_Banjarmasin,HB06_EASTERN_GATEWAY,Inter-Region,Next Day,Prepaid,CR041,Van,4.72,4.68,4.72,1103404,41240,34705,4,0,0,,23.0,36,0,0,,1,0,,0,,53.62,1.19,15.68,ST20_Banjarmasin,First Mile Delay
SHPM001438,AWB260001438,2026-03-23 12:53:14.886048,2026-03-23 13:15:14.886048,2026-03-23 13:45:14.886048,2026-03-23 16:56:22.037125,2026-03-23 17:27:22.037125,2026-03-23 19:26:22.037125,2026-03-23 23:43:15.431077,2026-03-24 06:01:28.731413,2026-03-24 10:46:33.741571,2026-03-24 22:57:12.301691,2026-03-25 16:03:06.989141,2026-03-26 12:53:14.886048,Delivered,Closed,SHP073,Shipper 073,Marketplace,Outer Java,ST15_Medan,HB05_SUMATRA_GATEWAY,East Java,ST13_Malang,HB03_SBY_GATEWAY,Inter-Region,Regular,Prepaid,CR144,Bike,1.05,1.47,1.47,2209886,18615,11734,8,1,0,,31.0,72,1,0,,1,0,,0,,51.16,4.28,4.75,ST13_Malang,
SHPM001439,AWB260001439,2026-03-01 09:26:39.776152,2026-03-01 09:50:39.776152,2026-03-01 10:35:39.776152,,,,,,,,,2026-03-03 09:26:39.776152,Failed Pickup,Exception,SHP018,Shipper 018,Enterprise,West Java,ST07_Cirebon,HB02_BDG_TRANSIT,West Java,ST07_Cirebon,HB02_BDG_TRANSIT,Intra-Region,Regular,COD,CR073,Bike,0.67,1.1,1.1,550687,20950,15725,8,0,1,Schedule Miss,,48,0,0,,0,0,,0,,866.56,,,ST07_Cirebon,
SHPM001440,AWB260001440,2026-02-28 20:36:06.219561,2026-02-28 21:13:06.219561,2026-02-28 22:11:06.219561,2026-02-28 23:41:08.422206,2026-03-01 00:14:08.422206,2026-03-01 02:05:08.422206,2026-03-01 04:02:14.314605,2026-03-01 08:50:45.908796,2026-03-02 00:13:14.222131,2026-03-02 11:29:32.293484,2026-03-02 16:53:42.028553,2026-03-01 12:36:06.219561,Delivered,Closed,SHP060,Shipper 060,Enterprise,East Java,ST12_Surabaya,HB03_SBY_GATEWAY,West Java,ST06_Bandung,HB01_JKT_GATEWAY,Inter-Region,Same Day,COD,CR113,Van,1.9,1.94,1.94,2247869,39730,31913,2,0,0,,33.0,16,0,0,,1,0,,0,,44.29,1.95,15.37,ST06_Bandung,First Mile Delay
SHPM001441,AWB260001441,2026-02-21 17:08:53.448197,2026-02-21 17:36:53.448197,2026-02-21 18:00:53.448197,2026-02-21 19:06:33.190268,2026-02-21 19:14:33.190268,2026-02-21 19:52:33.190268,2026-02-21 20:59:04.552883,2026-02-21 23:53:36.617952,2026-02-22 07:09:42.912141,2026-02-22 22:51:10.193546,2026-02-23 00:20:22.032570,2026-02-22 09:08:53.448197,Delivered,Closed,SHP049,Shipper 049,Enterprise,Jabodetabek,ST05_Tangerang,HB01_JKT_GATEWAY,Outer Java,ST15_Medan,HB05_SUMATRA_GATEWAY,Inter-Region,Same Day,Prepaid,CR047,Bike,0.84,1.34,1.34,1858619,33030,23216,2,1,0,,8.0,16,0,0,,1,0,,0,,31.19,1.11,7.27,ST15_Medan,Remote Area
SHPM001442,AWB260001442,2026-03-16 11:31:24.612329,2026-03-16 12:02:24.612329,2026-03-16 12:13:24.612329,2026-03-16 14:28:06.817047,2026-03-16 15:07:06.817047,2026-03-16 15:45:06.817047,2026-03-16 18:08:17.967621,2026-03-17 03:52:45.129392,2026-03-17 08:27:40.861022,2026-03-17 17:08:21.444687,2026-03-18 03:53:32.063766,2026-03-17 23:31:24.612329,Delivered,Closed,SHP072,Shipper 072,Enterprise,Outer Java,ST18_Balikpapan,HB06_EASTERN_GATEWAY,Jabodetabek,ST02_JKT_West,HB01_JKT_GATEWAY,Inter-Region,Next Day,COD,CR170,Truck,1.29,1.2,1.29,1341277,29805,27017,4,1,0,,39.0,36,0,0,,1,0,,0,,40.37,2.39,4.58,ST02_JKT_West,Last Mile Delay
SHPM001443,AWB260001443,2026-03-27 09:55:21.803299,2026-03-27 10:15:21.803299,2026-03-27 10:41:21.803299,2026-03-27 13:44:08.185855,2026-03-27 14:46:08.185855,2026-03-27 15:12:08.185855,2026-03-27 18:11:41.404554,2026-03-27 19:46:20.619528,2026-03-28 04:16:34.193678,2026-03-28 09:27:18.619722,2026-03-28 15:39:26.854981,2026-03-28 09:55:21.803299,Delivered,Closed,SHP052,Shipper 052,Marketplace,Jabodetabek,ST04_Bekasi,HB01_JKT_GATEWAY,Jabodetabek,ST05_Tangerang,HB01_JKT_GATEWAY,Intra-Region,Next Day,COD,CR033,Bike,1.34,1.42,1.42,1457214,30390,18896,4,1,0,,62.0,24,0,0,,1,0,,0,,29.73,2.99,8.5,ST05_Tangerang,Last Mile Delay
SHPM001444,AWB260001444,2026-02-26 12:42:43.930159,2026-02-26 13:15:43.930159,2026-02-26 14:08:43.930159,2026-02-26 14:56:33.407167,2026-02-26 15:04:33.407167,2026-02-26 16:12:33.407167,2026-02-26 22:03:08.798153,2026-02-27 07:03:05.498051,2026-02-27 19:25:12.087545,2026-02-28 07:12:18.641991,2026-02-28 17:32:27.310643,2026-02-28 00:42:43.930159,Delivered,Closed,SHP007,Shipper 007,SME,Jabodetabek,ST05_Tangerang,HB01_JKT_GATEWAY,Outer Java,ST18_Balikpapan,HB06_EASTERN_GATEWAY,Inter-Region,Next Day,COD,CR045,Bike,2.57,2.35,2.57,2507224,35565,19819,4,1,0,,8.0,36,0,0,,1,0,,0,,52.83,5.84,12.37,ST18_Balikpapan,Hub Bottleneck
SHPM001445,AWB260001445,2026-03-18 04:14:10.755334,2026-03-18 04:37:10.755334,2026-03-18 05:19:10.755334,2026-03-18 07:36:01.688272,2026-03-18 07:55:01.688272,2026-03-18 09:11:01.688272,2026-03-18 13:18:05.166193,2026-03-18 19:33:16.588273,2026-03-19 05:46:42.633339,2026-03-19 16:22:14.547011,2026-03-20 00:07:18.201341,2026-03-19 16:14:10.755334,Delivered,Closed,SHP084,Shipper 084,Enterprise,Central Java,ST11_Yogyakarta,HB04_CTG_NATIONAL,Jabodetabek,ST01_JKT_Central,HB01_JKT_GATEWAY,Inter-Region,Next Day,Prepaid,CR100,Bike,1.09,1.17,1.17,1664642,25265,17393,4,1,0,,19.0,36,0,0,,1,0,,0,,43.89,4.12,10.22,ST01_JKT_Central,Hub Bottleneck
SHPM001446,AWB260001446,2026-03-05 18:10:41.373742,2026-03-05 18:39:41.373742,2026-03-05 19:18:41.373742,2026-03-05 22:09:44.105211,2026-03-05 22:41:44.105211,2026-03-05 23:58:44.105211,2026-03-06 03:47:06.342034,2026-03-06 13:30:47.067908,2026-03-07 01:10:40.901911,2026-03-07 08:43:17.616355,2026-03-07 10:46:21.802427,2026-03-07 06:10:41.373742,Delivered,Closed,SHP080,Shipper 080,SME,Outer Java,ST19_Denpasar,HB06_EASTERN_GATEWAY,East Java,ST14_Kediri,HB03_SBY_GATEWAY,Inter-Region,Next Day,Prepaid,CR176,Bike,2.07,1.93,2.07,812082,29315,17036,4,1,0,,32.0,36,0,0,,1,0,,0,,40.59,3.81,11.66,ST14_Kediri,Hub Bottleneck
SHPM001447,AWB260001447,2026-02-22 19:40:27.967695,2026-02-22 20:06:27.967695,2026-02-22 20:22:27.967695,2026-02-22 23:43:01.321014,2026-02-23 00:44:01.321014,2026-02-23 01:28:01.321014,2026-02-23 06:53:03.381425,2026-02-23 09:25:50.183109,2026-02-23 12:16:05.681591,2026-02-24 01:52:47.817791,2026-02-24 06:02:57.675349,2026-02-24 07:40:27.967695,Delivered,Closed,SHP072,Shipper 072,Enterprise,Outer Java,ST18_Balikpapan,HB06_EASTERN_GATEWAY,East Java,ST12_Surabaya,HB03_SBY_GATEWAY,Inter-Region,Next Day,COD,CR168,Van,1.38,1.51,1.51,585101,30795,28932,4,1,0,,61.0,36,1,0,,1,0,,0,,34.37,5.42,2.84,ST12_Surabaya,
SHPM001448,AWB260001448,2026-03-24 05:38:09.682723,2026-03-24 06:10:09.682723,2026-03-24 06:41:09.682723,2026-03-24 08:56:27.844654,2026-03-24 09:41:27.844654,2026-03-24 10:34:27.844654,2026-03-24 13:32:10.560835,2026-03-24 20:25:02.968336,2026-03-25 00:49:18.888747,2026-03-25 13:09:12.420261,2026-03-25 18:34:11.525403,2026-03-25 17:38:09.682723,Delivered,Closed,SHP064,Shipper 064,Marketplace,Jabodetabek,ST04_Bekasi,HB01_JKT_GATEWAY,Central Java,ST11_Yogyakarta,HB04_CTG_NATIONAL,Inter-Region,Next Day,Prepaid,CR035,Van,2.45,4.13,4.13,932403,38585,26093,4,1,0,,45.0,36,0,0,,1,0,,0,,36.93,2.96,4.4,ST11_Yogyakarta,Last Mile Delay
SHPM001449,AWB260001449,2026-02-16 16:18:48.533280,2026-02-16 16:38:48.533280,2026-02-16 17:22:48.533280,2026-02-16 20:40:27.266282,2026-02-16 21:33:27.266282,2026-02-16 22:10:27.266282,2026-02-17 01:28:00.840814,2026-02-17 04:48:37.938724,2026-02-17 13:30:28.944267,2026-02-17 21:12:43.632828,2026-02-18 00:27:27.407189,2026-02-17 16:18:48.533280,Delivered,Closed,SHP058,Shipper 058,Enterprise,Jabodetabek,ST04_Bekasi,HB01_JKT_GATEWAY,Jabodetabek,ST03_JKT_East,HB01_JKT_GATEWAY,Intra-Region,Next Day,COD,CR043,Bike,1.23,1.24,1.24,464192,29580,19435,4,0,0,,53.0,24,0,0,,1,0,,0,,32.14,3.29,8.7,ST03_JKT_East,First Mile Delay
SHPM001450,AWB260001450,2026-03-21 06:27:27.023762,2026-03-21 07:00:27.023762,2026-03-21 07:45:27.023762,2026-03-21 09:33:36.732760,2026-03-21 11:01:36.732760,2026-03-21 11:46:36.732760,2026-03-21 15:58:22.349122,2026-03-21 22:02:55.294305,2026-03-22 05:36:57.445974,2026-03-22 16:41:45.940068,2026-03-23 03:39:53.852477,2026-03-22 18:27:27.023762,Delivered,Closed,SHP010,Shipper 010,Enterprise,East Java,ST12_Surabaya,HB03_SBY_GATEWAY,Jabodetabek,ST05_Tangerang,HB01_JKT_GATEWAY,Inter-Region,Next Day,Prepaid,CR113,Bike,4.63,4.32,4.63,546425,40835,22587,4,1,0,,88.0,36,0,0,,1,0,,0,,45.21,4.2,7.57,ST05_Tangerang,Last Mile Delay
SHPM001451,AWB260001451,2026-03-22 13:43:57.267446,2026-03-22 13:52:57.267446,2026-03-22 14:01:57.267446,2026-03-22 22:36:03.333411,2026-03-22 22:45:03.333411,2026-03-22 23:19:03.333411,2026-03-23 01:00:38.063965,2026-03-23 04:39:31.821648,2026-03-23 22:06:34.498695,2026-03-24 14:32:23.948831,2026-03-25 07:07:19.458284,2026-03-25 13:43:57.267446,Delivered,Closed,SHP099,Shipper 099,SME,West Java,ST08_Bogor,HB01_JKT_GATEWAY,Outer Java,ST20_Banjarmasin,HB06_EASTERN_GATEWAY,Inter-Region,Regular,COD,CR078,Bike,0.45,0.45,0.45,270875,18025,12477,8,0,0,,9.0,72,1,0,,1,0,,0,,65.39,1.69,17.45,ST20_Banjarmasin,
SHPM001452,AWB260001452,2026-03-15 07:58:58.164620,2026-03-15 08:14:58.164620,2026-03-15 08:47:58.164620,2026-03-15 12:21:30.011944,2026-03-15 12:44:30.011944,2026-03-15 13:59:30.011944,2026-03-15 16:37:15.849188,2026-03-15 23:26:27.543597,2026-03-16 05:32:28.100261,2026-03-16 11:52:53.345704,2026-03-16 22:50:10.522547,2026-03-16 19:58:58.164620,Delivered,Closed,SHP002,Shipper 002,Enterprise,Jabodetabek,ST01_JKT_Central,HB01_JKT_GATEWAY,East Java,ST13_Malang,HB03_SBY_GATEWAY,Inter-Region,Next Day,Prepaid,CR011,Van,1.15,1.18,1.18,1405200,25310,23766,4,0,0,,23.0,36,0,0,,1,0,,0,,38.85,2.63,6.1,ST13_Malang,First Mile Delay
SHPM001453,AWB260001453,2026-03-24 21:38:20.792739,2026-03-24 21:43:20.792739,2026-03-24 22:11:20.792739,2026-03-25 02:08:13.802398,2026-03-25 02:42:13.802398,2026-03-25 03:14:13.802398,2026-03-25 06:07:38.041920,2026-03-25 09:51:08.206177,2026-03-25 18:39:01.282323,2026-03-25 23:42:06.972247,2026-03-26 09:08:45.978347,2026-03-26 21:38:20.792739,Delivered,Closed,SHP070,Shipper 070,Enterprise,Jabodetabek,ST04_Bekasi,HB01_JKT_GATEWAY,Jabodetabek,ST03_JKT_East,HB01_JKT_GATEWAY,Intra-Region,Regular,COD,CR042,Bike,3.34,4.34,4.34,638619,35530,26840,8,1,0,,34.0,48,1,0,,1,0,,0,,35.51,2.89,8.8,ST03_JKT_East,
SHPM001454,AWB260001454,2026-02-23 21:27:28.039377,2026-02-23 21:49:28.039377,2026-02-23 22:52:28.039377,,,,,,,,,2026-02-24 13:27:28.039377,Failed Pickup,Exception,SHP018,Shipper 018,Enterprise,West Java,ST07_Cirebon,HB02_BDG_TRANSIT,Outer Java,ST19_Denpasar,HB06_EASTERN_GATEWAY,Inter-Region,Same Day,Prepaid,CR070,Van,2.88,3.01,3.01,1426461,40545,24197,2,0,1,Shipper Not Ready,,16,0,0,,0,0,,0,,998.54,,,ST07_Cirebon,
SHPM001455,AWB260001455,2026-03-08 19:10:56.592382,2026-03-08 19:16:56.592382,2026-03-08 19:40:56.592382,2026-03-08 20:43:30.806155,2026-03-08 21:39:30.806155,2026-03-08 22:30:30.806155,2026-03-09 01:51:33.746889,2026-03-09 08:09:06.103266,2026-03-09 14:14:13.945374,2026-03-09 23:49:08.403367,2026-03-10 12:15:21.123447,2026-03-10 07:10:56.592382,Delivered,Closed,SHP095,Shipper 095,Enterprise,Central Java,ST11_Yogyakarta,HB04_CTG_NATIONAL,Outer Java,ST15_Medan,HB05_SUMATRA_GATEWAY,Inter-Region,Next Day,Prepaid,CR104,Van,0.54,0.81,0.81,804633,23645,20252,4,1,0,,56.0,36,0,0,,1,0,,0,,41.07,3.35,6.09,ST15_Medan,Remote Area
SHPM001456,AWB260001456,2026-03-05 01:46:55.620879,2026-03-05 02:03:55.620879,2026-03-05 02:40:55.620879,2026-03-05 08:54:03.919854,2026-03-05 09:47:03.919854,2026-03-05 10:21:03.919854,2026-03-05 15:34:21.560067,2026-03-05 19:46:32.636671,2026-03-05 22:11:59.619254,2026-03-06 15:49:01.602649,2026-03-07 00:12:45.424928,2026-03-08 01:46:55.620879,Delivered,Closed,SHP074,Shipper 074,Enterprise,Outer Java,ST15_Medan,HB05_SUMATRA_GATEWAY,Central Java,ST10_Solo,HB04_CTG_NATIONAL,Inter-Region,Regular,COD,CR142,Bike,0.68,1.15,1.15,266988,21175,17479,8,1,0,,53.0,72,1,0,,1,0,,0,,46.43,5.22,2.42,ST10_Solo,
SHPM001457,AWB260001457,2026-03-27 19:55:53.659356,2026-03-27 20:07:53.659356,2026-03-27 20:41:53.659356,2026-03-28 01:42:20.263473,2026-03-28 03:06:20.263473,2026-03-28 03:33:20.263473,2026-03-28 04:38:30.615811,2026-03-28 07:32:26.332692,2026-03-28 19:07:31.933205,2026-03-29 03:49:00.407989,2026-03-29 17:28:26.553839,2026-03-29 19:55:53.659356,Delivered,Closed,SHP046,Shipper 046,SME,East Java,ST14_Kediri,HB03_SBY_GATEWAY,East Java,ST14_Kediri,HB03_SBY_GATEWAY,Intra-Region,Regular,Prepaid,CR126,Van,1.92,2.6,2.6,136008,23700,13082,8,1,0,,84.0,48,1,0,,1,0,,0,,45.54,1.09,11.58,ST14_Kediri,
SHPM001458,AWB260001458,2026-02-25 12:20:04.627736,2026-02-25 12:52:04.627736,2026-02-25 13:36:04.627736,2026-02-25 17:19:42.338779,2026-02-25 18:11:42.338779,2026-02-25 18:41:42.338779,2026-02-25 22:20:36.415933,2026-02-26 03:23:35.370593,2026-02-26 11:39:23.140888,2026-02-26 20:08:31.623176,2026-02-27 13:32:27.798856,2026-02-28 12:20:04.627736,Delivered,Closed,SHP077,Shipper 077,Marketplace,Outer Java,ST16_Palembang,HB05_SUMATRA_GATEWAY,East Java,ST12_Surabaya,HB03_SBY_GATEWAY,Inter-Region,Regular,Prepaid,CR151,Truck,0.56,0.75,0.75,779136,15375,11771,8,1,0,,52.0,72,1,0,,1,0,,0,,49.21,3.65,8.26,ST12_Surabaya,
SHPM001459,AWB260001459,2026-03-10 09:38:12.968096,2026-03-10 10:06:12.968096,2026-03-10 10:23:12.968096,2026-03-10 13:35:15.117401,2026-03-10 14:13:15.117401,2026-03-10 16:05:15.117401,2026-03-10 18:12:15.825524,2026-03-11 02:00:04.041132,2026-03-11 05:36:51.136880,2026-03-11 11:19:08.641058,2026-03-12 02:58:09.004975,2026-03-13 09:38:12.968096,Delivered,Closed,SHP030,Shipper 030,Enterprise,Jabodetabek,ST05_Tangerang,HB01_JKT_GATEWAY,Outer Java,ST18_Balikpapan,HB06_EASTERN_GATEWAY,Inter-Region,Regular,COD,CR044,Bike,0.62,0.64,0.64,1408683,18880,10745,8,1,0,,38.0,72,1,0,,1,0,,0,,41.33,2.12,3.61,ST18_Balikpapan,
SHPM001460,AWB260001460,2026-03-17 14:20:41.858571,2026-03-17 14:53:41.858571,2026-03-17 15:46:41.858571,,,,,,,,,2026-03-19 14:20:41.858571,Failed Pickup,Exception,SHP010,Shipper 010,Enterprise,East Java,ST12_Surabaya,HB03_SBY_GATEWAY,East Java,ST13_Malang,HB03_SBY_GATEWAY,Intra-Region,Regular,Prepaid,CR107,Bike,0.7,0.9,0.9,627242,16050,10902,8,0,1,Shipper Not Ready,,48,0,0,,0,0,,0,,477.66,,,ST12_Surabaya,
SHPM001461,AWB260001461,2026-02-26 00:51:40.579165,2026-02-26 01:20:40.579165,2026-02-26 02:19:40.579165,2026-02-26 05:37:38.156581,2026-02-26 06:18:38.156581,2026-02-26 07:44:38.156581,2026-02-26 09:40:41.832905,2026-02-26 16:17:45.309748,2026-02-27 02:51:47.207434,2026-02-27 17:02:34.729791,2026-02-27 21:01:02.447753,2026-02-27 12:51:40.579165,Delivered,Closed,SHP058,Shipper 058,Enterprise,Jabodetabek,ST02_JKT_West,HB01_JKT_GATEWAY,East Java,ST13_Malang,HB03_SBY_GATEWAY,Inter-Region,Next Day,COD,CR016,Bike,2.32,2.09,2.32,1456343,34440,23084,4,0,0,,41.0,36,0,0,,1,0,,0,,44.16,1.93,10.57,ST13_Malang,First Mile Delay
SHPM001462,AWB260001462,2026-02-26 05:18:00.095612,2026-02-26 05:48:00.095612,2026-02-26 06:07:00.095612,2026-02-26 13:23:24.472962,2026-02-26 13:57:24.472962,2026-02-26 14:47:24.472962,2026-02-26 19:07:39.536965,2026-02-26 20:48:21.497211,2026-02-26 22:36:24.473269,2026-02-27 06:10:33.262189,2026-02-27 21:00:30.655461,2026-02-28 05:18:00.095612,Delivered,Closed,SHP034,Shipper 034,Enterprise,Jabodetabek,ST04_Bekasi,HB01_JKT_GATEWAY,Jabodetabek,ST05_Tangerang,HB01_JKT_GATEWAY,Intra-Region,Regular,COD,CR038,Bike,1.23,1.13,1.23,1433361,21535,12878,8,1,0,,34.0,48,1,0,,1,0,,0,,39.71,4.34,1.8,ST05_Tangerang,
SHPM001463,AWB260001463,2026-03-11 04:24:41.409044,2026-03-11 04:47:41.409044,2026-03-11 05:41:41.409044,2026-03-11 11:03:02.295053,2026-03-11 11:35:02.295053,2026-03-11 12:13:02.295053,2026-03-11 15:25:14.037416,2026-03-12 01:19:43.835205,2026-03-12 12:39:16.412691,2026-03-13 04:38:53.456931,2026-03-13 15:36:07.171134,2026-03-14 04:24:41.409044,Delivered,Closed,SHP002,Shipper 002,Enterprise,Jabodetabek,ST03_JKT_East,HB01_JKT_GATEWAY,Central Java,ST11_Yogyakarta,HB04_CTG_NATIONAL,Inter-Region,Regular,Prepaid,CR024,Van,0.4,0.42,0.42,1962373,13890,10456,8,1,0,,32.0,72,1,0,,1,0,,0,,59.19,3.2,11.33,ST11_Yogyakarta,
SHPM001464,AWB260001464,2026-03-25 03:24:27.923226,2026-03-25 03:56:27.923226,2026-03-25 04:33:27.923226,,,,,,,,,2026-03-28 03:24:27.923226,Failed Pickup,Exception,SHP018,Shipper 018,Enterprise,West Java,ST08_Bogor,HB01_JKT_GATEWAY,Jabodetabek,ST04_Bekasi,HB01_JKT_GATEWAY,Inter-Region,Regular,Prepaid,CR079,Van,3.21,3.23,3.23,634942,26535,16446,8,0,1,Shipper Not Ready,,72,0,0,,0,0,,0,,296.59,,,ST08_Bogor,
SHPM001465,AWB260001465,2026-02-16 03:01:48.596905,2026-02-16 03:46:48.596905,2026-02-16 03:55:48.596905,2026-02-16 11:09:18.683525,2026-02-16 11:35:18.683525,2026-02-16 12:24:18.683525,2026-02-16 14:50:53.272294,2026-02-16 22:00:32.162618,2026-02-17 06:58:15.855489,2026-02-18 00:19:42.657569,2026-02-18 17:12:26.397623,2026-02-19 03:01:48.596905,Delivered,Closed,SHP076,Shipper 076,Enterprise,West Java,ST06_Bandung,HB01_JKT_GATEWAY,Jabodetabek,ST02_JKT_West,HB01_JKT_GATEWAY,Inter-Region,Regular,Prepaid,CR057,Bike,1.29,1.18,1.29,1538157,17805,16182,8,1,0,,26.0,72,1,0,,1,0,,0,,62.18,2.44,8.96,ST02_JKT_West,
SHPM001466,AWB260001466,2026-03-06 17:06:54.883464,2026-03-06 17:40:54.883464,2026-03-06 18:07:54.883464,,,,,,,,,2026-03-09 17:06:54.883464,Failed Pickup,Exception,SHP010,Shipper 010,Enterprise,East Java,ST14_Kediri,HB03_SBY_GATEWAY,Central Java,ST09_Semarang,HB04_CTG_NATIONAL,Inter-Region,Regular,COD,CR127,Bike,1.56,1.42,1.56,2867598,23020,21525,8,0,1,Capacity Full,,72,0,0,,0,0,,0,,738.88,,,ST14_Kediri,
SHPM001467,AWB260001467,2026-03-30 02:26:34.511549,2026-03-30 03:07:34.511549,2026-03-30 03:48:34.511549,2026-03-30 11:12:40.684076,2026-03-30 11:20:40.684076,2026-03-30 13:01:40.684076,2026-03-30 18:13:15.862509,2026-03-31 02:42:56.434869,2026-03-31 08:40:16.059632,2026-03-31 23:52:22.180870,2026-04-01 14:08:22.312132,2026-04-02 02:26:34.511549,Delivered,Closed,SHP086,Shipper 086,Marketplace,Jabodetabek,ST02_JKT_West,HB01_JKT_GATEWAY,West Java,ST08_Bogor,HB01_JKT_GATEWAY,Inter-Region,Regular,COD,CR015,Van,0.37,0.47,0.47,1427047,18115,14167,8,0,0,,8.0,72,1,0,,1,0,,0,,59.7,5.19,5.96,ST08_Bogor,
SHPM001468,AWB260001468,2026-03-04 05:49:15.991841,2026-03-04 06:09:15.991841,2026-03-04 06:38:15.991841,2026-03-04 10:06:27.933268,2026-03-04 10:29:27.933268,2026-03-04 12:12:27.933268,2026-03-04 13:40:27.974705,2026-03-04 20:59:19.517089,2026-03-05 00:20:01.449562,2026-03-05 11:49:03.323258,2026-03-06 00:50:39.986731,2026-03-07 05:49:15.991841,Delivered,Closed,SHP048,Shipper 048,Enterprise,Outer Java,ST19_Denpasar,HB06_EASTERN_GATEWAY,West Java,ST06_Bandung,HB01_JKT_GATEWAY,Inter-Region,Regular,COD,CR176,Bike,1.41,1.36,1.41,1553546,22345,15967,8,1,0,,23.0,72,1,0,,1,0,,0,,43.02,1.47,3.34,ST06_Bandung,
SHPM001469,AWB260001469,2026-03-12 04:35:19.350800,2026-03-12 05:17:19.350800,2026-03-12 05:53:19.350800,2026-03-12 06:50:03.212501,2026-03-12 07:52:03.212501,2026-03-12 09:33:03.212501,2026-03-12 15:15:46.945763,2026-03-12 21:58:13.516467,2026-03-13 08:02:49.419138,2026-03-13 17:23:05.098941,2026-03-13 20:03:25.196279,2026-03-12 20:35:19.350800,Delivered,Closed,SHP028,Shipper 028,Marketplace,Jabodetabek,ST04_Bekasi,HB01_JKT_GATEWAY,East Java,ST12_Surabaya,HB03_SBY_GATEWAY,Inter-Region,Same Day,Prepaid,CR038,Van,2.08,2.4,2.4,1318197,37800,28561,2,1,0,,62.0,16,0,0,,1,0,,0,,39.47,5.71,10.08,ST12_Surabaya,Hub Bottleneck
SHPM001470,AWB260001470,2026-03-10 21:35:07.168279,2026-03-10 22:16:07.168279,2026-03-10 22:48:07.168279,2026-03-11 04:05:25.186079,2026-03-11 04:27:25.186079,2026-03-11 05:51:25.186079,2026-03-11 10:34:11.320567,2026-03-11 16:28:25.444162,2026-03-11 19:08:51.577020,2026-03-12 05:51:56.350281,2026-03-12 18:03:57.818406,2026-03-13 21:35:07.168279,Delivered,Closed,SHP083,Shipper 083,Marketplace,Jabodetabek,ST03_JKT_East,HB01_JKT_GATEWAY,Central Java,ST09_Semarang,HB04_CTG_NATIONAL,Inter-Region,Regular,Prepaid,CR023,Van,0.33,0.32,0.33,630890,13485,11585,8,1,0,,22.0,72,1,0,,1,0,,0,,44.48,4.71,2.67,ST09_Semarang,
SHPM001471,AWB260001471,2026-02-26 03:47:50.142035,2026-02-26 04:27:50.142035,2026-02-26 04:52:50.142035,2026-02-26 06:39:59.985632,2026-02-26 07:11:59.985632,2026-02-26 08:16:59.985632,2026-02-26 11:24:09.217562,2026-02-26 13:53:50.944651,2026-02-27 03:05:59.130984,2026-02-27 14:44:25.082858,,2026-02-26 19:47:50.142035,Delivery Exception,Exception,SHP040,Shipper 040,Marketplace,West Java,ST08_Bogor,HB01_JKT_GATEWAY,Outer Java,ST17_Makassar,HB06_EASTERN_GATEWAY,Inter-Region,Same Day,COD,CR080,Bike,2.37,2.59,2.59,465817,42655,23645,2,0,0,,32.0,16,0,1,Customer Not Home,2,0,,0,,944.2,3.12,13.2,ST17_Makassar,Hub Bottleneck
SHPM001472,AWB260001472,2026-03-14 12:37:54.701973,2026-03-14 12:47:54.701973,2026-03-14 13:05:54.701973,2026-03-14 19:44:44.544185,2026-03-14 20:24:44.544185,2026-03-14 21:14:44.544185,2026-03-15 00:17:03.238750,2026-03-15 09:50:08.350514,2026-03-15 16:54:48.657639,2026-03-16 08:23:56.090093,2026-03-16 19:43:35.362580,2026-03-17 12:37:54.701973,Delivered,Closed,SHP005,Shipper 005,Enterprise,Central Java,ST11_Yogyakarta,HB04_CTG_NATIONAL,Outer Java,ST20_Banjarmasin,HB06_EASTERN_GATEWAY,Inter-Region,Regular,Prepaid,CR106,Truck,1.45,1.49,1.49,2203466,18705,13166,8,1,0,,40.0,72,1,0,,1,0,,0,,55.09,3.04,7.08,ST20_Banjarmasin,
SHPM001473,AWB260001473,2026-03-23 07:52:07.407370,2026-03-23 08:17:07.407370,2026-03-23 08:54:07.407370,2026-03-23 17:09:49.367098,2026-03-23 18:19:49.367098,2026-03-23 19:20:49.367098,2026-03-23 21:30:07.417957,2026-03-24 01:34:45.303708,2026-03-24 03:17:09.218669,2026-03-24 13:23:33.828142,2026-03-25 00:06:39.981855,2026-03-26 07:52:07.407370,Delivered,Closed,SHP075,Shipper 075,Marketplace,Outer Java,ST16_Palembang,HB05_SUMATRA_GATEWAY,East Java,ST12_Surabaya,HB03_SBY_GATEWAY,Inter-Region,Regular,Prepaid,CR149,Bike,0.74,0.95,0.95,179932,16275,11857,8,0,0,,70.0,72,1,0,,1,0,,0,,40.24,2.16,1.71,ST12_Surabaya,
SHPM001474,AWB260001474,2026-03-10 03:50:50.724130,2026-03-10 04:17:50.724130,2026-03-10 04:44:50.724130,2026-03-10 12:30:28.842693,2026-03-10 13:00:28.842693,2026-03-10 14:31:28.842693,2026-03-10 16:17:30.339094,2026-03-10 23:58:50.657219,2026-03-11 11:18:13.296912,2026-03-11 17:34:54.991181,2026-03-12 06:37:46.995445,2026-03-13 03:50:50.724130,Delivered,Closed,SHP086,Shipper 086,Marketplace,Jabodetabek,ST02_JKT_West,HB01_JKT_GATEWAY,Outer Java,ST19_Denpasar,HB06_EASTERN_GATEWAY,Inter-Region,Regular,Prepaid,CR014,Bike,1.64,2.04,2.04,197268,21180,11795,8,0,0,,30.0,72,1,0,,1,0,,0,,50.78,1.77,11.32,ST19_Denpasar,
SHPM001475,AWB260001475,2026-02-20 00:44:04.179989,2026-02-20 00:58:04.179989,2026-02-20 01:48:04.179989,2026-02-20 04:17:43.904170,2026-02-20 05:08:43.904170,2026-02-20 06:25:43.904170,2026-02-20 12:26:58.733505,2026-02-20 22:18:30.555897,2026-02-21 14:24:53.039998,2026-02-22 04:37:20.786303,2026-02-22 16:27:55.837260,2026-02-21 12:44:04.179989,Delivered,Closed,SHP076,Shipper 076,Enterprise,West Java,ST07_Cirebon,HB02_BDG_TRANSIT,Outer Java,ST19_Denpasar,HB06_EASTERN_GATEWAY,Inter-Region,Next Day,Prepaid,CR073,Van,1.58,1.45,1.58,804118,27110,17201,4,1,0,,51.0,36,0,0,,1,0,,0,,63.73,6.02,16.11,ST19_Denpasar,Hub Bottleneck
SHPM001476,AWB260001476,2026-03-27 05:46:52.021667,2026-03-27 06:30:52.021667,2026-03-27 06:59:52.021667,2026-03-27 14:35:03.993694,2026-03-27 15:04:03.993694,2026-03-27 16:49:03.993694,2026-03-27 19:26:56.870652,2026-03-27 22:25:55.526869,2026-03-28 07:36:52.073880,2026-03-28 17:18:44.483767,2026-03-29 07:52:25.753930,2026-03-30 05:46:52.021667,Delivered,Closed,SHP088,Shipper 088,SME,Outer Java,ST15_Medan,HB05_SUMATRA_GATEWAY,Central Java,ST11_Yogyakarta,HB04_CTG_NATIONAL,Inter-Region,Regular,Prepaid,CR143,Bike,0.52,0.68,0.68,380636,15060,12591,8,0,0,,29.0,72,1,0,,1,0,,0,,50.09,2.63,9.18,ST11_Yogyakarta,
SHPM001477,AWB260001477,2026-03-26 05:06:28.092755,2026-03-26 05:15:28.092755,2026-03-26 05:36:28.092755,2026-03-26 12:56:49.720478,2026-03-26 13:31:49.720478,2026-03-26 14:10:49.720478,2026-03-26 17:03:26.824594,2026-03-26 23:50:26.125064,2026-03-27 01:22:53.866990,2026-03-27 13:10:58.915718,2026-03-28 05:39:51.894643,2026-03-29 05:06:28.092755,Delivered,Closed,SHP072,Shipper 072,Enterprise,Outer Java,ST20_Banjarmasin,HB06_EASTERN_GATEWAY,Jabodetabek,ST01_JKT_Central,HB01_JKT_GATEWAY,Inter-Region,Regular,Prepaid,CR191,Bike,3.24,5.13,5.13,1125674,35085,26760,8,1,0,,35.0,72,1,0,,1,0,,0,,48.56,2.88,1.54,ST01_JKT_Central,
SHPM001478,AWB260001478,2026-03-16 05:31:30.985244,2026-03-16 06:09:30.985244,2026-03-16 06:41:30.985244,2026-03-16 08:58:13.819986,2026-03-16 09:06:13.819986,2026-03-16 10:20:13.819986,2026-03-16 12:45:08.413247,2026-03-16 15:28:28.430246,2026-03-16 21:25:45.400520,2026-03-17 05:13:19.438860,,2026-03-17 17:31:30.985244,Delivery Exception,Exception,SHP023,Shipper 023,Enterprise,West Java,ST06_Bandung,HB01_JKT_GATEWAY,Jabodetabek,ST02_JKT_West,HB01_JKT_GATEWAY,Inter-Region,Next Day,COD,CR060,Truck,1.32,1.21,1.32,729233,29940,17712,4,1,0,,8.0,36,0,1,Invalid Address,2,0,,0,,510.47,2.42,5.95,ST02_JKT_West,Delivery Exception
SHPM001479,AWB260001479,2026-03-18 11:32:06.035849,2026-03-18 11:53:06.035849,2026-03-18 12:01:06.035849,2026-03-18 15:42:42.437966,2026-03-18 16:21:42.437966,2026-03-18 17:30:42.437966,2026-03-18 20:37:45.751566,2026-03-19 01:23:58.529079,2026-03-19 10:23:17.946559,2026-03-19 16:44:03.213436,2026-03-19 20:29:27.349480,2026-03-19 23:32:06.035849,Delivered,Closed,SHP035,Shipper 035,Enterprise,Jabodetabek,ST04_Bekasi,HB01_JKT_GATEWAY,Central Java,ST09_Semarang,HB04_CTG_NATIONAL,Inter-Region,Next Day,Prepaid,CR038,Bike,1.5,1.51,1.51,1124670,26795,22211,4,1,0,,39.0,36,1,0,,1,0,,0,,32.96,3.12,8.99,ST09_Semarang,
SHPM001480,AWB260001480,2026-03-07 07:16:34.747922,2026-03-07 07:48:34.747922,2026-03-07 07:57:34.747922,2026-03-07 10:56:11.089787,2026-03-07 11:24:11.089787,2026-03-07 13:11:11.089787,2026-03-07 16:33:21.858327,2026-03-07 22:34:26.028322,2026-03-08 00:48:58.438533,2026-03-08 17:29:07.522532,,2026-03-08 19:16:34.747922,Delivery Exception,Exception,SHP063,Shipper 063,Enterprise,Jabodetabek,ST05_Tangerang,HB01_JKT_GATEWAY,Outer Java,ST19_Denpasar,HB06_EASTERN_GATEWAY,Inter-Region,Next Day,COD,CR044,Bike,1.08,1.16,1.16,1430393,29220,23999,4,1,0,,28.0,36,0,1,Remote Area Delay,2,0,,0,,724.72,3.37,2.24,ST19_Denpasar,Delivery Exception
SHPM001481,AWB260001481,2026-02-20 17:41:13.002378,2026-02-20 17:56:13.002378,2026-02-20 18:31:13.002378,2026-02-20 19:27:16.110062,2026-02-20 20:28:16.110062,2026-02-20 22:24:16.110062,2026-02-21 02:15:27.401742,2026-02-21 08:21:27.664877,2026-02-21 15:22:28.942654,2026-02-22 00:42:11.388041,2026-02-22 11:03:30.404664,2026-02-22 05:41:13.002378,Delivered,Closed,SHP081,Shipper 081,Marketplace,West Java,ST06_Bandung,HB01_JKT_GATEWAY,Jabodetabek,ST03_JKT_East,HB01_JKT_GATEWAY,Inter-Region,Next Day,Prepaid,CR055,Bike,3.23,3.53,3.53,149705,35885,24260,4,1,0,,61.0,36,0,0,,1,0,,0,,41.37,3.85,7.02,ST03_JKT_East,Last Mile Delay
SHPM001482,AWB260001482,2026-03-22 22:23:05.133731,2026-03-22 22:52:05.133731,2026-03-22 23:34:05.133731,2026-03-23 02:53:37.138779,2026-03-23 03:33:37.138779,2026-03-23 05:14:37.138779,2026-03-23 06:29:36.864676,2026-03-23 08:47:59.397862,2026-03-23 20:14:00.788220,2026-03-23 22:21:55.898346,2026-03-24 08:36:46.777828,2026-03-23 22:23:05.133731,Delivered,Closed,SHP085,Shipper 085,Marketplace,Central Java,ST09_Semarang,HB04_CTG_NATIONAL,Central Java,ST10_Solo,HB04_CTG_NATIONAL,Intra-Region,Next Day,Prepaid,CR088,Bike,0.33,0.35,0.35,740888,21575,19600,4,0,0,,40.0,24,0,0,,1,0,,0,,34.23,1.25,11.43,ST10_Solo,First Mile Delay
SHPM001483,AWB260001483,2026-02-16 11:59:03.046367,2026-02-16 12:12:03.046367,2026-02-16 12:34:03.046367,2026-02-16 14:14:38.370543,2026-02-16 14:25:38.370543,2026-02-16 15:57:38.370543,2026-02-16 19:50:22.917212,2026-02-17 01:53:19.742652,2026-02-17 08:51:38.766474,2026-02-17 16:30:34.786781,2026-02-17 21:56:34.820078,2026-02-17 03:59:03.046367,Delivered,Closed,SHP064,Shipper 064,Marketplace,Jabodetabek,ST04_Bekasi,HB01_JKT_GATEWAY,East Java,ST12_Surabaya,HB03_SBY_GATEWAY,Inter-Region,Same Day,Prepaid,CR038,Bike,0.87,1.12,1.12,1856803,32040,24040,2,0,0,,11.0,16,0,0,,1,0,,0,,33.96,3.88,6.97,ST12_Surabaya,First Mile Delay
SHPM001484,AWB260001484,2026-03-11 21:51:38.253940,2026-03-11 22:01:38.253940,2026-03-11 22:31:38.253940,2026-03-12 00:23:18.904065,2026-03-12 00:44:18.904065,2026-03-12 01:10:18.904065,2026-03-12 05:10:22.362775,2026-03-12 06:30:24.207821,2026-03-12 14:46:15.358537,2026-03-12 21:51:18.760443,2026-03-13 14:29:36.648627,2026-03-13 21:51:38.253940,Delivered,Closed,SHP065,Shipper 065,Marketplace,Jabodetabek,ST01_JKT_Central,HB01_JKT_GATEWAY,Jabodetabek,ST02_JKT_West,HB01_JKT_GATEWAY,Intra-Region,Regular,COD,CR006,Van,1.67,2.4,2.4,2062391,26800,22874,8,1,0,,21.0,48,1,0,,1,0,,0,,40.63,4.0,8.26,ST02_JKT_West,
SHPM001485,AWB260001485,2026-03-15 10:08:29.360791,2026-03-15 10:27:29.360791,2026-03-15 10:51:29.360791,2026-03-15 12:45:39.542192,2026-03-15 13:21:39.542192,2026-03-15 13:50:39.542192,2026-03-15 15:24:23.215765,2026-03-16 00:36:21.392828,2026-03-16 14:55:02.198381,2026-03-17 06:23:37.674475,2026-03-17 14:00:34.023275,2026-03-16 22:08:29.360791,Delivered,Closed,SHP093,Shipper 093,SME,East Java,ST13_Malang,HB03_SBY_GATEWAY,Jabodetabek,ST01_JKT_Central,HB01_JKT_GATEWAY,Inter-Region,Next Day,Prepaid,CR124,Van,2.1,2.07,2.1,1807283,29450,17495,4,1,0,,36.0,36,0,0,,1,0,,0,,51.87,1.56,14.31,ST01_JKT_Central,Hub Bottleneck
SHPM001486,AWB260001486,2026-03-04 23:02:13.210437,2026-03-04 23:41:13.210437,2026-03-05 00:14:13.210437,2026-03-05 04:05:45.530958,2026-03-05 04:46:45.530958,2026-03-05 05:36:45.530958,2026-03-05 10:48:04.950041,2026-03-05 12:44:31.869795,2026-03-05 18:16:43.648002,2026-03-06 01:34:36.313558,2026-03-06 04:17:57.791461,2026-03-05 23:02:13.210437,Delivered,Closed,SHP035,Shipper 035,Enterprise,Jabodetabek,ST04_Bekasi,HB01_JKT_GATEWAY,Jabodetabek,ST04_Bekasi,HB01_JKT_GATEWAY,Intra-Region,Next Day,Prepaid,CR042,Bike,0.82,0.78,0.82,2737959,23690,20084,4,0,0,,41.0,24,0,0,,1,0,,0,,29.26,5.19,5.54,ST04_Bekasi,First Mile Delay
SHPM001487,AWB260001487,2026-03-15 15:24:59.342771,2026-03-15 15:45:59.342771,2026-03-15 15:57:59.342771,2026-03-15 22:05:08.204102,2026-03-15 22:37:08.204102,2026-03-15 22:57:08.204102,2026-03-16 02:59:37.450537,2026-03-16 05:32:58.223759,2026-03-17 04:08:25.443496,2026-03-17 13:22:36.246451,2026-03-18 06:27:31.383041,2026-03-18 15:24:59.342771,Delivered,Closed,SHP067,Shipper 067,SME,East Java,ST14_Kediri,HB03_SBY_GATEWAY,West Java,ST07_Cirebon,HB02_BDG_TRANSIT,Inter-Region,Regular,Prepaid,CR130,Bike,2.44,2.58,2.58,2083300,23610,21468,8,1,0,,32.0,72,1,0,,1,0,,0,,63.04,4.04,22.59,ST07_Cirebon,
SHPM001488,AWB260001488,2026-04-01 00:03:22.191718,2026-04-01 00:35:22.191718,2026-04-01 01:00:22.191718,2026-04-01 03:17:22.842508,2026-04-01 04:18:22.842508,2026-04-01 05:52:22.842508,2026-04-01 08:45:08.083272,2026-04-01 11:32:09.070643,2026-04-01 21:28:59.332195,2026-04-02 15:23:21.880186,2026-04-02 20:49:54.536040,2026-04-02 12:03:22.191718,Delivered,Closed,SHP043,Shipper 043,Marketplace,Central Java,ST09_Semarang,HB04_CTG_NATIONAL,East Java,ST13_Malang,HB03_SBY_GATEWAY,Inter-Region,Next Day,COD,CR083,Van,2.0,2.49,2.49,722987,35205,30891,4,1,0,,61.0,36,0,0,,1,0,,0,,44.78,2.88,9.95,ST13_Malang,Last Mile Delay
SHPM001489,AWB260001489,2026-03-09 23:29:07.319247,2026-03-09 23:40:07.319247,2026-03-10 00:13:07.319247,,,,,,,,,2026-03-12 23:29:07.319247,Failed Pickup,Exception,SHP036,Shipper 036,Marketplace,West Java,ST08_Bogor,HB01_JKT_GATEWAY,Central Java,ST09_Semarang,HB04_CTG_NATIONAL,Inter-Region,Regular,COD,CR079,Truck,1.86,1.77,1.86,1155289,24370,15799,8,0,1,Capacity Full,,72,0,0,,0,0,,0,,660.51,,,ST08_Bogor,
SHPM001490,AWB260001490,2026-03-21 00:31:11.687945,2026-03-21 01:09:11.687945,2026-03-21 01:32:11.687945,2026-03-21 07:42:18.722344,2026-03-21 08:17:18.722344,2026-03-21 09:28:18.722344,2026-03-21 12:47:19.272748,2026-03-21 15:34:36.097140,2026-03-21 20:53:02.497306,2026-03-22 03:07:25.815338,2026-03-22 10:48:34.040975,2026-03-24 00:31:11.687945,Delivered,Closed,SHP099,Shipper 099,SME,West Java,ST08_Bogor,HB01_JKT_GATEWAY,East Java,ST12_Surabaya,HB03_SBY_GATEWAY,Inter-Region,Regular,Prepaid,CR078,Bike,1.65,1.62,1.65,577933,19425,16265,8,1,0,,35.0,72,1,0,,1,0,,0,,34.29,3.32,5.31,ST12_Surabaya,
SHPM001491,AWB260001491,2026-03-08 16:35:31.833472,2026-03-08 17:08:31.833472,2026-03-08 17:13:31.833472,2026-03-08 19:35:18.747489,2026-03-08 19:50:18.747489,2026-03-08 21:23:18.747489,2026-03-08 22:28:39.828825,2026-03-09 07:14:17.522030,2026-03-09 19:05:41.942602,2026-03-10 08:39:55.040489,2026-03-10 16:54:52.489468,2026-03-11 16:35:31.833472,Delivered,Closed,SHP080,Shipper 080,SME,Outer Java,ST19_Denpasar,HB06_EASTERN_GATEWAY,Jabodetabek,ST02_JKT_West,HB01_JKT_GATEWAY,Inter-Region,Regular,Prepaid,CR178,Van,1.1,1.03,1.1,589325,16950,15251,8,1,0,,15.0,72,1,0,,1,0,,0,,48.32,1.09,11.86,ST02_JKT_West,
SHPM001492,AWB260001492,2026-03-16 10:34:35.492566,2026-03-16 11:04:35.492566,2026-03-16 11:22:35.492566,2026-03-16 12:39:11.337534,2026-03-16 13:29:11.337534,2026-03-16 13:45:11.337534,2026-03-16 19:35:23.879424,2026-03-16 23:30:53.445186,2026-03-17 09:48:40.957702,2026-03-18 00:46:26.217715,2026-03-18 11:03:48.787990,2026-03-17 22:34:35.492566,Delivered,Closed,SHP061,Shipper 061,Enterprise,Outer Java,ST17_Makassar,HB06_EASTERN_GATEWAY,East Java,ST12_Surabaya,HB03_SBY_GATEWAY,Inter-Region,Next Day,Prepaid,CR154,Bike,3.93,4.28,4.28,1575379,39260,34064,4,1,0,,50.0,36,0,0,,1,0,,0,,48.49,5.84,10.3,ST12_Surabaya,Hub Bottleneck
SHPM001493,AWB260001493,2026-03-12 10:02:00.967544,2026-03-12 10:33:00.967544,2026-03-12 10:53:00.967544,2026-03-12 14:00:20.134966,2026-03-12 14:44:20.134966,2026-03-12 14:59:20.134966,2026-03-12 16:24:47.731516,2026-03-13 02:23:32.483886,2026-03-13 13:57:11.644186,2026-03-13 21:12:26.784697,2026-03-14 07:17:00.295849,2026-03-13 22:02:00.967544,Delivered,Closed,SHP013,Shipper 013,SME,Jabodetabek,ST04_Bekasi,HB01_JKT_GATEWAY,Central Java,ST10_Solo,HB04_CTG_NATIONAL,Inter-Region,Next Day,Prepaid,CR038,Bike,2.17,2.33,2.33,1164040,30485,28860,4,1,0,,44.0,36,0,0,,1,0,,0,,45.25,1.42,11.56,ST10_Solo,Hub Bottleneck
SHPM001494,AWB260001494,2026-03-30 23:26:25.564987,2026-03-30 23:45:25.564987,2026-03-31 00:34:25.564987,,,,,,,,,2026-03-31 15:26:25.564987,Failed Pickup,Exception,SHP035,Shipper 035,Enterprise,Jabodetabek,ST02_JKT_West,HB01_JKT_GATEWAY,Outer Java,ST15_Medan,HB05_SUMATRA_GATEWAY,Inter-Region,Same Day,COD,CR014,Van,0.5,0.51,0.51,2147816,33295,18998,2,0,1,Address Not Found,,16,0,0,,0,0,,0,,156.56,,,ST02_JKT_West,
SHPM001495,AWB260001495,2026-03-22 06:53:40.267766,2026-03-22 07:14:40.267766,2026-03-22 07:19:40.267766,2026-03-22 13:11:00.616360,2026-03-22 13:36:00.616360,2026-03-22 14:10:00.616360,2026-03-22 19:16:09.517504,2026-03-23 04:13:59.417478,2026-03-23 11:53:45.235258,2026-03-23 20:11:24.943873,2026-03-24 09:16:57.953924,2026-03-25 06:53:40.267766,Delivered,Closed,SHP039,Shipper 039,Marketplace,Central Java,ST10_Solo,HB04_CTG_NATIONAL,East Java,ST13_Malang,HB03_SBY_GATEWAY,Inter-Region,Regular,Prepaid,CR092,Van,1.96,2.05,2.05,2038717,21225,14555,8,1,0,,25.0,72,1,0,,1,0,,0,,50.39,5.1,7.66,ST13_Malang,
SHPM001496,AWB260001496,2026-02-24 17:26:59.183338,2026-02-24 17:37:59.183338,2026-02-24 18:11:59.183338,,,,,,,,,2026-02-27 17:26:59.183338,Failed Pickup,Exception,SHP100,Shipper 100,Marketplace,Central Java,ST11_Yogyakarta,HB04_CTG_NATIONAL,West Java,ST08_Bogor,HB01_JKT_GATEWAY,Inter-Region,Regular,Prepaid,CR106,Van,2.12,3.33,3.33,1401607,26985,24531,8,0,1,Schedule Miss,,72,0,0,,0,0,,0,,978.55,,,ST11_Yogyakarta,
SHPM001497,AWB260001497,2026-03-19 15:20:11.250433,2026-03-19 15:55:11.250433,2026-03-19 16:20:11.250433,2026-03-19 18:36:30.143211,2026-03-19 19:04:30.143211,2026-03-19 21:02:30.143211,2026-03-20 01:08:06.284608,2026-03-20 10:41:23.777411,2026-03-20 14:22:33.376647,2026-03-20 19:27:05.529791,2026-03-20 22:36:47.232210,2026-03-21 03:20:11.250433,Delivered,Closed,SHP032,Shipper 032,Marketplace,West Java,ST08_Bogor,HB01_JKT_GATEWAY,Central Java,ST11_Yogyakarta,HB04_CTG_NATIONAL,Inter-Region,Next Day,Prepaid,CR078,Van,0.67,0.73,0.73,401599,23285,14931,4,1,0,,28.0,36,1,0,,1,0,,0,,31.28,4.09,3.69,ST11_Yogyakarta,
SHPM001498,AWB260001498,2026-03-07 17:08:08.725541,2026-03-07 17:13:08.725541,2026-03-07 17:58:08.725541,2026-03-08 00:17:49.692149,2026-03-08 00:25:49.692149,2026-03-08 01:40:49.692149,2026-03-08 04:49:31.040817,2026-03-08 08:52:42.961697,2026-03-08 10:52:37.219575,2026-03-09 04:14:33.343256,2026-03-09 18:52:29.879468,2026-03-10 17:08:08.725541,Delivered,Closed,SHP041,Shipper 041,SME,West Java,ST08_Bogor,HB01_JKT_GATEWAY,Jabodetabek,ST03_JKT_East,HB01_JKT_GATEWAY,Inter-Region,Regular,COD,CR080,Bike,1.57,1.7,1.7,291794,23650,16003,8,1,0,,8.0,72,1,0,,1,0,,0,,49.74,3.14,2.0,ST03_JKT_East,
SHPM001499,AWB260001499,2026-03-18 21:51:05.013633,2026-03-18 22:21:05.013633,2026-03-18 22:47:05.013633,2026-03-19 02:51:34.607397,2026-03-19 03:20:34.607397,2026-03-19 04:56:34.607397,2026-03-19 06:51:03.076242,2026-03-19 12:31:33.073232,2026-03-19 21:26:20.682589,2026-03-20 09:19:11.832209,2026-03-20 18:05:14.796879,2026-03-21 21:51:05.013633,Delivered,Closed,SHP008,Shipper 008,SME,Outer Java,ST16_Palembang,HB05_SUMATRA_GATEWAY,Central Java,ST11_Yogyakarta,HB04_CTG_NATIONAL,Inter-Region,Regular,Prepaid,CR151,Bike,0.57,0.52,0.57,1199688,14565,12834,8,1,0,,29.0,72,1,0,,1,0,,0,,44.24,1.91,8.91,ST11_Yogyakarta,
SHPM001500,AWB260001500,2026-02-25 01:41:57.771540,2026-02-25 02:21:57.771540,2026-02-25 02:40:57.771540,2026-02-25 10:28:51.109192,2026-02-25 10:59:51.109192,2026-02-25 11:57:51.109192,2026-02-25 16:22:58.288362,2026-02-25 20:27:22.373180,2026-02-26 03:13:09.533501,2026-02-26 20:50:11.111348,2026-02-27 09:49:38.625290,2026-02-28 01:41:57.771540,Delivered,Closed,SHP058,Shipper 058,Enterprise,Jabodetabek,ST01_JKT_Central,HB01_JKT_GATEWAY,Outer Java,ST18_Balikpapan,HB06_EASTERN_GATEWAY,Inter-Region,Regular,COD,CR010,Truck,1.07,1.03,1.07,520135,20815,14383,8,0,0,,31.0,72,1,0,,1,0,,0,,56.13,4.42,6.76,ST18_Balikpapan,
SHPM001501,AWB260001501,2026-03-12 04:08:50.561338,2026-03-12 04:52:50.561338,2026-03-12 05:43:50.561338,2026-03-12 10:36:55.380676,2026-03-12 11:12:55.380676,2026-03-12 12:46:55.380676,2026-03-12 18:42:10.446698,2026-03-12 21:45:46.648490,2026-03-13 16:05:18.389917,2026-03-13 23:56:27.127477,2026-03-14 10:06:37.096827,2026-03-15 04:08:50.561338,Delivered,Closed,SHP060,Shipper 060,Enterprise,East Java,ST12_Surabaya,HB03_SBY_GATEWAY,Jabodetabek,ST03_JKT_East,HB01_JKT_GATEWAY,Inter-Region,Regular,COD,CR112,Bike,0.38,0.36,0.38,667017,17710,12256,8,1,0,,36.0,72,1,0,,1,0,,0,,53.96,5.92,18.33,ST03_JKT_East,
SHPM001502,AWB260001502,2026-03-22 22:15:32.270089,2026-03-22 22:20:32.270089,2026-03-22 22:57:32.270089,2026-03-23 02:36:46.815607,2026-03-23 02:44:46.815607,2026-03-23 04:25:46.815607,2026-03-23 07:44:02.305724,2026-03-23 09:56:42.345534,2026-03-23 20:24:03.350713,2026-03-24 09:21:18.844918,2026-03-24 11:48:46.972542,2026-03-24 10:15:32.270089,Delivered,Closed,SHP011,Shipper 011,Enterprise,Jabodetabek,ST02_JKT_West,HB01_JKT_GATEWAY,East Java,ST13_Malang,HB03_SBY_GATEWAY,Inter-Region,Next Day,COD,CR013,Van,1.46,2.04,2.04,364926,33180,21009,4,0,0,,8.0,36,0,0,,1,0,,0,,37.55,3.3,10.46,ST13_Malang,First Mile Delay
SHPM001503,AWB260001503,2026-03-31 06:30:57.566136,2026-03-31 07:07:57.566136,2026-03-31 07:49:57.566136,2026-03-31 14:13:02.855302,2026-03-31 15:42:02.855302,2026-03-31 16:30:02.855302,2026-03-31 21:02:13.171348,2026-04-01 00:02:45.236656,2026-04-01 14:36:52.132781,2026-04-02 22:21:13.262605,2026-04-03 12:22:13.811770,2026-04-02 06:30:57.566136,Delivered,Closed,SHP060,Shipper 060,Enterprise,East Java,ST12_Surabaya,HB03_SBY_GATEWAY,East Java,ST14_Kediri,HB03_SBY_GATEWAY,Intra-Region,Regular,Prepaid,CR110,Bike,1.32,1.24,1.32,2200116,17940,12166,8,1,0,,89.0,48,0,0,,1,1,Weather Delay,0,,77.85,4.54,14.57,ST14_Kediri,Hub Bottleneck
SHPM001504,AWB260001504,2026-03-01 13:43:21.241104,2026-03-01 14:04:21.241104,2026-03-01 14:27:21.241104,2026-03-01 16:06:43.389218,2026-03-01 16:58:43.389218,2026-03-01 18:31:43.389218,2026-03-02 00:23:57.405115,2026-03-02 08:47:50.715283,2026-03-02 17:05:29.045332,2026-03-03 04:37:39.418174,2026-03-03 06:01:47.588740,2026-03-02 05:43:21.241104,Delivered,Closed,SHP084,Shipper 084,Enterprise,Central Java,ST10_Solo,HB04_CTG_NATIONAL,Jabodetabek,ST03_JKT_East,HB01_JKT_GATEWAY,Inter-Region,Same Day,COD,CR094,Bike,0.64,0.93,0.93,298345,35185,23005,2,0,0,,52.0,16,0,0,,1,0,,0,,40.31,5.87,8.29,ST03_JKT_East,First Mile Delay
SHPM001505,AWB260001505,2026-03-14 14:43:43.587196,2026-03-14 15:25:43.587196,2026-03-14 15:32:43.587196,2026-03-14 23:31:27.569766,2026-03-15 00:22:27.569766,2026-03-15 01:47:27.569766,2026-03-15 03:35:07.851248,2026-03-15 06:54:09.320951,2026-03-15 15:49:52.439579,2026-03-16 02:39:35.997479,2026-03-16 20:29:53.366194,2026-03-17 14:43:43.587196,Delivered,Closed,SHP061,Shipper 061,Enterprise,Outer Java,ST17_Makassar,HB06_EASTERN_GATEWAY,Jabodetabek,ST02_JKT_West,HB01_JKT_GATEWAY,Inter-Region,Regular,Prepaid,CR160,Truck,1.62,1.56,1.62,297276,19290,14466,8,0,0,,51.0,72,1,0,,1,0,,0,,53.77,1.79,8.93,ST02_JKT_West,
SHPM001506,AWB260001506,2026-03-09 00:32:17.878902,2026-03-09 01:04:17.878902,2026-03-09 01:30:17.878902,2026-03-09 06:03:17.880041,2026-03-09 06:21:17.880041,2026-03-09 07:31:17.880041,2026-03-09 10:00:49.842493,2026-03-09 12:11:48.512391,2026-03-09 20:18:36.268455,2026-03-10 04:47:32.811003,2026-03-10 20:01:16.781606,2026-03-12 00:32:17.878902,Delivered,Closed,SHP071,Shipper 071,Enterprise,Jabodetabek,ST04_Bekasi,HB01_JKT_GATEWAY,East Java,ST14_Kediri,HB03_SBY_GATEWAY,Inter-Region,Regular,Prepaid,CR041,Truck,0.6,0.55,0.6,440181,14700,9388,8,1,0,,18.0,72,1,0,,1,0,,0,,43.48,2.49,8.11,ST14_Kediri,
SHPM001507,AWB260001507,2026-03-30 11:13:32.035849,2026-03-30 11:56:32.035849,2026-03-30 12:21:32.035849,2026-03-30 14:55:44.713209,2026-03-30 15:51:44.713209,2026-03-30 17:05:44.713209,2026-03-30 18:53:26.329975,2026-03-31 04:46:23.030735,2026-04-01 04:49:56.570293,2026-04-01 22:19:24.489769,2026-04-02 10:51:44.213921,2026-03-31 23:13:32.035849,Delivered,Closed,SHP055,Shipper 055,Marketplace,East Java,ST14_Kediri,HB03_SBY_GATEWAY,Outer Java,ST16_Palembang,HB05_SUMATRA_GATEWAY,Inter-Region,Next Day,Prepaid,CR126,Bike,2.59,2.77,2.77,2028329,32465,22424,4,1,0,,56.0,36,0,0,,1,0,,0,,71.64,1.79,24.06,ST16_Palembang,Hub Bottleneck
SHPM001508,AWB260001508,2026-03-05 17:41:55.030298,2026-03-05 18:13:55.030298,2026-03-05 18:48:55.030298,2026-03-06 02:02:04.962548,2026-03-06 02:49:04.962548,2026-03-06 03:33:04.962548,2026-03-06 07:48:51.916125,2026-03-06 09:57:26.323787,2026-03-06 18:09:22.113124,2026-03-07 05:36:43.063275,2026-03-07 18:50:06.155074,2026-03-08 17:41:55.030298,Delivered,Closed,SHP061,Shipper 061,Enterprise,Outer Java,ST17_Makassar,HB06_EASTERN_GATEWAY,Jabodetabek,ST03_JKT_East,HB01_JKT_GATEWAY,Inter-Region,Regular,COD,CR157,Van,2.08,2.53,2.53,492438,27385,18501,8,1,0,,47.0,72,1,0,,1,0,,0,,49.14,4.26,8.2,ST03_JKT_East,
SHPM001509,AWB260001509,2026-03-24 12:11:33.127274,2026-03-24 12:38:33.127274,2026-03-24 13:06:33.127274,2026-03-24 20:49:00.216470,2026-03-24 21:22:00.216470,2026-03-24 23:13:00.216470,2026-03-25 02:27:08.310217,2026-03-25 06:42:46.699201,2026-03-25 08:40:31.613572,2026-03-25 15:02:13.896054,2026-03-26 07:04:14.588824,2026-03-27 12:11:33.127274,Delivered,Closed,SHP005,Shipper 005,Enterprise,Central Java,ST09_Semarang,HB04_CTG_NATIONAL,Jabodetabek,ST04_Bekasi,HB01_JKT_GATEWAY,Inter-Region,Regular,COD,CR088,Van,1.5,1.5,1.5,321536,22750,20985,8,0,0,,33.0,72,1,0,,1,0,,0,,42.88,3.24,1.96,ST04_Bekasi,
SHPM001510,AWB260001510,2026-03-28 08:11:42.802092,2026-03-28 08:41:42.802092,2026-03-28 08:59:42.802092,2026-03-28 16:37:21.778572,2026-03-28 17:09:21.778572,2026-03-28 17:53:21.778572,2026-03-28 18:56:48.183780,2026-03-28 22:26:20.636817,2026-03-29 10:12:19.393442,2026-03-29 16:04:07.709428,2026-03-30 00:28:15.725477,2026-03-30 08:11:42.802092,Delivered,Closed,SHP054,Shipper 054,Marketplace,West Java,ST06_Bandung,HB01_JKT_GATEWAY,West Java,ST07_Cirebon,HB02_BDG_TRANSIT,Intra-Region,Regular,Prepaid,CR055,Van,1.37,1.49,1.49,498463,18705,15015,8,1,0,,32.0,48,1,0,,1,0,,0,,40.28,1.06,11.77,ST07_Cirebon,
SHPM001511,AWB260001511,2026-04-01 06:24:16.725823,2026-04-01 06:55:16.725823,2026-04-01 07:48:16.725823,2026-04-01 11:51:01.926075,2026-04-01 13:34:01.926075,2026-04-01 15:32:01.926075,2026-04-01 21:06:25.485433,2026-04-02 02:04:45.446974,2026-04-02 12:48:27.812619,2026-04-02 21:50:49.103663,2026-04-03 02:33:15.136374,2026-04-02 18:24:16.725823,Delivered,Closed,SHP076,Shipper 076,Enterprise,West Java,ST07_Cirebon,HB02_BDG_TRANSIT,Jabodetabek,ST04_Bekasi,HB01_JKT_GATEWAY,Inter-Region,Next Day,COD,CR071,Bike,0.79,1.04,1.04,2197575,28680,24205,4,0,0,,103.0,36,0,0,,1,0,,0,,44.15,5.57,10.73,ST04_Bekasi,First Mile Delay
SHPM001512,AWB260001512,2026-03-01 17:02:55.538880,2026-03-01 17:10:55.538880,2026-03-01 17:55:55.538880,2026-03-01 17:51:50.028812,2026-03-01 18:45:50.028812,2026-03-01 19:33:50.028812,2026-03-02 00:03:54.868316,2026-03-02 02:48:40.291260,2026-03-02 07:36:03.604241,2026-03-02 18:46:37.099749,2026-03-02 23:39:54.591513,2026-03-02 09:02:55.538880,Delivered,Closed,SHP029,Shipper 029,SME,Outer Java,ST16_Palembang,HB05_SUMATRA_GATEWAY,West Java,ST06_Bandung,HB01_JKT_GATEWAY,Inter-Region,Same Day,Prepaid,CR146,Bike,2.62,2.83,2.83,607737,39735,32454,2,1,0,,54.0,16,0,0,,1,0,,0,,30.62,4.5,4.79,ST06_Bandung,Last Mile Delay
SHPM001513,AWB260001513,2026-03-22 08:34:03.430063,2026-03-22 08:51:03.430063,2026-03-22 09:10:03.430063,2026-03-22 10:31:44.816163,2026-03-22 11:17:44.816163,2026-03-22 11:54:44.816163,2026-03-22 14:50:35.894885,2026-03-22 23:52:00.487918,2026-03-23 07:58:27.659850,2026-03-23 23:41:05.885451,2026-03-24 07:19:03.570064,2026-03-23 20:34:03.430063,Delivered,Closed,SHP074,Shipper 074,Enterprise,Outer Java,ST15_Medan,HB05_SUMATRA_GATEWAY,West Java,ST06_Bandung,HB01_JKT_GATEWAY,Inter-Region,Next Day,COD,CR142,Bike,2.15,2.9,2.9,1198088,37050,27214,4,1,0,,46.0,36,0,0,,1,0,,0,,46.75,2.93,8.11,ST06_Bandung,Last Mile Delay
SHPM001514,AWB260001514,2026-02-15 16:22:22.078350,2026-02-15 16:44:22.078350,2026-02-15 17:23:22.078350,2026-02-16 00:59:17.004373,2026-02-16 02:50:17.004373,2026-02-16 04:37:17.004373,2026-02-16 13:12:14.035457,2026-02-16 22:03:35.888164,2026-02-17 04:49:36.836146,2026-02-17 22:15:35.180400,2026-02-18 09:30:18.857409,2026-02-18 16:22:22.078350,Delivered,Closed,SHP018,Shipper 018,Enterprise,West Java,ST07_Cirebon,HB02_BDG_TRANSIT,Jabodetabek,ST02_JKT_West,HB01_JKT_GATEWAY,Inter-Region,Regular,COD,CR068,Van,1.28,2.07,2.07,2326670,25315,16361,8,0,0,,111.0,72,1,0,,1,0,,0,,65.13,8.58,6.77,ST02_JKT_West,
SHPM001515,AWB260001515,2026-03-06 05:48:32.152170,2026-03-06 06:18:32.152170,2026-03-06 06:47:32.152170,2026-03-06 08:16:33.240864,2026-03-06 08:51:33.240864,2026-03-06 09:22:33.240864,2026-03-06 11:37:17.528441,2026-03-06 17:45:43.705516,2026-03-06 20:19:04.213857,2026-03-07 01:29:49.585583,2026-03-07 07:03:38.143264,2026-03-06 21:48:32.152170,Delivered,Closed,SHP040,Shipper 040,Marketplace,West Java,ST08_Bogor,HB01_JKT_GATEWAY,Outer Java,ST17_Makassar,HB06_EASTERN_GATEWAY,Inter-Region,Same Day,COD,CR081,Van,1.16,1.42,1.42,739254,37390,33960,2,1,0,,35.0,16,0,0,,1,0,,0,,25.25,2.25,2.56,ST17_Makassar,Remote Area
SHPM001516,AWB260001516,2026-02-21 15:42:51.849636,2026-02-21 16:03:51.849636,2026-02-21 16:33:51.849636,2026-02-21 18:28:10.943730,2026-02-21 19:11:10.943730,2026-02-21 20:33:10.943730,2026-02-22 02:13:25.104610,2026-02-22 09:33:48.780737,2026-02-22 13:44:00.984335,2026-02-23 01:47:46.426030,2026-02-23 15:10:57.468557,2026-02-24 15:42:51.849636,Delivered,Closed,SHP033,Shipper 033,Marketplace,Jabodetabek,ST04_Bekasi,HB01_JKT_GATEWAY,Central Java,ST10_Solo,HB04_CTG_NATIONAL,Inter-Region,Regular,Prepaid,CR033,Bike,5.89,6.15,6.15,421444,39675,24462,8,1,0,,43.0,72,1,0,,1,0,,0,,47.47,5.67,4.17,ST10_Solo,
SHPM001517,AWB260001517,2026-02-25 08:20:21.047344,2026-02-25 08:39:21.047344,2026-02-25 08:48:21.047344,2026-02-25 09:49:41.731241,2026-02-25 10:38:41.731241,2026-02-25 11:26:41.731241,2026-02-25 14:10:07.045489,2026-02-25 19:01:33.933288,2026-02-25 23:41:46.516841,2026-02-26 10:30:07.348306,,2026-02-26 00:20:21.047344,Delivery Exception,Exception,SHP013,Shipper 013,SME,Jabodetabek,ST04_Bekasi,HB01_JKT_GATEWAY,East Java,ST13_Malang,HB03_SBY_GATEWAY,Inter-Region,Same Day,Prepaid,CR032,Bike,1.15,1.21,1.21,834281,32445,19748,2,1,0,,49.0,16,0,1,Customer Not Home,2,0,,0,,963.66,2.72,4.67,ST13_Malang,Delivery Exception
SHPM001518,AWB260001518,2026-03-28 21:13:41.328020,2026-03-28 21:46:41.328020,2026-03-28 22:40:41.328020,2026-03-29 15:47:41.945516,2026-03-29 16:15:41.945516,2026-03-29 17:52:41.945516,2026-03-30 00:29:43.494149,2026-03-30 07:36:28.408136,2026-03-30 13:52:53.094825,2026-03-30 22:02:33.177467,2026-03-31 09:09:03.831151,2026-03-31 21:13:41.328020,Delivered,Closed,SHP099,Shipper 099,SME,West Java,ST07_Cirebon,HB02_BDG_TRANSIT,Jabodetabek,ST03_JKT_East,HB01_JKT_GATEWAY,Inter-Region,Regular,COD,CR067,Van,0.8,1.28,1.28,771516,21760,12422,8,0,0,,28.0,72,1,0,,1,0,,0,,59.92,6.62,6.27,ST03_JKT_East,
SHPM001519,AWB260001519,2026-03-13 15:30:06.012423,2026-03-13 16:12:06.012423,2026-03-13 16:48:06.012423,2026-03-13 22:21:38.413989,2026-03-13 22:50:38.413989,2026-03-14 00:03:38.413989,2026-03-14 02:57:35.096783,2026-03-14 05:47:51.985177,2026-03-14 13:43:22.574428,2026-03-15 00:44:46.630090,2026-03-15 05:21:40.016662,2026-03-16 15:30:06.012423,Delivered,Closed,SHP054,Shipper 054,Marketplace,West Java,ST06_Bandung,HB01_JKT_GATEWAY,East Java,ST13_Malang,HB03_SBY_GATEWAY,Inter-Region,Regular,Prepaid,CR058,Bike,0.96,1.47,1.47,1209316,18615,10515,8,1,0,,29.0,72,1,0,,1,0,,0,,37.86,2.9,7.93,ST13_Malang,
SHPM001520,AWB260001520,2026-03-14 17:03:25.854180,2026-03-14 17:38:25.854180,2026-03-14 18:16:25.854180,2026-03-14 18:52:56.475361,2026-03-14 19:05:56.475361,2026-03-14 20:02:56.475361,2026-03-15 00:31:00.140686,2026-03-15 06:09:14.703434,2026-03-15 16:48:55.148126,2026-03-16 04:03:15.253572,2026-03-16 12:29:36.570516,2026-03-16 05:03:25.854180,Delivered,Closed,SHP030,Shipper 030,Enterprise,Jabodetabek,ST05_Tangerang,HB01_JKT_GATEWAY,Central Java,ST09_Semarang,HB04_CTG_NATIONAL,Inter-Region,Next Day,Prepaid,CR046,Bike,1.86,2.45,2.45,571274,31025,29145,4,1,0,,13.0,36,0,0,,1,0,,0,,43.44,4.47,10.66,ST09_Semarang,Hub Bottleneck
SHPM001521,AWB260001521,2026-02-27 06:18:14.722658,2026-02-27 06:59:14.722658,2026-02-27 07:31:14.722658,2026-02-27 15:25:34.865661,2026-02-27 15:51:34.865661,2026-02-27 16:34:34.865661,2026-02-27 19:05:22.455790,2026-02-28 04:16:33.622920,2026-02-28 15:55:25.363862,2026-03-01 07:03:21.190455,2026-03-01 23:41:38.296496,2026-03-02 06:18:14.722658,Delivered,Closed,SHP063,Shipper 063,Enterprise,Jabodetabek,ST05_Tangerang,HB01_JKT_GATEWAY,Outer Java,ST18_Balikpapan,HB06_EASTERN_GATEWAY,Inter-Region,Regular,Prepaid,CR046,Truck,1.19,1.25,1.25,1053317,17625,11350,8,0,0,,26.0,72,1,0,,1,0,,0,,65.39,2.51,11.65,ST18_Balikpapan,
SHPM001522,AWB260001522,2026-03-22 08:46:44.774285,2026-03-22 09:23:44.774285,2026-03-22 09:28:44.774285,2026-03-22 15:42:39.145515,2026-03-22 15:50:39.145515,2026-03-22 16:51:39.145515,2026-03-22 20:41:11.874868,2026-03-23 06:35:54.319681,2026-03-23 12:57:15.526998,2026-03-23 19:44:59.870800,2026-03-24 00:17:45.170479,2026-03-25 08:46:44.774285,Delivered,Closed,SHP094,Shipper 094,SME,Outer Java,ST16_Palembang,HB05_SUMATRA_GATEWAY,East Java,ST12_Surabaya,HB03_SBY_GATEWAY,Inter-Region,Regular,Prepaid,CR149,Bike,1.64,1.66,1.66,1737145,19470,10933,8,1,0,,8.0,72,1,0,,1,0,,0,,39.52,3.83,6.36,ST12_Surabaya,
SHPM001523,AWB260001523,2026-03-14 05:44:36.741115,2026-03-14 06:23:36.741115,2026-03-14 07:01:36.741115,2026-03-14 07:06:53.501614,2026-03-14 07:51:53.501614,2026-03-14 08:11:53.501614,2026-03-14 11:32:11.976390,2026-03-14 16:34:30.857246,2026-03-15 04:16:57.783077,2026-03-15 14:34:23.369949,2026-03-15 21:10:25.872652,2026-03-14 21:44:36.741115,Delivered,Closed,SHP024,Shipper 024,Marketplace,Jabodetabek,ST05_Tangerang,HB01_JKT_GATEWAY,Outer Java,ST19_Denpasar,HB06_EASTERN_GATEWAY,Inter-Region,Same Day,Prepaid,CR044,Van,0.74,0.73,0.74,861015,30330,19065,2,1,0,,45.0,16,0,0,,1,0,,0,,39.43,3.34,11.71,ST19_Denpasar,Hub Bottleneck
SHPM001524,AWB260001524,2026-02-17 08:05:27.299636,2026-02-17 08:21:27.299636,2026-02-17 08:26:27.299636,2026-02-17 09:47:35.560398,2026-02-17 10:29:35.560398,2026-02-17 11:46:35.560398,2026-02-17 16:40:09.965166,2026-02-18 00:30:25.115707,2026-02-18 18:12:25.329460,2026-02-19 02:20:42.063355,2026-02-19 06:58:39.554531,2026-02-18 20:05:27.299636,Delivered,Closed,SHP070,Shipper 070,Enterprise,Jabodetabek,ST04_Bekasi,HB01_JKT_GATEWAY,Outer Java,ST18_Balikpapan,HB06_EASTERN_GATEWAY,Inter-Region,Next Day,COD,CR041,Van,1.26,1.18,1.26,537399,29670,17875,4,1,0,,42.0,36,0,0,,1,0,,0,,46.89,4.89,17.7,ST18_Balikpapan,Hub Bottleneck
SHPM001525,AWB260001525,2026-02-25 21:09:12.710412,2026-02-25 21:42:12.710412,2026-02-25 22:05:12.710412,2026-02-25 22:24:47.484016,2026-02-25 23:34:47.484016,2026-02-26 01:11:47.484016,2026-02-26 04:51:58.951356,2026-02-26 10:21:34.531834,2026-02-26 18:25:46.337167,2026-02-27 05:58:51.950493,2026-02-27 10:20:14.293023,2026-02-26 13:09:12.710412,Delivered,Closed,SHP049,Shipper 049,Enterprise,Jabodetabek,ST05_Tangerang,HB01_JKT_GATEWAY,West Java,ST07_Cirebon,HB02_BDG_TRANSIT,Inter-Region,Same Day,Prepaid,CR049,Van,1.78,1.85,1.85,662730,35325,24996,2,1,0,,70.0,16,0,0,,1,0,,0,,37.18,3.67,8.07,ST07_Cirebon,Last Mile Delay
SHPM001526,AWB260001526,2026-02-20 23:49:37.439486,2026-02-21 00:01:37.439486,2026-02-21 00:43:37.439486,2026-02-21 02:23:30.497901,2026-02-21 02:59:30.497901,2026-02-21 03:23:30.497901,2026-02-21 07:19:33.531539,2026-02-21 13:12:11.977639,2026-02-21 22:31:37.096700,2026-02-22 06:13:41.034163,2026-02-22 10:28:25.596232,2026-02-21 15:49:37.439486,Delivered,Closed,SHP056,Shipper 056,Enterprise,Jabodetabek,ST04_Bekasi,HB01_JKT_GATEWAY,East Java,ST14_Kediri,HB03_SBY_GATEWAY,Inter-Region,Same Day,COD,CR039,Bike,1.29,1.17,1.29,987931,36805,30591,2,0,0,,36.0,16,0,0,,1,0,,0,,34.65,3.93,9.32,ST14_Kediri,First Mile Delay
SHPM001527,AWB260001527,2026-03-15 11:29:05.126230,2026-03-15 12:03:05.126230,2026-03-15 12:35:05.126230,2026-03-15 14:36:07.073292,2026-03-15 15:10:07.073292,2026-03-15 16:37:07.073292,2026-03-15 21:28:19.841548,2026-03-16 05:26:15.874624,2026-03-16 08:33:01.925803,2026-03-16 23:35:03.973713,2026-03-17 09:34:18.930152,2026-03-16 23:29:05.126230,Delivered,Closed,SHP052,Shipper 052,Marketplace,Jabodetabek,ST03_JKT_East,HB01_JKT_GATEWAY,Outer Java,ST20_Banjarmasin,HB06_EASTERN_GATEWAY,Inter-Region,Next Day,COD,CR026,Van,2.99,3.11,3.11,1869133,37995,25307,4,1,0,,34.0,36,0,0,,1,0,,0,,46.09,4.85,3.11,ST20_Banjarmasin,Remote Area
SHPM001528,AWB260001528,2026-02-19 08:50:29.336838,2026-02-19 09:30:29.336838,2026-02-19 10:07:29.336838,2026-02-19 17:49:56.500083,2026-02-19 18:40:56.500083,2026-02-19 20:25:56.500083,2026-02-19 23:03:19.880546,2026-02-20 07:45:17.706355,2026-02-20 10:56:41.015198,2026-02-20 20:03:52.924569,2026-02-21 07:38:15.633534,2026-02-22 08:50:29.336838,Delivered,Closed,SHP034,Shipper 034,Enterprise,Jabodetabek,ST02_JKT_West,HB01_JKT_GATEWAY,Outer Java,ST19_Denpasar,HB06_EASTERN_GATEWAY,Inter-Region,Regular,Prepaid,CR018,Truck,1.22,1.33,1.33,2108270,17985,11454,8,0,0,,51.0,72,1,0,,1,0,,0,,46.8,2.62,3.19,ST19_Denpasar,
SHPM001529,AWB260001529,2026-03-23 06:11:02.546376,2026-03-23 06:46:02.546376,2026-03-23 07:24:02.546376,2026-03-23 11:13:54.531761,2026-03-23 11:40:54.531761,2026-03-23 11:58:54.531761,2026-03-23 13:56:43.986016,2026-03-23 16:43:32.639190,2026-03-23 20:00:19.377772,2026-03-24 10:41:59.940309,2026-03-24 16:58:48.545531,2026-03-24 18:11:02.546376,Delivered,Closed,SHP091,Shipper 091,SME,Outer Java,ST16_Palembang,HB05_SUMATRA_GATEWAY,East Java,ST12_Surabaya,HB03_SBY_GATEWAY,Inter-Region,Next Day,Prepaid,CR146,Bike,0.62,0.86,0.86,298128,23870,14624,4,0,0,,27.0,36,1,0,,1,0,,0,,34.8,1.96,3.28,ST12_Surabaya,
SHPM001530,AWB260001530,2026-03-09 13:40:23.655493,2026-03-09 13:45:23.655493,2026-03-09 13:50:23.655493,2026-03-09 16:08:31.110678,2026-03-09 16:42:31.110678,2026-03-09 17:40:31.110678,2026-03-09 19:07:52.460711,2026-03-10 01:41:27.855240,2026-03-10 03:36:09.907133,2026-03-10 20:46:20.679445,2026-03-10 23:12:11.668202,2026-03-10 05:40:23.655493,Delivered,Closed,SHP071,Shipper 071,Enterprise,Jabodetabek,ST03_JKT_East,HB01_JKT_GATEWAY,Central Java,ST11_Yogyakarta,HB04_CTG_NATIONAL,Inter-Region,Same Day,Prepaid,CR020,Van,0.9,0.98,0.98,1138233,31410,27491,2,0,0,,34.0,16,0,0,,1,0,,0,,33.53,1.46,1.91,ST11_Yogyakarta,First Mile Delay
SHPM001531,AWB260001531,2026-02-25 00:45:20.584347,2026-02-25 00:57:20.584347,2026-02-25 01:11:20.584347,2026-02-25 05:33:55.614348,2026-02-25 05:41:55.614348,2026-02-25 07:22:55.614348,2026-02-25 12:16:37.561570,2026-02-25 20:45:00.855997,2026-02-27 04:06:12.971412,2026-02-27 09:16:38.192426,2026-02-28 00:45:22.822026,2026-02-28 00:45:20.584347,Delivered,Closed,SHP093,Shipper 093,SME,East Java,ST13_Malang,HB03_SBY_GATEWAY,Outer Java,ST16_Palembang,HB05_SUMATRA_GATEWAY,Inter-Region,Regular,Prepaid,CR119,Van,2.78,2.9,2.9,254628,25050,22888,8,1,0,,8.0,72,0,0,,1,0,,0,,72.0,4.89,31.35,ST16_Palembang,Hub Bottleneck
SHPM001532,AWB260001532,2026-02-26 03:29:18.704942,2026-02-26 03:36:18.704942,2026-02-26 03:50:18.704942,2026-02-26 10:40:23.240779,2026-02-26 11:23:23.240779,2026-02-26 12:13:23.240779,2026-02-26 15:53:13.796687,2026-02-26 19:37:37.933922,2026-02-26 21:51:03.053165,2026-02-27 11:05:53.827108,2026-02-27 23:25:46.589662,2026-03-01 03:29:18.704942,Delivered,Closed,SHP070,Shipper 070,Enterprise,Jabodetabek,ST04_Bekasi,HB01_JKT_GATEWAY,Central Java,ST10_Solo,HB04_CTG_NATIONAL,Inter-Region,Regular,Prepaid,CR040,Van,1.32,2.02,2.02,1279894,21090,14121,8,1,0,,43.0,72,1,0,,1,0,,0,,43.94,3.66,2.22,ST10_Solo,
SHPM001533,AWB260001533,2026-03-28 15:00:23.988795,2026-03-28 15:13:23.988795,2026-03-28 15:45:23.988795,2026-03-28 21:51:55.957812,2026-03-28 22:16:55.957812,2026-03-28 23:36:55.957812,2026-03-29 03:47:21.308890,2026-03-29 07:18:15.559982,2026-03-29 21:20:07.647117,2026-03-30 11:53:38.174738,2026-03-31 10:06:55.905805,2026-03-31 15:00:23.988795,Delivered,Closed,SHP041,Shipper 041,SME,West Java,ST08_Bogor,HB01_JKT_GATEWAY,Outer Java,ST17_Makassar,HB06_EASTERN_GATEWAY,Inter-Region,Regular,Prepaid,CR076,Van,1.75,1.76,1.76,1871421,19920,16638,8,1,0,,25.0,72,1,0,,1,0,,0,,67.11,4.17,14.03,ST17_Makassar,
SHPM001534,AWB260001534,2026-02-27 06:15:38.826742,2026-02-27 06:45:38.826742,2026-02-27 07:18:38.826742,2026-02-27 09:45:55.958430,2026-02-27 10:30:55.958430,2026-02-27 11:31:55.958430,2026-02-27 17:31:01.853491,2026-02-27 23:33:44.141902,2026-02-28 04:25:21.247092,2026-02-28 20:57:46.174171,2026-03-01 07:21:39.749111,2026-02-28 18:15:38.826742,Delivered,Closed,SHP071,Shipper 071,Enterprise,Jabodetabek,ST04_Bekasi,HB01_JKT_GATEWAY,Central Java,ST09_Semarang,HB04_CTG_NATIONAL,Inter-Region,Next Day,COD,CR038,Van,1.59,1.72,1.72,310032,31740,28686,4,1,0,,45.0,36,0,0,,1,0,,0,,49.1,5.98,4.86,ST09_Semarang,Last Mile Delay
SHPM001535,AWB260001535,2026-03-06 15:06:56.814513,2026-03-06 15:40:56.814513,2026-03-06 16:36:56.814513,2026-03-07 02:28:05.210360,2026-03-07 04:09:05.210360,2026-03-07 05:34:05.210360,2026-03-07 12:56:59.705303,2026-03-07 17:26:47.091097,2026-03-08 03:15:19.984877,2026-03-08 19:27:33.542714,2026-03-09 05:59:20.410769,2026-03-09 15:06:56.814513,Delivered,Closed,SHP066,Shipper 066,Marketplace,West Java,ST07_Cirebon,HB02_BDG_TRANSIT,Central Java,ST11_Yogyakarta,HB04_CTG_NATIONAL,Inter-Region,Regular,Prepaid,CR069,Bike,0.8,0.73,0.8,1323459,15600,14783,8,0,0,,101.0,72,1,0,,1,0,,0,,62.87,7.38,9.81,ST11_Yogyakarta,
SHPM001536,AWB260001536,2026-03-03 18:12:35.650500,2026-03-03 18:20:35.650500,2026-03-03 18:50:35.650500,2026-03-03 20:43:11.990401,2026-03-03 21:11:11.990401,2026-03-03 21:58:11.990401,2026-03-04 00:57:36.814040,2026-03-04 09:29:29.903719,2026-03-04 15:25:35.426618,2026-03-05 06:19:42.657580,2026-03-05 09:03:03.955077,2026-03-04 10:12:35.650500,Delivered,Closed,SHP095,Shipper 095,Enterprise,Central Java,ST10_Solo,HB04_CTG_NATIONAL,West Java,ST07_Cirebon,HB02_BDG_TRANSIT,Inter-Region,Same Day,Prepaid,CR099,Bike,2.9,2.7,2.9,835964,40050,34145,2,0,0,,28.0,16,0,0,,1,0,,0,,38.84,2.99,5.93,ST07_Cirebon,First Mile Delay
SHPM001537,AWB260001537,2026-03-16 01:59:48.511122,2026-03-16 02:40:48.511122,2026-03-16 03:02:48.511122,2026-03-16 06:04:29.369174,2026-03-16 06:20:29.369174,2026-03-16 08:18:29.369174,2026-03-16 11:16:37.978808,2026-03-16 16:45:19.415688,2026-03-17 00:17:59.480055,2026-03-17 11:07:47.360500,2026-03-17 13:19:22.073968,2026-03-17 13:59:48.511122,Delivered,Closed,SHP020,Shipper 020,SME,East Java,ST14_Kediri,HB03_SBY_GATEWAY,West Java,ST08_Bogor,HB01_JKT_GATEWAY,Inter-Region,Next Day,Prepaid,CR130,Bike,1.69,1.61,1.69,576992,27605,16890,4,1,0,,16.0,36,1,0,,1,0,,0,,35.33,2.97,7.54,ST08_Bogor,
SHPM001538,AWB260001538,2026-03-29 06:24:08.734137,2026-03-29 06:38:08.734137,2026-03-29 07:23:08.734137,2026-03-29 09:40:11.233279,2026-03-29 10:09:11.233279,2026-03-29 12:01:11.233279,2026-03-29 14:29:41.222037,2026-03-29 22:36:37.509708,2026-03-30 03:49:56.454872,2026-03-30 18:41:10.195596,2026-03-31 01:30:17.055309,2026-04-01 06:24:08.734137,Delivered,Closed,SHP002,Shipper 002,Enterprise,Jabodetabek,ST04_Bekasi,HB01_JKT_GATEWAY,West Java,ST07_Cirebon,HB02_BDG_TRANSIT,Inter-Region,Regular,Prepaid,CR032,Bike,1.25,1.86,1.86,2203858,20370,15932,8,1,0,,29.0,72,1,0,,1,0,,0,,43.1,2.47,5.22,ST07_Cirebon,
SHPM001539,AWB260001539,2026-02-24 13:15:38.130951,2026-02-24 13:50:38.130951,2026-02-24 14:20:38.130951,2026-02-24 22:11:23.581476,2026-02-24 22:44:23.581476,2026-02-24 23:01:23.581476,2026-02-25 02:43:09.679332,2026-02-25 07:05:15.011805,2026-02-25 14:27:29.795635,2026-02-26 00:20:11.856119,2026-02-26 14:57:47.782138,2026-02-27 13:15:38.130951,Delivered,Closed,SHP061,Shipper 061,Enterprise,Outer Java,ST18_Balikpapan,HB06_EASTERN_GATEWAY,Jabodetabek,ST04_Bekasi,HB01_JKT_GATEWAY,Inter-Region,Regular,COD,CR173,Bike,1.01,1.07,1.07,518973,20815,11655,8,0,0,,33.0,72,1,0,,1,0,,0,,49.7,3.7,7.37,ST04_Bekasi,
SHPM001540,AWB260001540,2026-03-28 16:20:32.689449,2026-03-28 16:44:32.689449,2026-03-28 17:19:32.689449,2026-03-28 21:26:02.130213,2026-03-28 22:14:02.130213,2026-03-28 23:40:02.130213,2026-03-29 01:36:08.323303,2026-03-29 11:12:50.745676,2026-03-29 19:06:51.419013,2026-03-30 06:00:53.329834,2026-03-30 15:31:06.867277,2026-03-31 16:20:32.689449,Delivered,Closed,SHP013,Shipper 013,SME,Jabodetabek,ST04_Bekasi,HB01_JKT_GATEWAY,East Java,ST13_Malang,HB03_SBY_GATEWAY,Inter-Region,Regular,Prepaid,CR038,Bike,0.51,0.52,0.52,1612488,14340,11542,8,1,0,,48.0,72,1,0,,1,0,,0,,47.18,1.94,7.9,ST13_Malang,
SHPM001541,AWB260001541,2026-02-22 16:22:08.111729,2026-02-22 16:49:08.111729,2026-02-22 17:22:08.111729,,,,,,,,,2026-02-25 16:22:08.111729,Failed Pickup,Exception,SHP071,Shipper 071,Enterprise,Jabodetabek,ST04_Bekasi,HB01_JKT_GATEWAY,Outer Java,ST20_Banjarmasin,HB06_EASTERN_GATEWAY,Inter-Region,Regular,Prepaid,CR040,Van,0.38,0.39,0.39,317647,13755,12651,8,0,1,Schedule Miss,,72,0,0,,0,0,,0,,1027.63,,,ST04_Bekasi,
SHPM001542,AWB260001542,2026-02-27 19:36:24.497766,2026-02-27 20:11:24.497766,2026-02-27 20:52:24.497766,2026-02-28 01:11:48.626225,2026-02-28 01:49:48.626225,2026-02-28 02:20:48.626225,2026-02-28 03:40:49.032929,2026-02-28 13:19:47.833127,2026-02-28 20:22:35.099526,2026-03-01 06:40:14.357967,2026-03-01 13:18:48.871227,2026-03-02 19:36:24.497766,Delivered,Closed,SHP006,Shipper 006,Marketplace,East Java,ST14_Kediri,HB03_SBY_GATEWAY,Outer Java,ST17_Makassar,HB06_EASTERN_GATEWAY,Inter-Region,Regular,Prepaid,CR129,Bike,0.64,0.59,0.64,402334,14880,11992,8,1,0,,38.0,72,1,0,,1,0,,0,,41.71,1.33,7.05,ST17_Makassar,
SHPM001543,AWB260001543,2026-03-06 20:08:12.635659,2026-03-06 20:22:12.635659,2026-03-06 20:36:12.635659,2026-03-06 22:56:01.815991,2026-03-06 23:12:01.815991,2026-03-06 23:28:01.815991,2026-03-07 04:37:59.537818,2026-03-07 08:38:33.683128,2026-03-07 18:38:33.601770,2026-03-08 08:56:12.479528,2026-03-09 00:51:20.485664,2026-03-08 08:08:12.635659,Delivered,Closed,SHP035,Shipper 035,Enterprise,Jabodetabek,ST04_Bekasi,HB01_JKT_GATEWAY,Outer Java,ST16_Palembang,HB05_SUMATRA_GATEWAY,Inter-Region,Next Day,Prepaid,CR038,Bike,1.97,2.09,2.09,740944,29405,26312,4,1,0,,16.0,36,0,0,,1,0,,0,,52.72,5.17,10.0,ST16_Palembang,Remote Area
SHPM001544,AWB260001544,2026-03-16 00:05:06.408919,2026-03-16 00:20:06.408919,2026-03-16 00:42:06.408919,2026-03-16 01:13:07.780637,2026-03-16 02:01:07.780637,2026-03-16 02:35:07.780637,2026-03-16 07:04:09.379991,2026-03-16 12:13:35.530748,2026-03-16 22:05:48.405211,2026-03-17 14:21:22.472368,2026-03-17 18:50:33.663810,2026-03-16 16:05:06.408919,Delivered,Closed,SHP089,Shipper 089,Enterprise,Central Java,ST09_Semarang,HB04_CTG_NATIONAL,West Java,ST06_Bandung,HB01_JKT_GATEWAY,Inter-Region,Same Day,Prepaid,CR090,Van,0.57,0.57,0.57,2369548,29565,20881,2,1,0,,48.0,16,0,0,,1,0,,0,,42.76,4.48,9.87,ST06_Bandung,Last Mile Delay
SHPM001545,AWB260001545,2026-02-26 04:56:58.720069,2026-02-26 05:11:58.720069,2026-02-26 05:53:58.720069,2026-02-26 06:21:55.386479,2026-02-26 07:09:55.386479,2026-02-26 07:26:55.386479,2026-02-26 09:49:47.893640,2026-02-26 13:59:35.547013,2026-02-26 17:46:48.964606,2026-02-27 03:30:23.945203,2026-02-27 10:47:37.545740,2026-02-27 16:56:58.720069,Delivered,Closed,SHP074,Shipper 074,Enterprise,Outer Java,ST16_Palembang,HB05_SUMATRA_GATEWAY,West Java,ST07_Cirebon,HB02_BDG_TRANSIT,Inter-Region,Next Day,COD,CR146,Bike,2.38,3.38,3.38,705808,39210,26194,4,1,0,,48.0,36,1,0,,1,0,,0,,29.84,2.38,3.79,ST07_Cirebon,
SHPM001546,AWB260001546,2026-03-24 04:57:11.076170,2026-03-24 05:30:11.076170,2026-03-24 05:49:11.076170,2026-03-24 13:23:35.911234,2026-03-24 14:12:35.911234,2026-03-24 15:06:35.911234,2026-03-24 20:57:16.086220,2026-03-25 03:36:17.998265,2026-03-25 10:17:41.055907,2026-03-25 19:43:52.808162,2026-03-26 05:26:26.812616,2026-03-27 04:57:11.076170,Delivered,Closed,SHP061,Shipper 061,Enterprise,Outer Java,ST17_Makassar,HB06_EASTERN_GATEWAY,Jabodetabek,ST04_Bekasi,HB01_JKT_GATEWAY,Inter-Region,Regular,Prepaid,CR156,Van,0.75,0.75,0.75,666030,15375,9457,8,1,0,,49.0,72,1,0,,1,0,,0,,48.49,5.84,6.69,ST04_Bekasi,
SHPM001547,AWB260001547,2026-03-07 09:37:13.391598,2026-03-07 09:43:13.391598,2026-03-07 10:08:13.391598,2026-03-07 11:30:59.654219,2026-03-07 11:38:59.654219,2026-03-07 12:08:59.654219,2026-03-07 14:02:02.362800,2026-03-07 16:26:23.188520,2026-03-08 03:41:04.534558,2026-03-08 17:55:48.637308,2026-03-08 20:54:06.287249,2026-03-08 01:37:13.391598,Delivered,Closed,SHP014,Shipper 014,Enterprise,Jabodetabek,ST05_Tangerang,HB01_JKT_GATEWAY,Outer Java,ST18_Balikpapan,HB06_EASTERN_GATEWAY,Inter-Region,Same Day,COD,CR048,Bike,1.0,1.1,1.1,1251856,35950,26244,2,1,0,,8.0,16,0,0,,1,0,,0,,35.28,1.88,11.24,ST18_Balikpapan,Hub Bottleneck
SHPM001548,AWB260001548,2026-02-24 18:43:23.366935,2026-02-24 19:07:23.366935,2026-02-24 19:50:23.366935,2026-02-24 23:48:00.461020,2026-02-25 00:13:00.461020,2026-02-25 01:12:00.461020,2026-02-25 05:34:45.951479,2026-02-25 14:37:22.071183,2026-02-26 03:39:14.030201,2026-02-26 09:01:29.360028,2026-02-26 13:54:39.919239,2026-02-26 06:43:23.366935,Delivered,Closed,SHP020,Shipper 020,SME,East Java,ST14_Kediri,HB03_SBY_GATEWAY,West Java,ST07_Cirebon,HB02_BDG_TRANSIT,Inter-Region,Next Day,COD,CR132,Truck,1.87,1.82,1.87,411419,32415,29270,4,0,0,,25.0,36,0,0,,1,0,,0,,43.19,4.38,13.03,ST07_Cirebon,First Mile Delay
SHPM001549,AWB260001549,2026-02-20 00:48:28.970100,2026-02-20 00:59:28.970100,2026-02-20 01:37:28.970100,2026-02-20 03:40:10.276735,2026-02-20 04:10:10.276735,2026-02-20 05:03:10.276735,2026-02-20 10:05:09.036527,2026-02-20 17:05:25.998290,2026-02-20 19:52:41.148000,2026-02-21 07:39:12.915925,2026-02-21 16:51:53.222557,2026-02-23 00:48:28.970100,Delivered,Closed,SHP078,Shipper 078,SME,Outer Java,ST17_Makassar,HB06_EASTERN_GATEWAY,East Java,ST12_Surabaya,HB03_SBY_GATEWAY,Inter-Region,Regular,Prepaid,CR159,Bike,1.82,1.68,1.82,186630,20190,13634,8,1,0,,30.0,72,1,0,,1,0,,0,,40.06,5.03,2.79,ST12_Surabaya,
SHPM001550,AWB260001550,2026-03-11 01:15:05.265859,2026-03-11 01:44:05.265859,2026-03-11 02:40:05.265859,2026-03-11 14:54:19.119951,2026-03-11 16:21:19.119951,2026-03-11 17:10:19.119951,2026-03-11 20:52:34.920630,2026-03-12 05:42:40.776230,2026-03-12 23:22:47.862396,2026-03-13 13:55:39.720223,2026-03-13 22:24:32.957846,2026-03-14 01:15:05.265859,Delivered,Closed,SHP054,Shipper 054,Marketplace,West Java,ST07_Cirebon,HB02_BDG_TRANSIT,Outer Java,ST15_Medan,HB05_SUMATRA_GATEWAY,Inter-Region,Regular,COD,CR068,Bike,2.9,2.82,2.9,845023,29050,23508,8,0,0,,87.0,72,1,0,,1,0,,0,,69.16,3.7,17.67,ST15_Medan,
SHPM001551,AWB260001551,2026-03-18 17:29:47.012689,2026-03-18 18:06:47.012689,2026-03-18 18:48:47.012689,2026-03-19 09:24:38.552615,2026-03-19 10:27:38.552615,2026-03-19 10:59:38.552615,2026-03-19 17:04:29.472049,2026-03-19 19:32:03.068422,2026-03-20 03:54:05.765343,2026-03-20 19:49:37.990059,2026-03-21 09:30:49.654072,2026-03-21 17:29:47.012689,Delivered,Closed,SHP018,Shipper 018,Enterprise,West Java,ST07_Cirebon,HB02_BDG_TRANSIT,Jabodetabek,ST04_Bekasi,HB01_JKT_GATEWAY,Inter-Region,Regular,Prepaid,CR067,Van,2.69,2.49,2.69,469588,24105,21084,8,0,0,,63.0,72,1,0,,1,0,,0,,64.02,6.08,8.37,ST04_Bekasi,
SHPM001552,AWB260001552,2026-03-21 21:10:49.969623,2026-03-21 21:43:49.969623,2026-03-21 22:38:49.969623,2026-03-21 23:27:51.465403,2026-03-22 00:06:51.465403,2026-03-22 01:44:51.465403,2026-03-22 06:58:49.136096,2026-03-22 09:09:04.579240,2026-03-22 14:14:32.975217,2026-03-23 04:14:41.209628,2026-03-23 14:12:37.081966,2026-03-23 09:10:49.969623,Delivered,Closed,SHP088,Shipper 088,SME,Outer Java,ST19_Denpasar,HB06_EASTERN_GATEWAY,Central Java,ST09_Semarang,HB04_CTG_NATIONAL,Inter-Region,Next Day,Prepaid,CR176,Bike,0.89,0.82,0.89,357249,24005,22540,4,1,0,,39.0,36,0,0,,1,0,,0,,41.03,5.23,5.09,ST09_Semarang,Last Mile Delay
SHPM001553,AWB260001553,2026-03-12 14:54:14.093551,2026-03-12 15:15:14.093551,2026-03-12 15:41:14.093551,2026-03-12 17:38:21.861294,2026-03-12 17:57:21.861294,2026-03-12 18:28:21.861294,2026-03-12 20:16:50.944616,2026-03-13 04:02:20.415116,2026-03-13 15:49:23.070214,2026-03-14 05:44:24.459565,2026-03-14 06:47:44.521434,2026-03-13 06:54:14.093551,Delivered,Closed,SHP071,Shipper 071,Enterprise,Jabodetabek,ST04_Bekasi,HB01_JKT_GATEWAY,East Java,ST12_Surabaya,HB03_SBY_GATEWAY,Inter-Region,Same Day,COD,CR038,Van,1.81,1.91,1.91,1849409,39595,34147,2,0,0,,19.0,16,0,0,,1,0,,0,,39.89,1.81,11.78,ST12_Surabaya,First Mile Delay
SHPM001554,AWB260001554,2026-02-21 01:23:01.752127,2026-02-21 01:54:01.752127,2026-02-21 02:24:01.752127,2026-02-21 04:37:13.240307,2026-02-21 05:30:13.240307,2026-02-21 06:51:13.240307,2026-02-21 09:08:04.779723,2026-02-21 13:47:17.259300,2026-02-22 09:00:45.606181,2026-02-23 02:58:50.377369,2026-02-23 23:58:18.775722,2026-02-24 01:23:01.752127,Delivered,Closed,SHP062,Shipper 062,Enterprise,Jabodetabek,ST03_JKT_East,HB01_JKT_GATEWAY,Outer Java,ST15_Medan,HB05_SUMATRA_GATEWAY,Inter-Region,Regular,Prepaid,CR027,Bike,0.99,0.9,0.99,1862223,16455,14649,8,1,0,,53.0,72,1,0,,1,0,,0,,70.59,2.28,19.22,ST15_Medan,
SHPM001555,AWB260001555,2026-03-08 05:32:07.782012,2026-03-08 05:48:07.782012,2026-03-08 06:03:07.782012,2026-03-08 07:51:12.485666,2026-03-08 08:36:12.485666,2026-03-08 09:23:12.485666,2026-03-08 12:50:51.208068,2026-03-08 15:43:58.893796,2026-03-09 02:58:30.010200,2026-03-09 19:30:15.100306,2026-03-10 09:42:00.273513,2026-03-11 05:32:07.782012,Delivered,Closed,SHP099,Shipper 099,SME,West Java,ST08_Bogor,HB01_JKT_GATEWAY,Central Java,ST11_Yogyakarta,HB04_CTG_NATIONAL,Inter-Region,Regular,COD,CR077,Truck,0.81,1.29,1.29,1692020,21805,14928,8,1,0,,45.0,72,1,0,,1,0,,0,,52.16,3.46,11.24,ST11_Yogyakarta,
SHPM001556,AWB260001556,2026-02-21 16:26:21.709909,2026-02-21 17:05:21.709909,2026-02-21 17:24:21.709909,2026-02-22 00:59:36.389968,2026-02-22 01:38:36.389968,2026-02-22 01:57:36.389968,2026-02-22 06:55:45.429080,2026-02-22 09:55:53.296985,2026-02-22 14:43:37.672650,2026-02-23 05:11:08.109761,2026-02-23 18:08:40.344843,2026-02-24 16:26:21.709909,Delivered,Closed,SHP009,Shipper 009,Marketplace,West Java,ST06_Bandung,HB01_JKT_GATEWAY,Central Java,ST11_Yogyakarta,HB04_CTG_NATIONAL,Inter-Region,Regular,Prepaid,CR055,Bike,0.68,1.14,1.14,396374,17130,15788,8,1,0,,39.0,72,1,0,,1,0,,0,,49.71,4.97,4.8,ST11_Yogyakarta,
SHPM001557,AWB260001557,2026-02-24 03:32:11.593548,2026-02-24 03:47:11.593548,2026-02-24 04:03:11.593548,2026-02-24 09:51:26.438868,2026-02-24 10:15:26.438868,2026-02-24 10:49:26.438868,2026-02-24 14:31:55.676702,2026-02-24 17:14:31.422030,2026-02-25 01:32:20.190087,2026-02-25 13:22:06.381187,2026-02-26 04:45:28.236124,2026-02-27 03:32:11.593548,Delivered,Closed,SHP056,Shipper 056,Enterprise,Jabodetabek,ST03_JKT_East,HB01_JKT_GATEWAY,Central Java,ST10_Solo,HB04_CTG_NATIONAL,Inter-Region,Regular,COD,CR030,Bike,1.9,2.76,2.76,676782,28420,24740,8,1,0,,24.0,72,1,0,,1,0,,0,,49.22,3.71,8.3,ST10_Solo,
SHPM001558,AWB260001558,2026-02-23 19:40:29.579325,2026-02-23 20:01:29.579325,2026-02-23 20:50:29.579325,2026-02-24 04:56:13.501068,2026-02-24 05:04:13.501068,2026-02-24 05:31:13.501068,2026-02-24 11:24:23.576004,2026-02-24 20:49:56.465107,2026-02-25 02:47:06.382239,2026-02-25 16:40:50.484602,2026-02-26 03:05:34.858419,2026-02-26 19:40:29.579325,Delivered,Closed,SHP004,Shipper 004,Marketplace,Jabodetabek,ST01_JKT_Central,HB01_JKT_GATEWAY,West Java,ST07_Cirebon,HB02_BDG_TRANSIT,Inter-Region,Regular,Prepaid,CR002,Truck,2.23,2.31,2.31,593433,22395,17457,8,0,0,,8.0,72,1,0,,1,0,,0,,55.42,5.89,5.95,ST07_Cirebon,
SHPM001559,AWB260001559,2026-03-23 14:09:51.826917,2026-03-23 14:52:51.826917,2026-03-23 15:24:51.826917,2026-03-23 17:10:52.340859,2026-03-23 17:32:52.340859,2026-03-23 19:21:52.340859,2026-03-24 00:27:35.708401,2026-03-24 07:49:11.634373,2026-03-24 23:02:33.581631,2026-03-25 11:10:08.323183,2026-03-25 16:00:10.597918,2026-03-25 02:09:51.826917,Delivered,Closed,SHP020,Shipper 020,SME,East Java,ST14_Kediri,HB03_SBY_GATEWAY,Outer Java,ST19_Denpasar,HB06_EASTERN_GATEWAY,Inter-Region,Next Day,Prepaid,CR129,Van,1.48,1.83,1.83,1087034,28235,17278,4,1,0,,22.0,36,0,0,,1,0,,0,,49.84,5.1,15.22,ST19_Denpasar,Hub Bottleneck
SHPM001560,AWB260001560,2026-03-25 11:36:10.361313,2026-03-25 12:14:10.361313,2026-03-25 12:46:10.361313,2026-03-25 19:03:18.089698,2026-03-25 19:37:18.089698,2026-03-25 20:49:18.089698,2026-03-26 01:16:14.971891,2026-03-26 10:21:25.129844,2026-03-26 14:37:29.187223,2026-03-27 06:16:53.169541,2026-03-27 12:07:03.398397,2026-03-28 11:36:10.361313,Delivered,Closed,SHP074,Shipper 074,Enterprise,Outer Java,ST15_Medan,HB05_SUMATRA_GATEWAY,Central Java,ST09_Semarang,HB04_CTG_NATIONAL,Inter-Region,Regular,Prepaid,CR139,Van,0.68,0.74,0.74,1611945,15330,12350,8,1,0,,34.0,72,1,0,,1,0,,0,,48.51,4.45,4.27,ST09_Semarang,
SHPM001561,AWB260001561,2026-03-08 02:25:56.358949,2026-03-08 02:44:56.358949,2026-03-08 03:09:56.358949,2026-03-08 04:53:44.437315,2026-03-08 05:05:44.437315,2026-03-08 05:29:44.437315,2026-03-08 09:23:02.404260,2026-03-08 12:42:57.101655,2026-03-08 23:11:57.620679,2026-03-09 05:05:34.541844,2026-03-09 18:17:08.962353,2026-03-10 02:25:56.358949,Delivered,Closed,SHP097,Shipper 097,SME,Jabodetabek,ST03_JKT_East,HB01_JKT_GATEWAY,Jabodetabek,ST05_Tangerang,HB01_JKT_GATEWAY,Intra-Region,Regular,Prepaid,CR030,Bike,8.84,8.85,8.85,1637597,51825,42735,8,1,0,,12.0,48,1,0,,1,0,,0,,39.85,3.89,10.48,ST05_Tangerang,
SHPM001562,AWB260001562,2026-02-20 19:18:57.469520,2026-02-20 19:24:57.469520,2026-02-20 19:48:57.469520,2026-02-20 20:26:26.094776,2026-02-20 21:01:26.094776,2026-02-20 22:27:26.094776,2026-02-21 02:17:23.457018,2026-02-21 05:13:20.946063,2026-02-21 08:01:58.487608,2026-02-21 20:36:14.477451,2026-02-22 02:41:43.184665,2026-02-21 11:18:57.469520,Delivered,Closed,SHP053,Shipper 053,Marketplace,Jabodetabek,ST05_Tangerang,HB01_JKT_GATEWAY,Outer Java,ST17_Makassar,HB06_EASTERN_GATEWAY,Inter-Region,Same Day,Prepaid,CR047,Van,1.27,1.35,1.35,1157432,33075,28474,2,1,0,,35.0,16,0,0,,1,0,,0,,31.38,3.83,2.81,ST17_Makassar,Remote Area
SHPM001563,AWB260001563,2026-03-15 14:25:23.087082,2026-03-15 14:38:23.087082,2026-03-15 15:05:23.087082,2026-03-15 17:54:54.278317,2026-03-15 18:13:54.278317,2026-03-15 19:53:54.278317,2026-03-15 21:07:43.534710,2026-03-16 05:48:17.060761,2026-03-16 10:08:55.570829,2026-03-17 00:50:29.946047,2026-03-17 10:28:42.277434,2026-03-17 02:25:23.087082,Delivered,Closed,SHP069,Shipper 069,SME,West Java,ST06_Bandung,HB01_JKT_GATEWAY,East Java,ST12_Surabaya,HB03_SBY_GATEWAY,Inter-Region,Next Day,COD,CR055,Bike,0.62,0.56,0.62,898019,26790,19474,4,1,0,,19.0,36,0,0,,1,0,,0,,44.06,1.23,4.34,ST12_Surabaya,Last Mile Delay
SHPM001564,AWB260001564,2026-03-11 15:31:39.516172,2026-03-11 16:14:39.516172,2026-03-11 16:48:39.516172,2026-03-11 19:55:38.311110,2026-03-11 20:24:38.311110,2026-03-11 21:21:38.311110,2026-03-11 23:03:24.577324,2026-03-12 03:13:11.030676,2026-03-12 14:50:19.494866,2026-03-12 22:33:55.322720,2026-03-13 05:13:47.310286,2026-03-13 03:31:39.516172,Delivered,Closed,SHP043,Shipper 043,Marketplace,Central Java,ST09_Semarang,HB04_CTG_NATIONAL,Jabodetabek,ST04_Bekasi,HB01_JKT_GATEWAY,Inter-Region,Next Day,COD,CR089,Bike,1.65,1.85,1.85,420135,32325,21421,4,1,0,,29.0,36,0,0,,1,0,,0,,37.7,1.7,11.62,ST04_Bekasi,Hub Bottleneck
SHPM001565,AWB260001565,2026-03-08 22:14:29.504399,2026-03-08 22:55:29.504399,2026-03-08 23:11:29.504399,2026-03-09 02:55:59.108035,2026-03-09 03:17:59.108035,2026-03-09 04:23:59.108035,2026-03-09 09:00:43.367687,2026-03-09 11:59:27.973460,2026-03-09 21:57:19.735436,2026-03-10 09:29:43.052607,2026-03-10 18:33:39.954211,2026-03-10 10:14:29.504399,Delivered,Closed,SHP051,Shipper 051,Marketplace,Outer Java,ST18_Balikpapan,HB06_EASTERN_GATEWAY,Jabodetabek,ST03_JKT_East,HB01_JKT_GATEWAY,Inter-Region,Next Day,Prepaid,CR164,Bike,0.79,1.23,1.23,1163820,25535,16648,4,0,0,,22.0,36,0,0,,1,0,,0,,44.32,4.61,9.96,ST03_JKT_East,First Mile Delay
SHPM001566,AWB260001566,2026-03-02 13:54:26.192776,2026-03-02 14:39:26.192776,2026-03-02 14:58:26.192776,2026-03-02 23:32:49.720734,2026-03-03 00:25:49.720734,2026-03-03 02:14:49.720734,2026-03-03 04:11:36.586298,2026-03-03 09:20:13.771457,2026-03-03 12:56:02.368419,2026-03-04 11:53:43.016445,2026-03-04 23:31:05.727121,2026-03-05 13:54:26.192776,Delivered,Closed,SHP032,Shipper 032,Marketplace,West Java,ST06_Bandung,HB01_JKT_GATEWAY,Jabodetabek,ST02_JKT_West,HB01_JKT_GATEWAY,Inter-Region,Regular,COD,CR061,Truck,3.23,4.08,4.08,188234,34360,29682,8,0,0,,53.0,72,1,0,,1,1,Invalid Address,0,,57.61,1.95,3.6,ST02_JKT_West,
SHPM001567,AWB260001567,2026-03-08 05:09:15.732404,2026-03-08 05:21:15.732404,2026-03-08 05:53:15.732404,2026-03-08 09:26:08.994488,2026-03-08 10:30:08.994488,2026-03-08 10:52:08.994488,2026-03-08 16:23:44.513461,2026-03-09 02:08:24.881141,2026-03-09 07:29:13.244205,2026-03-09 18:53:02.879708,2026-03-09 22:33:28.730404,2026-03-09 17:09:15.732404,Delivered,Closed,SHP079,Shipper 079,Marketplace,East Java,ST13_Malang,HB03_SBY_GATEWAY,Jabodetabek,ST03_JKT_East,HB01_JKT_GATEWAY,Inter-Region,Next Day,Prepaid,CR122,Van,1.11,1.17,1.17,817605,25265,23752,4,0,0,,64.0,36,0,0,,1,0,,0,,41.4,5.53,5.35,ST03_JKT_East,First Mile Delay
SHPM001568,AWB260001568,2026-03-16 09:32:56.972089,2026-03-16 09:48:56.972089,2026-03-16 10:03:56.972089,,,,,,,,,2026-03-17 21:32:56.972089,Failed Pickup,Exception,SHP094,Shipper 094,SME,Outer Java,ST18_Balikpapan,HB06_EASTERN_GATEWAY,East Java,ST12_Surabaya,HB03_SBY_GATEWAY,Inter-Region,Next Day,Prepaid,CR172,Bike,3.76,5.06,5.06,966707,42770,36126,4,0,1,Shipper Not Ready,,36,0,0,,0,0,,0,,506.45,,,ST18_Balikpapan,
SHPM001569,AWB260001569,2026-03-20 21:56:10.853292,2026-03-20 22:13:10.853292,2026-03-20 22:49:10.853292,2026-03-20 23:34:48.871114,2026-03-20 23:57:48.871114,2026-03-21 01:50:48.871114,2026-03-21 05:00:36.516604,2026-03-21 06:54:25.916867,2026-03-21 10:54:44.460822,2026-03-22 22:42:22.681359,2026-03-23 03:24:36.365582,2026-03-21 07:56:10.853292,Delivered,Closed,SHP052,Shipper 052,Marketplace,Jabodetabek,ST04_Bekasi,HB01_JKT_GATEWAY,Jabodetabek,ST03_JKT_East,HB01_JKT_GATEWAY,Intra-Region,Same Day,COD,CR033,Bike,1.17,1.27,1.27,317458,36715,23510,2,1,0,,23.0,10,0,0,,1,1,Missed Cut-Off,0,,53.47,3.16,4.01,ST03_JKT_East,Last Mile Delay
SHPM001570,AWB260001570,2026-03-21 06:17:40.177659,2026-03-21 06:54:40.177659,2026-03-21 07:25:40.177659,2026-03-21 11:32:33.801712,2026-03-21 12:15:33.801712,2026-03-21 12:49:33.801712,2026-03-21 17:49:11.269352,2026-03-22 02:58:11.638508,2026-03-22 15:41:55.880950,2026-03-22 23:45:58.571482,2026-03-23 08:10:27.960393,2026-03-22 18:17:40.177659,Delivered,Closed,SHP020,Shipper 020,SME,East Java,ST14_Kediri,HB03_SBY_GATEWAY,Jabodetabek,ST01_JKT_Central,HB01_JKT_GATEWAY,Inter-Region,Next Day,Prepaid,CR131,Bike,0.63,0.68,0.68,327850,23060,18859,4,0,0,,43.0,36,0,0,,1,0,,0,,49.88,4.99,12.73,ST01_JKT_Central,First Mile Delay
SHPM001571,AWB260001571,2026-03-19 15:09:53.571315,2026-03-19 15:45:53.571315,2026-03-19 16:06:53.571315,2026-03-19 18:23:57.988787,2026-03-19 19:32:57.988787,2026-03-19 20:26:57.988787,2026-03-19 22:47:12.325327,2026-03-20 00:50:01.745988,2026-03-20 12:16:20.018823,2026-03-20 19:55:01.523994,2026-03-21 03:59:57.784224,2026-03-22 15:09:53.571315,Delivered,Closed,SHP061,Shipper 061,Enterprise,Outer Java,ST17_Makassar,HB06_EASTERN_GATEWAY,Jabodetabek,ST01_JKT_Central,HB01_JKT_GATEWAY,Inter-Region,Regular,Prepaid,CR156,Van,3.49,3.48,3.49,546018,27705,23297,8,1,0,,69.0,72,1,0,,1,0,,0,,36.83,2.34,11.44,ST01_JKT_Central,
SHPM001572,AWB260001572,2026-02-27 14:38:02.832625,2026-02-27 14:48:02.832625,2026-02-27 16:06:02.832625,2026-02-27 20:50:32.636128,2026-02-27 22:08:32.636128,2026-02-27 22:34:32.636128,2026-02-28 00:27:22.353013,2026-02-28 03:40:35.229873,2026-02-28 20:58:16.843074,2026-03-01 02:34:12.728549,2026-03-01 12:49:22.901347,2026-03-01 02:38:02.832625,Delivered,Closed,SHP010,Shipper 010,Enterprise,East Java,ST12_Surabaya,HB03_SBY_GATEWAY,West Java,ST08_Bogor,HB01_JKT_GATEWAY,Inter-Region,Next Day,Prepaid,CR107,Van,1.48,1.36,1.48,1238292,26660,18653,4,0,0,,78.0,36,0,0,,1,0,,0,,46.19,1.88,17.29,ST08_Bogor,First Mile Delay
SHPM001573,AWB260001573,2026-03-06 14:18:15.304343,2026-03-06 14:49:15.304343,2026-03-06 15:34:15.304343,2026-03-06 20:16:04.008916,2026-03-06 21:22:04.008916,2026-03-06 22:46:04.008916,2026-03-07 02:54:35.115014,2026-03-07 05:22:26.835031,2026-03-07 07:51:20.680793,2026-03-08 01:24:44.969005,,2026-03-09 14:18:15.304343,Return To Sender,RTS,SHP030,Shipper 030,Enterprise,Jabodetabek,ST05_Tangerang,HB01_JKT_GATEWAY,Central Java,ST10_Solo,HB04_CTG_NATIONAL,Inter-Region,Regular,COD,CR046,Van,4.08,5.42,5.42,884721,40390,30829,8,1,0,,66.0,72,0,1,Customer Not Home,2,0,,1,Customer Not Home,741.7,4.14,2.48,ST10_Solo,Delivery Exception
SHPM001574,AWB260001574,2026-02-17 13:34:00.706877,2026-02-17 13:56:00.706877,2026-02-17 14:21:00.706877,2026-02-17 16:51:22.608096,2026-02-17 17:31:22.608096,2026-02-17 18:28:22.608096,2026-02-17 22:45:49.834522,2026-02-18 00:06:44.352116,2026-02-18 09:28:04.322619,2026-02-18 11:04:32.278252,2026-02-18 17:23:23.799853,2026-02-18 13:34:00.706877,Delivered,Closed,SHP011,Shipper 011,Enterprise,Jabodetabek,ST03_JKT_East,HB01_JKT_GATEWAY,Jabodetabek,ST01_JKT_Central,HB01_JKT_GATEWAY,Intra-Region,Next Day,Prepaid,CR019,Van,2.37,2.44,2.44,1251415,30980,22200,4,1,0,,40.0,24,0,0,,1,0,,0,,27.82,4.29,9.36,ST01_JKT_Central,Last Mile Delay
SHPM001575,AWB260001575,2026-03-27 16:10:21.081269,2026-03-27 16:19:21.081269,2026-03-27 16:59:21.081269,2026-03-27 17:25:45.434229,2026-03-27 18:11:45.434229,2026-03-27 19:35:45.434229,2026-03-27 21:17:34.561396,2026-03-28 01:56:16.969625,2026-03-28 21:32:31.864923,2026-03-30 12:05:35.787316,2026-03-30 23:11:57.991507,2026-03-29 04:10:21.081269,Delivered,Closed,SHP060,Shipper 060,Enterprise,East Java,ST13_Malang,HB03_SBY_GATEWAY,Outer Java,ST16_Palembang,HB05_SUMATRA_GATEWAY,Inter-Region,Next Day,COD,CR116,Van,2.2,3.25,3.25,697091,38625,31318,4,1,0,,46.0,36,0,0,,1,1,Capacity Delay,0,,79.03,1.7,19.6,ST16_Palembang,Hub Bottleneck
SHPM001576,AWB260001576,2026-02-24 13:53:20.953729,2026-02-24 14:38:20.953729,2026-02-24 15:03:20.953729,2026-02-24 22:21:20.496449,2026-02-24 23:12:20.496449,2026-02-24 23:32:20.496449,2026-02-25 03:52:15.242448,2026-02-25 12:36:37.989122,2026-02-26 01:46:03.903540,2026-02-26 07:49:30.177765,2026-02-26 14:47:52.434455,2026-02-27 13:53:20.953729,Delivered,Closed,SHP042,Shipper 042,Marketplace,Jabodetabek,ST05_Tangerang,HB01_JKT_GATEWAY,Outer Java,ST16_Palembang,HB05_SUMATRA_GATEWAY,Inter-Region,Regular,Prepaid,CR048,Van,1.7,2.07,2.07,738822,21315,14412,8,1,0,,51.0,72,1,0,,1,0,,0,,48.91,4.33,13.16,ST16_Palembang,
SHPM001577,AWB260001577,2026-02-20 23:59:09.635038,2026-02-21 00:43:09.635038,2026-02-21 01:23:09.635038,2026-02-21 04:59:12.875477,2026-02-21 05:14:12.875477,2026-02-21 06:39:12.875477,2026-02-21 09:21:31.179320,2026-02-21 16:37:12.460461,2026-02-22 03:06:11.972481,2026-02-23 12:55:06.254493,2026-02-23 19:22:54.497804,2026-02-22 11:59:09.635038,Delivered,Closed,SHP095,Shipper 095,Enterprise,Central Java,ST11_Yogyakarta,HB04_CTG_NATIONAL,Jabodetabek,ST05_Tangerang,HB01_JKT_GATEWAY,Inter-Region,Next Day,Prepaid,CR100,Bike,2.06,2.41,2.41,2285948,30845,19903,4,0,0,,15.0,36,0,0,,1,1,Missed Cut-Off,0,,67.4,2.71,10.48,ST05_Tangerang,First Mile Delay
SHPM001578,AWB260001578,2026-03-18 01:05:04.074677,2026-03-18 01:26:04.074677,2026-03-18 02:06:04.074677,,,,,,,,,2026-03-19 01:05:04.074677,Failed Pickup,Exception,SHP014,Shipper 014,Enterprise,Jabodetabek,ST05_Tangerang,HB01_JKT_GATEWAY,Jabodetabek,ST03_JKT_East,HB01_JKT_GATEWAY,Intra-Region,Next Day,Prepaid,CR044,Bike,0.7,0.64,0.7,897929,23150,18560,4,0,1,Schedule Miss,,24,0,0,,0,0,,0,,466.92,,,ST05_Tangerang,
SHPM001579,AWB260001579,2026-03-23 15:13:08.245189,2026-03-23 15:33:08.245189,2026-03-23 16:13:08.245189,2026-03-23 18:15:51.863536,2026-03-23 18:24:51.863536,2026-03-23 18:55:51.863536,2026-03-24 00:01:01.700598,2026-03-24 04:45:32.985922,2026-03-24 11:59:43.638371,2026-03-24 14:14:44.980145,2026-03-25 06:48:37.965805,2026-03-25 15:13:08.245189,Delivered,Closed,SHP065,Shipper 065,Marketplace,Jabodetabek,ST01_JKT_Central,HB01_JKT_GATEWAY,Jabodetabek,ST02_JKT_West,HB01_JKT_GATEWAY,Intra-Region,Regular,COD,CR006,Bike,1.12,1.17,1.17,889849,21265,13185,8,1,0,,9.0,48,1,0,,1,0,,0,,39.59,5.09,7.24,ST02_JKT_West,
SHPM001580,AWB260001580,2026-03-17 11:43:40.677267,2026-03-17 12:19:40.677267,2026-03-17 13:01:40.677267,2026-03-17 13:23:53.160730,2026-03-17 13:58:53.160730,2026-03-17 15:24:53.160730,2026-03-17 21:06:01.815787,2026-03-17 23:24:17.314000,2026-03-18 16:27:52.840947,2026-03-19 01:30:17.904825,2026-03-19 03:18:54.433346,2026-03-18 03:43:40.677267,Delivered,Closed,SHP033,Shipper 033,Marketplace,Jabodetabek,ST04_Bekasi,HB01_JKT_GATEWAY,Outer Java,ST19_Denpasar,HB06_EASTERN_GATEWAY,Inter-Region,Same Day,Prepaid,CR036,Truck,0.58,0.52,0.58,1396207,29610,23288,2,1,0,,35.0,16,0,0,,1,0,,0,,39.59,5.69,17.06,ST19_Denpasar,Hub Bottleneck
SHPM001581,AWB260001581,2026-03-20 04:06:17.816982,2026-03-20 04:16:17.816982,2026-03-20 04:55:17.816982,2026-03-20 07:02:23.186536,2026-03-20 07:10:23.186536,2026-03-20 08:56:23.186536,2026-03-20 10:53:00.535069,2026-03-20 18:48:05.330336,2026-03-20 20:25:05.216613,2026-03-21 04:15:59.937314,2026-03-21 11:22:14.917324,2026-03-21 16:06:17.816982,Delivered,Closed,SHP072,Shipper 072,Enterprise,Outer Java,ST18_Balikpapan,HB06_EASTERN_GATEWAY,West Java,ST06_Bandung,HB01_JKT_GATEWAY,Inter-Region,Next Day,Prepaid,CR163,Bike,2.66,2.5,2.66,1398061,31970,28061,4,1,0,,8.0,36,1,0,,1,0,,0,,31.27,1.94,1.62,ST06_Bandung,
SHPM001582,AWB260001582,2026-03-24 22:01:52.837162,2026-03-24 22:33:52.837162,2026-03-24 23:12:52.837162,2026-03-25 00:47:45.541347,2026-03-25 01:59:45.541347,2026-03-25 02:50:45.541347,2026-03-25 05:01:02.533151,2026-03-25 07:29:31.834432,2026-03-25 11:13:53.627281,2026-03-26 04:16:37.031461,2026-03-26 07:19:37.743761,2026-03-25 14:01:52.837162,Delivered,Closed,SHP057,Shipper 057,SME,Central Java,ST09_Semarang,HB04_CTG_NATIONAL,Jabodetabek,ST02_JKT_West,HB01_JKT_GATEWAY,Inter-Region,Same Day,Prepaid,CR090,Bike,1.39,1.25,1.39,736007,33255,31250,2,0,0,,72.0,16,0,0,,1,0,,0,,33.3,2.17,3.74,ST02_JKT_West,First Mile Delay
SHPM001583,AWB260001583,2026-03-23 00:40:34.869618,2026-03-23 00:54:34.869618,2026-03-23 01:27:34.869618,2026-03-23 02:11:42.740467,2026-03-23 02:43:42.740467,2026-03-23 03:53:42.740467,2026-03-23 08:58:08.158208,2026-03-23 17:30:12.618374,2026-03-23 21:15:28.552841,2026-03-24 14:06:46.807430,2026-03-24 17:27:54.275169,2026-03-23 16:40:34.869618,Delivered,Closed,SHP023,Shipper 023,Enterprise,West Java,ST08_Bogor,HB01_JKT_GATEWAY,Central Java,ST10_Solo,HB04_CTG_NATIONAL,Inter-Region,Same Day,COD,CR077,Van,1.84,2.5,2.5,1941013,42250,23724,2,1,0,,32.0,16,0,0,,1,0,,0,,40.79,5.07,3.75,ST10_Solo,Last Mile Delay
SHPM001584,AWB260001584,2026-03-26 08:35:50.094136,2026-03-26 08:50:50.094136,2026-03-26 09:19:50.094136,2026-03-26 11:46:35.813125,2026-03-26 12:56:35.813125,2026-03-26 14:43:35.813125,2026-03-26 18:24:30.082322,2026-03-26 20:35:57.412720,2026-03-27 01:31:11.839357,2026-03-27 15:22:55.472445,2026-03-27 23:46:32.120607,2026-03-27 20:35:50.094136,Delivered,Closed,SHP023,Shipper 023,Enterprise,West Java,ST08_Bogor,HB01_JKT_GATEWAY,Jabodetabek,ST05_Tangerang,HB01_JKT_GATEWAY,Inter-Region,Next Day,COD,CR080,Truck,0.93,0.94,0.94,1269850,28230,18488,4,1,0,,70.0,36,0,0,,1,0,,0,,39.18,3.68,4.92,ST05_Tangerang,Last Mile Delay
SHPM001585,AWB260001585,2026-03-09 13:51:44.663184,2026-03-09 14:22:44.663184,2026-03-09 14:56:44.663184,2026-03-09 16:05:52.035061,2026-03-09 16:50:52.035061,2026-03-09 17:26:52.035061,2026-03-09 22:45:35.996023,2026-03-10 03:19:58.406471,2026-03-10 08:28:39.630062,2026-03-11 00:09:43.846449,2026-03-11 03:14:20.938492,2026-03-11 01:51:44.663184,Delivered,Closed,SHP029,Shipper 029,SME,Outer Java,ST18_Balikpapan,HB06_EASTERN_GATEWAY,Central Java,ST10_Solo,HB04_CTG_NATIONAL,Inter-Region,Next Day,Prepaid,CR164,Van,0.67,0.64,0.67,233844,23015,14037,4,1,0,,45.0,36,0,0,,1,0,,0,,37.38,5.31,5.14,ST10_Solo,Last Mile Delay
SHPM001586,AWB260001586,2026-03-26 00:35:04.173401,2026-03-26 01:20:04.173401,2026-03-26 01:44:04.173401,2026-03-26 06:55:19.160288,2026-03-26 07:40:19.160288,2026-03-26 08:18:19.160288,2026-03-26 13:08:34.519803,2026-03-26 15:56:02.766383,2026-03-26 20:45:49.339613,2026-03-27 01:39:30.064773,2026-03-27 14:06:57.037724,2026-03-28 00:35:04.173401,Delivered,Closed,SHP050,Shipper 050,Marketplace,Jabodetabek,ST04_Bekasi,HB01_JKT_GATEWAY,Jabodetabek,ST04_Bekasi,HB01_JKT_GATEWAY,Intra-Region,Regular,Prepaid,CR036,Bike,0.38,0.41,0.41,1274237,13845,9989,8,1,0,,45.0,48,1,0,,1,0,,0,,37.53,4.84,4.83,ST04_Bekasi,
SHPM001587,AWB260001587,2026-04-01 02:35:17.952330,2026-04-01 02:43:17.952330,2026-04-01 03:02:17.952330,2026-04-01 03:48:01.596088,2026-04-01 04:14:01.596088,2026-04-01 05:38:01.596088,2026-04-01 11:15:00.999793,2026-04-01 16:23:26.355913,2026-04-01 19:27:26.326355,2026-04-02 01:19:06.366635,2026-04-02 12:17:41.759127,2026-04-02 14:35:17.952330,Delivered,Closed,SHP048,Shipper 048,Enterprise,Outer Java,ST17_Makassar,HB06_EASTERN_GATEWAY,Jabodetabek,ST02_JKT_West,HB01_JKT_GATEWAY,Inter-Region,Next Day,COD,CR154,Bike,0.31,0.33,0.33,344639,25485,18034,4,1,0,,26.0,36,1,0,,1,0,,0,,33.71,5.62,3.07,ST02_JKT_West,
SHPM001588,AWB260001588,2026-02-27 07:15:00.477370,2026-02-27 07:57:00.477370,2026-02-27 08:32:00.477370,2026-02-27 12:16:40.754329,2026-02-27 13:36:40.754329,2026-02-27 15:32:40.754329,2026-02-27 19:32:30.497848,2026-02-27 23:06:46.090773,2026-02-28 07:46:55.655654,2026-03-01 00:03:17.797778,2026-03-01 04:58:36.781227,2026-02-28 19:15:00.477370,Delivered,Closed,SHP020,Shipper 020,SME,East Java,ST14_Kediri,HB03_SBY_GATEWAY,Jabodetabek,ST01_JKT_Central,HB01_JKT_GATEWAY,Inter-Region,Next Day,Prepaid,CR135,Bike,0.93,0.95,0.95,1764462,24275,20930,4,0,0,,80.0,36,0,0,,1,0,,0,,45.73,4.0,8.67,ST01_JKT_Central,First Mile Delay
SHPM001589,AWB260001589,2026-03-23 11:17:45.476267,2026-03-23 11:51:45.476267,2026-03-23 12:03:45.476267,2026-03-23 19:32:31.210402,2026-03-23 19:40:31.210402,2026-03-23 20:57:31.210402,2026-03-24 00:21:15.795518,2026-03-24 03:46:50.705296,2026-03-24 21:43:17.800849,2026-03-25 14:18:56.714022,2026-03-26 07:34:40.543795,2026-03-26 11:17:45.476267,Delivered,Closed,SHP046,Shipper 046,SME,East Java,ST14_Kediri,HB03_SBY_GATEWAY,Central Java,ST09_Semarang,HB04_CTG_NATIONAL,Inter-Region,Regular,COD,CR128,Bike,0.66,0.7,0.7,811670,19150,12208,8,1,0,,8.0,72,1,0,,1,0,,0,,68.28,3.4,17.94,ST09_Semarang,
SHPM001590,AWB260001590,2026-03-14 12:01:16.182774,2026-03-14 12:46:16.182774,2026-03-14 13:16:16.182774,2026-03-14 14:03:38.980846,2026-03-14 14:11:38.980846,2026-03-14 15:51:38.980846,2026-03-14 19:59:50.146500,2026-03-15 04:54:26.194106,2026-03-15 08:43:40.045570,2026-03-15 16:08:03.098882,2026-03-16 00:55:07.549167,2026-03-16 00:01:16.182774,Delivered,Closed,SHP014,Shipper 014,Enterprise,Jabodetabek,ST05_Tangerang,HB01_JKT_GATEWAY,East Java,ST14_Kediri,HB03_SBY_GATEWAY,Inter-Region,Next Day,COD,CR047,Van,1.75,2.32,2.32,1084485,34440,32009,4,1,0,,8.0,36,0,0,,1,0,,0,,36.9,4.14,3.82,ST14_Kediri,Last Mile Delay
SHPM001591,AWB260001591,2026-02-21 22:45:26.450213,2026-02-21 23:08:26.450213,2026-02-21 23:18:26.450213,2026-02-22 00:33:45.391641,2026-02-22 01:20:45.391641,2026-02-22 02:04:45.391641,2026-02-22 07:20:38.557697,2026-02-22 12:32:00.410156,2026-02-23 00:28:29.958131,2026-02-23 16:30:24.540879,2026-02-23 21:22:10.019584,2026-02-22 14:45:26.450213,Delivered,Closed,SHP087,Shipper 087,Enterprise,Jabodetabek,ST02_JKT_West,HB01_JKT_GATEWAY,West Java,ST08_Bogor,HB01_JKT_GATEWAY,Inter-Region,Same Day,Prepaid,CR012,Bike,1.62,2.51,2.51,855865,38295,26319,2,1,0,,47.0,16,0,0,,1,0,,0,,46.61,5.26,11.94,ST08_Bogor,Hub Bottleneck
SHPM001592,AWB260001592,2026-03-14 17:42:47.681161,2026-03-14 18:17:47.681161,2026-03-14 18:45:47.681161,2026-03-14 21:01:02.359031,2026-03-14 21:42:02.359031,2026-03-14 23:20:02.359031,2026-03-15 03:07:42.386712,2026-03-15 06:02:32.535933,2026-03-15 09:35:51.834591,2026-03-15 21:13:56.895489,2026-03-16 03:22:02.811444,2026-03-16 05:42:47.681161,Delivered,Closed,SHP049,Shipper 049,Enterprise,Jabodetabek,ST02_JKT_West,HB01_JKT_GATEWAY,Central Java,ST10_Solo,HB04_CTG_NATIONAL,Inter-Region,Next Day,COD,CR018,Bike,0.89,0.88,0.89,1284418,28005,19723,4,1,0,,41.0,36,1,0,,1,0,,0,,33.65,3.79,3.56,ST10_Solo,
SHPM001593,AWB260001593,2026-03-23 06:47:53.498660,2026-03-23 07:18:53.498660,2026-03-23 07:42:53.498660,2026-03-23 10:13:57.317560,2026-03-23 10:53:57.317560,2026-03-23 11:11:57.317560,2026-03-23 12:55:22.859408,2026-03-23 22:10:09.906691,2026-03-24 01:33:16.382605,2026-03-24 10:27:58.365898,2026-03-24 15:45:39.678203,2026-03-26 06:47:53.498660,Delivered,Closed,SHP001,Shipper 001,Marketplace,Jabodetabek,ST04_Bekasi,HB01_JKT_GATEWAY,Central Java,ST10_Solo,HB04_CTG_NATIONAL,Inter-Region,Regular,COD,CR037,Van,2.31,2.26,2.31,2193313,26395,16356,8,1,0,,40.0,72,1,0,,1,0,,0,,32.96,1.72,3.39,ST10_Solo,
SHPM001594,AWB260001594,2026-03-18 21:25:29.207166,2026-03-18 22:09:29.207166,2026-03-18 22:31:29.207166,2026-03-19 00:42:06.845557,2026-03-19 01:15:06.845557,2026-03-19 02:02:06.845557,2026-03-19 05:54:55.013360,2026-03-19 10:50:17.019229,2026-03-19 17:00:15.512053,2026-03-20 09:28:01.049290,2026-03-20 17:07:58.997078,2026-03-21 21:25:29.207166,Delivered,Closed,SHP048,Shipper 048,Enterprise,Outer Java,ST17_Makassar,HB06_EASTERN_GATEWAY,Jabodetabek,ST04_Bekasi,HB01_JKT_GATEWAY,Inter-Region,Regular,Prepaid,CR162,Bike,0.23,0.35,0.35,461296,13575,12818,8,1,0,,33.0,72,1,0,,1,0,,0,,43.71,3.88,6.17,ST04_Bekasi,
SHPM001595,AWB260001595,2026-02-18 01:31:33.818527,2026-02-18 02:14:33.818527,2026-02-18 02:53:33.818527,2026-02-18 05:32:19.165324,2026-02-18 05:40:19.165324,2026-02-18 06:47:19.165324,2026-02-18 10:29:30.398405,2026-02-18 16:24:45.770374,2026-02-19 03:08:58.369652,2026-02-19 09:38:16.976232,,2026-02-19 13:31:33.818527,Delivery Exception,Exception,SHP089,Shipper 089,Enterprise,Central Java,ST11_Yogyakarta,HB04_CTG_NATIONAL,East Java,ST13_Malang,HB03_SBY_GATEWAY,Inter-Region,Next Day,Prepaid,CR103,Bike,1.55,1.52,1.55,706927,26975,16364,4,1,0,,8.0,36,0,1,Customer Not Home,3,0,,0,,1138.47,3.7,10.74,ST13_Malang,Hub Bottleneck
SHPM001596,AWB260001596,2026-03-04 19:25:57.053909,2026-03-04 19:51:57.053909,2026-03-04 20:12:57.053909,2026-03-04 21:16:42.834501,2026-03-04 21:37:42.834501,2026-03-04 22:13:42.834501,2026-03-05 01:02:01.655720,2026-03-05 11:01:58.435312,2026-03-05 19:19:23.987399,2026-03-06 00:39:56.593266,2026-03-06 09:44:56.923847,2026-03-06 07:25:57.053909,Delivered,Closed,SHP005,Shipper 005,Enterprise,Central Java,ST09_Semarang,HB04_CTG_NATIONAL,Jabodetabek,ST04_Bekasi,HB01_JKT_GATEWAY,Inter-Region,Next Day,Prepaid,CR085,Truck,1.24,1.4,1.4,211864,26300,17734,4,1,0,,21.0,36,0,0,,1,0,,0,,38.32,2.81,8.29,ST04_Bekasi,Last Mile Delay
SHPM001597,AWB260001597,2026-03-03 02:17:18.742222,2026-03-03 02:34:18.742222,2026-03-03 03:00:18.742222,2026-03-03 07:24:33.262952,2026-03-03 07:53:33.262952,2026-03-03 09:51:33.262952,2026-03-03 11:44:45.363322,2026-03-03 17:44:56.957964,2026-03-03 23:05:39.157701,2026-03-04 10:57:55.132229,2026-03-05 04:56:18.990225,2026-03-06 02:17:18.742222,Delivered,Closed,SHP033,Shipper 033,Marketplace,Jabodetabek,ST04_Bekasi,HB01_JKT_GATEWAY,West Java,ST08_Bogor,HB01_JKT_GATEWAY,Inter-Region,Regular,Prepaid,CR038,Bike,2.47,2.53,2.53,987815,23385,19189,8,1,0,,29.0,72,1,0,,1,0,,0,,50.65,1.89,5.35,ST08_Bogor,
SHPM001598,AWB260001598,2026-03-06 04:27:29.987129,2026-03-06 04:56:29.987129,2026-03-06 05:17:29.987129,2026-03-06 06:22:56.346502,2026-03-06 06:30:56.346502,2026-03-06 06:57:56.346502,2026-03-06 08:40:36.648131,2026-03-06 17:05:40.559820,2026-03-07 02:57:09.769414,2026-03-07 14:14:38.422696,2026-03-07 19:33:49.287502,2026-03-06 20:27:29.987129,Delivered,Closed,SHP074,Shipper 074,Enterprise,Outer Java,ST15_Medan,HB05_SUMATRA_GATEWAY,Central Java,ST10_Solo,HB04_CTG_NATIONAL,Inter-Region,Same Day,Prepaid,CR137,Van,1.45,1.37,1.45,874713,33525,24123,2,1,0,,8.0,16,0,0,,1,0,,0,,39.11,1.71,9.86,ST10_Solo,Last Mile Delay
SHPM001599,AWB260001599,2026-02-18 23:50:51.891379,2026-02-19 00:27:51.891379,2026-02-19 00:57:51.891379,2026-02-19 09:08:33.433630,2026-02-19 09:46:33.433630,2026-02-19 11:24:33.433630,2026-02-19 16:56:52.214035,2026-02-19 21:02:48.739769,2026-02-20 02:56:03.073818,2026-02-20 09:34:39.709783,2026-02-20 13:41:20.911322,2026-02-20 23:50:51.891379,Delivered,Closed,SHP071,Shipper 071,Enterprise,Jabodetabek,ST04_Bekasi,HB01_JKT_GATEWAY,Jabodetabek,ST02_JKT_West,HB01_JKT_GATEWAY,Intra-Region,Regular,Prepaid,CR034,Bike,1.44,1.56,1.56,1552447,19020,16435,8,0,0,,38.0,48,1,0,,1,0,,0,,37.84,5.54,5.89,ST02_JKT_West,
SHPM001600,AWB260001600,2026-02-27 05:28:54.886810,2026-02-27 05:52:54.886810,2026-02-27 06:36:54.886810,2026-02-27 12:23:42.885557,2026-02-27 12:31:42.885557,2026-02-27 13:26:42.885557,2026-02-27 18:44:09.571155,2026-02-28 00:37:36.091783,2026-02-28 06:40:42.925861,2026-02-28 20:53:10.422274,2026-03-01 03:32:40.548387,2026-03-02 05:28:54.886810,Delivered,Closed,SHP021,Shipper 021,Marketplace,East Java,ST14_Kediri,HB03_SBY_GATEWAY,Jabodetabek,ST05_Tangerang,HB01_JKT_GATEWAY,Inter-Region,Regular,Prepaid,CR127,Van,0.77,0.84,0.84,594058,15780,11745,8,1,0,,8.0,72,1,0,,1,0,,0,,46.06,5.29,6.05,ST05_Tangerang,
SHPM001601,AWB260001601,2026-02-19 06:53:19.601876,2026-02-19 07:22:19.601876,2026-02-19 07:40:19.601876,2026-02-19 10:50:39.654933,2026-02-19 11:25:39.654933,2026-02-19 12:52:39.654933,2026-02-19 18:03:36.330041,2026-02-19 23:58:59.620658,2026-02-20 04:56:42.871900,2026-02-20 11:27:55.426833,2026-02-21 04:14:36.248655,2026-02-22 06:53:19.601876,Delivered,Closed,SHP014,Shipper 014,Enterprise,Jabodetabek,ST04_Bekasi,HB01_JKT_GATEWAY,Central Java,ST10_Solo,HB04_CTG_NATIONAL,Inter-Region,Regular,Prepaid,CR031,Van,3.38,4.15,4.15,1499765,30675,25555,8,1,0,,35.0,72,1,0,,1,0,,0,,45.35,5.18,4.96,ST10_Solo,
SHPM001602,AWB260001602,2026-03-26 07:54:29.116968,2026-03-26 08:19:29.116968,2026-03-26 08:47:29.116968,2026-03-26 17:07:36.662309,2026-03-26 17:39:36.662309,2026-03-26 19:13:36.662309,2026-03-26 21:43:13.768152,2026-03-26 22:51:36.023528,2026-03-27 03:04:15.221351,2026-03-27 10:21:26.858364,2026-03-28 02:45:23.364367,2026-03-28 07:54:29.116968,Delivered,Closed,SHP082,Shipper 082,SME,Outer Java,ST15_Medan,HB05_SUMATRA_GATEWAY,Outer Java,ST20_Banjarmasin,HB06_EASTERN_GATEWAY,Intra-Region,Regular,Prepaid,CR144,Bike,1.43,1.33,1.43,1643832,18435,11664,8,0,0,,32.0,48,1,0,,1,0,,0,,42.85,2.49,4.21,ST20_Banjarmasin,
SHPM001603,AWB260001603,2026-02-22 03:52:57.336519,2026-02-22 04:20:57.336519,2026-02-22 04:41:57.336519,2026-02-22 12:13:52.298373,2026-02-22 12:21:52.298373,2026-02-22 13:28:52.298373,2026-02-22 17:30:43.034048,2026-02-23 02:39:37.952431,2026-02-23 13:55:28.532371,2026-02-24 05:07:15.172595,2026-02-24 19:45:22.450060,2026-02-25 03:52:57.336519,Delivered,Closed,SHP035,Shipper 035,Enterprise,Jabodetabek,ST04_Bekasi,HB01_JKT_GATEWAY,Central Java,ST10_Solo,HB04_CTG_NATIONAL,Inter-Region,Regular,Prepaid,CR038,Van,3.13,3.42,3.42,1512104,27390,20923,8,1,0,,8.0,72,1,0,,1,0,,0,,63.87,4.03,11.26,ST10_Solo,
SHPM001604,AWB260001604,2026-02-24 23:59:18.060175,2026-02-25 00:37:18.060175,2026-02-25 01:13:18.060175,2026-02-25 03:42:55.147335,2026-02-25 04:26:55.147335,2026-02-25 05:13:55.147335,2026-02-25 08:29:12.530600,2026-02-25 13:41:22.937382,2026-02-25 22:25:23.431737,2026-02-26 08:04:23.482446,2026-02-26 12:58:51.861697,2026-02-26 11:59:18.060175,Delivered,Closed,SHP011,Shipper 011,Enterprise,Jabodetabek,ST03_JKT_East,HB01_JKT_GATEWAY,West Java,ST08_Bogor,HB01_JKT_GATEWAY,Inter-Region,Next Day,Prepaid,CR027,Van,0.67,1.11,1.11,392720,24995,15221,4,1,0,,44.0,36,0,0,,1,0,,0,,36.99,3.25,8.73,ST08_Bogor,Last Mile Delay
SHPM001605,AWB260001605,2026-03-27 09:29:46.864630,2026-03-27 09:34:46.864630,2026-03-27 09:56:46.864630,2026-03-27 11:49:27.451794,2026-03-27 12:33:27.451794,2026-03-27 14:04:27.451794,2026-03-27 16:36:41.966004,2026-03-27 21:22:28.795588,2026-03-28 05:38:03.030483,2026-03-28 12:00:10.516146,2026-03-29 03:08:06.839689,2026-03-30 09:29:46.864630,Delivered,Closed,SHP087,Shipper 087,Enterprise,Jabodetabek,ST01_JKT_Central,HB01_JKT_GATEWAY,West Java,ST06_Bandung,HB01_JKT_GATEWAY,Inter-Region,Regular,Prepaid,CR005,Van,1.27,1.29,1.29,1280009,17805,15723,8,1,0,,44.0,72,1,0,,1,0,,0,,41.64,2.54,8.26,ST06_Bandung,
SHPM001606,AWB260001606,2026-03-09 20:47:48.215545,2026-03-09 20:58:48.215545,2026-03-09 21:24:48.215545,2026-03-09 23:41:08.828698,2026-03-10 00:08:08.828698,2026-03-10 00:41:08.828698,2026-03-10 03:33:16.557005,2026-03-10 12:55:28.276838,2026-03-10 16:56:00.077256,2026-03-11 07:46:33.979241,2026-03-12 01:45:30.664569,2026-03-11 08:47:48.215545,Delivered,Closed,SHP005,Shipper 005,Enterprise,Central Java,ST11_Yogyakarta,HB04_CTG_NATIONAL,Outer Java,ST15_Medan,HB05_SUMATRA_GATEWAY,Inter-Region,Next Day,Prepaid,CR101,Bike,2.27,2.49,2.49,1009514,31205,18869,4,1,0,,27.0,36,0,0,,1,0,,0,,52.96,2.87,4.01,ST15_Medan,Remote Area
SHPM001607,AWB260001607,2026-03-06 12:05:37.969370,2026-03-06 12:36:37.969370,2026-03-06 13:35:37.969370,2026-03-06 17:23:06.792416,2026-03-06 18:48:06.792416,2026-03-06 20:29:06.792416,2026-03-07 02:54:37.058010,2026-03-07 06:45:43.535097,2026-03-07 18:08:10.227075,2026-03-08 07:22:49.083575,2026-03-08 16:53:34.491607,2026-03-09 12:05:37.969370,Delivered,Closed,SHP018,Shipper 018,Enterprise,West Java,ST07_Cirebon,HB02_BDG_TRANSIT,East Java,ST14_Kediri,HB03_SBY_GATEWAY,Inter-Region,Regular,COD,CR074,Bike,0.7,1.15,1.15,1609284,21175,11776,8,1,0,,85.0,72,1,0,,1,0,,0,,52.8,6.43,11.37,ST14_Kediri,
SHPM001608,AWB260001608,2026-03-07 18:15:24.542761,2026-03-07 18:32:24.542761,2026-03-07 19:13:24.542761,2026-03-07 22:45:51.444204,2026-03-08 00:19:51.444204,2026-03-08 01:42:51.444204,2026-03-08 09:31:13.583140,2026-03-08 15:01:46.143086,2026-03-08 20:33:18.934967,2026-03-09 06:44:49.960700,2026-03-09 09:54:16.917529,2026-03-08 10:15:24.542761,Delivered,Closed,SHP018,Shipper 018,Enterprise,West Java,ST07_Cirebon,HB02_BDG_TRANSIT,Jabodetabek,ST03_JKT_East,HB01_JKT_GATEWAY,Inter-Region,Same Day,Prepaid,CR074,Van,1.11,1.16,1.16,1322429,32220,28964,2,0,0,,94.0,16,0,0,,1,0,,0,,39.65,7.81,5.53,ST03_JKT_East,First Mile Delay
SHPM001609,AWB260001609,2026-02-24 23:47:01.839994,2026-02-25 00:16:01.839994,2026-02-25 00:54:01.839994,2026-02-25 01:28:59.473075,2026-02-25 02:21:59.473075,2026-02-25 04:05:59.473075,2026-02-25 09:12:30.439616,2026-02-25 18:19:42.687173,2026-02-25 21:11:13.966411,2026-02-26 12:34:36.535537,2026-02-26 23:17:52.664745,2026-02-26 11:47:01.839994,Delivered,Closed,SHP004,Shipper 004,Marketplace,Jabodetabek,ST01_JKT_Central,HB01_JKT_GATEWAY,East Java,ST13_Malang,HB03_SBY_GATEWAY,Inter-Region,Next Day,COD,CR002,Van,4.51,6.17,6.17,2353207,51765,45301,4,1,0,,53.0,36,0,0,,1,0,,0,,47.51,5.11,2.86,ST13_Malang,Last Mile Delay
SHPM001610,AWB260001610,2026-02-28 00:56:28.541616,2026-02-28 01:10:28.541616,2026-02-28 01:38:28.541616,2026-02-28 08:10:54.990695,2026-02-28 08:59:54.990695,2026-02-28 10:37:54.990695,2026-02-28 12:03:56.370846,2026-02-28 15:54:35.118210,2026-02-28 20:37:13.416919,2026-03-01 01:41:22.205191,2026-03-01 11:20:53.805719,2026-03-03 00:56:28.541616,Delivered,Closed,SHP003,Shipper 003,Marketplace,Outer Java,ST20_Banjarmasin,HB06_EASTERN_GATEWAY,Jabodetabek,ST03_JKT_East,HB01_JKT_GATEWAY,Inter-Region,Regular,Prepaid,CR189,Bike,2.35,2.26,2.35,1516869,22575,16459,8,1,0,,49.0,72,1,0,,1,0,,0,,34.41,1.43,4.71,ST03_JKT_East,
SHPM001611,AWB260001611,2026-03-03 15:04:10.757038,2026-03-03 15:23:10.757038,2026-03-03 15:40:10.757038,2026-03-03 19:45:32.723927,2026-03-03 20:05:32.723927,2026-03-03 20:43:32.723927,2026-03-03 23:19:33.508326,2026-03-04 04:27:41.032896,2026-03-04 11:13:21.574388,2026-03-04 16:50:25.799054,,2026-03-06 15:04:10.757038,Return To Sender,RTS,SHP090,Shipper 090,Enterprise,East Java,ST13_Malang,HB03_SBY_GATEWAY,Outer Java,ST17_Makassar,HB06_EASTERN_GATEWAY,Inter-Region,Regular,Prepaid,CR115,Bike,0.88,0.95,0.95,2051757,16275,13747,8,1,0,,20.0,72,0,1,Customer Not Home,1,0,,1,Customer Not Home,812.93,2.6,6.76,ST17_Makassar,Delivery Exception
SHPM001612,AWB260001612,2026-03-04 08:26:47.961400,2026-03-04 08:44:47.961400,2026-03-04 09:01:47.961400,2026-03-04 10:17:55.392476,2026-03-04 10:39:55.392476,2026-03-04 12:26:55.392476,2026-03-04 16:27:54.157125,2026-03-04 20:15:32.871263,2026-03-05 02:43:09.777709,2026-03-05 13:58:44.550909,2026-03-05 18:16:55.172071,2026-03-05 00:26:47.961400,Delivered,Closed,SHP088,Shipper 088,SME,Outer Java,ST19_Denpasar,HB06_EASTERN_GATEWAY,West Java,ST08_Bogor,HB01_JKT_GATEWAY,Inter-Region,Same Day,Prepaid,CR177,Bike,1.14,1.18,1.18,2453032,32310,22383,2,1,0,,22.0,16,0,0,,1,0,,0,,33.84,4.02,6.46,ST08_Bogor,Last Mile Delay
SHPM001613,AWB260001613,2026-03-10 13:34:29.577717,2026-03-10 14:11:29.577717,2026-03-10 14:48:29.577717,2026-03-10 16:44:18.066311,2026-03-10 17:29:18.066311,2026-03-10 18:42:18.066311,2026-03-10 21:26:23.820994,2026-03-11 07:08:59.747122,2026-03-11 16:14:42.624807,2026-03-12 01:04:15.767371,2026-03-12 04:45:34.911258,2026-03-12 01:34:29.577717,Delivered,Closed,SHP008,Shipper 008,SME,Outer Java,ST20_Banjarmasin,HB06_EASTERN_GATEWAY,West Java,ST06_Bandung,HB01_JKT_GATEWAY,Inter-Region,Next Day,COD,CR192,Truck,2.45,2.42,2.45,1160680,35025,31086,4,1,0,,45.0,36,0,0,,1,0,,0,,39.18,2.73,9.1,ST06_Bandung,Last Mile Delay
SHPM001614,AWB260001614,2026-03-10 21:49:59.645736,2026-03-10 22:14:59.645736,2026-03-10 22:48:59.645736,2026-03-10 23:40:16.027178,2026-03-11 00:23:16.027178,2026-03-11 02:11:16.027178,2026-03-11 05:36:19.035495,2026-03-11 10:58:26.272956,2026-03-11 20:21:32.008755,2026-03-12 07:23:53.919578,2026-03-12 12:46:34.536780,2026-03-12 09:49:59.645736,Delivered,Closed,SHP095,Shipper 095,Enterprise,Central Java,ST11_Yogyakarta,HB04_CTG_NATIONAL,Jabodetabek,ST03_JKT_East,HB01_JKT_GATEWAY,Inter-Region,Next Day,COD,CR104,Van,0.27,0.28,0.28,1620658,25260,21822,4,1,0,,43.0,36,0,0,,1,0,,0,,38.94,3.42,9.38,ST03_JKT_East,Last Mile Delay
SHPM001615,AWB260001615,2026-02-16 08:18:29.836326,2026-02-16 08:37:29.836326,2026-02-16 08:46:29.836326,2026-02-16 13:21:21.175441,2026-02-16 14:33:21.175441,2026-02-16 16:00:21.175441,2026-02-16 21:04:03.314116,2026-02-17 00:49:12.153756,2026-02-17 08:06:32.002034,2026-02-18 00:00:53.806104,2026-02-18 02:26:49.827197,2026-02-17 20:18:29.836326,Delivered,Closed,SHP069,Shipper 069,SME,West Java,ST06_Bandung,HB01_JKT_GATEWAY,Jabodetabek,ST04_Bekasi,HB01_JKT_GATEWAY,Inter-Region,Next Day,Prepaid,CR058,Bike,1.33,1.35,1.35,2345732,26075,21533,4,0,0,,72.0,36,0,0,,1,0,,0,,42.14,5.06,7.29,ST04_Bekasi,First Mile Delay
SHPM001616,AWB260001616,2026-02-18 05:01:22.090963,2026-02-18 05:39:22.090963,2026-02-18 06:00:22.090963,2026-02-18 06:32:08.231019,2026-02-18 06:59:08.231019,2026-02-18 07:27:08.231019,2026-02-18 10:30:38.969813,2026-02-18 18:30:09.627174,2026-02-19 00:13:39.476994,2026-02-19 13:51:51.189921,2026-02-19 17:31:39.848409,2026-02-18 21:01:22.090963,Delivered,Closed,SHP080,Shipper 080,SME,Outer Java,ST15_Medan,HB05_SUMATRA_GATEWAY,East Java,ST13_Malang,HB03_SBY_GATEWAY,Inter-Region,Same Day,Prepaid,CR138,Bike,0.58,0.69,0.69,1186242,30105,28100,2,1,0,,27.0,16,0,0,,1,0,,0,,36.5,3.06,5.72,ST13_Malang,Last Mile Delay
SHPM001617,AWB260001617,2026-03-26 20:52:12.578487,2026-03-26 21:32:12.578487,2026-03-26 21:50:12.578487,2026-03-27 00:01:09.951380,2026-03-27 00:09:09.951380,2026-03-27 00:52:09.951380,2026-03-27 02:58:56.015609,2026-03-27 08:00:18.160811,2026-03-28 00:05:45.130277,2026-03-28 09:04:07.486301,2026-03-28 20:34:47.291105,2026-03-29 20:52:12.578487,Delivered,Closed,SHP063,Shipper 063,Enterprise,Jabodetabek,ST05_Tangerang,HB01_JKT_GATEWAY,Outer Java,ST20_Banjarmasin,HB06_EASTERN_GATEWAY,Inter-Region,Regular,COD,CR048,Van,2.47,3.79,3.79,2136695,33055,23017,8,1,0,,8.0,72,1,0,,1,0,,0,,47.71,2.11,16.09,ST20_Banjarmasin,
SHPM001618,AWB260001618,2026-03-07 01:03:48.103924,2026-03-07 01:31:48.103924,2026-03-07 01:46:48.103924,2026-03-07 02:54:00.294919,2026-03-07 03:40:00.294919,2026-03-07 04:55:00.294919,2026-03-07 10:34:47.125283,2026-03-07 13:50:25.352700,2026-03-08 05:31:28.999971,2026-03-08 11:46:18.497547,2026-03-08 16:22:02.650452,2026-03-07 17:03:48.103924,Delivered,Closed,SHP059,Shipper 059,Marketplace,Jabodetabek,ST03_JKT_East,HB01_JKT_GATEWAY,Outer Java,ST15_Medan,HB05_SUMATRA_GATEWAY,Inter-Region,Same Day,Prepaid,CR023,Van,0.83,1.07,1.07,104458,31815,29970,2,1,0,,46.0,16,0,0,,1,0,,0,,39.3,5.66,15.68,ST15_Medan,Hub Bottleneck
SHPM001619,AWB260001619,2026-02-16 18:19:36.406343,2026-02-16 18:42:36.406343,2026-02-16 19:22:36.406343,2026-02-16 21:55:18.546745,2026-02-16 22:12:18.546745,2026-02-16 22:52:18.546745,2026-02-17 03:53:13.309025,2026-02-17 06:34:54.808881,2026-02-17 11:11:17.478694,2026-02-17 14:57:47.267473,2026-02-18 00:54:28.334433,2026-02-17 18:19:36.406343,Delivered,Closed,SHP056,Shipper 056,Enterprise,Jabodetabek,ST03_JKT_East,HB01_JKT_GATEWAY,Jabodetabek,ST04_Bekasi,HB01_JKT_GATEWAY,Intra-Region,Next Day,Prepaid,CR021,Bike,1.57,1.69,1.69,668718,27605,24456,4,1,0,,17.0,24,0,0,,1,0,,0,,30.58,5.02,4.61,ST04_Bekasi,Last Mile Delay
SHPM001620,AWB260001620,2026-03-24 14:02:52.732990,2026-03-24 14:40:52.732990,2026-03-24 15:32:52.732990,2026-03-24 17:33:25.693878,2026-03-24 18:33:25.693878,2026-03-24 19:17:25.693878,2026-03-25 00:34:25.915631,2026-03-25 08:50:22.027332,2026-03-25 19:30:09.426550,2026-03-26 05:44:16.063111,2026-03-26 13:42:52.809889,2026-03-27 14:02:52.732990,Delivered,Closed,SHP089,Shipper 089,Enterprise,Central Java,ST11_Yogyakarta,HB04_CTG_NATIONAL,West Java,ST08_Bogor,HB01_JKT_GATEWAY,Inter-Region,Regular,Prepaid,CR103,Van,1.3,1.36,1.36,1183937,18120,14283,8,1,0,,60.0,72,1,0,,1,0,,0,,47.67,5.28,10.66,ST08_Bogor,
SHPM001621,AWB260001621,2026-03-14 11:24:45.708914,2026-03-14 11:56:45.708914,2026-03-14 12:37:45.708914,2026-03-14 15:17:34.938184,2026-03-14 16:12:34.938184,2026-03-14 16:41:34.938184,2026-03-14 18:07:41.661102,2026-03-15 00:00:42.365167,2026-03-15 05:54:47.064928,2026-03-15 13:44:56.592135,2026-03-15 16:11:52.158303,2026-03-15 23:24:45.708914,Delivered,Closed,SHP077,Shipper 077,Marketplace,Outer Java,ST16_Palembang,HB05_SUMATRA_GATEWAY,West Java,ST08_Bogor,HB01_JKT_GATEWAY,Inter-Region,Next Day,Prepaid,CR149,Bike,1.22,1.26,1.26,988352,25670,24084,4,1,0,,55.0,36,1,0,,1,0,,0,,28.79,1.44,5.9,ST08_Bogor,
SHPM001622,AWB260001622,2026-03-14 03:15:21.700392,2026-03-14 03:44:21.700392,2026-03-14 04:40:21.700392,2026-03-14 11:18:57.736918,2026-03-14 11:30:57.736918,2026-03-14 12:09:57.736918,2026-03-14 15:16:05.178147,2026-03-14 21:16:08.768433,2026-03-14 23:31:03.840207,2026-03-15 06:09:35.801530,2026-03-15 12:22:16.571759,2026-03-17 03:15:21.700392,Delivered,Closed,SHP083,Shipper 083,Marketplace,Jabodetabek,ST04_Bekasi,HB01_JKT_GATEWAY,Central Java,ST10_Solo,HB04_CTG_NATIONAL,Inter-Region,Regular,Prepaid,CR043,Van,5.21,5.56,5.56,2605395,37020,23540,8,1,0,,12.0,72,1,0,,1,0,,0,,33.12,3.1,2.25,ST10_Solo,
SHPM001623,AWB260001623,2026-03-08 08:16:13.502235,2026-03-08 08:45:13.502235,2026-03-08 09:12:13.502235,2026-03-08 10:45:42.643149,2026-03-08 11:27:42.643149,2026-03-08 13:08:42.643149,2026-03-08 16:06:42.475377,2026-03-09 01:25:11.312421,2026-03-09 08:40:50.273371,2026-03-10 01:26:28.938583,2026-03-10 12:34:12.987628,2026-03-11 08:16:13.502235,Delivered,Closed,SHP096,Shipper 096,Marketplace,Jabodetabek,ST02_JKT_West,HB01_JKT_GATEWAY,Central Java,ST10_Solo,HB04_CTG_NATIONAL,Inter-Region,Regular,Prepaid,CR012,Van,3.32,3.48,3.48,587565,27660,19160,8,1,0,,42.0,72,1,0,,1,0,,0,,52.3,2.97,7.26,ST10_Solo,
SHPM001624,AWB260001624,2026-03-05 15:42:35.324561,2026-03-05 16:27:35.324561,2026-03-05 17:08:35.324561,2026-03-05 18:45:09.681173,2026-03-05 19:31:09.681173,2026-03-05 21:17:09.681173,2026-03-06 00:10:43.870726,2026-03-06 08:02:48.507099,2026-03-06 15:18:57.735635,2026-03-07 07:20:23.104420,2026-03-07 08:16:07.481477,2026-03-06 07:42:35.324561,Delivered,Closed,SHP035,Shipper 035,Enterprise,Jabodetabek,ST04_Bekasi,HB01_JKT_GATEWAY,East Java,ST12_Surabaya,HB03_SBY_GATEWAY,Inter-Region,Same Day,Prepaid,CR035,Bike,3.96,3.94,3.96,929807,44820,36155,2,0,0,,46.0,16,0,0,,1,0,,0,,40.56,2.89,7.27,ST12_Surabaya,First Mile Delay
SHPM001625,AWB260001625,2026-03-11 02:39:00.370925,2026-03-11 03:09:00.370925,2026-03-11 03:42:00.370925,2026-03-11 09:52:13.987687,2026-03-11 10:04:13.987687,2026-03-11 11:11:13.987687,2026-03-11 15:32:16.387681,2026-03-11 17:58:11.088460,2026-03-12 05:45:59.086326,2026-03-12 08:57:04.763227,2026-03-13 14:51:46.990646,2026-03-13 02:39:00.370925,Delivered,Closed,SHP080,Shipper 080,SME,Outer Java,ST20_Banjarmasin,HB06_EASTERN_GATEWAY,Outer Java,ST18_Balikpapan,HB06_EASTERN_GATEWAY,Intra-Region,Regular,Prepaid,CR190,Bike,0.53,0.62,0.62,603319,14790,12254,8,1,0,,12.0,48,0,0,,1,0,,0,,60.21,4.35,11.8,ST18_Balikpapan,Hub Bottleneck
SHPM001626,AWB260001626,2026-02-17 04:22:12.683317,2026-02-17 04:44:12.683317,2026-02-17 04:55:12.683317,2026-02-17 07:06:30.783363,2026-02-17 08:04:30.783363,2026-02-17 08:20:30.783363,2026-02-17 14:17:46.669956,2026-02-17 17:10:11.869399,2026-02-18 01:55:12.266594,2026-02-18 05:41:19.704676,2026-02-18 10:14:25.091301,2026-02-17 14:22:12.683317,Delivered,Closed,SHP007,Shipper 007,SME,Jabodetabek,ST05_Tangerang,HB01_JKT_GATEWAY,Jabodetabek,ST03_JKT_East,HB01_JKT_GATEWAY,Intra-Region,Same Day,Prepaid,CR052,Bike,1.03,1.03,1.03,490117,31635,21127,2,0,0,,58.0,10,0,0,,1,0,,0,,29.87,5.95,8.75,ST03_JKT_East,First Mile Delay
SHPM001627,AWB260001627,2026-03-04 01:46:31.108558,2026-03-04 01:59:31.108558,2026-03-04 02:30:31.108558,2026-03-04 04:01:26.848957,2026-03-04 04:20:26.848957,2026-03-04 04:54:26.848957,2026-03-04 07:47:59.618102,2026-03-04 13:36:27.918600,2026-03-04 15:27:49.066795,2026-03-05 05:29:32.693412,2026-03-05 16:59:04.614304,2026-03-07 01:46:31.108558,Delivered,Closed,SHP041,Shipper 041,SME,West Java,ST08_Bogor,HB01_JKT_GATEWAY,Jabodetabek,ST02_JKT_West,HB01_JKT_GATEWAY,Inter-Region,Regular,Prepaid,CR076,Van,1.04,1.11,1.11,990164,16995,11961,8,1,0,,19.0,72,1,0,,1,0,,0,,39.21,2.89,1.86,ST02_JKT_West,
SHPM001628,AWB260001628,2026-03-29 03:57:11.941364,2026-03-29 04:27:11.941364,2026-03-29 04:47:11.941364,2026-03-29 07:12:20.242803,2026-03-29 08:06:20.242803,2026-03-29 09:03:20.242803,2026-03-29 13:41:36.407003,2026-03-29 21:17:21.212535,2026-03-30 08:52:35.420913,2026-03-30 20:35:18.329725,2026-03-31 12:54:40.742199,2026-04-01 03:57:11.941364,Delivered,Closed,SHP002,Shipper 002,Enterprise,Jabodetabek,ST01_JKT_Central,HB01_JKT_GATEWAY,Central Java,ST10_Solo,HB04_CTG_NATIONAL,Inter-Region,Regular,Prepaid,CR009,Bike,1.44,1.34,1.44,542188,18480,10742,8,1,0,,54.0,72,1,0,,1,0,,0,,56.96,4.64,11.59,ST10_Solo,
SHPM001629,AWB260001629,2026-04-01 02:47:14.346322,2026-04-01 03:29:14.346322,2026-04-01 04:16:14.346322,2026-04-01 12:43:16.412498,2026-04-01 14:03:16.412498,2026-04-01 15:46:16.412498,2026-04-01 21:11:44.607796,2026-04-02 00:36:28.592678,2026-04-02 02:53:19.727805,2026-04-02 09:22:32.139254,2026-04-02 11:55:16.082200,2026-04-02 14:47:14.346322,Delivered,Closed,SHP018,Shipper 018,Enterprise,West Java,ST07_Cirebon,HB02_BDG_TRANSIT,Central Java,ST10_Solo,HB04_CTG_NATIONAL,Inter-Region,Next Day,COD,CR066,Bike,0.55,0.68,0.68,1298236,27060,22388,4,0,0,,80.0,36,1,0,,1,0,,0,,33.13,5.42,2.28,ST10_Solo,
SHPM001630,AWB260001630,2026-03-10 08:14:24.760552,2026-03-10 08:22:24.760552,2026-03-10 09:25:24.760552,2026-03-10 11:02:12.177138,2026-03-10 11:51:12.177138,2026-03-10 12:46:12.177138,2026-03-10 17:50:28.000310,2026-03-10 21:20:09.573060,2026-03-11 08:07:37.896618,2026-03-12 00:04:26.799968,2026-03-12 00:52:57.867351,2026-03-11 00:14:24.760552,Delivered,Closed,SHP066,Shipper 066,Marketplace,West Java,ST07_Cirebon,HB02_BDG_TRANSIT,Jabodetabek,ST05_Tangerang,HB01_JKT_GATEWAY,Inter-Region,Same Day,Prepaid,CR068,Bike,0.63,0.66,0.66,912057,29970,18836,2,0,0,,49.0,16,0,0,,1,0,,0,,40.64,5.07,10.79,ST05_Tangerang,First Mile Delay
SHPM001631,AWB260001631,2026-03-13 12:37:34.638170,2026-03-13 13:13:34.638170,2026-03-13 13:47:34.638170,2026-03-13 16:23:08.438905,2026-03-13 17:04:08.438905,2026-03-13 17:21:08.438905,2026-03-13 21:01:29.456419,2026-03-13 23:07:51.436789,2026-03-14 03:38:43.054901,2026-03-14 18:34:48.938883,2026-03-15 03:24:31.921720,2026-03-16 12:37:34.638170,Delivered,Closed,SHP058,Shipper 058,Enterprise,Jabodetabek,ST01_JKT_Central,HB01_JKT_GATEWAY,Outer Java,ST15_Medan,HB05_SUMATRA_GATEWAY,Inter-Region,Regular,Prepaid,CR008,Bike,1.19,1.09,1.19,1001638,17355,12226,8,1,0,,41.0,72,1,0,,1,0,,0,,38.78,3.67,4.51,ST15_Medan,
SHPM001632,AWB260001632,2026-03-11 18:06:22.028244,2026-03-11 18:44:22.028244,2026-03-11 19:04:22.028244,2026-03-11 22:12:43.612186,2026-03-11 22:52:43.612186,2026-03-12 00:42:43.612186,2026-03-12 01:54:58.762132,2026-03-12 05:02:31.048416,2026-03-12 08:58:56.094692,2026-03-12 20:04:46.761353,2026-03-13 10:27:25.058797,2026-03-14 18:06:22.028244,Delivered,Closed,SHP027,Shipper 027,SME,Jabodetabek,ST05_Tangerang,HB01_JKT_GATEWAY,West Java,ST06_Bandung,HB01_JKT_GATEWAY,Inter-Region,Regular,Prepaid,CR046,Van,1.25,1.97,1.97,315538,20865,16384,8,1,0,,40.0,72,1,0,,1,0,,0,,40.35,1.2,3.94,ST06_Bandung,
SHPM001633,AWB260001633,2026-03-09 08:36:36.229859,2026-03-09 09:01:36.229859,2026-03-09 09:46:36.229859,2026-03-09 14:15:02.135858,2026-03-09 14:23:02.135858,2026-03-09 15:10:02.135858,2026-03-09 18:51:11.150760,2026-03-10 02:00:22.082357,2026-03-10 11:59:48.996299,2026-03-10 18:34:32.699644,2026-03-11 01:26:53.767449,2026-03-12 08:36:36.229859,Delivered,Closed,SHP049,Shipper 049,Enterprise,Jabodetabek,ST05_Tangerang,HB01_JKT_GATEWAY,West Java,ST06_Bandung,HB01_JKT_GATEWAY,Inter-Region,Regular,Prepaid,CR047,Truck,1.77,2.97,2.97,1203113,25365,23966,8,1,0,,8.0,72,1,0,,1,0,,0,,40.84,3.69,9.99,ST06_Bandung,
SHPM001634,AWB260001634,2026-02-26 20:42:12.946564,2026-02-26 21:25:12.946564,2026-02-26 21:36:12.946564,2026-02-26 22:44:04.826625,2026-02-26 23:34:04.826625,2026-02-27 01:34:04.826625,2026-02-27 06:40:03.597017,2026-02-27 08:40:16.439916,2026-02-28 03:30:20.655106,2026-02-28 07:29:06.755199,2026-02-28 12:36:58.443500,2026-02-27 06:42:12.946564,Delivered,Closed,SHP072,Shipper 072,Enterprise,Outer Java,ST18_Balikpapan,HB06_EASTERN_GATEWAY,Outer Java,ST15_Medan,HB05_SUMATRA_GATEWAY,Intra-Region,Same Day,Prepaid,CR173,Van,4.49,5.51,5.51,316404,51795,40955,2,1,0,,50.0,10,0,0,,1,0,,0,,39.91,5.1,18.83,ST15_Medan,Hub Bottleneck
SHPM001635,AWB260001635,2026-03-03 22:21:20.158974,2026-03-03 23:01:20.158974,2026-03-03 23:21:20.158974,2026-03-04 03:26:13.101449,2026-03-04 03:34:13.101449,2026-03-04 04:38:13.101449,2026-03-04 07:04:27.656312,2026-03-04 09:59:36.044555,2026-03-04 17:56:46.577901,2026-03-05 05:21:42.189010,2026-03-05 14:38:09.344818,2026-03-06 22:21:20.158974,Delivered,Closed,SHP051,Shipper 051,Marketplace,Outer Java,ST19_Denpasar,HB06_EASTERN_GATEWAY,East Java,ST12_Surabaya,HB03_SBY_GATEWAY,Inter-Region,Regular,Prepaid,CR177,Bike,3.68,3.67,3.68,1691328,28560,18963,8,1,0,,8.0,72,1,0,,1,0,,0,,40.28,2.44,7.95,ST12_Surabaya,
SHPM001636,AWB260001636,2026-03-25 02:05:46.432985,2026-03-25 02:39:46.432985,2026-03-25 03:13:46.432985,2026-03-25 03:57:06.484552,2026-03-25 04:44:06.484552,2026-03-25 06:01:06.484552,2026-03-25 11:34:49.098110,2026-03-25 19:04:50.217467,2026-03-25 20:50:15.204298,2026-03-26 08:42:54.643346,2026-03-26 12:35:19.118863,2026-03-25 18:05:46.432985,Delivered,Closed,SHP024,Shipper 024,Marketplace,Jabodetabek,ST03_JKT_East,HB01_JKT_GATEWAY,East Java,ST14_Kediri,HB03_SBY_GATEWAY,Inter-Region,Same Day,Prepaid,CR023,Van,0.72,0.79,0.79,443471,30555,20717,2,1,0,,47.0,16,0,0,,1,0,,0,,34.49,5.56,1.76,ST14_Kediri,Last Mile Delay
SHPM001637,AWB260001637,2026-02-27 16:10:49.967053,2026-02-27 16:22:49.967053,2026-02-27 16:37:49.967053,2026-02-27 18:07:19.410928,2026-02-27 18:56:19.410928,2026-02-27 20:11:19.410928,2026-02-27 23:35:53.803869,2026-02-28 02:51:40.596349,2026-02-28 05:27:41.902024,2026-02-28 17:46:33.810911,2026-03-01 07:37:33.043845,2026-03-01 04:10:49.967053,Delivered,Closed,SHP070,Shipper 070,Enterprise,Jabodetabek,ST03_JKT_East,HB01_JKT_GATEWAY,Outer Java,ST15_Medan,HB05_SUMATRA_GATEWAY,Inter-Region,Next Day,Prepaid,CR022,Bike,1.88,2.06,2.06,473384,29270,20960,4,1,0,,49.0,36,0,0,,1,0,,0,,39.45,3.41,2.6,ST15_Medan,Remote Area
SHPM001638,AWB260001638,2026-03-20 18:32:45.844852,2026-03-20 19:00:45.844852,2026-03-20 19:18:45.844852,2026-03-21 00:38:13.269574,2026-03-21 00:46:13.269574,2026-03-21 02:34:13.269574,2026-03-21 05:04:10.194924,2026-03-21 09:47:24.121329,2026-03-21 13:43:41.241002,2026-03-23 00:53:31.052137,,2026-03-23 18:32:45.844852,Delivery Exception,Exception,SHP047,Shipper 047,Marketplace,Central Java,ST10_Solo,HB04_CTG_NATIONAL,Outer Java,ST16_Palembang,HB05_SUMATRA_GATEWAY,Inter-Region,Regular,COD,CR097,Bike,0.73,0.79,0.79,997295,19555,18072,8,1,0,,8.0,72,0,1,Customer Reschedule,3,1,Missed Cut-Off,0,,401.45,2.5,3.94,ST16_Palembang,Delivery Exception
SHPM001639,AWB260001639,2026-03-16 19:32:38.707445,2026-03-16 20:04:38.707445,2026-03-16 20:37:38.707445,2026-03-17 03:27:21.867089,2026-03-17 04:09:21.867089,2026-03-17 06:00:21.867089,2026-03-17 11:46:35.797539,2026-03-17 20:33:19.106238,2026-03-18 05:09:57.763563,2026-03-18 22:51:17.011183,2026-03-19 16:22:17.538637,2026-03-19 19:32:38.707445,Delivered,Closed,SHP074,Shipper 074,Enterprise,Outer Java,ST16_Palembang,HB05_SUMATRA_GATEWAY,Jabodetabek,ST03_JKT_East,HB01_JKT_GATEWAY,Inter-Region,Regular,Prepaid,CR145,Bike,0.26,0.3,0.3,886899,13350,7999,8,1,0,,42.0,72,1,0,,1,0,,0,,68.83,5.77,8.61,ST03_JKT_East,
SHPM001640,AWB260001640,2026-03-20 20:26:51.816631,2026-03-20 20:45:51.816631,2026-03-20 21:16:51.816631,2026-03-21 00:59:17.554005,2026-03-21 01:23:17.554005,2026-03-21 02:01:17.554005,2026-03-21 04:08:12.759120,2026-03-21 07:18:40.845111,2026-03-21 18:15:22.552701,2026-03-22 09:29:42.620622,2026-03-22 19:30:18.428272,2026-03-22 08:26:51.816631,Delivered,Closed,SHP084,Shipper 084,Enterprise,Central Java,ST11_Yogyakarta,HB04_CTG_NATIONAL,East Java,ST12_Surabaya,HB03_SBY_GATEWAY,Inter-Region,Next Day,Prepaid,CR102,Bike,0.81,1.03,1.03,472065,24635,23236,4,0,0,,24.0,36,0,0,,1,0,,0,,47.06,2.12,10.94,ST12_Surabaya,First Mile Delay
SHPM001641,AWB260001641,2026-03-12 19:21:38.290219,2026-03-12 19:50:38.290219,2026-03-12 20:38:38.290219,2026-03-12 20:50:04.005227,2026-03-12 22:10:04.005227,2026-03-12 23:55:04.005227,2026-03-13 05:45:00.274505,2026-03-13 10:58:54.780744,2026-03-13 17:53:31.218683,2026-03-14 03:16:11.148608,2026-03-14 07:05:33.745773,2026-03-13 11:21:38.290219,Delivered,Closed,SHP061,Shipper 061,Enterprise,Outer Java,ST17_Makassar,HB06_EASTERN_GATEWAY,Jabodetabek,ST04_Bekasi,HB01_JKT_GATEWAY,Inter-Region,Same Day,Prepaid,CR154,Van,3.1,5.27,5.27,1288233,50715,36406,2,1,0,,80.0,16,0,0,,1,0,,0,,35.73,5.83,6.91,ST04_Bekasi,Last Mile Delay
SHPM001642,AWB260001642,2026-03-01 23:23:51.278405,2026-03-01 23:43:51.278405,2026-03-02 00:10:51.278405,2026-03-02 04:11:04.086298,2026-03-02 04:19:04.086298,2026-03-02 06:16:04.086298,2026-03-02 07:42:48.934241,2026-03-02 09:51:57.941014,2026-03-02 19:15:44.310024,2026-03-02 21:34:36.806105,2026-03-03 05:33:03.386307,2026-03-02 23:23:51.278405,Delivered,Closed,SHP034,Shipper 034,Enterprise,Jabodetabek,ST01_JKT_Central,HB01_JKT_GATEWAY,Jabodetabek,ST04_Bekasi,HB01_JKT_GATEWAY,Intra-Region,Next Day,Prepaid,CR011,Bike,0.44,0.43,0.44,2037492,21980,14160,4,0,0,,8.0,24,0,0,,1,0,,0,,30.15,1.45,9.4,ST04_Bekasi,First Mile Delay
SHPM001643,AWB260001643,2026-03-11 16:33:01.583598,2026-03-11 16:43:01.583598,2026-03-11 17:10:01.583598,2026-03-11 18:56:15.185697,2026-03-11 19:53:15.185697,2026-03-11 20:29:15.185697,2026-03-11 22:07:03.566896,2026-03-12 05:33:57.458612,2026-03-12 16:21:12.702402,2026-03-13 01:15:37.206413,2026-03-13 08:45:43.914789,2026-03-13 04:33:01.583598,Delivered,Closed,SHP030,Shipper 030,Enterprise,Jabodetabek,ST05_Tangerang,HB01_JKT_GATEWAY,West Java,ST08_Bogor,HB01_JKT_GATEWAY,Inter-Region,Next Day,Prepaid,CR051,Van,0.61,0.63,0.63,973799,22835,19551,4,1,0,,57.0,36,0,0,,1,0,,0,,40.21,1.63,10.79,ST08_Bogor,Hub Bottleneck
SHPM001644,AWB260001644,2026-03-28 10:10:20.094911,2026-03-28 10:47:20.094911,2026-03-28 11:36:20.094911,2026-03-28 11:49:06.616087,2026-03-28 12:26:06.616087,2026-03-28 13:15:06.616087,2026-03-28 17:36:12.505214,2026-03-29 00:23:01.405659,2026-03-29 05:10:46.740912,2026-03-29 15:05:29.376541,2026-03-29 21:15:10.601344,2026-03-29 22:10:20.094911,Delivered,Closed,SHP001,Shipper 001,Marketplace,Jabodetabek,ST01_JKT_Central,HB01_JKT_GATEWAY,East Java,ST14_Kediri,HB03_SBY_GATEWAY,Inter-Region,Next Day,Prepaid,CR001,Bike,0.99,1.06,1.06,1281382,24770,22724,4,1,0,,37.0,36,1,0,,1,0,,0,,35.08,4.35,4.8,ST14_Kediri,
SHPM001645,AWB260001645,2026-03-28 17:47:19.245024,2026-03-28 17:58:19.245024,2026-03-28 18:29:19.245024,2026-03-28 19:40:36.282806,2026-03-28 20:25:36.282806,2026-03-28 21:02:36.282806,2026-03-28 22:58:50.016404,2026-03-29 05:07:22.883505,2026-03-29 08:03:57.730447,2026-03-30 01:36:37.266395,2026-03-30 06:50:43.625545,2026-03-30 05:47:19.245024,Delivered,Closed,SHP016,Shipper 016,Marketplace,Jabodetabek,ST02_JKT_West,HB01_JKT_GATEWAY,East Java,ST12_Surabaya,HB03_SBY_GATEWAY,Inter-Region,Next Day,Prepaid,CR014,Bike,0.66,0.66,0.66,445075,22970,19232,4,1,0,,45.0,36,0,0,,1,0,,0,,37.06,1.94,2.94,ST12_Surabaya,Last Mile Delay
SHPM001646,AWB260001646,2026-03-10 10:08:48.208105,2026-03-10 10:50:48.208105,2026-03-10 11:05:48.208105,2026-03-10 19:21:22.130435,2026-03-10 20:24:22.130435,2026-03-10 21:19:22.130435,2026-03-11 02:39:50.660732,2026-03-11 11:08:00.495610,2026-03-11 19:02:51.723109,2026-03-12 07:27:53.058852,2026-03-13 06:49:52.014387,2026-03-13 10:08:48.208105,Delivered,Closed,SHP011,Shipper 011,Enterprise,Jabodetabek,ST03_JKT_East,HB01_JKT_GATEWAY,Outer Java,ST15_Medan,HB05_SUMATRA_GATEWAY,Inter-Region,Regular,Prepaid,CR028,Bike,0.97,1.47,1.47,1025194,18615,13710,8,0,0,,63.0,72,1,0,,1,0,,0,,68.68,5.34,7.91,ST15_Medan,
SHPM001647,AWB260001647,2026-03-11 23:40:59.960248,2026-03-12 00:09:59.960248,2026-03-12 00:29:59.960248,2026-03-12 06:11:04.101945,2026-03-12 06:41:04.101945,2026-03-12 07:37:04.101945,2026-03-12 13:23:58.369917,2026-03-12 23:03:23.827646,2026-03-13 06:06:46.871988,2026-03-13 11:07:33.636122,2026-03-13 19:59:12.937010,2026-03-14 23:40:59.960248,Delivered,Closed,SHP030,Shipper 030,Enterprise,Jabodetabek,ST05_Tangerang,HB01_JKT_GATEWAY,Central Java,ST10_Solo,HB04_CTG_NATIONAL,Inter-Region,Regular,Prepaid,CR044,Van,0.91,0.87,0.91,428623,16095,13657,8,1,0,,30.0,72,1,0,,1,0,,0,,44.3,5.78,7.06,ST10_Solo,
SHPM001648,AWB260001648,2026-03-15 21:36:27.396580,2026-03-15 22:01:27.396580,2026-03-15 22:34:27.396580,2026-03-16 00:04:29.232009,2026-03-16 00:45:29.232009,2026-03-16 01:46:29.232009,2026-03-16 04:35:19.399400,2026-03-16 11:39:52.014080,2026-03-16 21:52:41.982555,2026-03-17 06:27:55.554845,2026-03-17 16:47:29.493885,2026-03-17 09:36:27.396580,Delivered,Closed,SHP069,Shipper 069,SME,West Java,ST06_Bandung,HB01_JKT_GATEWAY,Outer Java,ST16_Palembang,HB05_SUMATRA_GATEWAY,Inter-Region,Next Day,COD,CR061,Bike,2.98,3.21,3.21,1250008,38445,26590,4,1,0,,41.0,36,0,0,,1,0,,0,,43.18,2.81,10.21,ST16_Palembang,Hub Bottleneck
SHPM001649,AWB260001649,2026-03-11 21:26:22.680432,2026-03-11 21:43:22.680432,2026-03-11 22:08:22.680432,2026-03-12 04:55:12.071240,2026-03-12 05:42:12.071240,2026-03-12 06:21:12.071240,2026-03-12 11:36:08.054487,2026-03-12 18:12:07.806960,2026-03-12 22:26:31.566635,2026-03-13 07:48:56.438822,2026-03-13 12:56:39.799989,2026-03-14 21:26:22.680432,Delivered,Closed,SHP015,Shipper 015,Marketplace,West Java,ST06_Bandung,HB01_JKT_GATEWAY,Jabodetabek,ST05_Tangerang,HB01_JKT_GATEWAY,Inter-Region,Regular,Prepaid,CR061,Truck,0.23,0.22,0.23,1276961,13035,9311,8,1,0,,47.0,72,1,0,,1,0,,0,,39.5,5.25,4.24,ST05_Tangerang,
SHPM001650,AWB260001650,2026-04-01 03:23:33.115299,2026-04-01 04:03:33.115299,2026-04-01 04:13:33.115299,2026-04-01 07:13:49.402925,2026-04-01 07:28:49.402925,2026-04-01 08:40:49.402925,2026-04-01 14:15:56.221862,2026-04-01 21:48:51.416014,2026-04-02 03:41:08.052445,2026-04-02 13:41:52.594046,2026-04-02 17:29:50.337021,2026-04-02 15:23:33.115299,Delivered,Closed,SHP022,Shipper 022,Marketplace,Central Java,ST09_Semarang,HB04_CTG_NATIONAL,East Java,ST14_Kediri,HB03_SBY_GATEWAY,Inter-Region,Next Day,Prepaid,CR090,Van,1.2,1.31,1.31,1120498,25895,23442,4,1,0,,15.0,36,0,0,,1,0,,0,,38.1,5.59,5.87,ST14_Kediri,Last Mile Delay
SHPM001651,AWB260001651,2026-02-19 09:41:55.925053,2026-02-19 10:10:55.925053,2026-02-19 10:52:55.925053,2026-02-19 13:00:01.172799,2026-02-19 13:32:01.172799,2026-02-19 14:18:01.172799,2026-02-19 18:15:46.915567,2026-02-20 02:47:22.179523,2026-02-20 15:39:00.500978,2026-02-21 01:25:40.436395,,2026-02-20 21:41:55.925053,Delivery Exception,Exception,SHP062,Shipper 062,Enterprise,Jabodetabek,ST04_Bekasi,HB01_JKT_GATEWAY,Outer Java,ST16_Palembang,HB05_SUMATRA_GATEWAY,Inter-Region,Next Day,COD,CR040,Bike,1.38,1.32,1.38,763101,30210,19023,4,1,0,,32.0,36,0,1,Cash Issue,2,0,,0,,1106.3,3.96,12.86,ST16_Palembang,Hub Bottleneck
SHPM001652,AWB260001652,2026-03-04 00:01:44.702728,2026-03-04 00:38:44.702728,2026-03-04 01:15:44.702728,2026-03-04 04:03:16.658455,2026-03-04 05:54:16.658455,2026-03-04 07:35:16.658455,2026-03-04 17:29:45.508521,2026-03-04 20:13:46.045299,2026-03-05 03:44:53.144441,2026-03-05 10:32:57.294930,2026-03-05 18:54:24.376584,2026-03-05 12:01:44.702728,Delivered,Closed,SHP046,Shipper 046,SME,East Java,ST12_Surabaya,HB03_SBY_GATEWAY,Jabodetabek,ST01_JKT_Central,HB01_JKT_GATEWAY,Inter-Region,Next Day,Prepaid,CR107,Bike,1.62,1.77,1.77,1961674,27965,16057,4,1,0,,111.0,36,0,0,,1,0,,0,,42.88,9.91,7.52,ST01_JKT_Central,Last Mile Delay
SHPM001653,AWB260001653,2026-03-15 21:46:13.884280,2026-03-15 22:08:13.884280,2026-03-15 23:00:13.884280,,,,,,,,,2026-03-18 21:46:13.884280,Failed Pickup,Exception,SHP010,Shipper 010,Enterprise,East Java,ST12_Surabaya,HB03_SBY_GATEWAY,Jabodetabek,ST04_Bekasi,HB01_JKT_GATEWAY,Inter-Region,Regular,Prepaid,CR109,Truck,0.75,0.71,0.75,2396427,15375,11691,8,0,1,Address Not Found,,72,0,0,,0,0,,0,,518.23,,,ST12_Surabaya,
SHPM001654,AWB260001654,2026-03-05 21:44:33.618860,2026-03-05 21:53:33.618860,2026-03-05 22:25:33.618860,2026-03-06 06:37:23.719253,2026-03-06 06:54:23.719253,2026-03-06 07:26:23.719253,2026-03-06 10:18:21.999271,2026-03-06 16:57:48.903752,2026-03-08 02:53:35.101084,2026-03-08 11:46:16.936129,2026-03-08 21:14:24.368152,2026-03-08 21:44:33.618860,Delivered,Closed,SHP090,Shipper 090,Enterprise,East Java,ST14_Kediri,HB03_SBY_GATEWAY,Outer Java,ST17_Makassar,HB06_EASTERN_GATEWAY,Inter-Region,Regular,Prepaid,CR128,Bike,1.4,1.47,1.47,2230276,18615,11492,8,0,0,,17.0,72,1,0,,1,0,,0,,71.5,2.87,33.93,ST17_Makassar,
SHPM001655,AWB260001655,2026-02-23 12:20:30.281917,2026-02-23 12:52:30.281917,2026-02-23 13:31:30.281917,2026-02-23 15:13:37.519513,2026-02-23 15:59:37.519513,2026-02-23 17:49:37.519513,2026-02-23 23:19:50.216603,2026-02-24 02:43:39.556415,2026-02-24 05:01:07.661322,2026-02-24 07:39:51.914829,2026-02-24 11:41:50.383423,2026-02-23 22:20:30.281917,Delivered,Closed,SHP027,Shipper 027,SME,Jabodetabek,ST02_JKT_West,HB01_JKT_GATEWAY,Jabodetabek,ST03_JKT_East,HB01_JKT_GATEWAY,Intra-Region,Same Day,COD,CR015,Bike,0.22,0.22,0.22,2411597,31990,18698,2,0,0,,46.0,10,0,0,,1,0,,0,,23.36,5.5,2.29,ST03_JKT_East,First Mile Delay
SHPM001656,AWB260001656,2026-03-01 07:17:18.407807,2026-03-01 07:56:18.407807,2026-03-01 08:30:18.407807,2026-03-01 12:18:30.964399,2026-03-01 13:48:30.964399,2026-03-01 14:29:30.964399,2026-03-01 21:24:59.372350,2026-03-02 01:30:12.972254,2026-03-02 09:48:49.727988,2026-03-02 19:12:39.938547,2026-03-03 05:45:06.338048,2026-03-02 19:17:18.407807,Delivered,Closed,SHP067,Shipper 067,SME,East Java,ST12_Surabaya,HB03_SBY_GATEWAY,Central Java,ST09_Semarang,HB04_CTG_NATIONAL,Inter-Region,Next Day,Prepaid,CR108,Truck,3.0,4.93,4.93,439754,42185,27824,4,0,0,,90.0,36,0,0,,1,0,,0,,46.46,6.92,8.31,ST09_Semarang,First Mile Delay
SHPM001657,AWB260001657,2026-03-25 06:38:38.411387,2026-03-25 06:54:38.411387,2026-03-25 07:22:38.411387,2026-03-25 08:10:56.569373,2026-03-25 09:02:56.569373,2026-03-25 09:38:56.569373,2026-03-25 11:30:44.389078,2026-03-25 15:23:33.634600,2026-03-25 22:56:02.855628,2026-03-26 06:24:06.339842,,2026-03-26 06:38:38.411387,Delivery Exception,Exception,SHP097,Shipper 097,SME,Jabodetabek,ST03_JKT_East,HB01_JKT_GATEWAY,Jabodetabek,ST05_Tangerang,HB01_JKT_GATEWAY,Intra-Region,Next Day,Prepaid,CR027,Van,0.68,0.71,0.71,1076618,23195,16321,4,1,0,,52.0,24,0,1,Customer Not Home,3,0,,0,,293.36,1.86,7.54,ST05_Tangerang,Delivery Exception
SHPM001658,AWB260001658,2026-03-24 11:16:29.693409,2026-03-24 11:38:29.693409,2026-03-24 12:26:29.693409,2026-03-24 20:12:41.976117,2026-03-24 20:48:41.976117,2026-03-24 21:32:41.976117,2026-03-25 02:20:00.127670,2026-03-25 05:53:01.059192,2026-03-25 08:49:56.886894,2026-03-26 02:37:36.699785,2026-03-27 03:24:40.340982,2026-03-27 11:16:29.693409,Delivered,Closed,SHP099,Shipper 099,SME,West Java,ST08_Bogor,HB01_JKT_GATEWAY,Outer Java,ST15_Medan,HB05_SUMATRA_GATEWAY,Inter-Region,Regular,Prepaid,CR078,Van,1.24,2.06,2.06,905698,21270,15426,8,0,0,,36.0,72,1,0,,1,0,,0,,64.14,4.79,2.95,ST15_Medan,
SHPM001659,AWB260001659,2026-03-12 19:42:50.403207,2026-03-12 20:17:50.403207,2026-03-12 20:51:50.403207,2026-03-12 23:10:33.331166,2026-03-12 23:41:33.331166,2026-03-13 01:37:33.331166,2026-03-13 06:04:49.871609,2026-03-13 10:21:09.800221,2026-03-13 16:09:05.081422,2026-03-14 02:25:20.076179,2026-03-14 18:00:03.941853,2026-03-15 19:42:50.403207,Delivered,Closed,SHP093,Shipper 093,SME,East Java,ST13_Malang,HB03_SBY_GATEWAY,West Java,ST06_Bandung,HB01_JKT_GATEWAY,Inter-Region,Regular,Prepaid,CR115,Bike,1.33,1.53,1.53,266542,18885,11245,8,1,0,,31.0,72,1,0,,1,0,,0,,46.29,4.45,5.8,ST06_Bandung,
SHPM001660,AWB260001660,2026-03-11 22:10:19.062547,2026-03-11 22:21:19.062547,2026-03-11 22:43:19.062547,2026-03-12 04:29:33.182412,2026-03-12 04:41:33.182412,2026-03-12 05:50:33.182412,2026-03-12 08:29:17.733491,2026-03-12 15:05:51.006422,2026-03-12 17:26:05.897878,2026-03-12 23:44:38.802895,2026-03-13 11:04:17.857840,2026-03-14 22:10:19.062547,Delivered,Closed,SHP035,Shipper 035,Enterprise,Jabodetabek,ST01_JKT_Central,HB01_JKT_GATEWAY,Central Java,ST11_Yogyakarta,HB04_CTG_NATIONAL,Inter-Region,Regular,COD,CR010,Bike,1.95,1.76,1.95,2635225,24775,18246,8,1,0,,12.0,72,1,0,,1,0,,0,,36.9,2.65,2.34,ST11_Yogyakarta,
SHPM001661,AWB260001661,2026-03-10 16:37:56.508425,2026-03-10 16:49:56.508425,2026-03-10 17:15:56.508425,2026-03-11 01:47:15.321249,2026-03-11 01:59:15.321249,2026-03-11 02:32:15.321249,2026-03-11 06:48:40.729666,2026-03-11 11:44:18.905397,2026-03-11 19:39:51.068162,2026-03-12 11:10:20.317297,2026-03-13 00:57:56.846648,2026-03-13 16:37:56.508425,Delivered,Closed,SHP049,Shipper 049,Enterprise,Jabodetabek,ST05_Tangerang,HB01_JKT_GATEWAY,Central Java,ST10_Solo,HB04_CTG_NATIONAL,Inter-Region,Regular,Prepaid,CR052,Bike,2.59,3.63,3.63,2113125,28335,20462,8,0,0,,12.0,72,1,0,,1,0,,0,,56.33,4.27,7.93,ST10_Solo,
SHPM001662,AWB260001662,2026-03-17 16:11:53.284277,2026-03-17 16:36:53.284277,2026-03-17 17:10:53.284277,2026-03-17 21:47:04.131004,2026-03-17 22:35:04.131004,2026-03-17 23:02:04.131004,2026-03-18 03:30:49.013910,2026-03-18 08:33:31.550105,2026-03-18 13:22:53.836982,2026-03-18 18:41:50.450165,2026-03-19 02:43:06.720482,2026-03-20 16:11:53.284277,Delivered,Closed,SHP043,Shipper 043,Marketplace,Central Java,ST11_Yogyakarta,HB04_CTG_NATIONAL,West Java,ST08_Bogor,HB01_JKT_GATEWAY,Inter-Region,Regular,Prepaid,CR100,Bike,2.89,3.09,3.09,1003129,25905,17064,8,1,0,,48.0,72,1,0,,1,0,,0,,34.52,4.48,4.82,ST08_Bogor,
SHPM001663,AWB260001663,2026-02-23 17:56:53.902515,2026-02-23 18:23:53.902515,2026-02-23 18:57:53.902515,2026-02-23 22:45:34.243427,2026-02-23 23:27:34.243427,2026-02-24 00:48:34.243427,2026-02-24 05:36:38.774907,2026-02-24 09:50:41.936101,2026-02-25 01:50:43.230248,2026-02-25 04:45:48.928977,2026-02-25 10:57:08.242091,2026-02-24 17:56:53.902515,Delivered,Closed,SHP020,Shipper 020,SME,East Java,ST14_Kediri,HB03_SBY_GATEWAY,East Java,ST13_Malang,HB03_SBY_GATEWAY,Intra-Region,Next Day,COD,CR134,Truck,3.18,3.09,3.18,189235,38310,22699,4,0,0,,42.0,24,0,0,,1,0,,0,,41.0,4.8,16.0,ST13_Malang,First Mile Delay
SHPM001664,AWB260001664,2026-02-17 14:28:11.812796,2026-02-17 15:01:11.812796,2026-02-17 15:43:11.812796,2026-02-17 19:47:53.713303,2026-02-17 20:51:53.713303,2026-02-17 21:41:53.713303,2026-02-18 03:06:03.927549,2026-02-18 10:16:51.917922,2026-02-18 15:36:04.162161,2026-02-19 04:06:25.047784,,2026-02-20 14:28:11.812796,Delivery Exception,Exception,SHP043,Shipper 043,Marketplace,Central Java,ST09_Semarang,HB04_CTG_NATIONAL,Jabodetabek,ST02_JKT_West,HB01_JKT_GATEWAY,Inter-Region,Regular,COD,CR088,Bike,0.92,1.47,1.47,1531824,22615,17411,8,1,0,,64.0,72,0,1,Invalid Address,2,0,,0,,1149.53,5.4,5.32,ST02_JKT_West,Delivery Exception
SHPM001665,AWB260001665,2026-03-31 20:37:23.700197,2026-03-31 21:19:23.700197,2026-03-31 21:43:23.700197,2026-04-01 03:24:49.041490,2026-04-01 04:22:49.041490,2026-04-01 05:04:49.041490,2026-04-01 08:20:24.694095,2026-04-01 15:15:59.341553,2026-04-02 06:07:22.118587,2026-04-02 14:37:30.064680,2026-04-03 07:44:46.316737,2026-04-03 20:37:23.700197,Delivered,Closed,SHP090,Shipper 090,Enterprise,East Java,ST14_Kediri,HB03_SBY_GATEWAY,Central Java,ST10_Solo,HB04_CTG_NATIONAL,Inter-Region,Regular,Prepaid,CR132,Bike,0.9,0.97,0.97,624678,16365,12790,8,1,0,,58.0,72,1,0,,1,0,,0,,59.12,3.26,14.86,ST10_Solo,
SHPM001666,AWB260001666,2026-03-12 09:54:17.317574,2026-03-12 10:17:17.317574,2026-03-12 10:45:17.317574,2026-03-12 13:48:28.989731,2026-03-12 14:32:28.989731,2026-03-12 14:49:28.989731,2026-03-12 20:18:04.837437,2026-03-13 06:16:25.368339,2026-03-13 17:13:39.135832,2026-03-14 08:50:47.868877,2026-03-15 02:57:07.795247,2026-03-15 09:54:17.317574,Delivered,Closed,SHP022,Shipper 022,Marketplace,Central Java,ST09_Semarang,HB04_CTG_NATIONAL,Outer Java,ST15_Medan,HB05_SUMATRA_GATEWAY,Inter-Region,Regular,COD,CR085,Truck,1.14,1.67,1.67,2087082,23515,15756,8,1,0,,44.0,72,1,0,,1,0,,0,,65.05,5.48,10.95,ST15_Medan,
SHPM001667,AWB260001667,2026-03-09 23:35:50.116139,2026-03-10 00:15:50.116139,2026-03-10 00:52:50.116139,2026-03-10 01:30:30.797127,2026-03-10 02:25:30.797127,2026-03-10 03:46:30.797127,2026-03-10 06:37:08.612528,2026-03-10 13:03:14.552905,2026-03-11 00:14:59.550672,2026-03-11 11:49:52.560017,2026-03-11 15:23:51.378441,2026-03-10 15:35:50.116139,Delivered,Closed,SHP057,Shipper 057,SME,Central Java,ST09_Semarang,HB04_CTG_NATIONAL,Outer Java,ST19_Denpasar,HB06_EASTERN_GATEWAY,Inter-Region,Same Day,COD,CR083,Van,2.95,3.21,3.21,1592892,45445,30578,2,1,0,,55.0,16,0,0,,1,0,,0,,39.8,2.84,11.2,ST19_Denpasar,Hub Bottleneck
SHPM001668,AWB260001668,2026-02-24 04:03:49.547901,2026-02-24 04:34:49.547901,2026-02-24 04:57:49.547901,2026-02-24 06:53:28.550511,2026-02-24 07:34:28.550511,2026-02-24 07:53:28.550511,2026-02-24 12:56:37.049683,2026-02-24 16:11:57.759512,2026-02-25 05:14:16.977680,2026-02-25 23:07:34.981161,2026-02-26 03:11:43.906485,2026-02-25 16:03:49.547901,Delivered,Closed,SHP043,Shipper 043,Marketplace,Central Java,ST09_Semarang,HB04_CTG_NATIONAL,Outer Java,ST18_Balikpapan,HB06_EASTERN_GATEWAY,Inter-Region,Next Day,Prepaid,CR087,Truck,4.13,5.25,5.25,1797256,43625,33490,4,1,0,,41.0,36,0,0,,1,0,,0,,47.13,5.05,13.04,ST18_Balikpapan,Hub Bottleneck
SHPM001669,AWB260001669,2026-02-16 17:11:27.520106,2026-02-16 17:24:27.520106,2026-02-16 17:50:27.520106,,,,,,,,,2026-02-17 09:11:27.520106,Failed Pickup,Exception,SHP044,Shipper 044,Marketplace,Jabodetabek,ST05_Tangerang,HB01_JKT_GATEWAY,East Java,ST12_Surabaya,HB03_SBY_GATEWAY,Inter-Region,Same Day,Prepaid,CR044,Truck,1.07,1.35,1.35,297886,33075,22319,2,0,1,Address Not Found,,16,0,0,,0,0,,0,,1170.81,,,ST05_Tangerang,
SHPM001670,AWB260001670,2026-03-11 08:29:42.962903,2026-03-11 08:37:42.962903,2026-03-11 09:00:42.962903,2026-03-11 11:18:42.016180,2026-03-11 12:14:42.016180,2026-03-11 13:29:42.016180,2026-03-11 14:51:41.420621,2026-03-11 21:51:30.619918,2026-03-12 06:21:42.986687,2026-03-12 20:11:55.360563,2026-03-12 22:51:53.983221,2026-03-12 20:29:42.962903,Delivered,Closed,SHP014,Shipper 014,Enterprise,Jabodetabek,ST05_Tangerang,HB01_JKT_GATEWAY,West Java,ST07_Cirebon,HB02_BDG_TRANSIT,Inter-Region,Next Day,Prepaid,CR044,Bike,6.04,5.52,6.04,1959274,47180,36694,4,1,0,,56.0,36,0,0,,1,0,,0,,38.37,1.37,8.5,ST07_Cirebon,Last Mile Delay
SHPM001671,AWB260001671,2026-02-19 12:36:55.390101,2026-02-19 12:57:55.390101,2026-02-19 13:33:55.390101,2026-02-19 19:37:25.460386,2026-02-19 20:33:25.460386,2026-02-19 21:04:25.460386,2026-02-20 02:13:43.915310,2026-02-20 06:44:43.364154,2026-02-20 12:55:08.005046,2026-02-21 04:30:05.337327,2026-02-21 12:25:25.965032,2026-02-22 12:36:55.390101,Delivered,Closed,SHP050,Shipper 050,Marketplace,Jabodetabek,ST04_Bekasi,HB01_JKT_GATEWAY,West Java,ST07_Cirebon,HB02_BDG_TRANSIT,Inter-Region,Regular,Prepaid,CR042,Bike,0.44,0.61,0.61,457265,14745,8785,8,1,0,,56.0,72,1,0,,1,0,,0,,47.81,5.16,6.17,ST07_Cirebon,
SHPM001672,AWB260001672,2026-03-10 05:34:47.366005,2026-03-10 05:44:47.366005,2026-03-10 06:29:47.366005,2026-03-10 14:17:04.697538,2026-03-10 15:29:04.697538,2026-03-10 17:05:04.697538,2026-03-10 20:58:33.491561,2026-03-11 04:40:31.555924,2026-03-11 12:40:52.681790,2026-03-12 01:27:01.195576,2026-03-12 14:41:21.177230,2026-03-13 05:34:47.366005,Delivered,Closed,SHP061,Shipper 061,Enterprise,Outer Java,ST17_Makassar,HB06_EASTERN_GATEWAY,Jabodetabek,ST03_JKT_East,HB01_JKT_GATEWAY,Inter-Region,Regular,COD,CR162,Bike,1.78,2.92,2.92,527820,29140,21634,8,0,0,,72.0,72,1,0,,1,0,,0,,57.11,3.89,8.01,ST03_JKT_East,
SHPM001673,AWB260001673,2026-03-09 18:41:03.743752,2026-03-09 18:58:03.743752,2026-03-09 19:18:03.743752,2026-03-10 01:48:21.540847,2026-03-10 01:56:21.540847,2026-03-10 02:50:21.540847,2026-03-10 05:50:05.493176,2026-03-10 07:56:25.596744,2026-03-10 12:25:22.847819,2026-03-11 00:06:03.642506,2026-03-11 11:07:54.964893,2026-03-12 18:41:03.743752,Delivered,Closed,SHP048,Shipper 048,Enterprise,Outer Java,ST17_Makassar,HB06_EASTERN_GATEWAY,Central Java,ST10_Solo,HB04_CTG_NATIONAL,Inter-Region,Regular,Prepaid,CR158,Van,2.18,2.4,2.4,363178,22800,21602,8,1,0,,8.0,72,1,0,,1,0,,0,,40.45,3.0,4.48,ST10_Solo,
SHPM001674,AWB260001674,2026-03-22 02:06:24.468463,2026-03-22 02:45:24.468463,2026-03-22 03:24:24.468463,2026-03-22 08:53:32.325635,2026-03-22 10:19:32.325635,2026-03-22 11:15:32.325635,2026-03-22 15:27:25.505529,2026-03-22 18:21:18.602126,2026-03-23 05:25:05.131146,2026-03-24 23:20:56.417716,2026-03-25 02:41:32.869621,2026-03-23 14:06:24.468463,Delivered,Closed,SHP019,Shipper 019,Marketplace,West Java,ST07_Cirebon,HB02_BDG_TRANSIT,East Java,ST12_Surabaya,HB03_SBY_GATEWAY,Inter-Region,Next Day,Prepaid,CR064,Bike,1.29,1.21,1.29,940220,25805,21952,4,0,0,,86.0,36,0,0,,1,1,Missed Cut-Off,0,,72.59,4.2,11.06,ST12_Surabaya,First Mile Delay
SHPM001675,AWB260001675,2026-03-17 11:05:57.566442,2026-03-17 11:27:57.566442,2026-03-17 12:11:57.566442,2026-03-17 15:43:28.424918,2026-03-17 16:34:28.424918,2026-03-17 17:37:28.424918,2026-03-17 22:40:30.588035,2026-03-18 00:08:50.963233,2026-03-18 02:33:11.609227,2026-03-18 08:53:50.663595,2026-03-18 15:00:48.725023,2026-03-19 11:05:57.566442,Delivered,Closed,SHP062,Shipper 062,Enterprise,Jabodetabek,ST04_Bekasi,HB01_JKT_GATEWAY,Jabodetabek,ST02_JKT_West,HB01_JKT_GATEWAY,Intra-Region,Regular,Prepaid,CR040,Van,0.62,0.63,0.63,1899608,14835,12553,8,1,0,,51.0,48,1,0,,1,0,,0,,27.91,5.05,2.41,ST02_JKT_West,
SHPM001676,AWB260001676,2026-03-03 11:55:09.047838,2026-03-03 12:18:09.047838,2026-03-03 12:55:09.047838,2026-03-03 13:58:40.493367,2026-03-03 14:23:40.493367,2026-03-03 15:39:40.493367,2026-03-03 16:44:01.193914,2026-03-03 19:42:38.103880,2026-03-04 01:55:39.396343,2026-03-04 18:25:59.109435,2026-03-05 07:51:23.355975,2026-03-04 23:55:09.047838,Delivered,Closed,SHP043,Shipper 043,Marketplace,Central Java,ST10_Solo,HB04_CTG_NATIONAL,Outer Java,ST19_Denpasar,HB06_EASTERN_GATEWAY,Inter-Region,Next Day,Prepaid,CR092,Bike,3.46,4.21,4.21,1950815,38945,29916,4,1,0,,25.0,36,0,0,,1,0,,0,,43.94,1.07,6.22,ST19_Denpasar,Remote Area
SHPM001677,AWB260001677,2026-02-25 10:32:09.076312,2026-02-25 10:49:09.076312,2026-02-25 11:36:09.076312,2026-02-25 14:24:29.272849,2026-02-25 14:44:29.272849,2026-02-25 15:32:29.272849,2026-02-25 16:36:49.678969,2026-02-25 21:41:09.576869,2026-02-26 01:45:12.803889,2026-02-26 12:12:06.244865,2026-02-27 00:15:15.098141,2026-02-28 10:32:09.076312,Delivered,Closed,SHP011,Shipper 011,Enterprise,Jabodetabek,ST03_JKT_East,HB01_JKT_GATEWAY,Outer Java,ST15_Medan,HB05_SUMATRA_GATEWAY,Inter-Region,Regular,COD,CR028,Bike,0.79,0.77,0.79,1461293,19555,11757,8,1,0,,20.0,72,1,0,,1,0,,0,,37.72,1.07,4.07,ST15_Medan,
SHPM001678,AWB260001678,2026-02-27 01:55:37.826365,2026-02-27 02:28:37.826365,2026-02-27 02:47:37.826365,2026-02-27 06:55:33.703947,2026-02-27 07:52:33.703947,2026-02-27 08:25:33.703947,2026-02-27 11:06:23.594281,2026-02-27 15:43:47.628460,2026-02-28 00:25:29.512268,2026-02-28 10:57:36.470723,2026-02-28 21:19:22.874924,2026-03-02 01:55:37.826365,Delivered,Closed,SHP023,Shipper 023,Enterprise,West Java,ST08_Bogor,HB01_JKT_GATEWAY,Outer Java,ST17_Makassar,HB06_EASTERN_GATEWAY,Inter-Region,Regular,COD,CR080,Bike,1.98,3.31,3.31,569849,30895,22289,8,1,0,,57.0,72,1,0,,1,0,,0,,43.4,2.68,8.69,ST17_Makassar,
SHPM001679,AWB260001679,2026-03-18 04:51:13.788325,2026-03-18 05:08:13.788325,2026-03-18 05:58:13.788325,2026-03-18 07:05:55.126018,2026-03-18 08:09:55.126018,2026-03-18 09:14:55.126018,2026-03-18 11:29:01.873468,2026-03-18 17:50:32.718438,2026-03-19 00:09:38.621631,2026-03-19 20:36:31.957824,2026-03-20 01:23:35.064350,2026-03-18 20:51:13.788325,Delivered,Closed,SHP054,Shipper 054,Marketplace,West Java,ST06_Bandung,HB01_JKT_GATEWAY,Jabodetabek,ST05_Tangerang,HB01_JKT_GATEWAY,Inter-Region,Same Day,COD,CR061,Bike,6.38,6.14,6.38,2587969,59710,38771,2,1,0,,64.0,16,0,0,,1,1,Missed Cut-Off,0,,44.54,2.24,6.32,ST05_Tangerang,Last Mile Delay
SHPM001680,AWB260001680,2026-03-21 01:50:15.278817,2026-03-21 02:19:15.278817,2026-03-21 02:50:15.278817,2026-03-21 06:27:22.011139,2026-03-21 07:05:22.011139,2026-03-21 07:22:22.011139,2026-03-21 10:17:44.797472,2026-03-21 16:38:22.173249,2026-03-21 21:31:42.038602,2026-03-22 09:19:15.919419,2026-03-23 07:23:56.134764,2026-03-24 01:50:15.278817,Delivered,Closed,SHP023,Shipper 023,Enterprise,West Java,ST08_Bogor,HB01_JKT_GATEWAY,Outer Java,ST19_Denpasar,HB06_EASTERN_GATEWAY,Inter-Region,Regular,COD,CR080,Van,3.25,3.42,3.42,2048980,31390,21884,8,1,0,,38.0,72,1,0,,1,0,,0,,53.56,2.92,4.89,ST19_Denpasar,
SHPM001681,AWB260001681,2026-02-21 13:02:59.770327,2026-02-21 13:16:59.770327,2026-02-21 13:44:59.770327,2026-02-21 15:24:24.554766,2026-02-21 16:11:24.554766,2026-02-21 17:53:24.554766,2026-02-21 22:10:34.901846,2026-02-22 02:24:18.878677,2026-02-22 12:12:12.876518,2026-02-23 03:39:51.981760,2026-02-23 13:24:14.308652,2026-02-23 01:02:59.770327,Delivered,Closed,SHP078,Shipper 078,SME,Outer Java,ST17_Makassar,HB06_EASTERN_GATEWAY,Central Java,ST11_Yogyakarta,HB04_CTG_NATIONAL,Inter-Region,Next Day,COD,CR160,Bike,3.36,3.29,3.36,819894,39120,23784,4,1,0,,47.0,36,0,0,,1,0,,0,,48.35,4.29,9.8,ST11_Yogyakarta,Last Mile Delay
SHPM001682,AWB260001682,2026-03-16 20:20:44.296713,2026-03-16 20:33:44.296713,2026-03-16 20:54:44.296713,2026-03-16 22:52:59.722616,2026-03-16 23:32:59.722616,2026-03-17 01:06:59.722616,2026-03-17 05:51:42.228389,2026-03-17 09:58:05.089717,2026-03-17 22:48:38.968454,2026-03-18 07:40:41.786520,2026-03-18 11:53:24.239164,2026-03-18 08:20:44.296713,Delivered,Closed,SHP058,Shipper 058,Enterprise,Jabodetabek,ST01_JKT_Central,HB01_JKT_GATEWAY,Outer Java,ST16_Palembang,HB05_SUMATRA_GATEWAY,Inter-Region,Next Day,COD,CR009,Van,0.38,0.37,0.38,698025,25710,23492,4,1,0,,40.0,36,0,0,,1,0,,0,,39.54,4.75,12.84,ST16_Palembang,Hub Bottleneck
SHPM001683,AWB260001683,2026-03-01 13:40:34.474788,2026-03-01 14:01:34.474788,2026-03-01 14:18:34.474788,2026-03-01 16:50:49.173480,2026-03-01 16:58:49.173480,2026-03-01 17:16:49.173480,2026-03-01 19:36:12.559346,2026-03-02 00:12:40.478140,2026-03-02 11:31:49.253401,2026-03-03 05:13:22.913000,2026-03-03 11:28:46.361985,2026-03-04 13:40:34.474788,Delivered,Closed,SHP011,Shipper 011,Enterprise,Jabodetabek,ST03_JKT_East,HB01_JKT_GATEWAY,East Java,ST12_Surabaya,HB03_SBY_GATEWAY,Inter-Region,Regular,Prepaid,CR029,Van,1.44,1.34,1.44,1046817,18480,14200,8,1,0,,8.0,72,1,0,,1,0,,0,,45.8,2.32,11.32,ST12_Surabaya,
SHPM001684,AWB260001684,2026-03-16 04:36:51.576262,2026-03-16 05:10:51.576262,2026-03-16 05:44:51.576262,2026-03-16 11:46:20.546511,2026-03-16 12:27:20.546511,2026-03-16 12:44:20.546511,2026-03-16 15:37:22.713410,2026-03-16 21:41:57.854665,2026-03-17 02:24:55.369830,2026-03-17 07:30:41.094182,2026-03-18 10:08:31.517570,2026-03-19 04:36:51.576262,Delivered,Closed,SHP052,Shipper 052,Marketplace,Jabodetabek,ST04_Bekasi,HB01_JKT_GATEWAY,Outer Java,ST18_Balikpapan,HB06_EASTERN_GATEWAY,Inter-Region,Regular,COD,CR038,Bike,3.63,3.36,3.63,1030286,32335,27918,8,1,0,,41.0,72,1,0,,1,0,,0,,53.53,2.88,4.72,ST18_Balikpapan,
SHPM001685,AWB260001685,2026-03-29 06:42:50.537042,2026-03-29 07:23:50.537042,2026-03-29 08:07:50.537042,2026-03-29 14:49:32.953017,2026-03-29 15:24:32.953017,2026-03-29 16:00:32.953017,2026-03-29 20:00:37.830125,2026-03-29 23:27:21.838692,2026-03-30 06:01:24.075392,2026-03-30 07:46:22.693769,2026-03-30 23:05:45.526930,2026-03-31 06:42:50.537042,Delivered,Closed,SHP049,Shipper 049,Enterprise,Jabodetabek,ST03_JKT_East,HB01_JKT_GATEWAY,Jabodetabek,ST04_Bekasi,HB01_JKT_GATEWAY,Intra-Region,Regular,Prepaid,CR024,Van,1.01,1.01,1.01,956639,16545,10641,8,1,0,,35.0,48,1,0,,1,0,,0,,40.38,4.0,6.57,ST04_Bekasi,
SHPM001686,AWB260001686,2026-03-28 17:44:24.844671,2026-03-28 18:04:24.844671,2026-03-28 18:21:24.844671,2026-03-29 01:58:49.476931,2026-03-29 02:11:49.476931,2026-03-29 02:53:49.476931,2026-03-29 04:37:39.616116,2026-03-29 05:49:56.337715,2026-03-29 13:54:34.764724,2026-03-29 18:42:46.497464,2026-03-30 10:58:01.540301,2026-03-30 17:44:24.844671,Delivered,Closed,SHP014,Shipper 014,Enterprise,Jabodetabek,ST03_JKT_East,HB01_JKT_GATEWAY,Jabodetabek,ST04_Bekasi,HB01_JKT_GATEWAY,Intra-Region,Regular,COD,CR025,Bike,3.23,4.37,4.37,1440443,35665,29355,8,1,0,,13.0,48,1,0,,1,0,,0,,41.23,1.73,8.08,ST04_Bekasi,
SHPM001687,AWB260001687,2026-03-08 22:27:29.869637,2026-03-08 22:33:29.869637,2026-03-08 23:03:29.869637,2026-03-09 05:13:59.066679,2026-03-09 06:10:59.066679,2026-03-09 07:14:59.066679,2026-03-09 11:22:55.333084,2026-03-09 17:01:19.111552,2026-03-09 19:44:45.241576,2026-03-10 06:40:43.792670,2026-03-11 00:13:14.358385,2026-03-11 22:27:29.869637,Delivered,Closed,SHP013,Shipper 013,SME,Jabodetabek,ST01_JKT_Central,HB01_JKT_GATEWAY,West Java,ST06_Bandung,HB01_JKT_GATEWAY,Inter-Region,Regular,Prepaid,CR008,Bike,3.1,4.31,4.31,792128,31395,23506,8,1,0,,57.0,72,1,0,,1,0,,0,,49.76,4.13,2.72,ST06_Bandung,
SHPM001688,AWB260001688,2026-02-18 13:21:28.795409,2026-02-18 14:01:28.795409,2026-02-18 14:35:28.795409,2026-02-18 16:38:45.169823,2026-02-18 17:37:45.169823,2026-02-18 19:07:45.169823,2026-02-18 21:28:31.475283,2026-02-19 05:28:09.995658,2026-02-19 12:54:35.532332,2026-02-20 03:52:22.056399,2026-02-20 21:49:50.543390,2026-02-21 13:21:28.795409,Delivered,Closed,SHP045,Shipper 045,Marketplace,Jabodetabek,ST02_JKT_West,HB01_JKT_GATEWAY,Central Java,ST10_Solo,HB04_CTG_NATIONAL,Inter-Region,Regular,Prepaid,CR014,Van,0.84,0.98,0.98,650902,16410,9025,8,1,0,,59.0,72,1,0,,1,1,Weather Delay,0,,56.47,2.35,7.44,ST10_Solo,
SHPM001689,AWB260001689,2026-02-17 23:02:18.003702,2026-02-17 23:42:18.003702,2026-02-18 00:16:18.003702,2026-02-18 02:09:06.802749,2026-02-18 02:17:06.802749,2026-02-18 02:35:06.802749,2026-02-18 08:03:15.146721,2026-02-18 17:50:56.865182,2026-02-19 04:44:21.872150,2026-02-19 17:28:05.084812,2026-02-20 06:21:56.446447,2026-02-20 23:02:18.003702,Delivered,Closed,SHP051,Shipper 051,Marketplace,Outer Java,ST20_Banjarmasin,HB06_EASTERN_GATEWAY,Jabodetabek,ST03_JKT_East,HB01_JKT_GATEWAY,Inter-Region,Regular,Prepaid,CR184,Truck,0.34,0.32,0.34,2030810,13530,10848,8,1,0,,8.0,72,1,0,,1,0,,0,,55.33,5.47,10.89,ST03_JKT_East,
SHPM001690,AWB260001690,2026-03-25 02:27:53.180803,2026-03-25 02:56:53.180803,2026-03-25 03:13:53.180803,2026-03-25 06:04:43.192709,2026-03-25 06:57:43.192709,2026-03-25 08:06:43.192709,2026-03-25 09:22:37.176796,2026-03-25 14:07:29.448969,2026-03-26 00:49:27.981117,2026-03-26 15:04:27.806330,2026-03-26 19:08:11.042150,2026-03-26 14:27:53.180803,Delivered,Closed,SHP082,Shipper 082,SME,Outer Java,ST19_Denpasar,HB06_EASTERN_GATEWAY,East Java,ST13_Malang,HB03_SBY_GATEWAY,Inter-Region,Next Day,COD,CR177,Bike,2.78,2.88,2.88,2278338,36960,31929,4,1,0,,53.0,36,0,0,,1,0,,0,,40.67,1.26,10.7,ST13_Malang,Hub Bottleneck
SHPM001691,AWB260001691,2026-02-28 00:48:43.853000,2026-02-28 01:20:43.853000,2026-02-28 02:08:43.853000,2026-02-28 02:35:25.676020,2026-02-28 03:40:25.676020,2026-02-28 04:26:25.676020,2026-02-28 10:05:53.518720,2026-02-28 12:43:46.483857,2026-02-28 23:27:13.180743,2026-03-01 15:09:39.510233,2026-03-01 18:32:31.371440,2026-02-28 16:48:43.853000,Delivered,Closed,SHP075,Shipper 075,Marketplace,Outer Java,ST16_Palembang,HB05_SUMATRA_GATEWAY,East Java,ST14_Kediri,HB03_SBY_GATEWAY,Inter-Region,Same Day,Prepaid,CR147,Van,1.27,1.19,1.27,538777,32715,23941,2,1,0,,65.0,16,0,0,,1,0,,0,,41.73,5.66,10.72,ST14_Kediri,Hub Bottleneck
SHPM001692,AWB260001692,2026-03-04 05:28:03.279460,2026-03-04 05:58:03.279460,2026-03-04 06:03:03.279460,2026-03-04 13:55:55.449979,2026-03-04 14:30:55.449979,2026-03-04 16:04:55.449979,2026-03-04 18:57:21.927366,2026-03-05 01:29:49.124136,2026-03-05 09:11:21.606922,2026-03-05 18:29:04.306780,2026-03-06 10:40:20.407226,2026-03-07 05:28:03.279460,Delivered,Closed,SHP034,Shipper 034,Enterprise,Jabodetabek,ST01_JKT_Central,HB01_JKT_GATEWAY,West Java,ST08_Bogor,HB01_JKT_GATEWAY,Inter-Region,Regular,Prepaid,CR010,Bike,2.48,2.59,2.59,851031,23655,21593,8,1,0,,35.0,72,1,0,,1,0,,0,,53.2,2.87,7.69,ST08_Bogor,
SHPM001693,AWB260001693,2026-03-24 13:00:33.364615,2026-03-24 13:19:33.364615,2026-03-24 14:07:33.364615,2026-03-24 20:48:58.710372,2026-03-24 21:39:58.710372,2026-03-24 23:39:58.710372,2026-03-25 02:18:56.141443,2026-03-25 09:48:54.236867,2026-03-25 18:10:40.321930,2026-03-26 07:57:15.618324,2026-03-26 19:03:41.487229,2026-03-27 13:00:33.364615,Delivered,Closed,SHP078,Shipper 078,SME,Outer Java,ST17_Makassar,HB06_EASTERN_GATEWAY,Central Java,ST11_Yogyakarta,HB04_CTG_NATIONAL,Inter-Region,Regular,Prepaid,CR156,Van,0.91,1.29,1.29,1519192,17805,15028,8,1,0,,51.0,72,1,0,,1,0,,0,,54.05,2.65,8.36,ST11_Yogyakarta,
SHPM001694,AWB260001694,2026-03-07 15:29:35.695416,2026-03-07 15:51:35.695416,2026-03-07 16:15:35.695416,2026-03-07 19:28:19.302733,2026-03-07 20:40:19.302733,2026-03-07 22:21:19.302733,2026-03-08 00:01:33.903376,2026-03-08 05:16:24.982235,2026-03-08 08:10:45.382533,2026-03-09 01:49:52.791802,2026-03-09 19:14:44.369961,2026-03-10 15:29:35.695416,Delivered,Closed,SHP100,Shipper 100,Marketplace,Central Java,ST11_Yogyakarta,HB04_CTG_NATIONAL,Jabodetabek,ST05_Tangerang,HB01_JKT_GATEWAY,Inter-Region,Regular,Prepaid,CR100,Bike,2.98,2.71,2.98,363481,25410,16871,8,1,0,,72.0,72,1,0,,1,0,,0,,51.75,1.67,2.91,ST05_Tangerang,
SHPM001695,AWB260001695,2026-02-19 10:06:23.177936,2026-02-19 10:45:23.177936,2026-02-19 11:27:23.177936,2026-02-19 16:03:24.418782,2026-02-19 16:40:24.418782,2026-02-19 18:30:24.418782,2026-02-19 23:26:34.594200,2026-02-20 03:54:33.662245,2026-02-20 10:13:00.451706,2026-02-20 21:00:20.422627,2026-02-21 12:03:07.994872,2026-02-22 10:06:23.177936,Delivered,Closed,SHP037,Shipper 037,Marketplace,Central Java,ST11_Yogyakarta,HB04_CTG_NATIONAL,East Java,ST14_Kediri,HB03_SBY_GATEWAY,Inter-Region,Regular,Prepaid,CR106,Bike,1.04,1.36,1.36,1419428,18120,16246,8,1,0,,37.0,72,1,0,,1,0,,0,,49.95,4.94,6.31,ST14_Kediri,
SHPM001696,AWB260001696,2026-03-30 23:37:54.937863,2026-03-31 00:20:54.937863,2026-03-31 00:46:54.937863,,,,,,,,,2026-03-31 15:37:54.937863,Failed Pickup,Exception,SHP009,Shipper 009,Marketplace,West Java,ST08_Bogor,HB01_JKT_GATEWAY,Jabodetabek,ST05_Tangerang,HB01_JKT_GATEWAY,Inter-Region,Same Day,Prepaid,CR080,Van,2.23,2.39,2.39,2326599,37755,33619,2,0,1,Shipper Not Ready,,16,0,0,,0,0,,0,,156.37,,,ST08_Bogor,
SHPM001697,AWB260001697,2026-03-18 10:30:37.919551,2026-03-18 11:05:37.919551,2026-03-18 11:43:37.919551,2026-03-18 15:10:53.310412,2026-03-18 16:07:53.310412,2026-03-18 16:32:53.310412,2026-03-18 18:04:07.125840,2026-03-19 03:48:56.993206,2026-03-19 08:43:54.692561,2026-03-19 23:27:42.440656,2026-03-20 14:00:17.279932,2026-03-19 22:30:37.919551,Delivered,Closed,SHP049,Shipper 049,Enterprise,Jabodetabek,ST05_Tangerang,HB01_JKT_GATEWAY,Outer Java,ST16_Palembang,HB05_SUMATRA_GATEWAY,Inter-Region,Next Day,Prepaid,CR050,Van,2.01,1.82,2.01,183052,29045,19051,4,0,0,,57.0,36,0,0,,1,0,,0,,51.49,1.52,4.92,ST16_Palembang,First Mile Delay
SHPM001698,AWB260001698,2026-03-13 10:47:15.977298,2026-03-13 11:16:15.977298,2026-03-13 12:05:15.977298,2026-03-13 12:17:59.666581,2026-03-13 13:01:59.666581,2026-03-13 14:52:59.666581,2026-03-13 19:51:41.342335,2026-03-14 04:34:28.617863,2026-03-14 08:16:19.872592,2026-03-14 13:38:31.562725,2026-03-14 23:18:48.648376,2026-03-14 22:47:15.977298,Delivered,Closed,SHP034,Shipper 034,Enterprise,Jabodetabek,ST01_JKT_Central,HB01_JKT_GATEWAY,East Java,ST12_Surabaya,HB03_SBY_GATEWAY,Inter-Region,Next Day,Prepaid,CR005,Van,0.85,0.89,0.89,393553,24005,16786,4,1,0,,44.0,36,0,0,,1,0,,0,,36.53,4.98,3.7,ST12_Surabaya,Last Mile Delay
SHPM001699,AWB260001699,2026-03-24 08:41:36.550646,2026-03-24 09:04:36.550646,2026-03-24 10:01:36.550646,2026-03-24 22:56:38.441339,2026-03-25 00:09:38.441339,2026-03-25 00:42:38.441339,2026-03-25 02:23:42.440119,2026-03-25 11:01:02.637141,2026-03-25 22:26:46.744996,2026-03-26 03:51:23.864376,2026-03-26 12:36:05.624526,2026-03-25 20:41:36.550646,Delivered,Closed,SHP018,Shipper 018,Enterprise,West Java,ST07_Cirebon,HB02_BDG_TRANSIT,Outer Java,ST20_Banjarmasin,HB06_EASTERN_GATEWAY,Inter-Region,Next Day,Prepaid,CR075,Van,0.52,0.81,0.81,452945,23645,18132,4,0,0,,73.0,36,0,0,,1,0,,0,,51.91,1.68,11.43,ST20_Banjarmasin,First Mile Delay
SHPM001700,AWB260001700,2026-03-11 09:00:51.499792,2026-03-11 09:36:51.499792,2026-03-11 10:08:51.499792,2026-03-11 13:24:54.370921,2026-03-11 14:04:54.370921,2026-03-11 15:15:54.370921,2026-03-11 17:35:38.072701,2026-03-11 20:35:38.668820,2026-03-11 23:29:14.080853,2026-03-12 16:18:50.113756,2026-03-13 05:45:11.413155,2026-03-14 09:00:51.499792,Delivered,Closed,SHP027,Shipper 027,SME,Jabodetabek,ST05_Tangerang,HB01_JKT_GATEWAY,East Java,ST14_Kediri,HB03_SBY_GATEWAY,Inter-Region,Regular,COD,CR048,Van,1.07,1.1,1.1,1521015,20950,14762,8,1,0,,40.0,72,1,0,,1,0,,0,,44.74,2.33,2.89,ST14_Kediri,
SHPM001701,AWB260001701,2026-03-10 02:36:03.932487,2026-03-10 02:44:03.932487,2026-03-10 03:03:03.932487,2026-03-10 09:34:54.549055,2026-03-10 10:14:54.549055,2026-03-10 10:47:54.549055,2026-03-10 12:33:21.952270,2026-03-10 21:13:58.227952,2026-03-11 03:10:54.086944,2026-03-11 21:05:37.006143,2026-03-12 13:08:41.604493,2026-03-13 02:36:03.932487,Delivered,Closed,SHP058,Shipper 058,Enterprise,Jabodetabek,ST01_JKT_Central,HB01_JKT_GATEWAY,Central Java,ST09_Semarang,HB04_CTG_NATIONAL,Inter-Region,Regular,Prepaid,CR005,Bike,0.5,0.5,0.5,151639,14250,12455,8,1,0,,40.0,72,1,0,,1,0,,0,,58.54,1.76,5.95,ST09_Semarang,
SHPM001702,AWB260001702,2026-03-18 23:00:03.173369,2026-03-18 23:42:03.173369,2026-03-19 00:12:03.173369,2026-03-19 03:26:05.913933,2026-03-19 04:12:05.913933,2026-03-19 05:18:05.913933,2026-03-19 06:45:55.246726,2026-03-19 09:44:45.805518,2026-03-19 15:38:42.151377,2026-03-19 21:25:36.078705,2026-03-20 05:50:48.755693,2026-03-20 11:00:03.173369,Delivered,Closed,SHP097,Shipper 097,SME,Jabodetabek,ST03_JKT_East,HB01_JKT_GATEWAY,West Java,ST08_Bogor,HB01_JKT_GATEWAY,Inter-Region,Next Day,Prepaid,CR026,Van,2.41,2.5,2.5,746067,31250,22645,4,1,0,,46.0,36,1,0,,1,0,,0,,30.85,1.46,5.9,ST08_Bogor,
SHPM001703,AWB260001703,2026-02-21 14:48:50.920187,2026-02-21 14:55:50.920187,2026-02-21 15:12:50.920187,2026-02-21 17:23:23.065522,2026-02-21 18:50:23.065522,2026-02-21 19:55:23.065522,2026-02-21 23:45:31.025592,2026-02-22 07:06:15.276891,2026-02-22 11:11:04.652603,2026-02-23 01:54:07.028789,2026-02-23 06:59:39.644701,2026-02-23 02:48:50.920187,Delivered,Closed,SHP007,Shipper 007,SME,Jabodetabek,ST05_Tangerang,HB01_JKT_GATEWAY,Central Java,ST10_Solo,HB04_CTG_NATIONAL,Inter-Region,Next Day,Prepaid,CR045,Bike,0.67,0.94,0.94,848809,24230,15784,4,1,0,,87.0,36,0,0,,1,0,,0,,40.18,3.84,4.08,ST10_Solo,Last Mile Delay
SHPM001704,AWB260001704,2026-02-19 03:05:27.543036,2026-02-19 03:15:27.543036,2026-02-19 03:35:27.543036,2026-02-19 04:07:29.921766,2026-02-19 04:42:29.921766,2026-02-19 05:51:29.921766,2026-02-19 11:48:45.913051,2026-02-19 20:00:04.828027,2026-02-20 00:38:24.734891,2026-02-20 05:51:55.852967,2026-02-20 08:55:10.362270,2026-02-19 19:05:27.543036,Delivered,Closed,SHP071,Shipper 071,Enterprise,Jabodetabek,ST04_Bekasi,HB01_JKT_GATEWAY,West Java,ST06_Bandung,HB01_JKT_GATEWAY,Inter-Region,Same Day,Prepaid,CR032,Van,0.97,0.89,0.97,741578,31365,23616,2,1,0,,35.0,16,0,0,,1,0,,0,,29.83,5.95,4.64,ST06_Bandung,Last Mile Delay
SHPM001705,AWB260001705,2026-02-25 17:01:04.713997,2026-02-25 17:10:04.713997,2026-02-25 17:29:04.713997,2026-02-25 18:28:29.013314,2026-02-25 19:33:29.013314,2026-02-25 20:18:29.013314,2026-02-26 01:15:36.359976,2026-02-26 04:57:31.481005,2026-02-26 11:13:57.735179,2026-02-26 16:27:21.892196,,2026-02-27 05:01:04.713997,Delivery Exception,Exception,SHP076,Shipper 076,Enterprise,West Java,ST06_Bandung,HB01_JKT_GATEWAY,East Java,ST12_Surabaya,HB03_SBY_GATEWAY,Inter-Region,Next Day,COD,CR056,Bike,2.29,2.5,2.5,2209369,35250,32978,4,1,0,,65.0,36,0,1,Customer Not Home,2,0,,0,,954.98,4.95,6.27,ST12_Surabaya,Delivery Exception
SHPM001706,AWB260001706,2026-03-14 01:33:19.716672,2026-03-14 01:59:19.716672,2026-03-14 02:19:19.716672,2026-03-14 04:52:15.142696,2026-03-14 05:19:15.142696,2026-03-14 05:44:15.142696,2026-03-14 07:42:15.010360,2026-03-14 11:35:50.109062,2026-03-14 13:20:31.596759,2026-03-15 02:03:14.385478,2026-03-15 07:18:11.399439,2026-03-15 13:33:19.716672,Delivered,Closed,SHP095,Shipper 095,Enterprise,Central Java,ST11_Yogyakarta,HB04_CTG_NATIONAL,West Java,ST07_Cirebon,HB02_BDG_TRANSIT,Inter-Region,Next Day,COD,CR103,Bike,4.5,6.36,6.36,674158,52620,31843,4,1,0,,27.0,36,1,0,,1,0,,0,,29.75,1.97,1.74,ST07_Cirebon,
SHPM001707,AWB260001707,2026-02-21 12:41:28.373813,2026-02-21 12:58:28.373813,2026-02-21 13:33:28.373813,2026-02-21 21:14:48.754478,2026-02-21 21:45:48.754478,2026-02-21 22:13:48.754478,2026-02-21 23:37:10.986546,2026-02-22 06:59:18.728644,2026-02-22 19:46:06.411408,2026-02-23 13:00:48.901617,2026-02-24 08:07:54.508014,2026-02-24 12:41:28.373813,Delivered,Closed,SHP030,Shipper 030,Enterprise,Jabodetabek,ST03_JKT_East,HB01_JKT_GATEWAY,Outer Java,ST17_Makassar,HB06_EASTERN_GATEWAY,Inter-Region,Regular,COD,CR020,Bike,3.55,5.74,5.74,1078917,41830,30220,8,0,0,,31.0,72,1,0,,1,0,,0,,67.44,1.39,12.78,ST17_Makassar,
SHPM001708,AWB260001708,2026-03-20 18:06:33.406647,2026-03-20 18:24:33.406647,2026-03-20 18:58:33.406647,2026-03-20 20:05:28.411020,2026-03-20 20:34:28.411020,2026-03-20 22:06:28.411020,2026-03-20 23:31:12.659072,2026-03-21 03:05:58.272877,2026-03-21 10:30:11.696708,2026-03-21 19:26:37.478761,2026-03-21 21:00:13.823020,2026-03-21 04:06:33.406647,Delivered,Closed,SHP022,Shipper 022,Marketplace,Central Java,ST11_Yogyakarta,HB04_CTG_NATIONAL,Central Java,ST09_Semarang,HB04_CTG_NATIONAL,Intra-Region,Same Day,Prepaid,CR103,Van,0.42,0.42,0.42,1376021,28890,16453,2,1,0,,29.0,10,0,0,,1,0,,0,,26.89,1.41,7.4,ST09_Semarang,Last Mile Delay
SHPM001709,AWB260001709,2026-03-10 11:35:32.478560,2026-03-10 12:08:32.478560,2026-03-10 12:13:32.478560,2026-03-10 15:02:35.834919,2026-03-10 15:44:35.834919,2026-03-10 17:11:35.834919,2026-03-10 18:27:02.405522,2026-03-10 22:41:11.278817,2026-03-11 04:34:59.132005,2026-03-11 13:08:13.182345,2026-03-11 19:54:13.671697,2026-03-11 23:35:32.478560,Delivered,Closed,SHP045,Shipper 045,Marketplace,Jabodetabek,ST05_Tangerang,HB01_JKT_GATEWAY,Central Java,ST10_Solo,HB04_CTG_NATIONAL,Inter-Region,Next Day,COD,CR052,Bike,0.56,0.55,0.56,1514786,26520,14674,4,1,0,,42.0,36,1,0,,1,0,,0,,32.31,1.26,5.9,ST10_Solo,
SHPM001710,AWB260001710,2026-03-19 21:05:39.611951,2026-03-19 21:47:39.611951,2026-03-19 22:10:39.611951,2026-03-20 03:38:41.763314,2026-03-20 04:13:41.763314,2026-03-20 04:54:41.763314,2026-03-20 10:02:08.866636,2026-03-20 11:47:48.138966,2026-03-21 01:44:45.001733,2026-03-21 05:45:53.425266,2026-03-22 01:49:55.586452,2026-03-21 21:05:39.611951,Delivered,Closed,SHP029,Shipper 029,SME,Outer Java,ST18_Balikpapan,HB06_EASTERN_GATEWAY,Outer Java,ST20_Banjarmasin,HB06_EASTERN_GATEWAY,Intra-Region,Regular,Prepaid,CR173,Bike,1.19,1.26,1.26,2252708,17670,16267,8,1,0,,35.0,48,0,0,,1,0,,0,,52.74,5.12,13.95,ST20_Banjarmasin,Hub Bottleneck
SHPM001711,AWB260001711,2026-02-27 21:48:29.106325,2026-02-27 22:21:29.106325,2026-02-27 23:05:29.106325,2026-02-28 01:09:32.736329,2026-02-28 01:57:32.736329,2026-02-28 03:00:32.736329,2026-02-28 06:02:56.420738,2026-02-28 08:44:38.480998,2026-02-28 17:37:59.419113,2026-03-01 02:36:35.882104,2026-03-01 13:01:08.688955,2026-03-01 09:48:29.106325,Delivered,Closed,SHP084,Shipper 084,Enterprise,Central Java,ST11_Yogyakarta,HB04_CTG_NATIONAL,Jabodetabek,ST03_JKT_East,HB01_JKT_GATEWAY,Inter-Region,Next Day,Prepaid,CR102,Bike,2.32,3.55,3.55,2147773,35975,22521,4,1,0,,48.0,36,0,0,,1,0,,0,,39.21,3.04,8.89,ST03_JKT_East,Last Mile Delay
SHPM001712,AWB260001712,2026-03-18 20:08:48.592007,2026-03-18 20:35:48.592007,2026-03-18 21:14:48.592007,2026-03-18 22:15:14.060987,2026-03-18 23:30:14.060987,2026-03-19 00:23:14.060987,2026-03-19 02:49:50.717064,2026-03-19 08:18:36.067114,2026-03-19 18:13:47.595808,2026-03-20 02:45:25.905499,2026-03-20 06:03:58.133734,2026-03-19 12:08:48.592007,Delivered,Closed,SHP072,Shipper 072,Enterprise,Outer Java,ST18_Balikpapan,HB06_EASTERN_GATEWAY,Jabodetabek,ST01_JKT_Central,HB01_JKT_GATEWAY,Inter-Region,Same Day,COD,CR168,Bike,0.5,0.54,0.54,866600,33430,23427,2,1,0,,75.0,16,0,0,,1,0,,0,,33.92,2.44,9.92,ST01_JKT_Central,Last Mile Delay
SHPM001713,AWB260001713,2026-03-19 17:09:32.785325,2026-03-19 17:28:32.785325,2026-03-19 17:53:32.785325,2026-03-20 00:22:29.472256,2026-03-20 00:55:29.472256,2026-03-20 02:09:29.472256,2026-03-20 05:30:00.584478,2026-03-20 10:53:25.334895,2026-03-20 20:53:24.909483,2026-03-21 05:09:01.967682,2026-03-21 09:54:07.725700,2026-03-22 17:09:32.785325,Delivered,Closed,SHP011,Shipper 011,Enterprise,Jabodetabek,ST03_JKT_East,HB01_JKT_GATEWAY,West Java,ST07_Cirebon,HB02_BDG_TRANSIT,Inter-Region,Regular,Prepaid,CR028,Van,2.79,2.89,2.89,1311550,25005,22867,8,1,0,,33.0,72,1,0,,1,0,,0,,40.74,3.34,10.0,ST07_Cirebon,
SHPM001714,AWB260001714,2026-03-02 19:53:45.330551,2026-03-02 20:30:45.330551,2026-03-02 20:45:45.330551,2026-03-03 04:46:22.982110,2026-03-03 05:49:22.982110,2026-03-03 06:10:22.982110,2026-03-03 07:47:05.250099,2026-03-03 11:45:57.807726,2026-03-03 22:08:01.848458,2026-03-04 06:53:16.487111,2026-03-04 11:31:54.125938,2026-03-04 19:53:45.330551,Delivered,Closed,SHP011,Shipper 011,Enterprise,Jabodetabek,ST02_JKT_West,HB01_JKT_GATEWAY,Jabodetabek,ST03_JKT_East,HB01_JKT_GATEWAY,Intra-Region,Regular,COD,CR013,Bike,1.18,1.23,1.23,1281884,21535,15482,8,0,0,,63.0,48,1,0,,1,0,,0,,39.64,1.61,10.37,ST03_JKT_East,
SHPM001715,AWB260001715,2026-03-19 05:49:26.934905,2026-03-19 06:26:26.934905,2026-03-19 06:57:26.934905,2026-03-19 08:59:52.338511,2026-03-19 09:47:52.338511,2026-03-19 10:13:52.338511,2026-03-19 12:38:42.895700,2026-03-19 18:09:09.087752,2026-03-20 03:10:39.564191,2026-03-20 17:34:33.622726,2026-03-20 23:20:41.287416,2026-03-22 05:49:26.934905,Delivered,Closed,SHP087,Shipper 087,Enterprise,Jabodetabek,ST02_JKT_West,HB01_JKT_GATEWAY,West Java,ST08_Bogor,HB01_JKT_GATEWAY,Inter-Region,Regular,Prepaid,CR015,Bike,2.79,2.83,2.83,1460934,24735,14497,8,1,0,,48.0,72,1,0,,1,0,,0,,41.52,2.41,9.03,ST08_Bogor,
SHPM001716,AWB260001716,2026-02-19 00:29:59.228651,2026-02-19 00:57:59.228651,2026-02-19 01:54:59.228651,2026-02-19 07:00:22.171182,2026-02-19 08:18:22.171182,2026-02-19 09:33:22.171182,2026-02-19 19:28:33.797289,2026-02-19 21:37:05.802916,2026-02-20 09:17:48.574945,2026-02-20 15:59:22.397101,2026-02-21 00:03:27.459963,2026-02-20 00:29:59.228651,Delivered,Closed,SHP090,Shipper 090,Enterprise,East Java,ST12_Surabaya,HB03_SBY_GATEWAY,East Java,ST14_Kediri,HB03_SBY_GATEWAY,Intra-Region,Next Day,Prepaid,CR109,Bike,1.46,1.52,1.52,611270,26840,23301,4,0,0,,78.0,24,0,0,,1,0,,0,,47.56,9.92,11.68,ST14_Kediri,First Mile Delay
SHPM001717,AWB260001717,2026-03-28 21:29:24.220378,2026-03-28 22:02:24.220378,2026-03-28 22:12:24.220378,2026-03-28 22:40:35.445026,2026-03-28 23:27:35.445026,2026-03-29 00:51:35.445026,2026-03-29 04:31:35.986515,2026-03-29 09:50:09.591865,2026-03-29 13:36:36.109391,2026-03-29 22:07:13.022127,2026-03-30 02:27:17.634196,2026-03-29 13:29:24.220378,Delivered,Closed,SHP071,Shipper 071,Enterprise,Jabodetabek,ST05_Tangerang,HB01_JKT_GATEWAY,West Java,ST08_Bogor,HB01_JKT_GATEWAY,Inter-Region,Same Day,Prepaid,CR053,Van,0.62,0.65,0.65,1849737,29925,21712,2,1,0,,47.0,16,0,0,,1,0,,0,,28.96,3.67,3.77,ST08_Bogor,Last Mile Delay
SHPM001718,AWB260001718,2026-02-26 13:35:50.116222,2026-02-26 14:13:50.116222,2026-02-26 14:34:50.116222,2026-02-26 17:48:37.366811,2026-02-26 18:43:37.366811,2026-02-26 20:22:37.366811,2026-02-27 02:14:10.420642,2026-02-27 09:44:00.238642,2026-02-27 17:14:33.337052,2026-02-28 08:56:14.060229,2026-02-28 16:59:44.422299,2026-02-28 01:35:50.116222,Delivered,Closed,SHP049,Shipper 049,Enterprise,Jabodetabek,ST05_Tangerang,HB01_JKT_GATEWAY,West Java,ST08_Bogor,HB01_JKT_GATEWAY,Inter-Region,Next Day,COD,CR053,Van,0.94,1.57,1.57,1430992,31065,24253,4,1,0,,55.0,36,0,0,,1,0,,0,,51.4,5.86,7.51,ST08_Bogor,Last Mile Delay
SHPM001719,AWB260001719,2026-03-16 00:39:25.385911,2026-03-16 00:59:25.385911,2026-03-16 01:44:25.385911,2026-03-16 03:44:50.159768,2026-03-16 04:11:50.159768,2026-03-16 05:17:50.159768,2026-03-16 10:41:37.914343,2026-03-16 14:56:15.599653,2026-03-16 21:45:43.988067,2026-03-17 05:14:39.283773,2026-03-17 14:32:35.239250,2026-03-19 00:39:25.385911,Delivered,Closed,SHP078,Shipper 078,SME,Outer Java,ST18_Balikpapan,HB06_EASTERN_GATEWAY,Central Java,ST11_Yogyakarta,HB04_CTG_NATIONAL,Inter-Region,Regular,Prepaid,CR172,Bike,1.88,1.76,1.88,170394,20460,16645,8,1,0,,27.0,72,1,0,,1,0,,0,,37.89,5.4,6.82,ST11_Yogyakarta,
SHPM001720,AWB260001720,2026-03-22 09:13:07.876468,2026-03-22 09:36:07.876468,2026-03-22 09:48:07.876468,2026-03-22 17:24:42.104375,2026-03-22 18:01:42.104375,2026-03-22 18:58:42.104375,2026-03-22 21:17:19.351702,2026-03-23 01:35:00.360242,2026-03-23 03:09:39.299514,2026-03-23 09:49:11.363572,2026-03-23 16:54:43.673853,2026-03-25 09:13:07.876468,Delivered,Closed,SHP088,Shipper 088,SME,Outer Java,ST18_Balikpapan,HB06_EASTERN_GATEWAY,East Java,ST14_Kediri,HB03_SBY_GATEWAY,Inter-Region,Regular,Prepaid,CR171,Van,2.24,2.72,2.72,801918,24240,20473,8,1,0,,37.0,72,1,0,,1,0,,0,,31.69,2.31,1.58,ST14_Kediri,
SHPM001721,AWB260001721,2026-03-08 01:44:06.481234,2026-03-08 02:25:06.481234,2026-03-08 02:36:06.481234,2026-03-08 04:15:55.561613,2026-03-08 05:12:55.561613,2026-03-08 06:47:55.561613,2026-03-08 10:07:32.959118,2026-03-08 18:51:29.813682,2026-03-08 21:30:13.994218,2026-03-10 21:23:42.504157,2026-03-11 04:17:10.927087,2026-03-09 13:44:06.481234,Delivered,Closed,SHP096,Shipper 096,Marketplace,Jabodetabek,ST03_JKT_East,HB01_JKT_GATEWAY,Central Java,ST09_Semarang,HB04_CTG_NATIONAL,Inter-Region,Next Day,COD,CR019,Van,2.01,2.23,2.23,1128924,34035,22752,4,1,0,,57.0,36,0,0,,1,1,Invalid Address,0,,74.55,3.33,2.65,ST09_Semarang,Last Mile Delay
SHPM001722,AWB260001722,2026-03-02 03:24:53.516173,2026-03-02 03:55:53.516173,2026-03-02 04:15:53.516173,2026-03-02 12:36:57.271118,2026-03-02 14:25:57.271118,2026-03-02 15:26:57.271118,2026-03-02 16:38:44.842877,2026-03-02 23:39:51.175534,2026-03-03 03:08:49.995965,2026-03-03 18:17:12.265835,,2026-03-05 03:24:53.516173,Delivery Exception,Exception,SHP091,Shipper 091,SME,Outer Java,ST16_Palembang,HB05_SUMATRA_GATEWAY,West Java,ST06_Bandung,HB01_JKT_GATEWAY,Inter-Region,Regular,COD,CR145,Van,1.67,1.8,1.8,279600,24100,18435,8,0,0,,109.0,72,0,1,Customer Reschedule,2,0,,0,,848.59,1.2,3.48,ST06_Bandung,Delivery Exception
SHPM001723,AWB260001723,2026-03-23 11:21:17.992480,2026-03-23 11:43:17.992480,2026-03-23 12:22:17.992480,2026-03-23 12:31:04.915765,2026-03-23 13:06:04.915765,2026-03-23 13:57:04.915765,2026-03-23 15:30:53.347226,2026-03-23 22:52:49.197708,2026-03-24 09:30:14.772485,2026-03-25 00:11:18.284732,2026-03-25 01:06:29.904463,2026-03-24 03:21:17.992480,Delivered,Closed,SHP070,Shipper 070,Enterprise,Jabodetabek,ST04_Bekasi,HB01_JKT_GATEWAY,West Java,ST06_Bandung,HB01_JKT_GATEWAY,Inter-Region,Same Day,Prepaid,CR043,Truck,1.71,2.4,2.4,847915,37800,20817,2,1,0,,35.0,16,0,0,,1,0,,0,,37.75,1.56,10.62,ST06_Bandung,Hub Bottleneck
SHPM001724,AWB260001724,2026-03-20 20:50:27.782959,2026-03-20 21:34:27.782959,2026-03-20 22:22:27.782959,2026-03-21 03:46:20.570181,2026-03-21 04:43:20.570181,2026-03-21 05:41:20.570181,2026-03-21 07:48:26.528587,2026-03-21 10:56:34.728600,2026-03-21 13:24:25.979778,2026-03-21 22:40:45.624459,2026-03-22 14:03:44.240466,2026-03-23 20:50:27.782959,Delivered,Closed,SHP076,Shipper 076,Enterprise,West Java,ST06_Bandung,HB01_JKT_GATEWAY,Central Java,ST09_Semarang,HB04_CTG_NATIONAL,Inter-Region,Regular,Prepaid,CR059,Van,2.25,2.62,2.62,229044,23790,14392,8,1,0,,57.0,72,1,0,,1,0,,0,,41.22,2.12,2.46,ST09_Semarang,
SHPM001725,AWB260001725,2026-03-26 02:04:26.014200,2026-03-26 02:35:26.014200,2026-03-26 03:32:26.014200,2026-03-26 14:15:08.236517,2026-03-26 15:55:08.236517,2026-03-26 17:43:08.236517,2026-03-26 20:00:45.047202,2026-03-27 01:34:46.142387,2026-03-27 06:08:51.256566,2026-03-27 12:34:24.570861,2026-03-28 05:12:06.515472,2026-03-29 02:04:26.014200,Delivered,Closed,SHP010,Shipper 010,Enterprise,East Java,ST12_Surabaya,HB03_SBY_GATEWAY,West Java,ST06_Bandung,HB01_JKT_GATEWAY,Inter-Region,Regular,Prepaid,CR113,Bike,0.58,0.59,0.59,2337728,14655,12680,8,0,0,,100.0,72,1,0,,1,0,,0,,51.13,2.29,4.57,ST06_Bandung,
SHPM001726,AWB260001726,2026-03-12 12:59:22.622176,2026-03-12 13:12:22.622176,2026-03-12 13:28:22.622176,2026-03-12 22:11:51.084024,2026-03-12 23:09:51.084024,2026-03-13 00:08:51.084024,2026-03-13 03:12:27.415512,2026-03-13 11:03:05.231039,2026-03-13 19:02:58.002889,2026-03-14 01:16:44.513968,2026-03-14 07:16:18.644880,2026-03-15 12:59:22.622176,Delivered,Closed,SHP003,Shipper 003,Marketplace,Outer Java,ST15_Medan,HB05_SUMATRA_GATEWAY,West Java,ST08_Bogor,HB01_JKT_GATEWAY,Inter-Region,Regular,Prepaid,CR140,Van,1.43,1.93,1.93,895392,20685,14422,8,0,0,,58.0,72,1,0,,1,0,,0,,42.28,3.06,8.0,ST08_Bogor,
SHPM001727,AWB260001727,2026-03-24 11:29:48.864841,2026-03-24 11:59:48.864841,2026-03-24 12:04:48.864841,2026-03-24 16:39:37.880958,2026-03-24 17:03:37.880958,2026-03-24 18:31:37.880958,2026-03-24 20:26:30.630072,2026-03-25 05:53:37.381434,2026-03-25 09:15:04.152419,2026-03-26 01:48:48.861098,2026-03-26 07:43:28.088071,2026-03-25 23:29:48.864841,Delivered,Closed,SHP063,Shipper 063,Enterprise,Jabodetabek,ST01_JKT_Central,HB01_JKT_GATEWAY,Outer Java,ST18_Balikpapan,HB06_EASTERN_GATEWAY,Inter-Region,Next Day,COD,CR011,Bike,0.4,0.58,0.58,935155,26610,15098,4,0,0,,24.0,36,0,0,,1,0,,0,,44.23,1.91,3.36,ST18_Balikpapan,First Mile Delay
SHPM001728,AWB260001728,2026-03-21 05:34:39.911373,2026-03-21 06:13:39.911373,2026-03-21 06:46:39.911373,2026-03-21 10:38:56.269669,2026-03-21 11:35:56.269669,2026-03-21 13:25:56.269669,2026-03-21 16:36:17.457086,2026-03-21 23:30:19.588986,2026-03-22 05:50:46.830961,2026-03-22 12:05:43.798106,2026-03-22 19:09:57.768018,2026-03-22 17:34:39.911373,Delivered,Closed,SHP042,Shipper 042,Marketplace,Jabodetabek,ST03_JKT_East,HB01_JKT_GATEWAY,West Java,ST08_Bogor,HB01_JKT_GATEWAY,Inter-Region,Next Day,Prepaid,CR029,Van,1.34,1.21,1.34,157861,26030,17776,4,0,0,,57.0,36,0,0,,1,0,,0,,37.59,3.17,6.34,ST08_Bogor,First Mile Delay
SHPM001729,AWB260001729,2026-03-24 10:42:06.273109,2026-03-24 10:50:06.273109,2026-03-24 10:59:06.273109,2026-03-24 11:30:46.773200,2026-03-24 12:07:46.773200,2026-03-24 12:23:46.773200,2026-03-24 18:18:25.936234,2026-03-24 22:22:22.668056,2026-03-25 00:25:00.665538,2026-03-25 12:23:57.551939,2026-03-25 16:05:42.076211,2026-03-25 02:42:06.273109,Delivered,Closed,SHP095,Shipper 095,Enterprise,Central Java,ST11_Yogyakarta,HB04_CTG_NATIONAL,Jabodetabek,ST02_JKT_West,HB01_JKT_GATEWAY,Inter-Region,Same Day,Prepaid,CR101,Truck,1.03,0.97,1.03,373983,31635,29816,2,1,0,,37.0,16,0,0,,1,0,,0,,29.39,5.91,2.04,ST02_JKT_West,Last Mile Delay
SHPM001730,AWB260001730,2026-03-08 14:02:54.409451,2026-03-08 14:08:54.409451,2026-03-08 14:48:54.409451,,,,,,,,,2026-03-11 14:02:54.409451,Failed Pickup,Exception,SHP025,Shipper 025,Marketplace,East Java,ST12_Surabaya,HB03_SBY_GATEWAY,West Java,ST07_Cirebon,HB02_BDG_TRANSIT,Inter-Region,Regular,COD,CR108,Van,1.52,1.67,1.67,1152319,23515,21283,8,0,1,Shipper Not Ready,,72,0,0,,0,0,,0,,693.95,,,ST12_Surabaya,
SHPM001731,AWB260001731,2026-02-28 11:35:42.174694,2026-02-28 12:06:42.174694,2026-02-28 12:33:42.174694,2026-02-28 16:22:19.694877,2026-02-28 16:58:19.694877,2026-02-28 18:25:19.694877,2026-03-01 00:15:01.647775,2026-03-01 09:12:43.201009,2026-03-02 09:37:26.439141,2026-03-02 23:23:08.542069,2026-03-03 06:18:09.684090,2026-03-01 23:35:42.174694,Delivered,Closed,SHP031,Shipper 031,SME,East Java,ST13_Malang,HB03_SBY_GATEWAY,Jabodetabek,ST02_JKT_West,HB01_JKT_GATEWAY,Inter-Region,Next Day,Prepaid,CR123,Van,0.84,0.9,0.9,430259,24050,22369,4,0,0,,36.0,36,0,0,,1,0,,0,,66.71,5.83,24.41,ST02_JKT_West,First Mile Delay
SHPM001732,AWB260001732,2026-03-10 10:55:19.446746,2026-03-10 11:23:19.446746,2026-03-10 11:31:19.446746,2026-03-10 13:14:04.437882,2026-03-10 14:18:04.437882,2026-03-10 16:18:04.437882,2026-03-10 20:41:49.992681,2026-03-11 00:14:38.673416,2026-03-11 05:06:05.067125,2026-03-11 21:11:21.540171,2026-03-11 23:18:13.027247,2026-03-11 22:55:19.446746,Delivered,Closed,SHP002,Shipper 002,Enterprise,Jabodetabek,ST03_JKT_East,HB01_JKT_GATEWAY,East Java,ST12_Surabaya,HB03_SBY_GATEWAY,Inter-Region,Next Day,Prepaid,CR025,Bike,2.76,2.62,2.76,355310,32420,18914,4,1,0,,64.0,36,0,0,,1,0,,0,,36.38,4.4,4.86,ST12_Surabaya,Last Mile Delay
SHPM001733,AWB260001733,2026-03-15 23:17:57.324277,2026-03-15 23:38:57.324277,2026-03-16 00:00:57.324277,2026-03-16 04:36:45.814454,2026-03-16 04:46:45.814454,2026-03-16 05:54:45.814454,2026-03-16 10:21:00.260631,2026-03-16 18:21:36.350787,2026-03-17 05:19:51.361840,2026-03-18 09:02:31.737378,2026-03-18 14:13:17.093786,2026-03-18 23:17:57.324277,Delivered,Closed,SHP076,Shipper 076,Enterprise,West Java,ST06_Bandung,HB01_JKT_GATEWAY,Central Java,ST10_Solo,HB04_CTG_NATIONAL,Inter-Region,Regular,COD,CR062,Van,0.55,0.59,0.59,803945,18655,11369,8,1,0,,10.0,72,1,0,,1,1,Invalid Address,0,,62.92,4.44,10.97,ST10_Solo,
SHPM001734,AWB260001734,2026-03-06 15:27:31.008495,2026-03-06 15:58:31.008495,2026-03-06 16:31:31.008495,2026-03-06 19:14:58.368384,2026-03-06 20:14:58.368384,2026-03-06 21:06:58.368384,2026-03-06 22:27:44.065040,2026-03-07 02:24:34.915254,2026-03-07 06:15:18.921913,2026-03-07 09:36:35.805716,2026-03-07 15:50:16.575046,2026-03-07 15:27:31.008495,Delivered,Closed,SHP049,Shipper 049,Enterprise,Jabodetabek,ST05_Tangerang,HB01_JKT_GATEWAY,Jabodetabek,ST02_JKT_West,HB01_JKT_GATEWAY,Intra-Region,Next Day,Prepaid,CR049,Bike,1.08,1.23,1.23,1233003,25535,15802,4,1,0,,60.0,24,0,0,,1,0,,0,,24.38,1.35,3.85,ST02_JKT_West,Last Mile Delay
SHPM001735,AWB260001735,2026-03-06 13:49:54.274319,2026-03-06 14:34:54.274319,2026-03-06 15:18:54.274319,2026-03-06 18:47:48.346413,2026-03-06 19:35:48.346413,2026-03-06 20:53:48.346413,2026-03-06 23:46:43.516531,2026-03-07 04:38:27.290539,2026-03-07 13:09:36.441215,2026-03-07 17:26:32.002431,2026-03-08 02:58:21.637167,2026-03-07 13:49:54.274319,Delivered,Closed,SHP071,Shipper 071,Enterprise,Jabodetabek,ST04_Bekasi,HB01_JKT_GATEWAY,Jabodetabek,ST01_JKT_Central,HB01_JKT_GATEWAY,Intra-Region,Next Day,COD,CR039,Van,0.31,0.32,0.32,2212227,25440,20209,4,0,0,,48.0,24,0,0,,1,0,,0,,37.14,2.88,8.52,ST01_JKT_Central,First Mile Delay
SHPM001736,AWB260001736,2026-03-04 13:41:19.892044,2026-03-04 14:00:19.892044,2026-03-04 14:32:19.892044,2026-03-04 17:57:16.143828,2026-03-04 18:34:16.143828,2026-03-04 19:09:16.143828,2026-03-04 22:38:37.600844,2026-03-05 04:36:08.342512,2026-03-05 07:48:53.155684,2026-03-05 23:03:12.903362,2026-03-06 01:43:48.724536,2026-03-06 01:41:19.892044,Delivered,Closed,SHP069,Shipper 069,SME,West Java,ST06_Bandung,HB01_JKT_GATEWAY,Central Java,ST09_Semarang,HB04_CTG_NATIONAL,Inter-Region,Next Day,Prepaid,CR061,Bike,1.76,2.04,2.04,811409,29180,27112,4,1,0,,37.0,36,0,0,,1,0,,0,,36.04,3.49,3.21,ST09_Semarang,Last Mile Delay
SHPM001737,AWB260001737,2026-03-18 21:17:09.136149,2026-03-18 21:33:09.136149,2026-03-18 22:00:09.136149,2026-03-19 01:26:55.415485,2026-03-19 02:19:55.415485,2026-03-19 02:57:55.415485,2026-03-19 06:04:43.764627,2026-03-19 10:29:19.854586,2026-03-19 17:30:16.664945,2026-03-19 23:27:17.555646,2026-03-20 10:38:04.245233,2026-03-21 21:17:09.136149,Delivered,Closed,SHP071,Shipper 071,Enterprise,Jabodetabek,ST04_Bekasi,HB01_JKT_GATEWAY,Central Java,ST09_Semarang,HB04_CTG_NATIONAL,Inter-Region,Regular,Prepaid,CR036,Van,1.66,2.66,2.66,1192613,23970,15630,8,1,0,,53.0,72,1,0,,1,0,,0,,37.35,3.11,7.02,ST09_Semarang,
SHPM001738,AWB260001738,2026-02-18 17:17:59.339611,2026-02-18 17:43:59.339611,2026-02-18 18:23:59.339611,2026-02-18 22:30:51.710838,2026-02-18 23:20:51.710838,2026-02-18 23:58:51.710838,2026-02-19 02:31:08.267811,2026-02-19 09:27:41.891900,2026-02-20 07:16:27.262500,2026-02-20 21:54:36.913339,,2026-02-21 17:17:59.339611,Delivery Exception,Exception,SHP020,Shipper 020,SME,East Java,ST14_Kediri,HB03_SBY_GATEWAY,Jabodetabek,ST02_JKT_West,HB01_JKT_GATEWAY,Inter-Region,Regular,COD,CR136,Bike,0.6,0.54,0.6,488705,18700,12143,8,1,0,,50.0,72,0,1,Customer Not Home,3,0,,0,,1122.7,2.54,21.81,ST02_JKT_West,Hub Bottleneck
SHPM001739,AWB260001739,2026-02-25 03:52:10.767121,2026-02-25 04:09:10.767121,2026-02-25 04:25:10.767121,,,,,,,,,2026-02-28 03:52:10.767121,Failed Pickup,Exception,SHP076,Shipper 076,Enterprise,West Java,ST06_Bandung,HB01_JKT_GATEWAY,Outer Java,ST15_Medan,HB05_SUMATRA_GATEWAY,Inter-Region,Regular,Prepaid,CR059,Bike,0.91,0.86,0.91,106231,16095,10146,8,0,1,Schedule Miss,,72,0,0,,0,0,,0,,968.13,,,ST06_Bandung,
SHPM001740,AWB260001740,2026-03-10 20:21:59.103874,2026-03-10 20:55:59.103874,2026-03-10 21:30:59.103874,2026-03-11 02:08:32.238044,2026-03-11 02:51:32.238044,2026-03-11 03:49:32.238044,2026-03-11 08:10:21.721306,2026-03-11 16:13:24.293451,2026-03-12 08:20:42.770640,2026-03-12 17:43:18.107330,2026-03-13 08:08:20.147883,2026-03-13 20:21:59.103874,Delivered,Closed,SHP034,Shipper 034,Enterprise,Jabodetabek,ST01_JKT_Central,HB01_JKT_GATEWAY,Outer Java,ST20_Banjarmasin,HB06_EASTERN_GATEWAY,Inter-Region,Regular,Prepaid,CR010,Bike,1.18,1.25,1.25,1915658,17625,10887,8,1,0,,43.0,72,1,0,,1,0,,0,,59.77,4.35,16.12,ST20_Banjarmasin,
SHPM001741,AWB260001741,2026-03-28 04:23:24.720762,2026-03-28 04:55:24.720762,2026-03-28 05:25:24.720762,2026-03-28 05:46:20.736349,2026-03-28 06:42:20.736349,2026-03-28 08:16:20.736349,2026-03-28 12:11:57.641771,2026-03-28 16:01:40.733886,2026-03-28 18:27:54.893569,2026-03-29 05:27:13.191821,2026-03-29 10:55:29.458675,2026-03-28 20:23:24.720762,Delivered,Closed,SHP007,Shipper 007,SME,Jabodetabek,ST05_Tangerang,HB01_JKT_GATEWAY,East Java,ST13_Malang,HB03_SBY_GATEWAY,Inter-Region,Same Day,Prepaid,CR050,Bike,0.73,0.68,0.73,652477,30285,25541,2,1,0,,56.0,16,0,0,,1,0,,0,,30.53,3.93,2.44,ST13_Malang,Last Mile Delay
SHPM001742,AWB260001742,2026-03-12 04:29:10.538820,2026-03-12 04:46:10.538820,2026-03-12 05:12:10.538820,2026-03-12 12:28:25.234878,2026-03-12 12:45:25.234878,2026-03-12 13:57:25.234878,2026-03-12 15:23:57.079496,2026-03-12 23:46:17.496322,2026-03-13 01:26:44.375771,2026-03-13 19:14:48.713944,2026-03-14 06:44:02.809866,2026-03-15 04:29:10.538820,Delivered,Closed,SHP061,Shipper 061,Enterprise,Outer Java,ST17_Makassar,HB06_EASTERN_GATEWAY,West Java,ST08_Bogor,HB01_JKT_GATEWAY,Inter-Region,Regular,COD,CR156,Van,1.0,0.95,1.0,376349,20500,18234,8,1,0,,17.0,72,1,0,,1,0,,0,,50.25,1.44,1.67,ST08_Bogor,
SHPM001743,AWB260001743,2026-02-15 14:51:20.908553,2026-02-15 15:26:20.908553,2026-02-15 15:41:20.908553,2026-02-15 16:33:07.285429,2026-02-15 17:26:07.285429,2026-02-15 18:30:07.285429,2026-02-15 19:42:19.557397,2026-02-15 23:00:05.714070,2026-02-16 05:22:57.757006,2026-02-16 08:51:42.738925,2026-02-16 17:46:41.728126,2026-02-16 14:51:20.908553,Delivered,Closed,SHP058,Shipper 058,Enterprise,Jabodetabek,ST01_JKT_Central,HB01_JKT_GATEWAY,Jabodetabek,ST05_Tangerang,HB01_JKT_GATEWAY,Intra-Region,Next Day,Prepaid,CR011,Van,0.77,0.74,0.77,1640065,23465,21265,4,1,0,,53.0,24,0,0,,1,0,,0,,26.92,1.2,6.38,ST05_Tangerang,Last Mile Delay
SHPM001744,AWB260001744,2026-03-30 13:38:37.214779,2026-03-30 13:53:37.214779,2026-03-30 14:22:37.214779,2026-03-30 19:22:21.672484,2026-03-30 20:12:21.672484,2026-03-30 21:03:21.672484,2026-03-31 00:15:42.805194,2026-03-31 10:14:54.703742,2026-03-31 12:09:39.275726,2026-03-31 18:17:00.626094,2026-04-01 08:44:13.292510,2026-04-02 13:38:37.214779,Delivered,Closed,SHP091,Shipper 091,SME,Outer Java,ST16_Palembang,HB05_SUMATRA_GATEWAY,East Java,ST13_Malang,HB03_SBY_GATEWAY,Inter-Region,Regular,Prepaid,CR146,Van,1.09,1.61,1.61,317909,19245,16360,8,1,0,,50.0,72,1,0,,1,0,,0,,43.09,3.21,1.91,ST13_Malang,
SHPM001745,AWB260001745,2026-03-30 22:36:17.853571,2026-03-30 23:18:17.853571,2026-03-30 23:57:17.853571,2026-03-31 03:18:20.522147,2026-03-31 04:26:20.522147,2026-03-31 05:25:20.522147,2026-03-31 09:03:46.245475,2026-03-31 12:55:57.104844,2026-04-01 00:38:48.279349,2026-04-01 15:18:35.468838,2026-04-02 02:03:03.734720,2026-04-01 10:36:17.853571,Delivered,Closed,SHP014,Shipper 014,Enterprise,Jabodetabek,ST05_Tangerang,HB01_JKT_GATEWAY,West Java,ST06_Bandung,HB01_JKT_GATEWAY,Inter-Region,Next Day,Prepaid,CR052,Van,2.56,2.36,2.56,310635,31520,22767,4,0,0,,68.0,36,0,0,,1,0,,0,,51.45,3.64,11.71,ST06_Bandung,First Mile Delay
SHPM001746,AWB260001746,2026-03-20 14:46:08.966419,2026-03-20 15:01:08.966419,2026-03-20 15:19:08.966419,2026-03-20 22:18:53.412315,2026-03-20 23:11:53.412315,2026-03-20 23:58:53.412315,2026-03-21 01:48:01.358447,2026-03-21 05:45:58.521936,2026-03-21 13:55:11.594290,2026-03-22 01:55:52.806200,2026-03-22 09:11:56.480930,2026-03-23 14:46:08.966419,Delivered,Closed,SHP063,Shipper 063,Enterprise,Jabodetabek,ST05_Tangerang,HB01_JKT_GATEWAY,West Java,ST06_Bandung,HB01_JKT_GATEWAY,Inter-Region,Regular,COD,CR044,Bike,1.94,2.12,2.12,550057,25540,20827,8,1,0,,53.0,72,1,0,,1,0,,0,,42.43,1.82,8.15,ST06_Bandung,
SHPM001747,AWB260001747,2026-03-11 21:56:17.929942,2026-03-11 22:15:17.929942,2026-03-11 22:51:17.929942,2026-03-12 06:21:00.773185,2026-03-12 06:58:00.773185,2026-03-12 08:10:00.773185,2026-03-12 12:58:48.000111,2026-03-12 22:37:11.840720,2026-03-13 08:20:48.037677,2026-03-14 01:47:09.476839,2026-03-14 12:59:34.011535,2026-03-14 21:56:17.929942,Delivered,Closed,SHP030,Shipper 030,Enterprise,Jabodetabek,ST05_Tangerang,HB01_JKT_GATEWAY,East Java,ST14_Kediri,HB03_SBY_GATEWAY,Inter-Region,Regular,Prepaid,CR051,Bike,2.94,3.13,3.13,2162772,26085,14645,8,0,0,,37.0,72,1,0,,1,0,,0,,63.05,4.81,9.73,ST14_Kediri,
SHPM001748,AWB260001748,2026-03-14 13:34:29.692637,2026-03-14 14:05:29.692637,2026-03-14 14:34:29.692637,2026-03-14 23:04:46.820311,2026-03-15 00:03:46.820311,2026-03-15 01:22:46.820311,2026-03-15 02:34:59.882687,2026-03-15 10:49:43.891103,2026-03-16 03:56:20.845648,2026-03-16 17:24:50.887647,2026-03-17 12:05:47.045354,2026-03-17 13:34:29.692637,Delivered,Closed,SHP097,Shipper 097,SME,Jabodetabek,ST03_JKT_East,HB01_JKT_GATEWAY,Outer Java,ST20_Banjarmasin,HB06_EASTERN_GATEWAY,Inter-Region,Regular,COD,CR030,Bike,1.94,2.98,2.98,1334924,29410,16272,8,0,0,,59.0,72,1,0,,1,0,,0,,70.52,1.2,17.11,ST20_Banjarmasin,
SHPM001749,AWB260001749,2026-03-22 23:01:42.801705,2026-03-22 23:36:42.801705,2026-03-22 23:52:42.801705,2026-03-23 01:39:55.831986,2026-03-23 02:32:55.831986,2026-03-23 03:22:55.831986,2026-03-23 08:36:36.759832,2026-03-23 13:41:00.910282,2026-03-23 22:52:56.459830,2026-03-24 04:41:43.218350,2026-03-24 08:05:17.286117,2026-03-23 15:01:42.801705,Delivered,Closed,SHP039,Shipper 039,Marketplace,Central Java,ST10_Solo,HB04_CTG_NATIONAL,Jabodetabek,ST05_Tangerang,HB01_JKT_GATEWAY,Inter-Region,Same Day,Prepaid,CR096,Bike,0.97,0.98,0.98,344146,31410,26223,2,0,0,,53.0,16,0,0,,1,0,,0,,33.06,5.23,9.2,ST05_Tangerang,First Mile Delay
SHPM001750,AWB260001750,2026-03-29 21:37:13.706223,2026-03-29 22:13:13.706223,2026-03-29 22:29:13.706223,2026-03-30 04:04:55.114377,2026-03-30 04:36:55.114377,2026-03-30 05:49:55.114377,2026-03-30 11:20:22.426240,2026-03-30 16:45:06.268221,2026-03-31 02:25:49.195353,2026-03-31 10:16:34.611919,2026-03-31 18:09:29.485505,2026-04-01 21:37:13.706223,Delivered,Closed,SHP011,Shipper 011,Enterprise,Jabodetabek,ST03_JKT_East,HB01_JKT_GATEWAY,West Java,ST07_Cirebon,HB02_BDG_TRANSIT,Inter-Region,Regular,COD,CR029,Van,0.35,0.58,0.58,728739,18610,15844,8,1,0,,32.0,72,1,0,,1,0,,0,,44.54,5.51,9.68,ST07_Cirebon,
SHPM001751,AWB260001751,2026-03-12 14:28:46.321259,2026-03-12 15:07:46.321259,2026-03-12 15:31:46.321259,2026-03-12 17:53:48.282948,2026-03-12 18:27:48.282948,2026-03-12 19:35:48.282948,2026-03-12 20:39:10.971847,2026-03-12 23:58:05.841775,2026-03-13 05:52:20.603494,2026-03-13 11:08:11.488153,2026-03-14 09:25:05.435884,2026-03-15 14:28:46.321259,Delivered,Closed,SHP089,Shipper 089,Enterprise,Central Java,ST11_Yogyakarta,HB04_CTG_NATIONAL,Outer Java,ST17_Makassar,HB06_EASTERN_GATEWAY,Inter-Region,Regular,Prepaid,CR103,Truck,1.51,1.51,1.51,1444587,18795,13952,8,1,0,,34.0,72,1,0,,1,0,,0,,42.94,1.06,5.9,ST17_Makassar,
SHPM001752,AWB260001752,2026-02-24 05:25:20.292706,2026-02-24 05:37:20.292706,2026-02-24 06:01:20.292706,2026-02-24 07:01:02.809778,2026-02-24 08:22:02.809778,2026-02-24 10:05:02.809778,2026-02-24 12:39:48.891672,2026-02-24 22:26:00.412711,2026-02-25 05:25:52.908588,2026-02-25 18:09:08.340103,2026-02-25 23:11:41.150909,2026-02-24 21:25:20.292706,Delivered,Closed,SHP054,Shipper 054,Marketplace,West Java,ST06_Bandung,HB01_JKT_GATEWAY,Central Java,ST09_Semarang,HB04_CTG_NATIONAL,Inter-Region,Same Day,Prepaid,CR063,Bike,3.35,3.51,3.51,2718790,42795,39651,2,1,0,,81.0,16,0,0,,1,0,,0,,41.77,2.58,7.0,ST09_Semarang,Last Mile Delay
SHPM001753,AWB260001753,2026-03-22 11:16:49.136708,2026-03-22 11:56:49.136708,2026-03-22 12:35:49.136708,2026-03-22 18:25:37.041571,2026-03-22 18:47:37.041571,2026-03-22 19:41:37.041571,2026-03-22 20:59:50.962393,2026-03-23 06:24:54.613901,2026-03-23 16:01:58.396028,2026-03-24 07:21:26.170693,2026-03-24 19:54:39.572572,2026-03-25 11:16:49.136708,Delivered,Closed,SHP075,Shipper 075,Marketplace,Outer Java,ST16_Palembang,HB05_SUMATRA_GATEWAY,Jabodetabek,ST03_JKT_East,HB01_JKT_GATEWAY,Inter-Region,Regular,COD,CR148,Bike,1.51,2.19,2.19,1817225,25855,21130,8,1,0,,22.0,72,1,0,,1,0,,0,,56.63,1.3,9.62,ST03_JKT_East,
SHPM001754,AWB260001754,2026-03-03 16:54:03.848939,2026-03-03 17:07:03.848939,2026-03-03 17:24:03.848939,2026-03-03 21:54:11.075758,2026-03-03 22:02:11.075758,2026-03-03 23:19:11.075758,2026-03-04 01:20:18.012911,2026-03-04 09:45:43.643565,2026-03-04 21:22:50.640904,2026-03-05 10:56:41.665010,2026-03-05 15:38:16.374842,2026-03-05 04:54:03.848939,Delivered,Closed,SHP063,Shipper 063,Enterprise,Jabodetabek,ST05_Tangerang,HB01_JKT_GATEWAY,West Java,ST07_Cirebon,HB02_BDG_TRANSIT,Inter-Region,Next Day,Prepaid,CR047,Van,1.96,1.79,1.96,2511135,28820,27369,4,0,0,,8.0,36,0,0,,1,0,,0,,46.74,2.02,11.62,ST07_Cirebon,First Mile Delay
SHPM001755,AWB260001755,2026-03-12 23:48:18.669412,2026-03-13 00:26:18.669412,2026-03-13 00:57:18.669412,2026-03-13 01:44:23.364781,2026-03-13 02:11:23.364781,2026-03-13 03:06:23.364781,2026-03-13 04:50:50.958529,2026-03-13 09:23:21.139436,2026-03-13 15:35:11.210346,2026-03-13 17:21:12.147423,2026-03-13 23:11:37.131216,2026-03-13 23:48:18.669412,Delivered,Closed,SHP096,Shipper 096,Marketplace,Jabodetabek,ST02_JKT_West,HB01_JKT_GATEWAY,Jabodetabek,ST02_JKT_West,HB01_JKT_GATEWAY,Intra-Region,Next Day,Prepaid,CR014,Van,1.34,2.27,2.27,1036518,30215,26494,4,1,0,,27.0,24,1,0,,1,0,,0,,23.39,1.74,6.2,ST02_JKT_West,
SHPM001756,AWB260001756,2026-02-22 13:16:57.621391,2026-02-22 13:47:57.621391,2026-02-22 14:35:57.621391,2026-02-22 16:40:54.473195,2026-02-22 16:48:54.473195,2026-02-22 17:09:54.473195,2026-02-22 20:21:51.702436,2026-02-22 22:54:04.526247,2026-02-23 00:56:15.254779,2026-02-23 17:42:51.631803,2026-02-24 03:37:40.956663,2026-02-24 01:16:57.621391,Delivered,Closed,SHP065,Shipper 065,Marketplace,Jabodetabek,ST02_JKT_West,HB01_JKT_GATEWAY,West Java,ST07_Cirebon,HB02_BDG_TRANSIT,Inter-Region,Next Day,Prepaid,CR014,Bike,0.45,0.76,0.76,233520,23420,16802,4,1,0,,8.0,36,0,0,,1,0,,0,,38.35,3.2,2.04,ST07_Cirebon,Last Mile Delay
SHPM001757,AWB260001757,2026-03-31 02:10:19.034600,2026-03-31 02:40:19.034600,2026-03-31 02:54:19.034600,2026-03-31 05:28:01.937400,2026-03-31 05:45:01.937400,2026-03-31 07:11:01.937400,2026-03-31 10:37:20.512034,2026-03-31 15:15:16.371730,2026-04-01 01:07:15.952417,2026-04-01 16:01:04.946802,2026-04-01 23:41:35.254310,2026-04-01 14:10:19.034600,Delivered,Closed,SHP056,Shipper 056,Enterprise,Jabodetabek,ST03_JKT_East,HB01_JKT_GATEWAY,East Java,ST14_Kediri,HB03_SBY_GATEWAY,Inter-Region,Next Day,Prepaid,CR027,Bike,0.85,1.23,1.23,301993,25535,20951,4,1,0,,17.0,36,0,0,,1,0,,0,,45.52,3.44,9.87,ST14_Kediri,Last Mile Delay
SHPM001758,AWB260001758,2026-02-25 23:46:15.520836,2026-02-25 23:55:15.520836,2026-02-26 00:27:15.520836,2026-02-26 03:24:44.937791,2026-02-26 03:32:44.937791,2026-02-26 05:29:44.937791,2026-02-26 09:27:15.851795,2026-02-26 17:56:03.307065,2026-02-26 21:28:04.782352,2026-02-28 02:45:05.165439,2026-02-28 13:35:58.576805,2026-02-27 11:46:15.520836,Delivered,Closed,SHP057,Shipper 057,SME,Central Java,ST09_Semarang,HB04_CTG_NATIONAL,East Java,ST13_Malang,HB03_SBY_GATEWAY,Inter-Region,Next Day,Prepaid,CR087,Truck,0.65,0.7,0.7,2393062,23150,20404,4,1,0,,8.0,36,0,0,,1,1,Missed Cut-Off,0,,61.83,3.96,3.53,ST13_Malang,Last Mile Delay
SHPM001759,AWB260001759,2026-02-24 13:29:55.364519,2026-02-24 13:35:55.364519,2026-02-24 14:02:55.364519,2026-02-24 17:15:54.120803,2026-02-24 17:23:54.120803,2026-02-24 17:54:54.120803,2026-02-24 20:55:47.139517,2026-02-25 03:38:01.348136,2026-02-25 18:34:26.693620,2026-02-26 00:15:09.735068,2026-02-26 15:02:04.676235,2026-02-26 01:29:55.364519,Delivered,Closed,SHP014,Shipper 014,Enterprise,Jabodetabek,ST03_JKT_East,HB01_JKT_GATEWAY,Outer Java,ST16_Palembang,HB05_SUMATRA_GATEWAY,Inter-Region,Next Day,Prepaid,CR021,Bike,0.72,0.78,0.78,967777,23510,22329,4,1,0,,8.0,36,0,0,,1,0,,0,,49.54,3.01,14.94,ST16_Palembang,Hub Bottleneck
SHPM001760,AWB260001760,2026-03-09 20:32:23.893283,2026-03-09 21:09:23.893283,2026-03-09 21:41:23.893283,2026-03-09 22:39:10.095357,2026-03-09 23:36:10.095357,2026-03-10 00:57:10.095357,2026-03-10 06:15:39.975919,2026-03-10 12:29:48.561813,2026-03-10 15:28:57.443123,2026-03-11 00:47:21.068785,2026-03-11 04:02:11.627129,2026-03-10 12:32:23.893283,Delivered,Closed,SHP014,Shipper 014,Enterprise,Jabodetabek,ST05_Tangerang,HB01_JKT_GATEWAY,West Java,ST08_Bogor,HB01_JKT_GATEWAY,Inter-Region,Same Day,Prepaid,CR047,Van,0.55,0.55,0.55,486871,29475,23165,2,1,0,,57.0,16,0,0,,1,0,,0,,31.5,5.31,2.99,ST08_Bogor,Last Mile Delay
SHPM001761,AWB260001761,2026-02-24 22:37:29.973001,2026-02-24 23:00:29.973001,2026-02-24 23:55:29.973001,2026-02-25 03:28:17.470866,2026-02-25 04:13:17.470866,2026-02-25 04:42:17.470866,2026-02-25 10:18:34.868001,2026-02-25 15:40:40.124727,2026-02-26 07:31:20.013757,2026-02-26 18:43:14.818394,2026-02-27 12:00:28.562982,2026-02-27 22:37:29.973001,Delivered,Closed,SHP055,Shipper 055,Marketplace,East Java,ST14_Kediri,HB03_SBY_GATEWAY,Jabodetabek,ST02_JKT_West,HB01_JKT_GATEWAY,Inter-Region,Regular,Prepaid,CR131,Bike,2.14,2.44,2.44,1082877,22980,13094,8,1,0,,45.0,72,1,0,,1,0,,0,,61.38,5.6,15.84,ST02_JKT_West,
SHPM001762,AWB260001762,2026-02-27 19:39:58.472032,2026-02-27 20:05:58.472032,2026-02-27 20:23:58.472032,2026-02-27 22:30:16.448623,2026-02-27 23:08:16.448623,2026-02-27 23:44:16.448623,2026-02-28 05:15:06.086816,2026-02-28 14:02:36.602925,2026-03-01 04:58:49.741209,2026-03-01 12:35:42.116062,2026-03-01 20:45:20.065529,2026-03-01 07:39:58.472032,Delivered,Closed,SHP071,Shipper 071,Enterprise,Jabodetabek,ST04_Bekasi,HB01_JKT_GATEWAY,Outer Java,ST19_Denpasar,HB06_EASTERN_GATEWAY,Inter-Region,Next Day,COD,CR043,Truck,2.88,2.59,2.88,1859376,36960,34399,4,1,0,,38.0,36,0,0,,1,0,,0,,49.09,5.51,14.94,ST19_Denpasar,Hub Bottleneck
SHPM001763,AWB260001763,2026-02-22 19:48:22.189684,2026-02-22 19:54:22.189684,2026-02-22 20:06:22.189684,2026-02-23 00:41:19.301774,2026-02-23 01:17:19.301774,2026-02-23 02:27:19.301774,2026-02-23 06:46:22.319575,2026-02-23 09:03:13.903778,2026-02-23 12:42:35.064293,2026-02-24 04:54:46.729483,2026-02-24 11:55:24.767265,2026-02-24 07:48:22.189684,Delivered,Closed,SHP034,Shipper 034,Enterprise,Jabodetabek,ST01_JKT_Central,HB01_JKT_GATEWAY,East Java,ST12_Surabaya,HB03_SBY_GATEWAY,Inter-Region,Next Day,Prepaid,CR010,Bike,0.5,0.54,0.54,1586623,22430,12795,4,0,0,,36.0,36,0,0,,1,0,,0,,40.12,4.32,3.66,ST12_Surabaya,First Mile Delay
SHPM001764,AWB260001764,2026-03-25 07:36:37.889489,2026-03-25 08:01:37.889489,2026-03-25 08:31:37.889489,2026-03-25 15:21:23.938750,2026-03-25 15:41:23.938750,2026-03-25 16:38:23.938750,2026-03-25 19:44:20.864787,2026-03-26 04:00:30.049686,2026-03-26 07:12:03.031654,2026-03-27 00:54:43.645409,2026-03-27 18:45:09.147319,2026-03-28 07:36:37.889489,Delivered,Closed,SHP041,Shipper 041,SME,West Java,ST08_Bogor,HB01_JKT_GATEWAY,East Java,ST14_Kediri,HB03_SBY_GATEWAY,Inter-Region,Regular,Prepaid,CR081,Truck,0.88,0.84,0.88,200671,15960,9021,8,1,0,,20.0,72,1,0,,1,0,,0,,59.14,3.1,3.19,ST14_Kediri,
SHPM001765,AWB260001765,2026-03-14 10:59:58.162929,2026-03-14 11:22:58.162929,2026-03-14 11:34:58.162929,2026-03-14 13:31:08.000680,2026-03-14 15:01:08.000680,2026-03-14 16:31:08.000680,2026-03-14 20:09:44.972748,2026-03-15 02:19:07.859101,2026-03-15 09:01:33.749328,2026-03-16 00:52:53.508309,,2026-03-15 22:59:58.162929,Delivery Exception,Exception,SHP011,Shipper 011,Enterprise,Jabodetabek,ST03_JKT_East,HB01_JKT_GATEWAY,Outer Java,ST18_Balikpapan,HB06_EASTERN_GATEWAY,Inter-Region,Next Day,COD,CR020,Bike,1.29,1.33,1.33,307471,29985,24654,4,1,0,,90.0,36,0,1,Invalid Address,1,0,,0,,553.0,3.64,6.71,ST18_Balikpapan,Delivery Exception
SHPM001766,AWB260001766,2026-03-06 07:10:27.051623,2026-03-06 07:50:27.051623,2026-03-06 08:03:27.051623,2026-03-06 12:06:28.351603,2026-03-06 13:00:28.351603,2026-03-06 13:40:28.351603,2026-03-06 18:51:10.441945,2026-03-06 21:08:56.465261,2026-03-07 07:32:31.406450,2026-03-07 15:11:54.266486,,2026-03-07 19:10:27.051623,Return To Sender,RTS,SHP077,Shipper 077,Marketplace,Outer Java,ST16_Palembang,HB05_SUMATRA_GATEWAY,East Java,ST14_Kediri,HB03_SBY_GATEWAY,Inter-Region,Next Day,COD,CR150,Van,1.64,1.7,1.7,264487,31650,22967,4,0,0,,54.0,36,0,1,Customer Not Home,2,0,,1,Customer Not Home,748.83,5.18,10.39,ST14_Kediri,Hub Bottleneck
SHPM001767,AWB260001767,2026-03-15 05:23:34.898056,2026-03-15 05:55:34.898056,2026-03-15 06:16:34.898056,2026-03-15 14:04:22.766429,2026-03-15 15:06:22.766429,2026-03-15 15:50:22.766429,2026-03-15 17:12:44.278679,2026-03-15 20:04:14.541728,2026-03-16 14:21:56.119497,2026-03-17 00:57:58.975897,2026-03-17 07:24:39.081484,2026-03-18 05:23:34.898056,Delivered,Closed,SHP046,Shipper 046,SME,East Java,ST14_Kediri,HB03_SBY_GATEWAY,Central Java,ST11_Yogyakarta,HB04_CTG_NATIONAL,Inter-Region,Regular,Prepaid,CR136,Bike,1.23,1.25,1.25,501149,17625,14987,8,0,0,,62.0,72,1,0,,1,0,,0,,50.02,1.37,18.29,ST11_Yogyakarta,
SHPM001768,AWB260001768,2026-03-30 15:05:01.460950,2026-03-30 15:16:01.460950,2026-03-30 16:04:01.460950,2026-03-30 16:18:25.380514,2026-03-30 16:27:25.380514,2026-03-30 18:27:25.380514,2026-03-31 00:07:18.420999,2026-03-31 07:22:52.154618,2026-03-31 18:41:30.977683,2026-04-01 00:41:09.303293,2026-04-01 02:43:34.715839,2026-03-31 07:05:01.460950,Delivered,Closed,SHP035,Shipper 035,Enterprise,Jabodetabek,ST04_Bekasi,HB01_JKT_GATEWAY,West Java,ST08_Bogor,HB01_JKT_GATEWAY,Inter-Region,Same Day,Prepaid,CR032,Bike,0.95,0.88,0.95,257446,31275,18057,2,1,0,,9.0,16,0,0,,1,0,,0,,35.64,5.66,11.31,ST08_Bogor,Hub Bottleneck
SHPM001769,AWB260001769,2026-03-18 07:58:02.324225,2026-03-18 08:10:02.324225,2026-03-18 08:36:02.324225,2026-03-18 11:33:10.314451,2026-03-18 12:15:10.314451,2026-03-18 13:11:10.314451,2026-03-18 14:18:08.811164,2026-03-18 21:54:12.717469,2026-03-19 02:18:42.109547,2026-03-19 16:44:30.887067,2026-03-19 22:34:22.107715,2026-03-19 19:58:02.324225,Delivered,Closed,SHP035,Shipper 035,Enterprise,Jabodetabek,ST04_Bekasi,HB01_JKT_GATEWAY,Outer Java,ST15_Medan,HB05_SUMATRA_GATEWAY,Inter-Region,Next Day,Prepaid,CR041,Van,0.56,0.79,0.79,1180732,23555,13584,4,1,0,,42.0,36,0,0,,1,0,,0,,38.61,1.12,4.41,ST15_Medan,Remote Area
SHPM001770,AWB260001770,2026-03-29 07:05:03.104476,2026-03-29 07:17:03.104476,2026-03-29 07:41:03.104476,2026-03-29 16:16:51.925400,2026-03-29 17:08:51.925400,2026-03-29 18:03:51.925400,2026-03-29 22:49:25.261424,2026-03-30 01:20:14.613650,2026-03-30 12:25:10.022999,2026-03-31 03:44:18.631953,2026-04-01 02:35:08.533803,2026-04-01 07:05:03.104476,Delivered,Closed,SHP057,Shipper 057,SME,Central Java,ST09_Semarang,HB04_CTG_NATIONAL,Outer Java,ST15_Medan,HB05_SUMATRA_GATEWAY,Inter-Region,Regular,Prepaid,CR083,Bike,0.39,0.64,0.64,2533651,14880,11757,8,0,0,,52.0,72,1,0,,1,0,,0,,67.5,4.76,11.08,ST15_Medan,
SHPM001771,AWB260001771,2026-03-27 02:34:05.439190,2026-03-27 03:14:05.439190,2026-03-27 03:48:05.439190,2026-03-27 11:44:42.734660,2026-03-27 12:52:42.734660,2026-03-27 13:11:42.734660,2026-03-27 19:07:22.713356,2026-03-27 23:51:55.285047,2026-03-28 12:23:48.952250,2026-03-28 16:22:34.772576,2026-03-29 01:39:29.075631,2026-03-29 02:34:05.439190,Delivered,Closed,SHP075,Shipper 075,Marketplace,Outer Java,ST16_Palembang,HB05_SUMATRA_GATEWAY,Outer Java,ST19_Denpasar,HB06_EASTERN_GATEWAY,Intra-Region,Regular,Prepaid,CR146,Truck,3.1,3.2,3.2,673898,26400,18085,8,0,0,,68.0,48,1,0,,1,0,,0,,47.09,5.93,12.53,ST19_Denpasar,
SHPM001772,AWB260001772,2026-03-07 09:25:20.303930,2026-03-07 09:52:20.303930,2026-03-07 10:21:20.303930,2026-03-07 10:43:53.074676,2026-03-07 11:40:53.074676,2026-03-07 12:54:53.074676,2026-03-07 16:35:47.596979,2026-03-07 17:38:02.434064,2026-03-08 04:32:40.172058,2026-03-08 12:26:13.034876,2026-03-08 19:55:54.529293,2026-03-07 19:25:20.303930,Delivered,Closed,SHP051,Shipper 051,Marketplace,Outer Java,ST18_Balikpapan,HB06_EASTERN_GATEWAY,Outer Java,ST18_Balikpapan,HB06_EASTERN_GATEWAY,Intra-Region,Same Day,COD,CR170,Bike,1.59,1.78,1.78,1634003,39010,25354,2,1,0,,57.0,10,0,0,,1,0,,0,,34.51,3.68,10.91,ST18_Balikpapan,Hub Bottleneck
SHPM001773,AWB260001773,2026-02-26 15:08:39.265476,2026-02-26 15:51:39.265476,2026-02-26 16:23:39.265476,2026-02-26 18:50:44.400188,2026-02-26 19:22:44.400188,2026-02-26 20:06:44.400188,2026-02-26 22:03:19.409505,2026-02-27 07:22:06.192359,2026-02-27 18:02:21.010883,2026-02-28 07:25:19.954063,2026-02-28 11:02:41.082447,2026-02-28 03:08:39.265476,Delivered,Closed,SHP034,Shipper 034,Enterprise,Jabodetabek,ST01_JKT_Central,HB01_JKT_GATEWAY,West Java,ST06_Bandung,HB01_JKT_GATEWAY,Inter-Region,Next Day,COD,CR007,Van,0.6,0.91,0.91,449894,28095,19934,4,1,0,,32.0,36,0,0,,1,0,,0,,43.9,1.94,10.67,ST06_Bandung,Hub Bottleneck
SHPM001774,AWB260001774,2026-03-25 15:42:13.564510,2026-03-25 16:18:13.564510,2026-03-25 16:41:13.564510,2026-03-25 19:05:44.307867,2026-03-25 19:42:44.307867,2026-03-25 21:27:44.307867,2026-03-26 01:05:04.881571,2026-03-26 09:51:47.539705,2026-03-26 13:06:09.414974,2026-03-27 05:12:10.748846,2026-03-27 15:46:07.139095,2026-03-27 03:42:13.564510,Delivered,Closed,SHP049,Shipper 049,Enterprise,Jabodetabek,ST04_Bekasi,HB01_JKT_GATEWAY,Central Java,ST11_Yogyakarta,HB04_CTG_NATIONAL,Inter-Region,Next Day,COD,CR043,Van,1.08,1.17,1.17,1820423,29265,27648,4,1,0,,37.0,36,0,0,,1,0,,0,,48.06,3.62,3.24,ST11_Yogyakarta,Last Mile Delay
SHPM001775,AWB260001775,2026-03-01 19:06:06.840766,2026-03-01 19:22:06.840766,2026-03-01 19:57:06.840766,2026-03-02 01:00:53.156006,2026-03-02 01:08:53.156006,2026-03-02 02:21:53.156006,2026-03-02 04:21:10.132148,2026-03-02 11:27:30.502980,2026-03-02 15:43:24.261430,2026-03-04 01:54:48.858760,2026-03-04 19:27:53.386251,2026-03-04 19:06:06.840766,Delivered,Closed,SHP083,Shipper 083,Marketplace,Jabodetabek,ST03_JKT_East,HB01_JKT_GATEWAY,East Java,ST12_Surabaya,HB03_SBY_GATEWAY,Inter-Region,Regular,Prepaid,CR028,Bike,2.42,3.92,3.92,1974459,29640,21237,8,1,0,,8.0,72,0,0,,1,1,Capacity Delay,0,,72.36,1.99,4.26,ST12_Surabaya,Last Mile Delay
SHPM001776,AWB260001776,2026-03-22 06:41:20.367602,2026-03-22 06:53:20.367602,2026-03-22 07:29:20.367602,2026-03-22 10:41:51.403906,2026-03-22 10:59:51.403906,2026-03-22 12:53:51.403906,2026-03-22 15:29:06.483220,2026-03-22 18:50:58.963666,2026-03-22 22:44:34.490265,2026-03-23 16:21:21.706400,2026-03-24 00:21:04.474143,2026-03-25 06:41:20.367602,Delivered,Closed,SHP049,Shipper 049,Enterprise,Jabodetabek,ST05_Tangerang,HB01_JKT_GATEWAY,Outer Java,ST18_Balikpapan,HB06_EASTERN_GATEWAY,Inter-Region,Regular,Prepaid,CR053,Bike,2.17,3.45,3.45,1630644,27525,16414,8,1,0,,18.0,72,1,0,,1,0,,0,,41.66,2.59,3.89,ST18_Balikpapan,
SHPM001777,AWB260001777,2026-03-04 08:07:22.069271,2026-03-04 08:18:22.069271,2026-03-04 09:04:22.069271,2026-03-04 09:38:03.408532,2026-03-04 09:56:03.408532,2026-03-04 11:37:03.408532,2026-03-04 16:30:22.923884,2026-03-04 23:59:18.160654,2026-03-05 11:59:48.576185,2026-03-05 23:23:52.438723,2026-03-06 07:12:28.008450,2026-03-05 00:07:22.069271,Delivered,Closed,SHP084,Shipper 084,Enterprise,Central Java,ST11_Yogyakarta,HB04_CTG_NATIONAL,Outer Java,ST15_Medan,HB05_SUMATRA_GATEWAY,Inter-Region,Same Day,Prepaid,CR100,Bike,1.42,1.95,1.95,1835463,35775,20848,2,1,0,,18.0,16,0,0,,1,0,,0,,47.08,4.89,12.01,ST15_Medan,Hub Bottleneck
SHPM001778,AWB260001778,2026-02-21 15:05:58.000843,2026-02-21 15:10:58.000843,2026-02-21 16:06:58.000843,2026-02-21 19:14:50.704241,2026-02-21 19:22:50.704241,2026-02-21 20:06:50.704241,2026-02-21 22:45:50.150312,2026-02-22 04:25:56.460242,2026-02-22 15:26:58.793385,2026-02-22 21:12:49.773935,2026-02-23 05:41:11.702369,2026-02-23 03:05:58.000843,Delivered,Closed,SHP003,Shipper 003,Marketplace,Outer Java,ST18_Balikpapan,HB06_EASTERN_GATEWAY,Jabodetabek,ST05_Tangerang,HB01_JKT_GATEWAY,Inter-Region,Next Day,Prepaid,CR168,Bike,1.67,1.79,1.79,1366961,28055,16770,4,0,0,,8.0,36,0,0,,1,0,,0,,38.59,2.65,11.02,ST05_Tangerang,First Mile Delay
SHPM001779,AWB260001779,2026-03-05 22:20:06.876391,2026-03-05 22:53:06.876391,2026-03-05 23:15:06.876391,2026-03-06 05:34:32.822790,2026-03-06 06:25:32.822790,2026-03-06 07:00:32.822790,2026-03-06 12:11:20.776150,2026-03-06 21:19:37.327801,2026-03-07 01:37:13.610678,2026-03-07 07:22:42.079006,2026-03-07 14:16:41.249362,2026-03-08 22:20:06.876391,Delivered,Closed,SHP056,Shipper 056,Enterprise,Jabodetabek,ST03_JKT_East,HB01_JKT_GATEWAY,Central Java,ST09_Semarang,HB04_CTG_NATIONAL,Inter-Region,Regular,COD,CR030,Bike,3.06,3.03,3.06,395465,29770,20605,8,1,0,,51.0,72,1,0,,1,0,,0,,39.94,5.18,4.29,ST09_Semarang,
SHPM001780,AWB260001780,2026-02-18 10:12:21.681296,2026-02-18 10:49:21.681296,2026-02-18 11:28:21.681296,2026-02-18 12:21:30.051545,2026-02-18 13:07:30.051545,2026-02-18 13:48:30.051545,2026-02-18 17:34:33.865366,2026-02-19 01:03:19.236096,2026-02-19 07:30:34.994690,2026-02-19 18:17:37.222956,2026-02-19 22:26:33.266054,2026-02-19 02:12:21.681296,Delivered,Closed,SHP057,Shipper 057,SME,Central Java,ST09_Semarang,HB04_CTG_NATIONAL,Outer Java,ST15_Medan,HB05_SUMATRA_GATEWAY,Inter-Region,Same Day,Prepaid,CR083,Van,0.65,0.68,0.68,573771,30060,22422,2,1,0,,46.0,16,0,0,,1,0,,0,,36.24,3.77,6.45,ST15_Medan,Remote Area
SHPM001781,AWB260001781,2026-03-16 12:21:24.474276,2026-03-16 12:49:24.474276,2026-03-16 13:25:24.474276,2026-03-16 16:41:25.310383,2026-03-16 18:01:25.310383,2026-03-16 19:54:25.310383,2026-03-16 22:51:34.672958,2026-03-17 01:56:06.934378,2026-03-17 12:31:53.961713,2026-03-18 13:19:40.391835,2026-03-18 18:32:38.202509,2026-03-18 00:21:24.474276,Delivered,Closed,SHP061,Shipper 061,Enterprise,Outer Java,ST17_Makassar,HB06_EASTERN_GATEWAY,Jabodetabek,ST02_JKT_West,HB01_JKT_GATEWAY,Inter-Region,Next Day,Prepaid,CR160,Bike,1.12,1.29,1.29,190394,25805,20643,4,1,0,,80.0,36,0,0,,1,1,Missed Cut-Off,0,,54.19,2.95,10.6,ST02_JKT_West,Hub Bottleneck
SHPM001782,AWB260001782,2026-03-11 16:23:55.007922,2026-03-11 16:47:55.007922,2026-03-11 17:23:55.007922,2026-03-12 06:32:51.537020,2026-03-12 07:17:51.537020,2026-03-12 07:47:51.537020,2026-03-12 15:35:33.152864,2026-03-13 01:24:10.692689,2026-03-13 14:54:46.701248,2026-03-13 23:07:52.248025,2026-03-14 08:07:22.267868,2026-03-13 04:23:55.007922,Delivered,Closed,SHP018,Shipper 018,Enterprise,West Java,ST07_Cirebon,HB02_BDG_TRANSIT,Outer Java,ST15_Medan,HB05_SUMATRA_GATEWAY,Inter-Region,Next Day,Prepaid,CR065,Van,1.45,1.41,1.45,1014502,26525,15370,4,0,0,,45.0,36,0,0,,1,0,,0,,63.72,7.79,13.51,ST15_Medan,First Mile Delay
SHPM001783,AWB260001783,2026-03-22 22:30:53.759002,2026-03-22 23:08:53.759002,2026-03-22 23:36:53.759002,2026-03-23 01:14:33.865833,2026-03-23 01:25:33.865833,2026-03-23 02:34:33.865833,2026-03-23 05:57:15.234870,2026-03-23 10:11:14.562937,2026-03-23 16:50:09.858350,2026-03-24 00:02:08.894092,2026-03-24 07:11:11.083900,2026-03-24 10:30:53.759002,Delivered,Closed,SHP061,Shipper 061,Enterprise,Outer Java,ST17_Makassar,HB06_EASTERN_GATEWAY,East Java,ST12_Surabaya,HB03_SBY_GATEWAY,Inter-Region,Next Day,COD,CR157,Bike,2.84,3.57,3.57,1792548,40065,33442,4,1,0,,11.0,36,1,0,,1,0,,0,,32.67,3.38,6.65,ST12_Surabaya,
SHPM001784,AWB260001784,2026-03-26 01:30:16.384716,2026-03-26 02:10:16.384716,2026-03-26 02:42:16.384716,2026-03-26 07:37:20.734634,2026-03-26 08:33:20.734634,2026-03-26 09:27:20.734634,2026-03-26 11:17:36.512360,2026-03-26 18:44:47.610795,2026-03-27 06:14:20.762752,2026-03-27 23:49:53.031511,2026-03-28 17:07:50.534568,2026-03-29 01:30:16.384716,Delivered,Closed,SHP076,Shipper 076,Enterprise,West Java,ST06_Bandung,HB01_JKT_GATEWAY,Jabodetabek,ST04_Bekasi,HB01_JKT_GATEWAY,Inter-Region,Regular,Prepaid,CR059,Bike,1.22,1.24,1.24,2541265,17580,15527,8,1,0,,56.0,72,1,0,,1,0,,0,,63.63,1.84,11.49,ST04_Bekasi,
SHPM001785,AWB260001785,2026-02-22 17:48:15.324845,2026-02-22 18:32:15.324845,2026-02-22 19:14:15.324845,,,,,,,,,2026-02-25 17:48:15.324845,Failed Pickup,Exception,SHP023,Shipper 023,Enterprise,West Java,ST07_Cirebon,HB02_BDG_TRANSIT,Central Java,ST10_Solo,HB04_CTG_NATIONAL,Inter-Region,Regular,Prepaid,CR069,Bike,0.43,0.44,0.44,819408,13980,10383,8,0,1,Capacity Full,,72,0,0,,0,0,,0,,1026.2,,,ST07_Cirebon,
SHPM001786,AWB260001786,2026-03-16 17:43:35.514631,2026-03-16 18:19:35.514631,2026-03-16 18:47:35.514631,,,,,,,,,2026-03-17 09:43:35.514631,Failed Pickup,Exception,SHP056,Shipper 056,Enterprise,Jabodetabek,ST03_JKT_East,HB01_JKT_GATEWAY,Outer Java,ST15_Medan,HB05_SUMATRA_GATEWAY,Inter-Region,Same Day,Prepaid,CR027,Van,0.76,0.75,0.76,1605201,30420,24055,2,0,1,Schedule Miss,,16,0,0,,0,0,,0,,498.27,,,ST03_JKT_East,
SHPM001787,AWB260001787,2026-03-12 14:23:47.844504,2026-03-12 14:31:47.844504,2026-03-12 14:58:47.844504,2026-03-12 16:54:22.320266,2026-03-12 17:29:22.320266,2026-03-12 18:25:22.320266,2026-03-12 21:40:20.418036,2026-03-13 00:35:35.995367,2026-03-13 03:04:34.808683,2026-03-13 20:31:04.313134,,2026-03-14 02:23:47.844504,Delivery Exception,Exception,SHP013,Shipper 013,SME,Jabodetabek,ST04_Bekasi,HB01_JKT_GATEWAY,West Java,ST07_Cirebon,HB02_BDG_TRANSIT,Inter-Region,Next Day,Prepaid,CR033,Van,1.24,1.12,1.24,365078,25580,17621,4,1,0,,35.0,36,0,1,Remote Area Delay,2,0,,0,,597.6,3.25,2.48,ST07_Cirebon,Delivery Exception
SHPM001788,AWB260001788,2026-03-30 16:08:45.902482,2026-03-30 16:15:45.902482,2026-03-30 16:56:45.902482,2026-03-30 19:24:52.121896,2026-03-30 20:09:52.121896,2026-03-30 21:44:52.121896,2026-03-31 00:00:36.836629,2026-03-31 03:20:51.543208,2026-03-31 07:11:46.846959,2026-03-31 18:31:08.109379,2026-04-01 05:09:12.311769,2026-04-02 16:08:45.902482,Delivered,Closed,SHP062,Shipper 062,Enterprise,Jabodetabek,ST04_Bekasi,HB01_JKT_GATEWAY,Central Java,ST09_Semarang,HB04_CTG_NATIONAL,Inter-Region,Regular,COD,CR035,Truck,2.52,4.11,4.11,1359898,34495,32192,8,1,0,,45.0,72,1,0,,1,0,,0,,37.01,2.26,3.85,ST09_Semarang,
SHPM001789,AWB260001789,2026-02-21 15:28:03.790692,2026-02-21 15:46:03.790692,2026-02-21 16:16:03.790692,2026-02-21 21:15:36.084802,2026-02-21 22:03:36.084802,2026-02-21 23:03:36.084802,2026-02-22 02:41:54.150928,2026-02-22 07:08:24.041411,2026-02-22 18:01:23.202558,2026-02-23 09:40:53.434748,2026-02-23 23:25:01.845976,2026-02-24 15:28:03.790692,Delivered,Closed,SHP090,Shipper 090,Enterprise,East Java,ST14_Kediri,HB03_SBY_GATEWAY,West Java,ST06_Bandung,HB01_JKT_GATEWAY,Inter-Region,Regular,Prepaid,CR136,Bike,1.16,1.36,1.36,668562,18120,11676,8,1,0,,48.0,72,1,0,,1,0,,0,,55.95,3.64,10.88,ST06_Bandung,
SHPM001790,AWB260001790,2026-03-20 09:27:47.538513,2026-03-20 09:40:47.538513,2026-03-20 09:53:47.538513,2026-03-20 13:13:20.960496,2026-03-20 13:49:20.960496,2026-03-20 14:37:20.960496,2026-03-20 18:42:41.688824,2026-03-20 21:00:00.947146,2026-03-20 23:56:21.083944,2026-03-21 07:13:47.458016,2026-03-21 18:18:28.007573,2026-03-23 09:27:47.538513,Delivered,Closed,SHP009,Shipper 009,Marketplace,West Java,ST08_Bogor,HB01_JKT_GATEWAY,Outer Java,ST20_Banjarmasin,HB06_EASTERN_GATEWAY,Inter-Region,Regular,Prepaid,CR079,Bike,0.33,0.43,0.43,540841,13935,12182,8,1,0,,36.0,72,1,0,,1,0,,0,,32.84,4.09,2.94,ST20_Banjarmasin,
SHPM001791,AWB260001791,2026-02-27 17:33:28.297392,2026-02-27 17:50:28.297392,2026-02-27 18:06:28.297392,2026-02-28 00:16:09.918050,2026-02-28 00:55:09.918050,2026-02-28 01:38:09.918050,2026-02-28 05:05:56.413985,2026-02-28 07:27:36.376420,2026-02-28 11:23:40.734707,2026-02-28 17:21:05.132130,2026-03-01 01:58:12.035709,2026-03-01 17:33:28.297392,Delivered,Closed,SHP033,Shipper 033,Marketplace,Jabodetabek,ST04_Bekasi,HB01_JKT_GATEWAY,Jabodetabek,ST05_Tangerang,HB01_JKT_GATEWAY,Intra-Region,Regular,Prepaid,CR035,Bike,0.85,0.79,0.85,548346,15825,14874,8,1,0,,39.0,48,1,0,,1,0,,0,,32.41,3.46,3.93,ST05_Tangerang,
SHPM001792,AWB260001792,2026-02-20 18:34:04.098022,2026-02-20 18:53:04.098022,2026-02-20 19:38:04.098022,2026-02-20 21:16:31.727260,2026-02-20 21:34:31.727260,2026-02-20 23:31:31.727260,2026-02-21 02:23:06.371339,2026-02-21 04:31:19.232851,2026-02-21 08:10:58.980046,2026-02-21 23:05:31.157407,2026-02-22 07:39:54.396164,2026-02-22 06:34:04.098022,Delivered,Closed,SHP047,Shipper 047,Marketplace,Central Java,ST10_Solo,HB04_CTG_NATIONAL,West Java,ST07_Cirebon,HB02_BDG_TRANSIT,Inter-Region,Next Day,Prepaid,CR092,Van,1.11,1.78,1.78,337823,28010,22375,4,1,0,,18.0,36,0,0,,1,0,,0,,37.1,2.86,3.66,ST07_Cirebon,Last Mile Delay
SHPM001793,AWB260001793,2026-02-19 09:46:15.096665,2026-02-19 10:16:15.096665,2026-02-19 10:27:15.096665,2026-02-19 13:23:05.074433,2026-02-19 13:54:05.074433,2026-02-19 14:38:05.074433,2026-02-19 15:38:18.276635,2026-02-19 21:28:59.933204,2026-02-20 05:32:31.486580,2026-02-20 23:10:25.292375,2026-02-21 08:23:43.076100,2026-02-20 21:46:15.096665,Delivered,Closed,SHP048,Shipper 048,Enterprise,Outer Java,ST16_Palembang,HB05_SUMATRA_GATEWAY,Jabodetabek,ST02_JKT_West,HB01_JKT_GATEWAY,Inter-Region,Next Day,Prepaid,CR145,Truck,2.32,2.55,2.55,1917160,31475,25252,4,1,0,,31.0,36,0,0,,1,0,,0,,46.62,1.0,8.06,ST02_JKT_West,Last Mile Delay
SHPM001794,AWB260001794,2026-03-21 05:06:02.213980,2026-03-21 05:23:02.213980,2026-03-21 05:41:02.213980,2026-03-21 09:58:03.580691,2026-03-21 11:09:03.580691,2026-03-21 12:56:03.580691,2026-03-21 15:52:37.686335,2026-03-21 20:11:46.265065,2026-03-22 05:30:10.724427,2026-03-22 21:50:47.441086,,2026-03-24 05:06:02.213980,Delivery Exception,Exception,SHP049,Shipper 049,Enterprise,Jabodetabek,ST05_Tangerang,HB01_JKT_GATEWAY,Outer Java,ST19_Denpasar,HB06_EASTERN_GATEWAY,Inter-Region,Regular,Prepaid,CR054,Bike,1.72,1.59,1.72,2291804,19740,13266,8,1,0,,71.0,72,0,1,Cash Issue,2,0,,0,,390.9,2.94,9.31,ST19_Denpasar,Delivery Exception
SHPM001795,AWB260001795,2026-03-21 15:48:28.910021,2026-03-21 16:09:28.910021,2026-03-21 16:56:28.910021,2026-03-21 22:30:39.005671,2026-03-21 22:51:39.005671,2026-03-22 00:22:39.005671,2026-03-22 03:44:22.229255,2026-03-22 06:57:00.787454,2026-03-22 14:35:22.288461,2026-03-22 20:15:45.652286,,2026-03-24 15:48:28.910021,Damaged,Exception,SHP085,Shipper 085,Marketplace,Central Java,ST09_Semarang,HB04_CTG_NATIONAL,Jabodetabek,ST04_Bekasi,HB01_JKT_GATEWAY,Inter-Region,Regular,COD,CR089,Bike,1.36,1.43,1.43,2612603,22435,15381,8,1,0,,21.0,72,0,0,,1,1,Damaged,0,,380.19,3.36,7.64,HB04_CTG_NATIONAL,
SHPM001796,AWB260001796,2026-03-06 07:55:27.329244,2026-03-06 08:38:27.329244,2026-03-06 09:09:27.329244,2026-03-06 09:40:18.882381,2026-03-06 10:51:18.882381,2026-03-06 11:26:18.882381,2026-03-06 14:57:10.706532,2026-03-06 23:37:02.488491,2026-03-07 04:29:59.383632,2026-03-07 11:07:08.266590,,2026-03-07 19:55:27.329244,Delivery Exception,Exception,SHP084,Shipper 084,Enterprise,Central Java,ST11_Yogyakarta,HB04_CTG_NATIONAL,Outer Java,ST20_Banjarmasin,HB06_EASTERN_GATEWAY,Inter-Region,Next Day,Prepaid,CR104,Bike,1.46,1.56,1.56,2491757,27020,17159,4,1,0,,71.0,36,0,1,Customer Reschedule,3,0,,0,,748.08,3.51,4.88,ST20_Banjarmasin,Delivery Exception
SHPM001797,AWB260001797,2026-03-31 23:47:51.996448,2026-04-01 00:24:51.996448,2026-04-01 00:47:51.996448,2026-04-01 06:53:41.898634,2026-04-01 07:52:41.898634,2026-04-01 09:21:41.898634,2026-04-01 12:32:58.697682,2026-04-01 21:23:39.575967,2026-04-02 03:42:06.933744,2026-04-02 17:27:02.338054,2026-04-02 21:54:53.425260,2026-04-03 23:47:51.996448,Delivered,Closed,SHP065,Shipper 065,Marketplace,Jabodetabek,ST01_JKT_Central,HB01_JKT_GATEWAY,Central Java,ST11_Yogyakarta,HB04_CTG_NATIONAL,Inter-Region,Regular,Prepaid,CR010,Bike,0.6,0.98,0.98,2537096,16410,14613,8,1,0,,59.0,72,1,0,,1,0,,0,,46.12,3.19,6.31,ST11_Yogyakarta,
SHPM001798,AWB260001798,2026-03-14 13:48:31.682262,2026-03-14 14:04:31.682262,2026-03-14 14:25:31.682262,2026-03-14 16:30:42.987226,2026-03-14 16:53:42.987226,2026-03-14 17:24:42.987226,2026-03-14 23:17:29.807490,2026-03-15 04:57:30.042933,2026-03-16 09:02:26.221728,2026-03-17 01:50:09.086908,2026-03-17 06:25:10.865937,2026-03-16 01:48:31.682262,Delivered,Closed,SHP020,Shipper 020,SME,East Java,ST14_Kediri,HB03_SBY_GATEWAY,Outer Java,ST20_Banjarmasin,HB06_EASTERN_GATEWAY,Inter-Region,Next Day,Prepaid,CR133,Van,0.76,0.71,0.76,315227,23420,21206,4,1,0,,23.0,36,0,0,,1,0,,0,,64.61,5.88,28.08,ST20_Banjarmasin,Hub Bottleneck
SHPM001799,AWB260001799,2026-03-30 06:03:34.702358,2026-03-30 06:28:34.702358,2026-03-30 06:41:34.702358,2026-03-30 12:40:27.616934,2026-03-30 13:20:27.616934,2026-03-30 13:39:27.616934,2026-03-30 15:10:08.186019,2026-03-30 18:51:45.954495,2026-03-31 01:45:10.099228,2026-03-31 13:59:54.557573,2026-04-01 01:16:22.099666,2026-04-02 06:03:34.702358,Delivered,Closed,SHP075,Shipper 075,Marketplace,Outer Java,ST16_Palembang,HB05_SUMATRA_GATEWAY,West Java,ST07_Cirebon,HB02_BDG_TRANSIT,Inter-Region,Regular,Prepaid,CR147,Bike,5.85,6.13,6.13,2241989,39585,24940,8,1,0,,40.0,72,1,0,,1,0,,0,,43.21,1.51,6.89,ST07_Cirebon,
SHPM001800,AWB260001800,2026-02-23 08:53:38.766863,2026-02-23 09:38:38.766863,2026-02-23 10:02:38.766863,2026-02-23 14:18:40.760963,2026-02-23 15:31:40.760963,2026-02-23 16:29:40.760963,2026-02-23 21:16:09.408566,2026-02-24 02:53:06.844279,2026-02-24 07:22:38.246415,2026-02-24 20:40:10.088895,2026-02-25 05:25:53.282547,2026-02-26 08:53:38.766863,Delivered,Closed,SHP093,Shipper 093,SME,East Java,ST13_Malang,HB03_SBY_GATEWAY,Outer Java,ST17_Makassar,HB06_EASTERN_GATEWAY,Inter-Region,Regular,Prepaid,CR114,Bike,1.53,2.35,2.35,413404,22575,15144,8,1,0,,73.0,72,1,0,,1,0,,0,,44.54,4.77,4.49,ST17_Makassar,
SHPM001801,AWB260001801,2026-02-26 02:26:10.469799,2026-02-26 03:06:10.469799,2026-02-26 03:14:10.469799,2026-02-26 05:49:19.312596,2026-02-26 06:32:19.312596,2026-02-26 07:41:19.312596,2026-02-26 12:00:21.359128,2026-02-26 21:57:11.123714,2026-02-27 06:48:48.435110,2026-02-27 13:18:08.503882,2026-02-28 02:17:32.594623,2026-03-01 02:26:10.469799,Delivered,Closed,SHP084,Shipper 084,Enterprise,Central Java,ST09_Semarang,HB04_CTG_NATIONAL,East Java,ST12_Surabaya,HB03_SBY_GATEWAY,Inter-Region,Regular,Prepaid,CR089,Van,1.04,0.94,1.04,2389315,16680,14684,8,1,0,,43.0,72,1,0,,1,0,,0,,47.86,4.32,8.86,ST12_Surabaya,
SHPM001802,AWB260001802,2026-03-12 10:40:56.372246,2026-03-12 11:02:56.372246,2026-03-12 11:45:56.372246,2026-03-12 15:14:34.839597,2026-03-12 15:50:34.839597,2026-03-12 16:42:34.839597,2026-03-12 19:11:03.265952,2026-03-13 00:48:05.927304,2026-03-13 08:09:56.979442,2026-03-13 15:23:37.668333,2026-03-14 00:27:44.849208,2026-03-15 10:40:56.372246,Delivered,Closed,SHP062,Shipper 062,Enterprise,Jabodetabek,ST04_Bekasi,HB01_JKT_GATEWAY,West Java,ST08_Bogor,HB01_JKT_GATEWAY,Inter-Region,Regular,Prepaid,CR040,Truck,0.39,0.62,0.62,935784,14790,9894,8,1,0,,36.0,72,1,0,,1,0,,0,,37.78,2.47,7.36,ST08_Bogor,
SHPM001803,AWB260001803,2026-03-27 20:40:15.302884,2026-03-27 21:06:15.302884,2026-03-27 21:42:15.302884,2026-03-28 01:07:34.477432,2026-03-28 01:15:34.477432,2026-03-28 01:35:34.477432,2026-03-28 06:37:41.715990,2026-03-28 09:00:29.170765,2026-03-28 18:05:00.448804,2026-03-28 23:43:11.778976,2026-03-29 08:50:15.107100,2026-03-29 08:40:15.302884,Delivered,Closed,SHP074,Shipper 074,Enterprise,Outer Java,ST15_Medan,HB05_SUMATRA_GATEWAY,Jabodetabek,ST03_JKT_East,HB01_JKT_GATEWAY,Inter-Region,Next Day,COD,CR144,Van,2.89,3.15,3.15,682660,38175,22011,4,0,0,,8.0,36,0,0,,1,0,,0,,36.17,5.04,9.08,ST03_JKT_East,First Mile Delay
SHPM001804,AWB260001804,2026-03-25 09:22:47.720267,2026-03-25 10:02:47.720267,2026-03-25 10:50:47.720267,2026-03-25 14:26:04.777362,2026-03-25 16:05:04.777362,2026-03-25 17:53:04.777362,2026-03-25 22:36:15.758409,2026-03-26 04:04:03.840962,2026-03-26 12:14:58.905227,2026-03-27 03:35:26.748708,2026-03-27 12:00:21.238632,2026-03-26 21:22:47.720267,Delivered,Closed,SHP066,Shipper 066,Marketplace,West Java,ST07_Cirebon,HB02_BDG_TRANSIT,Jabodetabek,ST02_JKT_West,HB01_JKT_GATEWAY,Inter-Region,Next Day,Prepaid,CR066,Bike,0.28,0.27,0.28,143144,21260,18509,4,0,0,,99.0,36,0,0,,1,0,,0,,50.63,4.72,8.18,ST02_JKT_West,First Mile Delay
SHPM001805,AWB260001805,2026-03-05 06:48:08.296256,2026-03-05 06:54:08.296256,2026-03-05 07:36:08.296256,2026-03-05 09:13:00.032227,2026-03-05 09:51:00.032227,2026-03-05 11:49:00.032227,2026-03-05 14:31:09.303565,2026-03-05 20:19:03.949790,2026-03-06 01:19:28.908778,2026-03-06 17:32:09.681732,2026-03-06 23:41:15.299126,2026-03-06 18:48:08.296256,Delivered,Closed,SHP100,Shipper 100,Marketplace,Central Java,ST11_Yogyakarta,HB04_CTG_NATIONAL,Outer Java,ST16_Palembang,HB05_SUMATRA_GATEWAY,Inter-Region,Next Day,Prepaid,CR103,Van,0.87,1.14,1.14,2328468,25130,21369,4,1,0,,38.0,36,0,0,,1,0,,0,,40.89,2.7,5.01,ST16_Palembang,Remote Area
SHPM001806,AWB260001806,2026-03-29 17:40:22.263942,2026-03-29 18:12:22.263942,2026-03-29 18:48:22.263942,2026-03-29 19:35:23.658609,2026-03-29 19:48:23.658609,2026-03-29 20:52:23.658609,2026-03-30 01:05:35.598742,2026-03-30 03:16:03.610741,2026-03-30 08:18:08.751832,2026-03-30 20:59:41.693017,2026-03-31 00:31:03.497986,2026-03-30 09:40:22.263942,Delivered,Closed,SHP005,Shipper 005,Enterprise,Central Java,ST09_Semarang,HB04_CTG_NATIONAL,Jabodetabek,ST04_Bekasi,HB01_JKT_GATEWAY,Inter-Region,Same Day,Prepaid,CR083,Bike,0.44,0.44,0.44,2117521,28980,20799,2,1,0,,13.0,16,0,0,,1,0,,0,,30.84,4.22,5.03,ST04_Bekasi,Last Mile Delay
SHPM001807,AWB260001807,2026-02-27 20:45:15.936153,2026-02-27 21:09:15.936153,2026-02-27 21:41:15.936153,2026-02-28 00:53:12.824422,2026-02-28 01:24:12.824422,2026-02-28 01:44:12.824422,2026-02-28 05:20:36.971957,2026-02-28 14:57:55.433440,2026-02-28 16:51:59.086243,2026-03-01 02:51:22.577981,2026-03-01 10:39:45.936196,2026-03-01 08:45:15.936153,Delivered,Closed,SHP063,Shipper 063,Enterprise,Jabodetabek,ST05_Tangerang,HB01_JKT_GATEWAY,West Java,ST06_Bandung,HB01_JKT_GATEWAY,Inter-Region,Next Day,Prepaid,CR049,Bike,1.61,2.35,2.35,406209,30575,20783,4,1,0,,31.0,36,0,0,,1,0,,0,,37.91,3.61,1.9,ST06_Bandung,Last Mile Delay
SHPM001808,AWB260001808,2026-03-04 19:54:10.470081,2026-03-04 20:16:10.470081,2026-03-04 20:52:10.470081,2026-03-04 22:25:01.554757,2026-03-04 22:33:01.554757,2026-03-04 23:00:01.554757,2026-03-05 03:57:13.489810,2026-03-05 12:57:33.431317,2026-03-06 04:54:20.285097,2026-03-06 11:22:47.338488,2026-03-06 17:34:36.329391,2026-03-06 07:54:10.470081,Delivered,Closed,SHP090,Shipper 090,Enterprise,East Java,ST14_Kediri,HB03_SBY_GATEWAY,Jabodetabek,ST02_JKT_West,HB01_JKT_GATEWAY,Inter-Region,Next Day,Prepaid,CR132,Bike,0.46,0.44,0.46,529976,22070,13709,4,1,0,,8.0,36,0,0,,1,0,,0,,45.67,4.95,15.95,ST02_JKT_West,Hub Bottleneck
SHPM001809,AWB260001809,2026-02-16 07:32:23.369206,2026-02-16 07:47:23.369206,2026-02-16 08:23:23.369206,2026-02-16 12:51:17.973243,2026-02-16 13:24:17.973243,2026-02-16 13:45:17.973243,2026-02-16 19:42:42.436020,2026-02-17 01:37:02.470608,2026-02-17 09:30:31.830887,2026-02-18 01:06:52.836432,2026-02-18 05:22:44.758113,2026-02-19 07:32:23.369206,Delivered,Closed,SHP084,Shipper 084,Enterprise,Central Java,ST11_Yogyakarta,HB04_CTG_NATIONAL,Jabodetabek,ST05_Tangerang,HB01_JKT_GATEWAY,Inter-Region,Regular,Prepaid,CR105,Van,13.62,17.81,17.81,284379,92145,51809,8,1,0,,33.0,72,1,0,,1,0,,0,,45.84,5.96,7.89,ST05_Tangerang,
SHPM001810,AWB260001810,2026-03-25 11:06:31.503540,2026-03-25 11:37:31.503540,2026-03-25 12:16:31.503540,2026-03-25 14:02:16.358681,2026-03-25 14:39:16.358681,2026-03-25 15:11:16.358681,2026-03-25 18:41:50.581351,2026-03-25 22:12:57.779595,2026-03-26 04:00:25.199323,2026-03-26 11:24:27.171574,2026-03-27 02:17:37.390472,2026-03-26 11:06:31.503540,Delivered,Closed,SHP075,Shipper 075,Marketplace,Outer Java,ST16_Palembang,HB05_SUMATRA_GATEWAY,Outer Java,ST18_Balikpapan,HB06_EASTERN_GATEWAY,Intra-Region,Next Day,Prepaid,CR151,Bike,1.47,1.82,1.82,297729,28190,19004,4,1,0,,37.0,24,0,0,,1,0,,0,,39.18,3.51,5.79,ST18_Balikpapan,Remote Area
SHPM001811,AWB260001811,2026-03-09 21:54:37.226771,2026-03-09 22:07:37.226771,2026-03-09 22:46:37.226771,2026-03-10 00:11:24.628261,2026-03-10 00:39:24.628261,2026-03-10 01:07:24.628261,2026-03-10 02:47:35.582408,2026-03-10 12:33:26.077499,2026-03-10 20:27:47.044199,2026-03-11 14:10:37.760804,2026-03-11 18:24:18.063350,2026-03-10 13:54:37.226771,Delivered,Closed,SHP054,Shipper 054,Marketplace,West Java,ST06_Bandung,HB01_JKT_GATEWAY,Jabodetabek,ST05_Tangerang,HB01_JKT_GATEWAY,Inter-Region,Same Day,Prepaid,CR055,Van,0.48,0.59,0.59,1124820,29655,16772,2,0,0,,28.0,16,0,0,,1,0,,0,,44.49,1.67,7.91,ST05_Tangerang,First Mile Delay
SHPM001812,AWB260001812,2026-02-24 06:34:21.781328,2026-02-24 06:47:21.781328,2026-02-24 07:27:21.781328,2026-02-24 07:48:52.028021,2026-02-24 08:42:52.028021,2026-02-24 10:15:52.028021,2026-02-24 12:21:20.319075,2026-02-24 21:58:06.260480,2026-02-25 02:44:05.874207,2026-02-25 10:08:33.647618,2026-02-25 15:02:35.266281,2026-02-24 22:34:21.781328,Delivered,Closed,SHP065,Shipper 065,Marketplace,Jabodetabek,ST04_Bekasi,HB01_JKT_GATEWAY,Central Java,ST09_Semarang,HB04_CTG_NATIONAL,Inter-Region,Same Day,Prepaid,CR040,Bike,2.02,2.01,2.02,297035,36090,27224,2,1,0,,54.0,16,0,0,,1,0,,0,,32.47,2.09,4.77,ST09_Semarang,Last Mile Delay
SHPM001813,AWB260001813,2026-03-13 16:06:18.975995,2026-03-13 16:31:18.975995,2026-03-13 17:06:18.975995,2026-03-13 23:49:25.976737,2026-03-14 00:03:25.976737,2026-03-14 01:23:25.976737,2026-03-14 03:46:29.747378,2026-03-14 08:08:30.324473,2026-03-14 10:53:08.112281,2026-03-14 16:51:58.215630,2026-03-15 07:35:29.351487,2026-03-15 16:06:18.975995,Delivered,Closed,SHP074,Shipper 074,Enterprise,Outer Java,ST17_Makassar,HB06_EASTERN_GATEWAY,Outer Java,ST20_Banjarmasin,HB06_EASTERN_GATEWAY,Intra-Region,Regular,Prepaid,CR160,Van,1.26,1.96,1.96,1496723,20820,12899,8,1,0,,14.0,48,1,0,,1,0,,0,,39.49,2.38,2.74,ST20_Banjarmasin,
SHPM001814,AWB260001814,2026-02-15 13:33:00.577763,2026-02-15 14:04:00.577763,2026-02-15 14:21:00.577763,2026-02-15 15:48:56.922169,2026-02-15 16:05:56.922169,2026-02-15 16:54:56.922169,2026-02-15 18:11:43.245964,2026-02-15 21:06:57.581558,2026-02-16 04:43:36.762427,2026-02-16 19:49:02.834886,,2026-02-17 01:33:00.577763,Delivery Exception,Exception,SHP090,Shipper 090,Enterprise,East Java,ST14_Kediri,HB03_SBY_GATEWAY,Outer Java,ST17_Makassar,HB06_EASTERN_GATEWAY,Inter-Region,Next Day,Prepaid,CR126,Truck,3.36,5.13,5.13,1089610,43085,38826,4,1,0,,17.0,36,0,1,Remote Area Delay,2,0,,0,,1198.45,1.28,7.61,ST17_Makassar,Delivery Exception
SHPM001815,AWB260001815,2026-03-28 12:49:08.849189,2026-03-28 13:21:08.849189,2026-03-28 13:41:08.849189,2026-03-28 17:45:31.890913,2026-03-28 18:37:31.890913,2026-03-28 19:47:31.890913,2026-03-29 00:12:21.376576,2026-03-29 06:09:02.635205,2026-03-29 11:58:37.901377,2026-03-29 22:53:13.184859,2026-03-30 06:22:59.156925,2026-03-30 00:49:08.849189,Delivered,Closed,SHP061,Shipper 061,Enterprise,Outer Java,ST20_Banjarmasin,HB06_EASTERN_GATEWAY,East Java,ST13_Malang,HB03_SBY_GATEWAY,Inter-Region,Next Day,Prepaid,CR182,Van,3.65,3.6,3.65,2145263,36425,25136,4,0,0,,52.0,36,0,0,,1,0,,0,,41.56,4.41,5.83,ST13_Malang,First Mile Delay
SHPM001816,AWB260001816,2026-03-02 13:18:34.722953,2026-03-02 13:38:34.722953,2026-03-02 14:08:34.722953,2026-03-02 19:53:12.396165,2026-03-02 20:32:12.396165,2026-03-02 22:01:12.396165,2026-03-03 00:21:09.915561,2026-03-03 08:43:51.535935,2026-03-03 16:01:18.714606,2026-03-04 03:06:28.898244,2026-03-04 14:36:17.515840,2026-03-05 13:18:34.722953,Delivered,Closed,SHP070,Shipper 070,Enterprise,Jabodetabek,ST04_Bekasi,HB01_JKT_GATEWAY,Central Java,ST09_Semarang,HB04_CTG_NATIONAL,Inter-Region,Regular,Prepaid,CR040,Bike,0.67,0.63,0.67,1987654,15015,11303,8,1,0,,39.0,72,1,0,,1,0,,0,,49.3,2.33,7.29,ST09_Semarang,
SHPM001817,AWB260001817,2026-03-08 10:53:58.519917,2026-03-08 11:19:58.519917,2026-03-08 11:47:58.519917,,,,,,,,,2026-03-09 22:53:58.519917,Failed Pickup,Exception,SHP010,Shipper 010,Enterprise,East Java,ST12_Surabaya,HB03_SBY_GATEWAY,Central Java,ST10_Solo,HB04_CTG_NATIONAL,Inter-Region,Next Day,Prepaid,CR109,Truck,1.77,1.91,1.91,970932,28595,17045,4,0,1,Address Not Found,,36,0,0,,0,0,,0,,697.1,,,ST12_Surabaya,
SHPM001818,AWB260001818,2026-03-17 05:18:44.001880,2026-03-17 05:25:44.001880,2026-03-17 06:08:44.001880,2026-03-17 07:05:33.385869,2026-03-17 07:48:33.385869,2026-03-17 09:36:33.385869,2026-03-17 14:40:57.157908,2026-03-17 20:51:53.299817,2026-03-18 08:22:52.295743,2026-03-18 14:36:09.924484,2026-03-18 19:32:22.382264,2026-03-18 17:18:44.001880,Delivered,Closed,SHP071,Shipper 071,Enterprise,Jabodetabek,ST04_Bekasi,HB01_JKT_GATEWAY,East Java,ST13_Malang,HB03_SBY_GATEWAY,Inter-Region,Next Day,COD,CR032,Van,2.59,2.39,2.59,1664411,35655,29562,4,1,0,,43.0,36,0,0,,1,0,,0,,38.23,5.07,11.52,ST13_Malang,Hub Bottleneck
SHPM001819,AWB260001819,2026-03-08 02:38:07.139939,2026-03-08 02:58:07.139939,2026-03-08 03:43:07.139939,2026-03-08 10:32:23.095659,2026-03-08 11:47:23.095659,2026-03-08 12:03:23.095659,2026-03-08 14:55:08.587503,2026-03-08 20:02:47.992872,2026-03-09 11:44:36.286334,2026-03-10 05:23:50.945510,2026-03-10 14:02:04.518073,2026-03-11 02:38:07.139939,Delivered,Closed,SHP010,Shipper 010,Enterprise,East Java,ST12_Surabaya,HB03_SBY_GATEWAY,Jabodetabek,ST03_JKT_East,HB01_JKT_GATEWAY,Inter-Region,Regular,COD,CR112,Bike,1.47,1.5,1.5,2203640,22750,14567,8,1,0,,75.0,72,1,0,,1,0,,0,,59.4,2.86,15.7,ST03_JKT_East,
SHPM001820,AWB260001820,2026-03-18 21:42:27.816045,2026-03-18 22:01:27.816045,2026-03-18 22:52:27.816045,2026-03-19 02:47:30.789360,2026-03-19 03:42:30.789360,2026-03-19 05:14:30.789360,2026-03-19 09:45:57.445611,2026-03-19 14:14:40.173926,2026-03-20 01:35:27.684303,2026-03-20 12:45:29.505679,2026-03-20 23:25:15.831408,2026-03-20 09:42:27.816045,Delivered,Closed,SHP072,Shipper 072,Enterprise,Outer Java,ST18_Balikpapan,HB06_EASTERN_GATEWAY,West Java,ST06_Bandung,HB01_JKT_GATEWAY,Inter-Region,Next Day,Prepaid,CR170,Bike,2.59,2.8,2.8,1863404,32600,30482,4,0,0,,55.0,36,0,0,,1,0,,0,,49.71,4.52,11.35,ST06_Bandung,First Mile Delay
SHPM001821,AWB260001821,2026-03-04 03:03:10.303048,2026-03-04 03:26:10.303048,2026-03-04 04:37:10.303048,2026-03-04 12:09:44.775287,2026-03-04 13:02:44.775287,2026-03-04 15:00:44.775287,2026-03-04 22:48:43.839440,2026-03-05 03:00:26.043912,2026-03-05 19:35:32.378742,2026-03-06 01:00:46.407027,2026-03-06 07:16:56.083370,2026-03-07 03:03:10.303048,Delivered,Closed,SHP010,Shipper 010,Enterprise,East Java,ST12_Surabaya,HB03_SBY_GATEWAY,Jabodetabek,ST04_Bekasi,HB01_JKT_GATEWAY,Inter-Region,Regular,Prepaid,CR110,Bike,0.91,0.98,0.98,1127146,16410,11735,8,0,0,,53.0,72,1,0,,1,0,,0,,52.23,7.8,16.59,ST04_Bekasi,
SHPM001822,AWB260001822,2026-03-31 03:13:48.141479,2026-03-31 03:54:48.141479,2026-03-31 04:45:48.141479,2026-03-31 06:59:49.368569,2026-03-31 08:38:49.368569,2026-03-31 09:18:49.368569,2026-03-31 11:56:06.162380,2026-03-31 20:28:50.121975,2026-04-01 00:31:39.231840,2026-04-01 11:04:30.240059,2026-04-01 12:33:44.010494,2026-03-31 19:13:48.141479,Delivered,Closed,SHP019,Shipper 019,Marketplace,West Java,ST07_Cirebon,HB02_BDG_TRANSIT,Outer Java,ST15_Medan,HB05_SUMATRA_GATEWAY,Inter-Region,Same Day,Prepaid,CR064,Bike,2.16,2.63,2.63,392727,38835,32083,2,0,0,,99.0,16,0,0,,1,0,,0,,33.33,2.62,4.05,ST15_Medan,First Mile Delay
SHPM001823,AWB260001823,2026-02-18 18:16:04.120158,2026-02-18 18:52:04.120158,2026-02-18 19:24:04.120158,2026-02-18 22:31:50.263433,2026-02-18 22:58:50.263433,2026-02-19 00:53:50.263433,2026-02-19 02:02:13.079550,2026-02-19 10:28:00.173001,2026-02-19 16:12:45.593620,2026-02-20 03:52:52.969591,2026-02-20 10:40:40.776352,2026-02-20 06:16:04.120158,Delivered,Closed,SHP087,Shipper 087,Enterprise,Jabodetabek,ST02_JKT_West,HB01_JKT_GATEWAY,Central Java,ST10_Solo,HB04_CTG_NATIONAL,Inter-Region,Next Day,Prepaid,CR015,Bike,2.46,2.43,2.46,513266,31070,17113,4,1,0,,27.0,36,0,0,,1,0,,0,,40.41,1.14,5.75,ST10_Solo,Last Mile Delay
SHPM001824,AWB260001824,2026-03-01 02:44:16.803169,2026-03-01 03:07:16.803169,2026-03-01 03:31:16.803169,2026-03-01 07:34:31.876058,2026-03-01 08:25:31.876058,2026-03-01 09:29:31.876058,2026-03-01 10:52:51.692941,2026-03-01 16:14:26.064892,2026-03-02 07:25:19.201196,2026-03-02 21:50:42.935757,,2026-03-02 14:44:16.803169,Return To Sender,RTS,SHP093,Shipper 093,SME,East Java,ST13_Malang,HB03_SBY_GATEWAY,Outer Java,ST20_Banjarmasin,HB06_EASTERN_GATEWAY,Inter-Region,Next Day,Prepaid,CR118,Bike,0.68,0.97,0.97,683391,24365,17129,4,0,0,,51.0,36,0,1,Customer Not Home,3,0,,1,Customer Not Home,873.26,1.39,15.18,ST20_Banjarmasin,Hub Bottleneck
SHPM001825,AWB260001825,2026-03-18 07:12:34.716472,2026-03-18 07:18:34.716472,2026-03-18 07:37:34.716472,2026-03-18 16:13:55.755928,2026-03-18 16:47:55.755928,2026-03-18 18:31:55.755928,2026-03-18 20:03:43.095153,2026-03-18 22:29:51.912418,2026-03-19 09:31:50.281459,2026-03-19 14:43:52.125580,2026-03-20 05:20:18.405359,2026-03-20 07:12:34.716472,Delivered,Closed,SHP097,Shipper 097,SME,Jabodetabek,ST03_JKT_East,HB01_JKT_GATEWAY,Jabodetabek,ST05_Tangerang,HB01_JKT_GATEWAY,Intra-Region,Regular,COD,CR026,Truck,1.69,1.73,1.73,990064,23785,20514,8,0,0,,34.0,48,1,0,,1,0,,0,,46.13,1.53,11.03,ST05_Tangerang,
SHPM001826,AWB260001826,2026-02-19 10:26:22.947376,2026-02-19 11:00:22.947376,2026-02-19 11:05:22.947376,2026-02-19 13:34:50.849322,2026-02-19 13:53:50.849322,2026-02-19 14:37:50.849322,2026-02-19 20:35:03.797109,2026-02-19 23:08:04.363108,2026-02-20 09:00:51.450386,2026-02-20 16:19:24.532607,2026-02-21 09:42:29.366280,2026-02-21 10:26:22.947376,Delivered,Closed,SHP024,Shipper 024,Marketplace,Jabodetabek,ST03_JKT_East,HB01_JKT_GATEWAY,Jabodetabek,ST04_Bekasi,HB01_JKT_GATEWAY,Intra-Region,Regular,COD,CR030,Truck,1.95,2.64,2.64,340784,27880,24725,8,1,0,,19.0,48,1,0,,1,0,,0,,47.27,5.95,9.88,ST04_Bekasi,
SHPM001827,AWB260001827,2026-03-07 02:49:56.789106,2026-03-07 03:01:56.789106,2026-03-07 03:35:56.789106,2026-03-07 06:00:59.618186,2026-03-07 06:37:59.618186,2026-03-07 07:07:59.618186,2026-03-07 11:59:53.113780,2026-03-07 20:24:05.401955,2026-03-08 07:14:32.446660,2026-03-09 00:41:41.956181,2026-03-09 15:49:54.217335,2026-03-10 02:49:56.789106,Delivered,Closed,SHP048,Shipper 048,Enterprise,Outer Java,ST17_Makassar,HB06_EASTERN_GATEWAY,Jabodetabek,ST01_JKT_Central,HB01_JKT_GATEWAY,Inter-Region,Regular,Prepaid,CR157,Truck,1.82,1.77,1.82,1009124,20190,11543,8,1,0,,37.0,72,1,0,,1,0,,0,,61.0,4.86,10.84,ST01_JKT_Central,
SHPM001828,AWB260001828,2026-03-09 00:09:29.610647,2026-03-09 00:40:29.610647,2026-03-09 01:23:29.610647,,,,,,,,,2026-03-10 12:09:29.610647,Failed Pickup,Exception,SHP095,Shipper 095,Enterprise,Central Java,ST11_Yogyakarta,HB04_CTG_NATIONAL,West Java,ST08_Bogor,HB01_JKT_GATEWAY,Inter-Region,Next Day,Prepaid,CR100,Bike,0.84,1.02,1.02,743354,24590,23169,4,0,1,Shipper Not Ready,,36,0,0,,0,0,,0,,683.84,,,ST11_Yogyakarta,
SHPM001829,AWB260001829,2026-03-25 23:00:02.425325,2026-03-25 23:09:02.425325,2026-03-25 23:15:02.425325,2026-03-26 04:39:39.831571,2026-03-26 04:54:39.831571,2026-03-26 05:43:39.831571,2026-03-26 07:31:17.767939,2026-03-26 12:03:00.882582,2026-03-26 14:23:50.900775,2026-03-27 04:52:07.209330,2026-03-27 09:47:44.863221,2026-03-28 23:00:02.425325,Delivered,Closed,SHP049,Shipper 049,Enterprise,Jabodetabek,ST05_Tangerang,HB01_JKT_GATEWAY,East Java,ST14_Kediri,HB03_SBY_GATEWAY,Inter-Region,Regular,Prepaid,CR053,Van,1.31,1.36,1.36,1222662,18120,11659,8,1,0,,15.0,72,1,0,,1,0,,0,,34.8,1.79,2.35,ST14_Kediri,
SHPM001830,AWB260001830,2026-02-21 15:56:49.973998,2026-02-21 16:20:49.973998,2026-02-21 16:55:49.973998,2026-02-21 21:26:44.151852,2026-02-21 22:03:44.151852,2026-02-21 22:51:44.151852,2026-02-22 04:29:03.673767,2026-02-22 13:02:42.389717,2026-02-22 18:07:05.633067,2026-02-23 00:53:47.416041,2026-02-23 17:51:19.472537,2026-02-24 15:56:49.973998,Delivered,Closed,SHP052,Shipper 052,Marketplace,Jabodetabek,ST04_Bekasi,HB01_JKT_GATEWAY,East Java,ST14_Kediri,HB03_SBY_GATEWAY,Inter-Region,Regular,Prepaid,CR037,Van,0.65,0.67,0.67,543818,15015,13071,8,1,0,,37.0,72,1,0,,1,0,,0,,49.91,5.62,5.07,ST14_Kediri,
SHPM001831,AWB260001831,2026-02-18 20:36:48.345697,2026-02-18 20:42:48.345697,2026-02-18 21:00:48.345697,2026-02-19 00:27:55.322964,2026-02-19 01:16:55.322964,2026-02-19 01:49:55.322964,2026-02-19 05:54:31.365389,2026-02-19 10:34:37.569972,2026-02-19 14:12:04.496906,2026-02-20 04:39:29.276199,,2026-02-20 08:36:48.345697,Delivery Exception,Exception,SHP075,Shipper 075,Marketplace,Outer Java,ST16_Palembang,HB05_SUMATRA_GATEWAY,East Java,ST13_Malang,HB03_SBY_GATEWAY,Inter-Region,Next Day,Prepaid,CR148,Bike,1.93,2.36,2.36,580128,30620,28724,4,1,0,,49.0,36,0,1,Customer Reschedule,1,0,,0,,1119.39,4.08,3.62,ST13_Malang,Delivery Exception
SHPM001832,AWB260001832,2026-03-23 02:35:49.839180,2026-03-23 03:20:49.839180,2026-03-23 04:01:49.839180,2026-03-23 09:05:30.626851,2026-03-23 10:25:30.626851,2026-03-23 11:16:30.626851,2026-03-23 18:48:40.307180,2026-03-24 02:19:02.140901,2026-03-24 09:36:15.358648,2026-03-24 18:58:13.502903,2026-03-25 08:43:58.713273,2026-03-26 02:35:49.839180,Delivered,Closed,SHP060,Shipper 060,Enterprise,East Java,ST12_Surabaya,HB03_SBY_GATEWAY,West Java,ST08_Bogor,HB01_JKT_GATEWAY,Inter-Region,Regular,Prepaid,CR107,Bike,1.06,1.05,1.06,2599519,16770,12408,8,1,0,,80.0,72,1,0,,1,0,,0,,54.14,7.54,7.29,ST08_Bogor,
SHPM001833,AWB260001833,2026-03-23 06:16:48.853089,2026-03-23 06:22:48.853089,2026-03-23 06:40:48.853089,2026-03-23 07:45:31.072831,2026-03-23 08:05:31.072831,2026-03-23 09:42:31.072831,2026-03-23 12:33:27.141870,2026-03-23 17:08:21.062949,2026-03-23 23:24:15.829016,2026-03-24 04:35:36.371742,2026-03-24 08:49:19.596507,2026-03-24 06:16:48.853089,Delivered,Closed,SHP002,Shipper 002,Enterprise,Jabodetabek,ST01_JKT_Central,HB01_JKT_GATEWAY,Jabodetabek,ST04_Bekasi,HB01_JKT_GATEWAY,Intra-Region,Next Day,COD,CR003,Bike,0.23,0.31,0.31,1013421,25395,17199,4,1,0,,20.0,24,0,0,,1,0,,0,,26.54,2.85,6.27,ST04_Bekasi,Last Mile Delay
SHPM001834,AWB260001834,2026-02-23 15:19:31.031510,2026-02-23 16:04:31.031510,2026-02-23 16:34:31.031510,2026-02-23 20:23:29.987643,2026-02-23 21:10:29.987643,2026-02-23 22:28:29.987643,2026-02-24 03:51:26.192100,2026-02-24 10:48:23.485205,2026-02-24 16:42:57.248939,2026-02-24 23:27:47.950228,2026-02-25 15:55:24.395786,2026-02-26 15:19:31.031510,Delivered,Closed,SHP081,Shipper 081,Marketplace,West Java,ST06_Bandung,HB01_JKT_GATEWAY,Jabodetabek,ST01_JKT_Central,HB01_JKT_GATEWAY,Inter-Region,Regular,COD,CR061,Bike,1.04,1.47,1.47,306949,22615,20953,8,1,0,,47.0,72,1,0,,1,0,,0,,48.6,5.38,5.91,ST01_JKT_Central,
SHPM001835,AWB260001835,2026-03-23 03:37:34.665788,2026-03-23 04:19:34.665788,2026-03-23 04:50:34.665788,2026-03-23 09:40:43.145059,2026-03-23 10:47:43.145059,2026-03-23 11:23:43.145059,2026-03-23 16:55:47.067672,2026-03-24 00:38:33.743754,2026-03-24 07:06:48.899114,2026-03-24 18:25:38.673209,2026-03-25 05:58:14.813753,2026-03-26 03:37:34.665788,Delivered,Closed,SHP007,Shipper 007,SME,Jabodetabek,ST05_Tangerang,HB01_JKT_GATEWAY,East Java,ST14_Kediri,HB03_SBY_GATEWAY,Inter-Region,Regular,Prepaid,CR045,Van,1.31,1.22,1.31,2452027,17895,15744,8,1,0,,67.0,72,1,0,,1,0,,0,,50.34,5.53,6.47,ST14_Kediri,
SHPM001836,AWB260001836,2026-03-12 23:31:22.591088,2026-03-13 00:05:22.591088,2026-03-13 00:41:22.591088,2026-03-13 03:22:07.075132,2026-03-13 04:02:07.075132,2026-03-13 04:36:07.075132,2026-03-13 07:16:45.428323,2026-03-13 14:31:35.375743,2026-03-14 00:35:29.656307,2026-03-14 08:34:14.663844,2026-03-14 14:52:28.362628,2026-03-15 23:31:22.591088,Delivered,Closed,SHP023,Shipper 023,Enterprise,West Java,ST08_Bogor,HB01_JKT_GATEWAY,Jabodetabek,ST05_Tangerang,HB01_JKT_GATEWAY,Inter-Region,Regular,Prepaid,CR076,Bike,3.59,3.46,3.59,1469947,28155,22629,8,1,0,,40.0,72,1,0,,1,0,,0,,39.35,2.68,10.07,ST05_Tangerang,
SHPM001837,AWB260001837,2026-03-06 13:00:31.340771,2026-03-06 13:10:31.340771,2026-03-06 13:55:31.340771,2026-03-07 01:45:31.022417,2026-03-07 03:19:31.022417,2026-03-07 04:59:31.022417,2026-03-07 13:37:31.995189,2026-03-07 14:53:02.506593,2026-03-07 16:55:40.357337,2026-03-08 01:18:30.055485,2026-03-08 05:55:13.625658,2026-03-07 13:00:31.340771,Delivered,Closed,SHP018,Shipper 018,Enterprise,West Java,ST07_Cirebon,HB02_BDG_TRANSIT,West Java,ST07_Cirebon,HB02_BDG_TRANSIT,Intra-Region,Next Day,COD,CR074,Bike,0.52,0.48,0.52,1860565,26340,22021,4,0,0,,94.0,24,0,0,,1,0,,0,,40.91,8.63,2.04,ST07_Cirebon,First Mile Delay
SHPM001838,AWB260001838,2026-03-29 15:45:13.545044,2026-03-29 16:25:13.545044,2026-03-29 16:57:13.545044,2026-03-29 22:19:49.919702,2026-03-29 23:03:49.919702,2026-03-29 23:47:49.919702,2026-03-30 02:52:25.738259,2026-03-30 08:54:26.621993,2026-03-30 12:14:50.117761,2026-03-30 21:22:34.979446,2026-03-31 11:13:49.120094,2026-04-01 15:45:13.545044,Delivered,Closed,SHP095,Shipper 095,Enterprise,Central Java,ST11_Yogyakarta,HB04_CTG_NATIONAL,East Java,ST14_Kediri,HB03_SBY_GATEWAY,Inter-Region,Regular,Prepaid,CR101,Bike,1.23,1.87,1.87,621835,20415,11994,8,1,0,,44.0,72,1,0,,1,0,,0,,43.48,3.08,3.34,ST14_Kediri,
SHPM001839,AWB260001839,2026-03-21 01:27:20.584032,2026-03-21 01:41:20.584032,2026-03-21 02:06:20.584032,2026-03-21 04:44:44.117952,2026-03-21 05:18:44.117952,2026-03-21 07:04:44.117952,2026-03-21 12:15:04.670503,2026-03-21 21:59:44.019298,2026-03-22 03:19:06.150218,2026-03-22 15:40:06.354967,2026-03-22 23:04:52.536513,2026-03-22 13:27:20.584032,Delivered,Closed,SHP092,Shipper 092,Marketplace,Jabodetabek,ST03_JKT_East,HB01_JKT_GATEWAY,Outer Java,ST18_Balikpapan,HB06_EASTERN_GATEWAY,Inter-Region,Next Day,COD,CR022,Van,1.14,1.25,1.25,1467828,29625,19656,4,1,0,,34.0,36,0,0,,1,0,,0,,45.63,5.17,5.32,ST18_Balikpapan,Remote Area
SHPM001840,AWB260001840,2026-03-22 23:27:55.321738,2026-03-22 23:52:55.321738,2026-03-23 00:14:55.321738,2026-03-23 04:34:55.834881,2026-03-23 05:14:55.834881,2026-03-23 05:53:55.834881,2026-03-23 09:46:29.726643,2026-03-23 14:02:47.795983,2026-03-23 19:54:54.301957,2026-03-24 12:32:04.964553,2026-03-24 21:15:18.640886,2026-03-25 23:27:55.321738,Delivered,Closed,SHP077,Shipper 077,Marketplace,Outer Java,ST16_Palembang,HB05_SUMATRA_GATEWAY,Jabodetabek,ST05_Tangerang,HB01_JKT_GATEWAY,Inter-Region,Regular,Prepaid,CR152,Van,0.97,0.95,0.97,258600,16365,13689,8,1,0,,40.0,72,1,0,,1,0,,0,,45.79,3.88,5.87,ST05_Tangerang,
SHPM001841,AWB260001841,2026-03-10 09:47:17.600732,2026-03-10 10:00:17.600732,2026-03-10 10:09:17.600732,2026-03-10 17:05:56.882359,2026-03-10 18:08:56.882359,2026-03-10 18:35:56.882359,2026-03-10 19:52:22.307609,2026-03-10 22:38:55.913563,2026-03-11 09:06:09.760682,2026-03-11 14:25:49.436161,2026-03-11 20:42:05.580424,2026-03-13 09:47:17.600732,Delivered,Closed,SHP084,Shipper 084,Enterprise,Central Java,ST11_Yogyakarta,HB04_CTG_NATIONAL,East Java,ST12_Surabaya,HB03_SBY_GATEWAY,Inter-Region,Regular,Prepaid,CR106,Bike,3.08,3.25,3.25,282569,26625,18649,8,1,0,,63.0,72,1,0,,1,0,,0,,34.91,1.27,10.45,ST12_Surabaya,
SHPM001842,AWB260001842,2026-03-06 03:21:25.955114,2026-03-06 04:02:25.955114,2026-03-06 04:20:25.955114,2026-03-06 12:57:59.193058,2026-03-06 13:20:59.193058,2026-03-06 13:49:59.193058,2026-03-06 16:32:22.002339,2026-03-06 23:35:29.474469,2026-03-07 02:49:30.770135,2026-03-07 10:27:51.700211,2026-03-07 23:45:36.692133,2026-03-09 03:21:25.955114,Delivered,Closed,SHP046,Shipper 046,SME,East Java,ST14_Kediri,HB03_SBY_GATEWAY,West Java,ST07_Cirebon,HB02_BDG_TRANSIT,Inter-Region,Regular,Prepaid,CR133,Van,0.96,1.62,1.62,1372305,19290,11121,8,0,0,,23.0,72,1,0,,1,0,,0,,44.4,2.71,3.23,ST07_Cirebon,
SHPM001843,AWB260001843,2026-02-17 22:36:30.528028,2026-02-17 22:54:30.528028,2026-02-17 23:09:30.528028,2026-02-18 06:55:26.996368,2026-02-18 07:47:26.996368,2026-02-18 08:25:26.996368,2026-02-18 11:57:38.224302,2026-02-18 19:44:01.013624,2026-02-19 01:10:47.206878,2026-02-19 13:45:00.750932,2026-02-20 07:20:51.688877,2026-02-20 22:36:30.528028,Delivered,Closed,SHP095,Shipper 095,Enterprise,Central Java,ST11_Yogyakarta,HB04_CTG_NATIONAL,Jabodetabek,ST02_JKT_West,HB01_JKT_GATEWAY,Inter-Region,Regular,COD,CR102,Bike,1.55,1.48,1.55,1289683,22975,15249,8,0,0,,52.0,72,1,0,,1,0,,0,,56.74,3.54,5.45,ST02_JKT_West,
SHPM001844,AWB260001844,2026-03-23 16:22:57.913871,2026-03-23 16:44:57.913871,2026-03-23 17:00:57.913871,2026-03-23 19:44:17.367356,2026-03-23 20:20:17.367356,2026-03-23 21:06:17.367356,2026-03-24 02:41:19.984829,2026-03-24 06:40:14.206558,2026-03-24 11:49:07.438165,2026-03-24 18:44:28.834207,2026-03-25 05:22:23.120206,2026-03-26 16:22:57.913871,Delivered,Closed,SHP046,Shipper 046,SME,East Java,ST14_Kediri,HB03_SBY_GATEWAY,West Java,ST07_Cirebon,HB02_BDG_TRANSIT,Inter-Region,Regular,Prepaid,CR132,Bike,4.79,5.78,5.78,1605359,38010,27048,8,1,0,,36.0,72,1,0,,1,0,,0,,36.99,5.58,5.15,ST07_Cirebon,
SHPM001845,AWB260001845,2026-03-04 03:05:41.432871,2026-03-04 03:46:41.432871,2026-03-04 04:11:41.432871,2026-03-04 08:22:27.167911,2026-03-04 08:57:27.167911,2026-03-04 09:23:27.167911,2026-03-04 10:30:30.543982,2026-03-04 14:25:59.175161,2026-03-05 00:51:04.881806,2026-03-05 12:51:09.018673,2026-03-06 01:11:00.632625,2026-03-07 03:05:41.432871,Delivered,Closed,SHP048,Shipper 048,Enterprise,Outer Java,ST17_Makassar,HB06_EASTERN_GATEWAY,Jabodetabek,ST03_JKT_East,HB01_JKT_GATEWAY,Inter-Region,Regular,COD,CR157,Bike,5.1,5.23,5.23,1811436,39535,33537,8,1,0,,35.0,72,1,0,,1,0,,0,,46.09,1.12,10.42,ST03_JKT_East,
SHPM001846,AWB260001846,2026-02-19 21:41:38.592551,2026-02-19 22:25:38.592551,2026-02-19 23:03:38.592551,2026-02-20 00:09:22.901537,2026-02-20 00:46:22.901537,2026-02-20 01:36:22.901537,2026-02-20 02:53:23.638473,2026-02-20 05:59:38.238890,2026-02-20 14:59:47.963235,2026-02-20 21:19:51.601968,2026-02-21 02:39:32.859267,2026-02-21 09:41:38.592551,Delivered,Closed,SHP070,Shipper 070,Enterprise,Jabodetabek,ST04_Bekasi,HB01_JKT_GATEWAY,West Java,ST07_Cirebon,HB02_BDG_TRANSIT,Inter-Region,Next Day,Prepaid,CR032,Bike,0.61,0.59,0.61,897774,22745,21184,4,1,0,,37.0,36,1,0,,1,0,,0,,28.97,1.28,9.0,ST07_Cirebon,
SHPM001847,AWB260001847,2026-02-21 11:04:45.083261,2026-02-21 11:27:45.083261,2026-02-21 11:48:45.083261,2026-02-21 13:25:35.021489,2026-02-21 14:24:35.021489,2026-02-21 15:34:35.021489,2026-02-21 18:44:45.179060,2026-02-21 21:12:12.698022,2026-02-22 01:32:00.377621,2026-02-22 06:41:20.059200,2026-02-22 11:01:20.406548,2026-02-22 03:04:45.083261,Delivered,Closed,SHP064,Shipper 064,Marketplace,Jabodetabek,ST01_JKT_Central,HB01_JKT_GATEWAY,West Java,ST08_Bogor,HB01_JKT_GATEWAY,Inter-Region,Same Day,Prepaid,CR011,Bike,0.88,0.88,0.88,1869502,30960,29209,2,1,0,,59.0,16,0,0,,1,0,,0,,23.94,3.17,4.33,ST08_Bogor,Last Mile Delay
SHPM001848,AWB260001848,2026-03-28 11:14:16.139750,2026-03-28 11:35:16.139750,2026-03-28 11:59:16.139750,2026-03-28 12:21:00.210884,2026-03-28 12:45:00.210884,2026-03-28 14:45:00.210884,2026-03-28 17:50:14.639286,2026-03-29 00:30:08.178017,2026-03-29 04:40:25.014701,2026-03-29 11:49:18.915107,2026-03-29 18:31:17.565396,2026-03-29 03:14:16.139750,Delivered,Closed,SHP058,Shipper 058,Enterprise,Jabodetabek,ST01_JKT_Central,HB01_JKT_GATEWAY,Outer Java,ST20_Banjarmasin,HB06_EASTERN_GATEWAY,Inter-Region,Same Day,COD,CR001,Bike,5.15,5.63,5.63,632526,56335,48908,2,1,0,,24.0,16,0,0,,1,0,,0,,31.28,3.09,4.17,ST20_Banjarmasin,Remote Area
SHPM001849,AWB260001849,2026-03-10 07:56:07.991933,2026-03-10 08:05:07.991933,2026-03-10 08:21:07.991933,2026-03-10 10:23:33.733840,2026-03-10 11:18:33.733840,2026-03-10 13:05:33.733840,2026-03-10 17:27:27.716602,2026-03-10 20:31:57.164966,2026-03-10 22:27:07.876275,2026-03-11 07:54:30.762528,2026-03-11 14:46:53.986262,2026-03-11 19:56:07.991933,Delivered,Closed,SHP032,Shipper 032,Marketplace,West Java,ST06_Bandung,HB01_JKT_GATEWAY,Jabodetabek,ST03_JKT_East,HB01_JKT_GATEWAY,Inter-Region,Next Day,COD,CR061,Van,0.69,0.69,0.69,653993,27105,16866,4,1,0,,55.0,36,1,0,,1,0,,0,,30.85,4.36,1.92,ST03_JKT_East,
SHPM001850,AWB260001850,2026-03-13 01:14:48.494076,2026-03-13 01:57:48.494076,2026-03-13 02:26:48.494076,2026-03-13 09:49:27.324622,2026-03-13 09:57:27.324622,2026-03-13 10:18:27.324622,2026-03-13 15:19:57.849999,2026-03-13 23:53:41.184284,2026-03-14 07:12:19.708439,2026-03-14 13:16:16.463641,2026-03-15 06:07:42.710823,2026-03-16 01:14:48.494076,Delivered,Closed,SHP090,Shipper 090,Enterprise,East Java,ST14_Kediri,HB03_SBY_GATEWAY,Central Java,ST09_Semarang,HB04_CTG_NATIONAL,Inter-Region,Regular,Prepaid,CR131,Bike,1.61,1.63,1.63,1705400,19335,18128,8,1,0,,8.0,72,1,0,,1,0,,0,,52.88,5.03,7.31,ST09_Semarang,
SHPM001851,AWB260001851,2026-03-21 22:35:15.004023,2026-03-21 22:49:15.004023,2026-03-21 23:13:15.004023,2026-03-22 03:15:06.485408,2026-03-22 03:45:06.485408,2026-03-22 05:18:06.485408,2026-03-22 09:02:03.477522,2026-03-22 16:19:19.983218,2026-03-22 23:28:32.364934,2026-03-23 05:27:26.947135,,2026-03-23 10:35:15.004023,Damaged,Exception,SHP089,Shipper 089,Enterprise,Central Java,ST11_Yogyakarta,HB04_CTG_NATIONAL,West Java,ST08_Bogor,HB01_JKT_GATEWAY,Inter-Region,Next Day,COD,CR103,Bike,3.22,3.42,3.42,528266,39390,23149,4,0,0,,30.0,36,0,0,,1,1,Damaged,0,,373.41,3.73,7.15,HB04_CTG_NATIONAL,
SHPM001852,AWB260001852,2026-02-26 17:54:08.212204,2026-02-26 18:26:08.212204,2026-02-26 19:16:08.212204,2026-02-27 04:01:42.913457,2026-02-27 05:01:42.913457,2026-02-27 05:17:42.913457,2026-02-27 09:33:16.157544,2026-02-27 15:44:48.622021,2026-02-27 20:49:48.323151,2026-02-28 03:47:01.170240,2026-02-28 11:34:29.618079,2026-02-28 05:54:08.212204,Delivered,Closed,SHP060,Shipper 060,Enterprise,East Java,ST12_Surabaya,HB03_SBY_GATEWAY,Central Java,ST10_Solo,HB04_CTG_NATIONAL,Inter-Region,Next Day,COD,CR110,Bike,1.04,1.1,1.1,2289627,28950,27222,4,0,0,,60.0,36,0,0,,1,0,,0,,41.67,4.26,5.08,ST10_Solo,First Mile Delay
SHPM001853,AWB260001853,2026-03-26 18:19:17.000313,2026-03-26 18:26:17.000313,2026-03-26 19:09:17.000313,2026-03-26 19:07:13.410412,2026-03-26 19:46:13.410412,2026-03-26 20:17:13.410412,2026-03-26 22:00:56.668024,2026-03-27 01:01:54.895923,2026-03-27 05:48:43.167927,2026-03-27 14:58:58.069083,2026-03-27 18:06:32.628131,2026-03-27 10:19:17.000313,Delivered,Closed,SHP017,Shipper 017,Marketplace,Outer Java,ST16_Palembang,HB05_SUMATRA_GATEWAY,West Java,ST06_Bandung,HB01_JKT_GATEWAY,Inter-Region,Same Day,Prepaid,CR145,Bike,1.08,1.16,1.16,728625,32220,18152,2,1,0,,39.0,16,0,0,,1,0,,0,,23.79,1.73,4.78,ST06_Bandung,Last Mile Delay
SHPM001854,AWB260001854,2026-03-10 07:08:28.244854,2026-03-10 07:38:28.244854,2026-03-10 08:26:28.244854,2026-03-10 12:30:08.847954,2026-03-10 12:53:08.847954,2026-03-10 14:38:08.847954,2026-03-10 20:19:30.947838,2026-03-11 05:43:34.880853,2026-03-11 17:39:12.116755,2026-03-12 08:17:27.723449,,2026-03-13 07:08:28.244854,Delivery Exception,Exception,SHP053,Shipper 053,Marketplace,Jabodetabek,ST05_Tangerang,HB01_JKT_GATEWAY,Outer Java,ST18_Balikpapan,HB06_EASTERN_GATEWAY,Inter-Region,Regular,COD,CR047,Bike,1.0,1.13,1.13,985303,21085,16905,8,1,0,,23.0,72,0,1,Customer Not Home,2,0,,0,,652.86,5.69,11.93,ST18_Balikpapan,Hub Bottleneck
SHPM001855,AWB260001855,2026-02-23 09:42:15.371936,2026-02-23 10:18:15.371936,2026-02-23 10:30:15.371936,2026-02-23 14:05:14.338993,2026-02-23 14:53:14.338993,2026-02-23 15:37:14.338993,2026-02-23 18:30:57.663415,2026-02-24 02:34:33.356090,2026-02-24 04:07:51.965626,2026-02-24 16:40:21.369783,2026-02-25 01:24:27.853130,2026-02-24 21:42:15.371936,Delivered,Closed,SHP029,Shipper 029,SME,Outer Java,ST20_Banjarmasin,HB06_EASTERN_GATEWAY,West Java,ST08_Bogor,HB01_JKT_GATEWAY,Inter-Region,Next Day,Prepaid,CR190,Van,0.78,0.74,0.78,681582,23510,13619,4,1,0,,48.0,36,0,0,,1,0,,0,,39.7,2.9,1.56,ST08_Bogor,Last Mile Delay
SHPM001856,AWB260001856,2026-02-23 23:40:30.748161,2026-02-23 23:57:30.748161,2026-02-24 00:39:30.748161,2026-02-24 04:27:50.863832,2026-02-24 05:13:50.863832,2026-02-24 06:20:50.863832,2026-02-24 07:36:03.607176,2026-02-24 10:59:48.436831,2026-02-24 22:36:32.891539,2026-02-25 09:46:14.477112,2026-02-25 19:43:15.127857,2026-02-25 11:40:30.748161,Delivered,Closed,SHP062,Shipper 062,Enterprise,Jabodetabek,ST04_Bekasi,HB01_JKT_GATEWAY,East Java,ST12_Surabaya,HB03_SBY_GATEWAY,Inter-Region,Next Day,Prepaid,CR031,Van,2.22,2.14,2.22,2187747,29990,16832,4,0,0,,46.0,36,0,0,,1,0,,0,,44.05,1.25,11.61,ST12_Surabaya,First Mile Delay
SHPM001857,AWB260001857,2026-03-16 15:18:20.646696,2026-03-16 15:55:20.646696,2026-03-16 16:17:20.646696,2026-03-16 23:04:21.780671,2026-03-16 23:19:21.780671,2026-03-16 23:48:21.780671,2026-03-17 05:28:07.176784,2026-03-17 10:58:44.047015,2026-03-17 22:02:54.369115,2026-03-18 03:07:54.679928,2026-03-18 13:38:16.802404,2026-03-19 15:18:20.646696,Delivered,Closed,SHP056,Shipper 056,Enterprise,Jabodetabek,ST03_JKT_East,HB01_JKT_GATEWAY,West Java,ST08_Bogor,HB01_JKT_GATEWAY,Inter-Region,Regular,Prepaid,CR025,Bike,2.61,2.59,2.61,613356,23745,22175,8,1,0,,15.0,72,1,0,,1,0,,0,,46.33,5.66,11.07,ST08_Bogor,
SHPM001858,AWB260001858,2026-03-30 07:12:48.771860,2026-03-30 07:30:48.771860,2026-03-30 07:46:48.771860,2026-03-30 15:48:07.413227,2026-03-30 16:21:07.413227,2026-03-30 17:46:07.413227,2026-03-30 22:13:07.607612,2026-03-31 01:00:35.286215,2026-03-31 07:15:00.859199,2026-03-31 23:17:48.158897,2026-04-01 07:46:32.279884,2026-04-02 07:12:48.771860,Delivered,Closed,SHP056,Shipper 056,Enterprise,Jabodetabek,ST03_JKT_East,HB01_JKT_GATEWAY,East Java,ST14_Kediri,HB03_SBY_GATEWAY,Inter-Region,Regular,Prepaid,CR027,Van,0.65,0.69,0.69,920301,15105,10670,8,0,0,,33.0,72,1,0,,1,0,,0,,48.56,4.45,6.24,ST14_Kediri,
SHPM001859,AWB260001859,2026-03-10 14:27:58.836915,2026-03-10 14:57:58.836915,2026-03-10 15:09:58.836915,2026-03-10 17:41:06.234844,2026-03-10 18:19:06.234844,2026-03-10 19:56:06.234844,2026-03-10 23:23:30.187124,2026-03-11 01:51:51.223855,2026-03-11 10:18:55.548395,2026-03-11 23:56:03.054567,2026-03-12 02:42:40.064187,2026-03-12 02:27:58.836915,Delivered,Closed,SHP056,Shipper 056,Enterprise,Jabodetabek,ST03_JKT_East,HB01_JKT_GATEWAY,Central Java,ST09_Semarang,HB04_CTG_NATIONAL,Inter-Region,Next Day,Prepaid,CR029,Bike,2.18,2.54,2.54,509076,31430,27867,4,1,0,,38.0,36,0,0,,1,0,,0,,36.24,3.46,8.45,ST09_Semarang,Last Mile Delay
SHPM001860,AWB260001860,2026-02-28 19:57:43.085966,2026-02-28 20:02:43.085966,2026-02-28 20:37:43.085966,2026-02-28 23:41:01.862511,2026-03-01 00:14:01.862511,2026-03-01 01:51:01.862511,2026-03-01 04:53:52.120635,2026-03-01 08:58:44.149714,2026-03-01 18:06:59.482261,2026-03-02 02:41:49.737003,2026-03-02 17:58:26.448309,2026-03-03 19:57:43.085966,Delivered,Closed,SHP094,Shipper 094,SME,Outer Java,ST15_Medan,HB05_SUMATRA_GATEWAY,Jabodetabek,ST02_JKT_West,HB01_JKT_GATEWAY,Inter-Region,Regular,COD,CR139,Bike,4.43,4.74,4.74,493600,37330,30715,8,1,0,,33.0,72,1,0,,1,0,,0,,46.01,3.05,9.14,ST02_JKT_West,
SHPM001861,AWB260001861,2026-03-14 23:08:20.099559,2026-03-14 23:31:20.099559,2026-03-15 00:18:20.099559,2026-03-15 08:28:30.276443,2026-03-15 08:43:30.276443,2026-03-15 10:41:30.276443,2026-03-15 11:45:55.724853,2026-03-15 16:01:40.030452,2026-03-15 19:12:48.259224,2026-03-16 11:10:26.432685,2026-03-17 02:44:45.957320,2026-03-17 23:08:20.099559,Delivered,Closed,SHP069,Shipper 069,SME,West Java,ST06_Bandung,HB01_JKT_GATEWAY,Jabodetabek,ST01_JKT_Central,HB01_JKT_GATEWAY,Inter-Region,Regular,COD,CR056,Truck,2.21,2.29,2.29,839092,26305,23866,8,0,0,,15.0,72,1,0,,1,0,,0,,51.61,1.07,3.19,ST01_JKT_Central,
SHPM001862,AWB260001862,2026-03-29 16:58:55.237857,2026-03-29 17:33:55.237857,2026-03-29 17:45:55.237857,2026-03-29 21:43:28.256995,2026-03-29 22:35:28.256995,2026-03-30 00:18:28.256995,2026-03-30 02:34:49.104392,2026-03-30 05:32:44.990086,2026-03-30 09:20:27.148452,2026-03-30 18:24:38.208304,2026-03-31 04:34:21.019123,2026-03-31 04:58:55.237857,Delivered,Closed,SHP026,Shipper 026,Marketplace,Outer Java,ST18_Balikpapan,HB06_EASTERN_GATEWAY,East Java,ST14_Kediri,HB03_SBY_GATEWAY,Inter-Region,Next Day,Prepaid,CR167,Truck,2.9,3.15,3.15,464572,34175,20324,4,0,0,,52.0,36,1,0,,1,0,,0,,35.59,2.27,3.8,ST14_Kediri,
SHPM001863,AWB260001863,2026-02-21 01:25:05.898636,2026-02-21 01:56:05.898636,2026-02-21 02:13:05.898636,2026-02-21 03:30:47.994128,2026-02-21 04:38:47.994128,2026-02-21 06:10:47.994128,2026-02-21 11:13:46.322285,2026-02-21 19:48:20.167722,2026-02-22 08:00:54.275097,2026-02-22 15:54:51.473181,2026-02-23 05:00:02.085625,2026-02-22 13:25:05.898636,Delivered,Closed,SHP089,Shipper 089,Enterprise,Central Java,ST11_Yogyakarta,HB04_CTG_NATIONAL,Outer Java,ST17_Makassar,HB06_EASTERN_GATEWAY,Inter-Region,Next Day,Prepaid,CR104,Bike,0.91,1.08,1.08,762066,24860,17405,4,1,0,,68.0,36,0,0,,1,0,,0,,51.58,5.05,12.21,ST17_Makassar,Hub Bottleneck
SHPM001864,AWB260001864,2026-03-12 10:33:33.816568,2026-03-12 10:54:33.816568,2026-03-12 11:06:33.816568,2026-03-12 15:14:05.485241,2026-03-12 15:41:05.485241,2026-03-12 15:57:05.485241,2026-03-12 20:44:56.608044,2026-03-13 01:58:58.997862,2026-03-14 00:08:48.861387,2026-03-14 05:29:38.932204,2026-03-14 13:49:12.605419,2026-03-13 22:33:33.816568,Delivered,Closed,SHP020,Shipper 020,SME,East Java,ST14_Kediri,HB03_SBY_GATEWAY,Jabodetabek,ST01_JKT_Central,HB01_JKT_GATEWAY,Inter-Region,Next Day,Prepaid,CR131,Truck,2.03,1.86,2.03,432977,29135,20375,4,0,0,,27.0,36,0,0,,1,0,,0,,51.26,4.8,22.16,ST01_JKT_Central,First Mile Delay
SHPM001865,AWB260001865,2026-03-26 12:21:11.992941,2026-03-26 12:54:11.992941,2026-03-26 13:14:11.992941,2026-03-26 17:57:13.187495,2026-03-26 18:34:13.187495,2026-03-26 20:05:13.187495,2026-03-27 01:58:15.661994,2026-03-27 09:32:06.053843,2026-03-27 14:13:34.689086,2026-03-27 22:17:11.298272,2026-03-28 06:28:58.947993,2026-03-29 12:21:11.992941,Delivered,Closed,SHP041,Shipper 041,SME,West Java,ST08_Bogor,HB01_JKT_GATEWAY,East Java,ST13_Malang,HB03_SBY_GATEWAY,Inter-Region,Regular,Prepaid,CR081,Van,3.93,3.84,3.93,606982,29685,21294,8,1,0,,37.0,72,1,0,,1,0,,0,,42.13,5.88,4.69,ST13_Malang,
SHPM001866,AWB260001866,2026-03-27 06:43:22.623837,2026-03-27 07:22:22.623837,2026-03-27 07:39:22.623837,2026-03-27 09:07:15.354178,2026-03-27 09:33:15.354178,2026-03-27 10:37:15.354178,2026-03-27 12:37:55.044119,2026-03-27 16:12:08.064631,2026-03-27 23:59:33.790966,2026-03-28 10:35:29.510730,,2026-03-28 18:43:22.623837,Damaged,Exception,SHP048,Shipper 048,Enterprise,Outer Java,ST17_Makassar,HB06_EASTERN_GATEWAY,West Java,ST08_Bogor,HB01_JKT_GATEWAY,Inter-Region,Next Day,Prepaid,CR155,Bike,0.72,0.7,0.72,357585,23240,17747,4,1,0,,26.0,36,0,0,,1,1,Damaged,0,,245.28,2.01,7.79,HB06_EASTERN_GATEWAY,
SHPM001867,AWB260001867,2026-03-23 16:37:05.294466,2026-03-23 17:19:05.294466,2026-03-23 17:27:05.294466,2026-03-23 22:38:49.938967,2026-03-23 22:46:49.938967,2026-03-24 00:19:49.938967,2026-03-24 01:37:56.991770,2026-03-24 04:27:27.640125,2026-03-24 10:01:43.071717,2026-03-24 20:49:15.873493,2026-03-25 07:57:43.345110,2026-03-26 16:37:05.294466,Delivered,Closed,SHP008,Shipper 008,SME,Outer Java,ST19_Denpasar,HB06_EASTERN_GATEWAY,Jabodetabek,ST05_Tangerang,HB01_JKT_GATEWAY,Inter-Region,Regular,COD,CR176,Bike,0.85,0.81,0.85,978450,19825,13618,8,1,0,,8.0,72,1,0,,1,0,,0,,39.34,1.3,5.57,ST05_Tangerang,
SHPM001868,AWB260001868,2026-03-16 12:16:32.944625,2026-03-16 12:42:32.944625,2026-03-16 13:01:32.944625,2026-03-16 14:09:42.860916,2026-03-16 14:17:42.860916,2026-03-16 15:08:42.860916,2026-03-16 20:45:52.722857,2026-03-17 05:52:49.848559,2026-03-17 10:24:40.589379,2026-03-17 21:49:18.176497,2026-03-18 05:29:47.154492,2026-03-17 04:16:32.944625,Delivered,Closed,SHP005,Shipper 005,Enterprise,Central Java,ST09_Semarang,HB04_CTG_NATIONAL,Outer Java,ST19_Denpasar,HB06_EASTERN_GATEWAY,Inter-Region,Same Day,COD,CR089,Van,1.67,1.57,1.67,824317,38515,36108,2,1,0,,8.0,16,0,0,,1,0,,0,,41.22,5.62,4.53,ST19_Denpasar,Remote Area
SHPM001869,AWB260001869,2026-03-23 19:54:29.066425,2026-03-23 20:10:29.066425,2026-03-23 20:52:29.066425,2026-03-23 22:43:43.230359,2026-03-23 23:25:43.230359,2026-03-24 00:53:43.230359,2026-03-24 03:14:22.711107,2026-03-24 10:27:21.513021,2026-03-24 14:36:17.851443,2026-03-24 20:36:23.324184,2026-03-25 02:42:09.007707,2026-03-26 19:54:29.066425,Delivered,Closed,SHP087,Shipper 087,Enterprise,Jabodetabek,ST02_JKT_West,HB01_JKT_GATEWAY,West Java,ST08_Bogor,HB01_JKT_GATEWAY,Inter-Region,Regular,COD,CR013,Van,1.55,1.46,1.55,2175894,22975,19548,8,1,0,,42.0,72,1,0,,1,0,,0,,30.79,2.34,4.15,ST08_Bogor,
SHPM001870,AWB260001870,2026-03-09 12:43:26.544626,2026-03-09 13:15:26.544626,2026-03-09 13:31:26.544626,2026-03-09 16:53:15.115387,2026-03-09 17:34:15.115387,2026-03-09 18:34:15.115387,2026-03-09 20:14:10.670480,2026-03-09 23:56:26.722208,2026-03-10 08:31:13.913139,2026-03-10 12:45:15.773523,2026-03-11 05:13:08.886886,2026-03-11 12:43:26.544626,Delivered,Closed,SHP049,Shipper 049,Enterprise,Jabodetabek,ST04_Bekasi,HB01_JKT_GATEWAY,Jabodetabek,ST04_Bekasi,HB01_JKT_GATEWAY,Intra-Region,Regular,COD,CR040,Truck,0.78,0.75,0.78,2266805,19510,17171,8,1,0,,41.0,48,1,0,,1,0,,0,,40.5,1.67,8.58,ST04_Bekasi,
SHPM001871,AWB260001871,2026-03-10 11:07:16.412468,2026-03-10 11:22:16.412468,2026-03-10 11:59:16.412468,2026-03-10 15:54:05.073536,2026-03-10 16:17:05.073536,2026-03-10 17:01:05.073536,2026-03-10 19:46:40.823603,2026-03-11 03:00:19.792741,2026-03-11 07:04:53.654370,2026-03-11 19:20:34.536490,2026-03-12 09:22:57.834006,2026-03-13 11:07:16.412468,Delivered,Closed,SHP085,Shipper 085,Marketplace,Central Java,ST09_Semarang,HB04_CTG_NATIONAL,Outer Java,ST17_Makassar,HB06_EASTERN_GATEWAY,Inter-Region,Regular,Prepaid,CR086,Bike,0.39,0.52,0.52,1518962,14340,9029,8,1,0,,23.0,72,1,0,,1,0,,0,,46.26,2.76,4.08,ST17_Makassar,
SHPM001872,AWB260001872,2026-03-20 19:01:59.268114,2026-03-20 19:46:59.268114,2026-03-20 20:03:59.268114,2026-03-21 03:37:30.683386,2026-03-21 04:44:30.683386,2026-03-21 06:42:30.683386,2026-03-21 08:47:57.179993,2026-03-21 14:51:26.275837,2026-03-22 06:56:43.039706,2026-03-22 19:07:48.117448,2026-03-23 17:02:53.664645,2026-03-23 19:01:59.268114,Delivered,Closed,SHP043,Shipper 043,Marketplace,Central Java,ST09_Semarang,HB04_CTG_NATIONAL,Outer Java,ST15_Medan,HB05_SUMATRA_GATEWAY,Inter-Region,Regular,Prepaid,CR087,Bike,1.39,2.06,2.06,1893409,21270,17894,8,1,0,,67.0,72,1,0,,1,0,,0,,70.02,2.09,16.09,ST15_Medan,
SHPM001873,AWB260001873,2026-02-24 06:32:03.710386,2026-02-24 06:52:03.710386,2026-02-24 08:03:03.710386,2026-02-24 12:47:52.870295,2026-02-24 13:49:52.870295,2026-02-24 15:29:52.870295,2026-02-24 21:29:18.391710,2026-02-25 03:40:59.854826,2026-02-25 15:57:56.435273,2026-02-25 23:03:59.213027,2026-02-26 07:49:12.163160,2026-02-27 06:32:03.710386,Delivered,Closed,SHP068,Shipper 068,Marketplace,East Java,ST12_Surabaya,HB03_SBY_GATEWAY,Jabodetabek,ST01_JKT_Central,HB01_JKT_GATEWAY,Inter-Region,Regular,Prepaid,CR111,Van,0.77,1.13,1.13,2494833,17085,14509,8,1,0,,62.0,72,1,0,,1,0,,0,,49.29,5.99,12.28,ST01_JKT_Central,
SHPM001874,AWB260001874,2026-03-20 23:19:22.895936,2026-03-20 23:42:22.895936,2026-03-21 00:00:22.895936,2026-03-21 00:56:02.277319,2026-03-21 01:37:02.277319,2026-03-21 03:12:02.277319,2026-03-21 04:25:29.627324,2026-03-21 08:35:37.465009,2026-03-21 17:06:30.115033,2026-03-22 09:46:42.980820,2026-03-22 19:54:38.890736,2026-03-22 11:19:22.895936,Delivered,Closed,SHP095,Shipper 095,Enterprise,Central Java,ST11_Yogyakarta,HB04_CTG_NATIONAL,West Java,ST06_Bandung,HB01_JKT_GATEWAY,Inter-Region,Next Day,Prepaid,CR103,Bike,0.85,0.91,0.91,950341,24095,13756,4,1,0,,41.0,36,0,0,,1,0,,0,,44.59,1.22,8.51,ST06_Bandung,Last Mile Delay
SHPM001875,AWB260001875,2026-03-06 08:43:03.684021,2026-03-06 09:25:03.684021,2026-03-06 10:12:03.684021,2026-03-06 11:20:41.804465,2026-03-06 12:24:41.804465,2026-03-06 13:37:41.804465,2026-03-06 17:31:34.044922,2026-03-07 02:17:18.560724,2026-03-07 08:29:25.571285,2026-03-07 14:47:11.232299,2026-03-07 17:52:47.963175,2026-03-07 00:43:03.684021,Delivered,Closed,SHP069,Shipper 069,SME,West Java,ST06_Bandung,HB01_JKT_GATEWAY,Central Java,ST11_Yogyakarta,HB04_CTG_NATIONAL,Inter-Region,Same Day,Prepaid,CR055,Truck,1.15,1.16,1.16,2722196,32220,23260,2,1,0,,64.0,16,0,0,,1,0,,0,,33.16,3.9,6.2,ST11_Yogyakarta,Last Mile Delay
SHPM001876,AWB260001876,2026-03-06 15:08:07.656339,2026-03-06 15:40:07.656339,2026-03-06 16:34:07.656339,2026-03-06 23:43:17.425442,2026-03-07 00:27:17.425442,2026-03-07 00:53:17.425442,2026-03-07 09:30:43.023607,2026-03-07 17:26:52.011491,2026-03-08 11:16:42.155532,2026-03-08 20:49:58.091895,2026-03-09 07:11:42.974600,2026-03-08 03:08:07.656339,Delivered,Closed,SHP018,Shipper 018,Enterprise,West Java,ST07_Cirebon,HB02_BDG_TRANSIT,Outer Java,ST15_Medan,HB05_SUMATRA_GATEWAY,Inter-Region,Next Day,Prepaid,CR065,Bike,0.66,0.66,0.66,1267917,22970,21006,4,0,0,,44.0,36,0,0,,1,0,,0,,64.06,8.62,17.83,ST15_Medan,First Mile Delay
SHPM001877,AWB260001877,2026-03-31 03:59:26.490433,2026-03-31 04:29:26.490433,2026-03-31 04:41:26.490433,2026-03-31 09:46:34.703611,2026-03-31 10:55:34.703611,2026-03-31 11:59:34.703611,2026-03-31 15:15:59.723096,2026-03-31 19:40:13.528845,2026-04-01 04:08:33.938580,2026-04-01 13:19:59.940626,2026-04-02 01:22:01.092314,2026-04-03 03:59:26.490433,Delivered,Closed,SHP074,Shipper 074,Enterprise,Outer Java,ST15_Medan,HB05_SUMATRA_GATEWAY,West Java,ST07_Cirebon,HB02_BDG_TRANSIT,Inter-Region,Regular,COD,CR140,Bike,2.75,4.07,4.07,291687,34315,19562,8,1,0,,69.0,72,1,0,,1,0,,0,,45.38,3.27,8.47,ST07_Cirebon,
SHPM001878,AWB260001878,2026-03-12 21:39:09.465997,2026-03-12 21:51:09.465997,2026-03-12 22:53:09.465997,2026-03-13 16:13:46.393889,2026-03-13 17:08:46.393889,2026-03-13 19:03:46.393889,2026-03-13 23:24:46.116271,2026-03-14 07:38:18.040329,2026-03-14 14:30:25.135571,2026-03-14 23:40:33.031051,2026-03-15 08:01:31.041112,2026-03-15 21:39:09.465997,Delivered,Closed,SHP060,Shipper 060,Enterprise,East Java,ST12_Surabaya,HB03_SBY_GATEWAY,Jabodetabek,ST02_JKT_West,HB01_JKT_GATEWAY,Inter-Region,Regular,Prepaid,CR111,Truck,1.06,1.16,1.16,858932,17220,15681,8,0,0,,55.0,72,1,0,,1,0,,0,,58.37,4.35,6.87,ST02_JKT_West,
SHPM001879,AWB260001879,2026-02-18 13:21:50.614126,2026-02-18 13:36:50.614126,2026-02-18 14:13:50.614126,2026-02-18 15:01:58.252701,2026-02-18 16:05:58.252701,2026-02-18 17:04:58.252701,2026-02-18 19:47:16.104199,2026-02-18 20:56:58.181150,2026-02-19 05:58:59.415491,2026-02-19 07:33:21.402438,2026-02-19 17:10:56.398434,2026-02-19 13:21:50.614126,Delivered,Closed,SHP072,Shipper 072,Enterprise,Outer Java,ST18_Balikpapan,HB06_EASTERN_GATEWAY,Outer Java,ST17_Makassar,HB06_EASTERN_GATEWAY,Intra-Region,Next Day,COD,CR164,Truck,0.96,0.97,0.97,1241743,28365,19037,4,1,0,,64.0,24,0,0,,1,0,,0,,27.82,2.7,9.03,ST17_Makassar,Remote Area
SHPM001880,AWB260001880,2026-02-22 16:17:03.168816,2026-02-22 16:52:03.168816,2026-02-22 17:27:03.168816,2026-02-22 18:46:05.953977,2026-02-22 19:37:05.953977,2026-02-22 20:59:05.953977,2026-02-22 23:34:16.149504,2026-02-23 07:30:11.738827,2026-02-23 14:46:45.729349,2026-02-24 06:29:04.848670,2026-02-24 10:31:13.352350,2026-02-24 04:17:03.168816,Delivered,Closed,SHP032,Shipper 032,Marketplace,West Java,ST08_Bogor,HB01_JKT_GATEWAY,Jabodetabek,ST03_JKT_East,HB01_JKT_GATEWAY,Inter-Region,Next Day,COD,CR076,Bike,0.7,0.67,0.7,2621521,27150,15460,4,1,0,,51.0,36,0,0,,1,0,,0,,42.24,2.59,7.28,ST03_JKT_East,Last Mile Delay
SHPM001881,AWB260001881,2026-02-28 23:02:03.331689,2026-02-28 23:15:03.331689,2026-03-01 00:02:03.331689,2026-03-01 00:09:37.843662,2026-03-01 00:49:37.843662,2026-03-01 02:15:37.843662,2026-03-01 04:19:33.172845,2026-03-01 10:53:17.189923,2026-03-01 17:50:39.678477,2026-03-02 05:14:43.279832,2026-03-02 06:05:12.412090,2026-03-01 15:02:03.331689,Delivered,Closed,SHP032,Shipper 032,Marketplace,West Java,ST06_Bandung,HB01_JKT_GATEWAY,Jabodetabek,ST02_JKT_West,HB01_JKT_GATEWAY,Inter-Region,Same Day,Prepaid,CR063,Van,0.74,1.1,1.1,2469885,31950,23581,2,1,0,,40.0,16,0,0,,1,0,,0,,31.05,2.07,6.96,ST02_JKT_West,Last Mile Delay
SHPM001882,AWB260001882,2026-03-08 09:51:37.636275,2026-03-08 10:31:37.636275,2026-03-08 11:06:37.636275,2026-03-08 19:15:33.317762,2026-03-08 19:53:33.317762,2026-03-08 20:23:33.317762,2026-03-09 00:54:09.978731,2026-03-09 06:35:15.619051,2026-03-09 08:41:31.465133,2026-03-09 17:41:05.666460,2026-03-10 01:43:42.578116,2026-03-11 09:51:37.636275,Delivered,Closed,SHP049,Shipper 049,Enterprise,Jabodetabek,ST05_Tangerang,HB01_JKT_GATEWAY,West Java,ST08_Bogor,HB01_JKT_GATEWAY,Inter-Region,Regular,COD,CR053,Van,1.25,1.62,1.62,1537663,23290,19046,8,0,0,,38.0,72,1,0,,1,0,,0,,39.87,4.51,2.1,ST08_Bogor,
SHPM001883,AWB260001883,2026-02-17 05:08:30.128015,2026-02-17 05:48:30.128015,2026-02-17 05:53:30.128015,2026-02-17 07:20:09.364712,2026-02-17 07:58:09.364712,2026-02-17 08:42:09.364712,2026-02-17 13:38:55.286716,2026-02-17 18:01:16.283698,2026-02-17 23:29:29.065073,2026-02-18 13:45:11.825206,2026-02-18 17:43:13.931972,2026-02-18 17:08:30.128015,Delivered,Closed,SHP056,Shipper 056,Enterprise,Jabodetabek,ST02_JKT_West,HB01_JKT_GATEWAY,Outer Java,ST19_Denpasar,HB06_EASTERN_GATEWAY,Inter-Region,Next Day,Prepaid,CR015,Bike,1.26,1.94,1.94,173137,28730,23976,4,1,0,,38.0,36,0,0,,1,0,,0,,36.58,4.95,5.47,ST19_Denpasar,Remote Area
SHPM001884,AWB260001884,2026-03-21 23:35:48.940299,2026-03-22 00:16:48.940299,2026-03-22 01:00:48.940299,2026-03-22 08:22:55.885208,2026-03-22 08:30:55.885208,2026-03-22 09:58:55.885208,2026-03-22 13:24:25.508557,2026-03-22 16:27:51.696979,2026-03-23 02:04:13.546501,2026-03-23 09:29:07.345590,2026-03-23 16:46:28.574181,2026-03-24 23:35:48.940299,Delivered,Closed,SHP091,Shipper 091,SME,Outer Java,ST16_Palembang,HB05_SUMATRA_GATEWAY,East Java,ST13_Malang,HB03_SBY_GATEWAY,Inter-Region,Regular,COD,CR149,Bike,0.99,0.94,0.99,216260,20455,18697,8,0,0,,8.0,72,1,0,,1,0,,0,,41.18,3.42,9.61,ST13_Malang,
SHPM001885,AWB260001885,2026-03-21 04:08:47.173473,2026-03-21 04:21:47.173473,2026-03-21 05:10:47.173473,2026-03-21 10:01:58.191496,2026-03-21 10:53:58.191496,2026-03-21 11:11:58.191496,2026-03-21 16:14:49.160247,2026-03-21 21:20:01.188437,2026-03-22 04:57:31.834569,2026-03-22 18:31:06.062549,2026-03-23 00:28:16.725934,2026-03-24 04:08:47.173473,Delivered,Closed,SHP002,Shipper 002,Enterprise,Jabodetabek,ST01_JKT_Central,HB01_JKT_GATEWAY,Central Java,ST09_Semarang,HB04_CTG_NATIONAL,Inter-Region,Regular,COD,CR001,Van,1.53,1.72,1.72,1406254,23740,17176,8,1,0,,52.0,72,1,0,,1,0,,0,,44.32,5.05,7.63,ST09_Semarang,
SHPM001886,AWB260001886,2026-03-12 02:11:56.692443,2026-03-12 02:33:56.692443,2026-03-12 02:58:56.692443,2026-03-12 04:14:57.832615,2026-03-12 04:38:57.832615,2026-03-12 05:16:57.832615,2026-03-12 09:58:21.707751,2026-03-12 16:24:27.141257,2026-03-13 00:08:06.466627,2026-03-13 12:58:09.655044,2026-03-13 18:39:09.734406,2026-03-12 18:11:56.692443,Delivered,Closed,SHP067,Shipper 067,SME,East Java,ST14_Kediri,HB03_SBY_GATEWAY,Outer Java,ST16_Palembang,HB05_SUMATRA_GATEWAY,Inter-Region,Same Day,Prepaid,CR126,Van,7.9,7.36,7.9,451631,62550,52409,2,1,0,,24.0,16,0,0,,1,0,,0,,40.45,4.69,7.73,ST16_Palembang,Remote Area
SHPM001887,AWB260001887,2026-02-28 21:39:12.784762,2026-02-28 22:22:12.784762,2026-02-28 22:59:12.784762,2026-03-01 04:31:56.530369,2026-03-01 05:25:56.530369,2026-03-01 05:49:56.530369,2026-03-01 10:10:59.735939,2026-03-01 19:47:32.065376,2026-03-02 04:13:30.321405,2026-03-02 21:48:34.452889,2026-03-03 06:23:33.916598,2026-03-03 21:39:12.784762,Delivered,Closed,SHP013,Shipper 013,SME,Jabodetabek,ST04_Bekasi,HB01_JKT_GATEWAY,West Java,ST06_Bandung,HB01_JKT_GATEWAY,Inter-Region,Regular,Prepaid,CR032,Bike,1.71,1.59,1.71,795274,19695,18223,8,1,0,,54.0,72,1,0,,1,0,,0,,56.74,4.35,8.43,ST06_Bandung,
SHPM001888,AWB260001888,2026-02-18 21:41:23.407827,2026-02-18 21:47:23.407827,2026-02-18 22:33:23.407827,2026-02-18 22:32:39.628911,2026-02-18 22:41:39.628911,2026-02-18 23:57:39.628911,2026-02-19 02:24:55.392318,2026-02-19 11:28:36.050339,2026-02-19 13:12:38.350883,2026-02-20 05:04:29.171025,2026-02-20 06:32:41.228138,2026-02-19 13:41:23.407827,Delivered,Closed,SHP062,Shipper 062,Enterprise,Jabodetabek,ST04_Bekasi,HB01_JKT_GATEWAY,East Java,ST12_Surabaya,HB03_SBY_GATEWAY,Inter-Region,Same Day,COD,CR039,Bike,3.96,5.0,5.0,993289,53500,34976,2,1,0,,9.0,16,0,0,,1,0,,0,,32.85,2.45,1.73,ST12_Surabaya,Last Mile Delay
SHPM001889,AWB260001889,2026-03-09 05:09:05.921850,2026-03-09 05:20:05.921850,2026-03-09 05:59:05.921850,2026-03-09 06:35:59.968211,2026-03-09 07:05:59.968211,2026-03-09 07:53:59.968211,2026-03-09 13:36:28.971119,2026-03-09 19:54:25.030137,2026-03-10 05:02:13.711247,2026-03-11 21:42:06.083026,2026-03-11 23:36:12.695325,2026-03-09 21:09:05.921850,Delivered,Closed,SHP020,Shipper 020,SME,East Java,ST14_Kediri,HB03_SBY_GATEWAY,Outer Java,ST20_Banjarmasin,HB06_EASTERN_GATEWAY,Inter-Region,Same Day,COD,CR131,Bike,2.99,4.11,4.11,772846,49495,37135,2,1,0,,30.0,16,0,0,,1,1,Capacity Delay,0,,66.45,5.71,9.13,ST20_Banjarmasin,Remote Area
SHPM001890,AWB260001890,2026-02-25 15:31:35.543552,2026-02-25 16:07:35.543552,2026-02-25 16:26:35.543552,2026-02-25 19:10:05.940435,2026-02-25 20:18:05.940435,2026-02-25 21:12:05.940435,2026-02-25 23:53:38.190458,2026-02-26 07:24:06.404882,2026-02-26 18:27:27.311036,2026-02-28 07:39:27.184481,2026-02-28 17:16:32.382506,2026-02-27 03:31:35.543552,Delivered,Closed,SHP027,Shipper 027,SME,Jabodetabek,ST05_Tangerang,HB01_JKT_GATEWAY,West Java,ST07_Cirebon,HB02_BDG_TRANSIT,Inter-Region,Next Day,COD,CR046,Bike,3.96,5.61,5.61,1315222,49245,36743,4,1,0,,68.0,36,0,0,,1,1,Invalid Address,0,,73.75,2.69,11.06,ST07_Cirebon,Hub Bottleneck
SHPM001891,AWB260001891,2026-02-28 23:57:57.388280,2026-03-01 00:15:57.388280,2026-03-01 00:36:57.388280,2026-03-01 02:06:49.101383,2026-03-01 03:16:49.101383,2026-03-01 04:19:49.101383,2026-03-01 09:03:51.634273,2026-03-01 12:55:09.987406,2026-03-02 07:52:08.534092,2026-03-02 18:10:17.545358,2026-03-02 23:31:20.133441,2026-03-01 15:57:57.388280,Delivered,Closed,SHP020,Shipper 020,SME,East Java,ST14_Kediri,HB03_SBY_GATEWAY,West Java,ST06_Bandung,HB01_JKT_GATEWAY,Inter-Region,Same Day,Prepaid,CR134,Bike,1.11,1.09,1.11,824681,31995,23422,2,1,0,,70.0,16,0,0,,1,0,,0,,47.56,4.73,18.95,ST06_Bandung,Hub Bottleneck
SHPM001892,AWB260001892,2026-02-15 15:15:19.479546,2026-02-15 15:25:19.479546,2026-02-15 15:52:19.479546,2026-02-15 19:51:02.378268,2026-02-15 20:01:02.378268,2026-02-15 20:59:02.378268,2026-02-16 02:50:11.390575,2026-02-16 11:15:07.806563,2026-02-16 16:58:36.641249,2026-02-17 03:53:36.807234,2026-02-17 23:19:40.338555,2026-02-18 15:15:19.479546,Delivered,Closed,SHP036,Shipper 036,Marketplace,West Java,ST08_Bogor,HB01_JKT_GATEWAY,Outer Java,ST20_Banjarmasin,HB06_EASTERN_GATEWAY,Inter-Region,Regular,Prepaid,CR077,Bike,0.8,0.78,0.8,2334503,15600,12589,8,1,0,,10.0,72,1,0,,1,0,,0,,56.07,5.85,5.72,ST20_Banjarmasin,
SHPM001893,AWB260001893,2026-02-27 11:20:57.235234,2026-02-27 11:31:57.235234,2026-02-27 11:58:57.235234,2026-02-27 14:53:00.339972,2026-02-27 15:39:00.339972,2026-02-27 16:51:00.339972,2026-02-27 20:28:10.281310,2026-02-28 05:14:34.496518,2026-02-28 07:35:50.703775,2026-02-28 23:13:56.470199,2026-03-01 03:34:26.662343,2026-03-02 11:20:57.235234,Delivered,Closed,SHP091,Shipper 091,SME,Outer Java,ST16_Palembang,HB05_SUMATRA_GATEWAY,Jabodetabek,ST03_JKT_East,HB01_JKT_GATEWAY,Inter-Region,Regular,Prepaid,CR148,Van,1.58,1.63,1.63,432646,19335,17641,8,1,0,,46.0,72,1,0,,1,0,,0,,40.22,3.62,2.35,ST03_JKT_East,
SHPM001894,AWB260001894,2026-03-09 17:02:33.914631,2026-03-09 17:26:33.914631,2026-03-09 18:08:33.914631,2026-03-10 01:22:36.056603,2026-03-10 02:01:36.056603,2026-03-10 02:49:36.056603,2026-03-10 03:55:51.288346,2026-03-10 13:05:16.397058,2026-03-10 19:01:50.075267,2026-03-11 05:23:29.419101,2026-03-11 20:02:17.125646,2026-03-12 17:02:33.914631,Delivered,Closed,SHP088,Shipper 088,SME,Outer Java,ST19_Denpasar,HB06_EASTERN_GATEWAY,Jabodetabek,ST03_JKT_East,HB01_JKT_GATEWAY,Inter-Region,Regular,Prepaid,CR177,Bike,0.65,0.62,0.65,2417196,14925,12751,8,1,0,,39.0,72,1,0,,1,0,,0,,51.0,1.1,5.94,ST03_JKT_East,
SHPM001895,AWB260001895,2026-03-04 14:19:25.514629,2026-03-04 15:00:25.514629,2026-03-04 15:42:25.514629,2026-03-05 04:05:35.746423,2026-03-05 05:41:35.746423,2026-03-05 07:06:35.746423,2026-03-05 08:41:11.828731,2026-03-05 11:48:14.588014,2026-03-06 07:07:56.821499,2026-03-06 14:41:48.456756,2026-03-07 02:07:26.167730,2026-03-07 14:19:25.514629,Delivered,Closed,SHP025,Shipper 025,Marketplace,East Java,ST12_Surabaya,HB03_SBY_GATEWAY,Jabodetabek,ST04_Bekasi,HB01_JKT_GATEWAY,Inter-Region,Regular,COD,CR109,Bike,1.14,1.17,1.17,914357,21265,13317,8,0,0,,96.0,72,1,0,,1,0,,0,,59.8,1.58,19.33,ST04_Bekasi,
SHPM001896,AWB260001896,2026-03-31 20:39:45.020226,2026-03-31 20:56:45.020226,2026-03-31 21:19:45.020226,2026-03-31 23:26:06.039525,2026-04-01 00:49:06.039525,2026-04-01 01:15:06.039525,2026-04-01 02:17:46.080034,2026-04-01 05:53:47.535176,2026-04-01 09:05:26.567919,2026-04-01 23:52:22.002178,2026-04-02 18:00:44.561477,2026-04-02 08:39:45.020226,Delivered,Closed,SHP033,Shipper 033,Marketplace,Jabodetabek,ST04_Bekasi,HB01_JKT_GATEWAY,Outer Java,ST17_Makassar,HB06_EASTERN_GATEWAY,Inter-Region,Next Day,Prepaid,CR039,Bike,0.95,1.04,1.04,1585185,24680,13764,4,1,0,,83.0,36,0,0,,1,0,,0,,45.35,1.04,3.19,ST17_Makassar,Remote Area
SHPM001897,AWB260001897,2026-03-02 08:54:30.399846,2026-03-02 09:22:30.399846,2026-03-02 09:42:30.399846,2026-03-02 10:16:39.109917,2026-03-02 10:54:39.109917,2026-03-02 11:50:39.109917,2026-03-02 15:14:54.818673,2026-03-02 22:52:58.403908,2026-03-03 09:42:34.002409,2026-03-03 19:11:05.559800,2026-03-03 21:31:22.003123,2026-03-03 00:54:30.399846,Delivered,Closed,SHP056,Shipper 056,Enterprise,Jabodetabek,ST03_JKT_East,HB01_JKT_GATEWAY,East Java,ST13_Malang,HB03_SBY_GATEWAY,Inter-Region,Same Day,COD,CR025,Van,0.51,0.54,0.54,597352,33430,24250,2,1,0,,38.0,16,0,0,,1,0,,0,,36.61,3.4,10.83,ST13_Malang,Hub Bottleneck
SHPM001898,AWB260001898,2026-03-14 16:45:41.427986,2026-03-14 17:19:41.427986,2026-03-14 17:43:41.427986,2026-03-14 21:51:55.836556,2026-03-14 22:07:55.836556,2026-03-15 00:05:55.836556,2026-03-15 01:15:42.393923,2026-03-15 10:48:16.408407,2026-03-15 21:49:43.906382,2026-03-16 11:23:30.355603,2026-03-17 03:56:20.938224,2026-03-17 16:45:41.427986,Delivered,Closed,SHP090,Shipper 090,Enterprise,East Java,ST14_Kediri,HB03_SBY_GATEWAY,Jabodetabek,ST05_Tangerang,HB01_JKT_GATEWAY,Inter-Region,Regular,Prepaid,CR132,Truck,0.69,0.68,0.69,962313,15105,13494,8,1,0,,16.0,72,1,0,,1,0,,0,,59.18,1.16,11.02,ST05_Tangerang,
SHPM001899,AWB260001899,2026-03-31 22:26:06.746722,2026-03-31 22:55:06.746722,2026-03-31 23:28:06.746722,2026-04-01 07:06:31.308968,2026-04-01 07:39:31.308968,2026-04-01 08:24:31.308968,2026-04-01 11:01:08.701459,2026-04-01 19:43:41.311925,2026-04-02 02:44:30.405450,2026-04-03 07:19:15.853933,2026-04-03 20:19:17.209543,2026-04-03 22:26:06.746722,Delivered,Closed,SHP032,Shipper 032,Marketplace,West Java,ST06_Bandung,HB01_JKT_GATEWAY,Outer Java,ST17_Makassar,HB06_EASTERN_GATEWAY,Inter-Region,Regular,COD,CR057,Van,1.26,1.36,1.36,336591,22120,14683,8,0,0,,33.0,72,1,0,,1,1,Missed Cut-Off,0,,69.89,2.61,7.01,ST17_Makassar,
SHPM001900,AWB260001900,2026-03-28 12:31:16.664787,2026-03-28 12:39:16.664787,2026-03-28 12:58:16.664787,2026-03-28 13:52:58.623265,2026-03-28 14:18:58.623265,2026-03-28 15:03:58.623265,2026-03-28 19:41:24.197001,2026-03-28 23:39:02.762862,2026-03-29 08:52:19.133934,2026-03-29 19:28:41.600910,2026-03-30 03:39:32.739423,2026-03-30 00:31:16.664787,Delivered,Closed,SHP043,Shipper 043,Marketplace,Central Java,ST10_Solo,HB04_CTG_NATIONAL,East Java,ST13_Malang,HB03_SBY_GATEWAY,Inter-Region,Next Day,COD,CR099,Van,2.46,2.64,2.64,2530080,35880,21085,4,1,0,,26.0,36,0,0,,1,0,,0,,39.14,4.62,9.22,ST13_Malang,Last Mile Delay
SHPM001901,AWB260001901,2026-03-30 15:56:24.648417,2026-03-30 16:40:24.648417,2026-03-30 17:27:24.648417,2026-03-30 20:13:40.259009,2026-03-30 21:04:40.259009,2026-03-30 22:36:40.259009,2026-03-31 05:33:25.692384,2026-03-31 09:30:44.703693,2026-03-31 19:16:16.388679,2026-04-01 03:30:57.587739,2026-04-01 08:25:18.270208,2026-03-31 07:56:24.648417,Delivered,Closed,SHP060,Shipper 060,Enterprise,East Java,ST12_Surabaya,HB03_SBY_GATEWAY,Jabodetabek,ST02_JKT_West,HB01_JKT_GATEWAY,Inter-Region,Same Day,COD,CR112,Van,2.01,2.35,2.35,293949,41575,27778,2,0,0,,51.0,16,0,0,,1,0,,0,,40.48,6.95,9.76,ST02_JKT_West,First Mile Delay
SHPM001902,AWB260001902,2026-03-20 10:34:34.175544,2026-03-20 10:53:34.175544,2026-03-20 11:18:34.175544,2026-03-20 14:45:12.980199,2026-03-20 15:17:12.980199,2026-03-20 16:51:12.980199,2026-03-20 21:52:47.581386,2026-03-21 02:49:02.015320,2026-03-21 14:48:05.418769,2026-03-21 18:26:42.587344,2026-03-22 02:59:50.547104,2026-03-21 10:34:34.175544,Delivered,Closed,SHP074,Shipper 074,Enterprise,Outer Java,ST18_Balikpapan,HB06_EASTERN_GATEWAY,Outer Java,ST18_Balikpapan,HB06_EASTERN_GATEWAY,Intra-Region,Next Day,Prepaid,CR163,Bike,1.1,1.13,1.13,459497,25085,19092,4,1,0,,32.0,24,0,0,,1,0,,0,,40.42,5.03,11.98,ST18_Balikpapan,Hub Bottleneck
SHPM001903,AWB260001903,2026-02-24 09:53:54.795642,2026-02-24 10:22:54.795642,2026-02-24 10:45:54.795642,2026-02-24 17:42:00.416855,2026-02-24 18:22:00.416855,2026-02-24 20:07:00.416855,2026-02-25 00:49:54.331568,2026-02-25 02:57:38.116959,2026-02-25 04:37:48.669921,2026-02-25 12:43:37.256761,2026-02-26 01:10:39.986781,2026-02-27 09:53:54.795642,Delivered,Closed,SHP062,Shipper 062,Enterprise,Jabodetabek,ST04_Bekasi,HB01_JKT_GATEWAY,Central Java,ST11_Yogyakarta,HB04_CTG_NATIONAL,Inter-Region,Regular,Prepaid,CR036,Bike,2.02,2.09,2.09,1147116,21405,15534,8,1,0,,40.0,72,1,0,,1,0,,0,,39.28,4.71,1.67,ST11_Yogyakarta,
SHPM001904,AWB260001904,2026-03-19 00:59:17.433370,2026-03-19 01:38:17.433370,2026-03-19 01:53:17.433370,2026-03-19 09:17:36.277289,2026-03-19 09:36:36.277289,2026-03-19 11:17:36.277289,2026-03-19 12:33:15.757309,2026-03-19 15:00:44.190696,2026-03-20 02:07:37.164268,2026-03-20 17:17:03.505955,2026-03-21 07:45:15.988137,2026-03-22 00:59:17.433370,Delivered,Closed,SHP087,Shipper 087,Enterprise,Jabodetabek,ST02_JKT_West,HB01_JKT_GATEWAY,Outer Java,ST16_Palembang,HB05_SUMATRA_GATEWAY,Inter-Region,Regular,COD,CR014,Van,1.12,1.03,1.12,2947694,21040,12166,8,1,0,,19.0,72,1,0,,1,0,,0,,54.77,1.26,11.11,ST16_Palembang,
SHPM001905,AWB260001905,2026-03-15 13:24:30.274678,2026-03-15 13:59:30.274678,2026-03-15 14:28:30.274678,2026-03-15 15:44:45.132691,2026-03-15 16:04:45.132691,2026-03-15 17:47:45.132691,2026-03-15 21:13:37.010884,2026-03-15 22:26:53.598099,2026-03-16 04:37:02.252269,2026-03-16 12:18:21.835654,2026-03-16 22:25:37.139481,2026-03-16 13:24:30.274678,Delivered,Closed,SHP035,Shipper 035,Enterprise,Jabodetabek,ST04_Bekasi,HB01_JKT_GATEWAY,Jabodetabek,ST03_JKT_East,HB01_JKT_GATEWAY,Intra-Region,Next Day,COD,CR038,Bike,1.2,1.32,1.32,1102514,29940,27467,4,1,0,,20.0,24,0,0,,1,0,,0,,33.02,3.43,6.17,ST03_JKT_East,Last Mile Delay
SHPM001906,AWB260001906,2026-03-21 14:47:55.032860,2026-03-21 15:32:55.032860,2026-03-21 16:09:55.032860,2026-03-21 20:44:36.952571,2026-03-21 21:13:36.952571,2026-03-21 23:11:36.952571,2026-03-22 04:19:38.499315,2026-03-22 09:29:43.214163,2026-03-22 16:07:20.488269,2026-03-23 08:34:39.974348,2026-03-24 08:50:58.758093,2026-03-24 14:47:55.032860,Delivered,Closed,SHP089,Shipper 089,Enterprise,Central Java,ST11_Yogyakarta,HB04_CTG_NATIONAL,Outer Java,ST16_Palembang,HB05_SUMATRA_GATEWAY,Inter-Region,Regular,COD,CR102,Bike,0.63,0.64,0.64,783781,18880,17701,8,1,0,,29.0,72,1,0,,1,0,,0,,66.05,5.13,6.63,ST16_Palembang,
SHPM001907,AWB260001907,2026-03-16 22:21:09.571811,2026-03-16 22:52:09.571811,2026-03-16 23:23:09.571811,,,,,,,,,2026-03-19 22:21:09.571811,Failed Pickup,Exception,SHP081,Shipper 081,Marketplace,West Java,ST06_Bandung,HB01_JKT_GATEWAY,Jabodetabek,ST03_JKT_East,HB01_JKT_GATEWAY,Inter-Region,Regular,COD,CR061,Bike,1.77,2.77,2.77,1140434,28465,20999,8,0,1,Capacity Full,,72,0,0,,0,0,,0,,493.65,,,ST06_Bandung,
SHPM001908,AWB260001908,2026-04-01 13:39:29.083100,2026-04-01 14:11:29.083100,2026-04-01 14:44:29.083100,2026-04-01 16:48:00.793076,2026-04-01 17:25:00.793076,2026-04-01 19:15:00.793076,2026-04-01 20:48:03.010821,2026-04-02 01:58:05.608779,2026-04-02 11:47:54.848708,2026-04-02 19:12:00.556775,2026-04-02 23:31:21.838561,2026-04-03 01:39:29.083100,Delivered,Closed,SHP035,Shipper 035,Enterprise,Jabodetabek,ST04_Bekasi,HB01_JKT_GATEWAY,West Java,ST06_Bandung,HB01_JKT_GATEWAY,Inter-Region,Next Day,Prepaid,CR038,Van,0.76,0.77,0.77,687455,23465,21264,4,1,0,,37.0,36,1,0,,1,0,,0,,33.86,1.55,9.83,ST06_Bandung,
SHPM001909,AWB260001909,2026-03-13 06:41:21.137121,2026-03-13 06:59:21.137121,2026-03-13 07:33:21.137121,2026-03-13 10:42:26.578331,2026-03-13 11:27:26.578331,2026-03-13 12:01:26.578331,2026-03-13 13:13:20.232612,2026-03-13 20:26:52.356391,2026-03-14 06:05:22.774263,2026-03-14 18:33:58.282877,2026-03-14 22:01:17.489141,2026-03-14 18:41:21.137121,Delivered,Closed,SHP095,Shipper 095,Enterprise,Central Java,ST11_Yogyakarta,HB04_CTG_NATIONAL,East Java,ST12_Surabaya,HB03_SBY_GATEWAY,Inter-Region,Next Day,Prepaid,CR104,Bike,1.59,1.71,1.71,1027195,27695,22754,4,1,0,,45.0,36,0,0,,1,0,,0,,39.33,1.2,9.64,ST12_Surabaya,Last Mile Delay
SHPM001910,AWB260001910,2026-03-18 14:03:52.767961,2026-03-18 14:17:52.767961,2026-03-18 14:57:52.767961,2026-03-18 22:03:04.311672,2026-03-18 22:32:04.311672,2026-03-19 00:13:04.311672,2026-03-19 04:48:27.104131,2026-03-19 07:29:55.047063,2026-03-19 15:46:38.691292,2026-03-20 01:52:39.476286,2026-03-20 07:50:13.340480,2026-03-21 14:03:52.767961,Delivered,Closed,SHP052,Shipper 052,Marketplace,Jabodetabek,ST04_Bekasi,HB01_JKT_GATEWAY,West Java,ST06_Bandung,HB01_JKT_GATEWAY,Inter-Region,Regular,COD,CR034,Bike,2.88,2.95,2.95,899257,29275,20587,8,1,0,,29.0,72,1,0,,1,0,,0,,41.77,4.59,8.28,ST06_Bandung,
SHPM001911,AWB260001911,2026-03-27 05:38:26.044772,2026-03-27 05:48:26.044772,2026-03-27 06:14:26.044772,2026-03-27 12:42:53.277025,2026-03-27 13:21:53.277025,2026-03-27 13:45:53.277025,2026-03-27 16:34:54.540939,2026-03-27 20:07:15.721346,2026-03-28 11:27:25.884002,2026-03-29 03:34:15.438461,2026-03-29 21:39:01.247572,2026-03-30 05:38:26.044772,Delivered,Closed,SHP087,Shipper 087,Enterprise,Jabodetabek,ST05_Tangerang,HB01_JKT_GATEWAY,Outer Java,ST17_Makassar,HB06_EASTERN_GATEWAY,Inter-Region,Regular,Prepaid,CR051,Van,0.43,0.41,0.43,1218230,13935,9715,8,1,0,,39.0,72,1,0,,1,0,,0,,64.01,2.82,15.34,ST17_Makassar,
SHPM001912,AWB260001912,2026-03-24 15:11:19.588362,2026-03-24 15:40:19.588362,2026-03-24 15:45:19.588362,2026-03-24 20:00:21.330326,2026-03-24 20:34:21.330326,2026-03-24 20:56:21.330326,2026-03-25 01:08:35.753224,2026-03-25 06:32:30.835316,2026-03-25 08:23:30.438421,2026-03-26 00:48:21.843989,2026-03-26 09:13:53.846049,2026-03-26 03:11:19.588362,Delivered,Closed,SHP085,Shipper 085,Marketplace,Central Java,ST09_Semarang,HB04_CTG_NATIONAL,East Java,ST12_Surabaya,HB03_SBY_GATEWAY,Inter-Region,Next Day,Prepaid,CR083,Bike,2.62,4.43,4.43,2230935,39935,24007,4,0,0,,34.0,36,0,0,,1,0,,0,,42.04,4.2,1.85,ST12_Surabaya,First Mile Delay
SHPM001913,AWB260001913,2026-03-03 05:03:08.597201,2026-03-03 05:38:08.597201,2026-03-03 06:10:08.597201,2026-03-03 09:50:41.768991,2026-03-03 10:41:41.768991,2026-03-03 11:59:41.768991,2026-03-03 14:29:42.745355,2026-03-03 20:54:24.449835,2026-03-04 04:56:10.101006,2026-03-04 19:43:40.230348,2026-03-05 10:32:03.698936,2026-03-06 05:03:08.597201,Delivered,Closed,SHP013,Shipper 013,SME,Jabodetabek,ST04_Bekasi,HB01_JKT_GATEWAY,East Java,ST13_Malang,HB03_SBY_GATEWAY,Inter-Region,Regular,COD,CR043,Van,1.41,1.53,1.53,893757,22885,19568,8,1,0,,51.0,72,1,0,,1,0,,0,,53.48,2.5,8.03,ST13_Malang,
SHPM001914,AWB260001914,2026-02-25 12:08:54.564900,2026-02-25 12:53:54.564900,2026-02-25 14:00:54.564900,2026-02-25 15:15:46.808046,2026-02-25 16:25:46.808046,2026-02-25 17:25:46.808046,2026-02-25 23:54:34.345458,2026-02-26 02:39:11.963888,2026-02-26 20:56:37.131854,2026-02-27 07:26:42.918706,2026-02-27 08:44:01.470120,2026-02-26 04:08:54.564900,Delivered,Closed,SHP060,Shipper 060,Enterprise,East Java,ST12_Surabaya,HB03_SBY_GATEWAY,Central Java,ST10_Solo,HB04_CTG_NATIONAL,Inter-Region,Same Day,Prepaid,CR108,Van,0.97,1.35,1.35,1689329,33075,27027,2,0,0,,70.0,16,0,0,,1,0,,0,,44.59,6.48,18.29,ST10_Solo,First Mile Delay
SHPM001915,AWB260001915,2026-03-07 01:08:31.719083,2026-03-07 01:52:31.719083,2026-03-07 02:16:31.719083,2026-03-07 05:25:58.887108,2026-03-07 06:29:58.887108,2026-03-07 07:10:58.887108,2026-03-07 11:16:04.940268,2026-03-07 19:48:04.854293,2026-03-08 02:33:49.527973,2026-03-08 08:26:07.133111,2026-03-09 03:55:26.027874,2026-03-10 01:08:31.719083,Delivered,Closed,SHP084,Shipper 084,Enterprise,Central Java,ST11_Yogyakarta,HB04_CTG_NATIONAL,Outer Java,ST16_Palembang,HB05_SUMATRA_GATEWAY,Inter-Region,Regular,Prepaid,CR102,Bike,0.75,0.76,0.76,1091880,15420,14102,8,1,0,,64.0,72,1,0,,1,0,,0,,50.78,4.09,6.76,ST16_Palembang,
SHPM001916,AWB260001916,2026-03-09 22:38:21.441221,2026-03-09 22:59:21.441221,2026-03-09 23:31:21.441221,2026-03-10 01:56:08.959649,2026-03-10 02:18:08.959649,2026-03-10 02:55:08.959649,2026-03-10 04:35:36.901015,2026-03-10 10:17:38.562956,2026-03-10 17:57:26.906492,2026-03-11 05:16:17.627335,2026-03-11 16:24:46.224000,2026-03-12 22:38:21.441221,Delivered,Closed,SHP061,Shipper 061,Enterprise,Outer Java,ST17_Makassar,HB06_EASTERN_GATEWAY,West Java,ST08_Bogor,HB01_JKT_GATEWAY,Inter-Region,Regular,Prepaid,CR156,Truck,2.53,4.16,4.16,630001,30720,27087,8,1,0,,22.0,72,1,0,,1,0,,0,,41.77,1.67,7.66,ST08_Bogor,
SHPM001917,AWB260001917,2026-02-28 04:29:34.164099,2026-02-28 05:11:34.164099,2026-02-28 05:43:34.164099,2026-02-28 09:02:27.805740,2026-02-28 09:16:27.805740,2026-02-28 09:38:27.805740,2026-02-28 14:10:45.298625,2026-02-28 19:30:26.278886,2026-03-01 07:19:23.825585,2026-03-01 22:08:53.684894,2026-03-02 04:06:56.223219,2026-03-03 04:29:34.164099,Delivered,Closed,SHP089,Shipper 089,Enterprise,Central Java,ST11_Yogyakarta,HB04_CTG_NATIONAL,East Java,ST13_Malang,HB03_SBY_GATEWAY,Inter-Region,Regular,Prepaid,CR101,Bike,2.75,4.11,4.11,624149,30495,24611,8,1,0,,14.0,72,1,0,,1,0,,0,,47.62,4.54,11.82,ST13_Malang,
SHPM001918,AWB260001918,2026-03-12 21:09:26.354872,2026-03-12 21:49:26.354872,2026-03-12 21:54:26.354872,2026-03-13 00:40:59.621247,2026-03-13 01:03:59.621247,2026-03-13 02:09:59.621247,2026-03-13 06:56:06.182617,2026-03-13 12:34:51.275867,2026-03-13 15:53:28.550701,2026-03-14 09:18:35.588378,2026-03-15 02:21:52.517985,2026-03-15 21:09:26.354872,Delivered,Closed,SHP003,Shipper 003,Marketplace,Outer Java,ST15_Medan,HB05_SUMATRA_GATEWAY,West Java,ST07_Cirebon,HB02_BDG_TRANSIT,Inter-Region,Regular,Prepaid,CR139,Van,1.42,1.53,1.53,913834,18885,17383,8,1,0,,23.0,72,1,0,,1,0,,0,,53.21,4.77,3.31,ST07_Cirebon,
SHPM001919,AWB260001919,2026-03-31 19:18:43.534867,2026-03-31 19:33:43.534867,2026-03-31 19:54:43.534867,2026-03-31 23:28:28.811167,2026-03-31 23:43:28.811167,2026-04-01 01:09:28.811167,2026-04-01 04:30:36.360512,2026-04-01 08:40:12.270299,2026-04-01 17:52:20.407929,2026-04-01 23:55:25.190043,2026-04-02 14:22:28.105331,2026-04-02 07:18:43.534867,Delivered,Closed,SHP086,Shipper 086,Marketplace,Jabodetabek,ST04_Bekasi,HB01_JKT_GATEWAY,Outer Java,ST15_Medan,HB05_SUMATRA_GATEWAY,Inter-Region,Next Day,Prepaid,CR035,Van,1.25,1.18,1.25,1619686,25625,21840,4,1,0,,15.0,36,0,0,,1,0,,0,,43.06,3.35,9.2,ST15_Medan,Remote Area
SHPM001920,AWB260001920,2026-03-29 09:10:02.044105,2026-03-29 09:33:02.044105,2026-03-29 09:48:02.044105,2026-03-29 12:33:19.950827,2026-03-29 13:41:19.950827,2026-03-29 15:03:19.950827,2026-03-29 16:22:54.123448,2026-03-30 01:39:04.783880,2026-03-30 04:03:57.980254,2026-03-30 21:57:22.354542,2026-03-31 03:37:56.722882,2026-04-01 09:10:02.044105,Delivered,Closed,SHP022,Shipper 022,Marketplace,Central Java,ST09_Semarang,HB04_CTG_NATIONAL,Jabodetabek,ST05_Tangerang,HB01_JKT_GATEWAY,Inter-Region,Regular,Prepaid,CR085,Bike,1.17,1.57,1.57,1303242,19065,17644,8,1,0,,68.0,72,1,0,,1,0,,0,,42.47,1.33,2.41,ST05_Tangerang,
SHPM001921,AWB260001921,2026-02-27 10:29:48.217073,2026-02-27 11:08:48.217073,2026-02-27 11:21:48.217073,2026-02-27 17:52:37.395909,2026-02-27 18:45:37.395909,2026-02-27 20:36:37.395909,2026-02-27 22:46:19.983789,2026-02-28 06:17:36.595211,2026-02-28 16:53:58.683540,2026-03-01 07:21:37.437429,2026-03-01 20:45:41.681025,2026-03-02 10:29:48.217073,Delivered,Closed,SHP027,Shipper 027,SME,Jabodetabek,ST05_Tangerang,HB01_JKT_GATEWAY,West Java,ST08_Bogor,HB01_JKT_GATEWAY,Inter-Region,Regular,COD,CR048,Van,0.69,0.67,0.69,1126325,19105,12663,8,1,0,,53.0,72,1,0,,1,0,,0,,58.26,2.16,10.61,ST08_Bogor,
SHPM001922,AWB260001922,2026-03-07 21:49:29.513401,2026-03-07 22:25:29.513401,2026-03-07 22:54:29.513401,2026-03-08 05:55:17.437815,2026-03-08 06:57:17.437815,2026-03-08 07:19:17.437815,2026-03-08 10:34:25.987119,2026-03-08 16:04:33.641294,2026-03-09 00:15:27.664514,2026-03-09 08:01:01.294604,2026-03-09 17:56:08.072698,2026-03-10 21:49:29.513401,Delivered,Closed,SHP074,Shipper 074,Enterprise,Outer Java,ST16_Palembang,HB05_SUMATRA_GATEWAY,West Java,ST08_Bogor,HB01_JKT_GATEWAY,Inter-Region,Regular,COD,CR152,Bike,0.62,0.67,0.67,2049881,19015,14873,8,1,0,,62.0,72,1,0,,1,0,,0,,44.11,3.25,8.18,ST08_Bogor,
SHPM001923,AWB260001923,2026-02-25 23:36:45.446701,2026-02-26 00:09:45.446701,2026-02-26 00:43:45.446701,2026-02-26 01:37:16.258534,2026-02-26 02:42:16.258534,2026-02-26 03:29:16.258534,2026-02-26 08:33:38.642033,2026-02-26 18:13:32.417051,2026-02-27 08:39:01.838554,2026-02-27 22:24:19.330772,2026-02-28 16:14:32.676754,2026-02-27 11:36:45.446701,Delivered,Closed,SHP014,Shipper 014,Enterprise,Jabodetabek,ST05_Tangerang,HB01_JKT_GATEWAY,Outer Java,ST17_Makassar,HB06_EASTERN_GATEWAY,Inter-Region,Next Day,Prepaid,CR054,Van,0.63,0.58,0.63,461539,22835,14221,4,1,0,,65.0,36,0,0,,1,0,,0,,64.63,5.07,14.42,ST17_Makassar,Hub Bottleneck
SHPM001924,AWB260001924,2026-02-15 20:16:43.153246,2026-02-15 20:59:43.153246,2026-02-15 21:52:43.153246,2026-02-15 23:35:56.243753,2026-02-16 01:08:56.243753,2026-02-16 01:29:56.243753,2026-02-16 03:57:15.920565,2026-02-16 10:22:32.321230,2026-02-17 06:49:58.402183,2026-02-17 14:12:11.823929,2026-02-17 18:29:46.300555,2026-02-16 12:16:43.153246,Delivered,Closed,SHP010,Shipper 010,Enterprise,East Java,ST12_Surabaya,HB03_SBY_GATEWAY,Jabodetabek,ST04_Bekasi,HB01_JKT_GATEWAY,Inter-Region,Same Day,Prepaid,CR109,Van,1.39,2.09,2.09,2094400,36405,30846,2,0,0,,93.0,16,0,0,,1,0,,0,,46.22,2.46,20.46,ST04_Bekasi,First Mile Delay
SHPM001925,AWB260001925,2026-02-15 11:05:28.458058,2026-02-15 11:24:28.458058,2026-02-15 11:50:28.458058,2026-02-15 17:11:00.619299,2026-02-15 17:32:00.619299,2026-02-15 17:56:00.619299,2026-02-15 22:13:18.741696,2026-02-16 01:44:19.892658,2026-02-16 07:59:27.094178,2026-02-16 16:09:08.556600,2026-02-17 01:31:41.578651,2026-02-18 11:05:28.458058,Delivered,Closed,SHP056,Shipper 056,Enterprise,Jabodetabek,ST03_JKT_East,HB01_JKT_GATEWAY,Central Java,ST11_Yogyakarta,HB04_CTG_NATIONAL,Inter-Region,Regular,Prepaid,CR021,Van,0.61,0.63,0.63,1158230,14835,8931,8,1,0,,21.0,72,1,0,,1,0,,0,,38.44,4.29,6.25,ST11_Yogyakarta,
SHPM001926,AWB260001926,2026-03-25 13:37:28.625861,2026-03-25 14:10:28.625861,2026-03-25 14:44:28.625861,2026-03-25 18:38:15.890847,2026-03-25 19:13:15.890847,2026-03-25 20:53:15.890847,2026-03-26 00:15:40.706483,2026-03-26 05:07:50.317124,2026-03-26 08:15:12.313888,2026-03-26 13:37:47.065984,2026-03-26 18:18:37.129215,2026-03-27 01:37:28.625861,Delivered,Closed,SHP001,Shipper 001,Marketplace,Jabodetabek,ST03_JKT_East,HB01_JKT_GATEWAY,Central Java,ST11_Yogyakarta,HB04_CTG_NATIONAL,Inter-Region,Next Day,COD,CR028,Bike,2.52,2.57,2.57,1590299,35565,22278,4,0,0,,35.0,36,1,0,,1,0,,0,,28.69,3.37,3.12,ST11_Yogyakarta,
SHPM001927,AWB260001927,2026-03-11 08:00:57.983932,2026-03-11 08:25:57.983932,2026-03-11 09:10:57.983932,2026-03-11 16:31:20.817148,2026-03-11 17:19:20.817148,2026-03-11 19:18:20.817148,2026-03-11 20:40:33.557114,2026-03-12 02:43:38.651210,2026-03-12 11:09:39.619592,2026-03-13 02:55:13.419126,,2026-03-14 08:00:57.983932,Delivery Exception,Exception,SHP066,Shipper 066,Marketplace,West Java,ST08_Bogor,HB01_JKT_GATEWAY,Outer Java,ST17_Makassar,HB06_EASTERN_GATEWAY,Inter-Region,Regular,Prepaid,CR076,Van,1.74,1.7,1.74,1213572,19830,16811,8,0,0,,48.0,72,0,1,Customer Reschedule,2,0,,0,,627.98,1.37,8.43,ST17_Makassar,Delivery Exception
SHPM001928,AWB260001928,2026-03-15 15:25:20.717414,2026-03-15 15:57:20.717414,2026-03-15 16:20:20.717414,2026-03-15 21:49:15.134848,2026-03-15 22:35:15.134848,2026-03-15 23:54:15.134848,2026-03-16 04:51:03.956176,2026-03-16 08:53:45.682581,2026-03-16 11:35:50.581515,2026-03-16 20:33:10.501115,2026-03-17 01:04:07.483095,2026-03-18 15:25:20.717414,Delivered,Closed,SHP071,Shipper 071,Enterprise,Jabodetabek,ST04_Bekasi,HB01_JKT_GATEWAY,Central Java,ST09_Semarang,HB04_CTG_NATIONAL,Inter-Region,Regular,COD,CR040,Truck,2.85,2.9,2.9,2554501,29050,19657,8,1,0,,46.0,72,1,0,,1,0,,0,,33.65,4.95,2.7,ST09_Semarang,
SHPM001929,AWB260001929,2026-03-05 07:05:32.033000,2026-03-05 07:19:32.033000,2026-03-05 07:24:32.033000,2026-03-05 10:20:29.730374,2026-03-05 10:35:29.730374,2026-03-05 12:24:29.730374,2026-03-05 16:42:57.117698,2026-03-05 23:34:11.559108,2026-03-06 15:40:16.629921,2026-03-07 06:52:19.555290,2026-03-07 22:26:50.342706,2026-03-08 07:05:32.033000,Delivered,Closed,SHP006,Shipper 006,Marketplace,East Java,ST13_Malang,HB03_SBY_GATEWAY,West Java,ST07_Cirebon,HB02_BDG_TRANSIT,Inter-Region,Regular,Prepaid,CR123,Van,0.73,0.94,0.94,587636,16230,13224,8,1,0,,15.0,72,1,0,,1,0,,0,,63.36,4.31,16.1,ST07_Cirebon,
SHPM001930,AWB260001930,2026-03-29 17:13:32.204831,2026-03-29 17:52:32.204831,2026-03-29 18:22:32.204831,2026-03-29 19:41:20.428395,2026-03-29 21:08:20.428395,2026-03-29 22:33:20.428395,2026-03-30 04:10:35.270055,2026-03-30 07:42:45.193945,2026-04-01 00:25:16.973300,2026-04-01 05:54:07.731907,2026-04-01 11:47:21.370954,2026-03-30 09:13:32.204831,Delivered,Closed,SHP090,Shipper 090,Enterprise,East Java,ST14_Kediri,HB03_SBY_GATEWAY,Outer Java,ST17_Makassar,HB06_EASTERN_GATEWAY,Inter-Region,Same Day,Prepaid,CR127,Bike,0.57,0.53,0.57,663551,29565,27557,2,1,0,,87.0,16,0,0,,1,0,,0,,66.56,5.62,40.71,ST17_Makassar,Hub Bottleneck
SHPM001931,AWB260001931,2026-03-30 14:23:17.352621,2026-03-30 14:51:17.352621,2026-03-30 15:41:17.352621,2026-03-30 21:01:29.301077,2026-03-30 22:13:29.301077,2026-03-30 23:31:29.301077,2026-03-31 03:31:20.796560,2026-03-31 07:54:26.260864,2026-04-01 06:19:51.644660,2026-04-01 11:29:46.773942,2026-04-01 18:55:42.875518,2026-03-31 14:23:17.352621,Delivered,Closed,SHP060,Shipper 060,Enterprise,East Java,ST12_Surabaya,HB03_SBY_GATEWAY,East Java,ST12_Surabaya,HB03_SBY_GATEWAY,Intra-Region,Next Day,COD,CR110,Bike,0.32,0.3,0.32,235767,25440,23024,4,0,0,,72.0,24,0,0,,1,0,,0,,52.54,4.0,22.42,ST12_Surabaya,First Mile Delay
SHPM001932,AWB260001932,2026-03-08 13:16:10.507225,2026-03-08 13:50:10.507225,2026-03-08 14:32:10.507225,2026-03-08 16:12:22.666423,2026-03-08 16:54:22.666423,2026-03-08 17:23:22.666423,2026-03-08 20:43:42.261343,2026-03-09 00:21:32.990270,2026-03-09 09:00:15.419689,2026-03-09 19:43:00.248267,2026-03-10 01:09:25.687746,2026-03-11 13:16:10.507225,Delivered,Closed,SHP005,Shipper 005,Enterprise,Central Java,ST09_Semarang,HB04_CTG_NATIONAL,Jabodetabek,ST03_JKT_East,HB01_JKT_GATEWAY,Inter-Region,Regular,Prepaid,CR086,Bike,1.51,1.64,1.64,2254712,19380,16000,8,1,0,,42.0,72,1,0,,1,0,,0,,35.89,3.34,8.65,ST03_JKT_East,
SHPM001933,AWB260001933,2026-03-13 12:29:05.354358,2026-03-13 13:09:05.354358,2026-03-13 13:52:05.354358,2026-03-13 20:33:48.247982,2026-03-13 21:50:48.247982,2026-03-13 22:30:48.247982,2026-03-14 07:38:12.143180,2026-03-14 16:16:42.425247,2026-03-14 23:53:20.308594,2026-03-15 14:23:47.888016,2026-03-15 22:23:50.697895,2026-03-15 00:29:05.354358,Delivered,Closed,SHP025,Shipper 025,Marketplace,East Java,ST12_Surabaya,HB03_SBY_GATEWAY,Central Java,ST10_Solo,HB04_CTG_NATIONAL,Inter-Region,Next Day,Prepaid,CR111,Van,1.47,2.36,2.36,738540,30620,19324,4,0,0,,77.0,36,0,0,,1,0,,0,,57.91,9.12,7.61,ST10_Solo,First Mile Delay
SHPM001934,AWB260001934,2026-03-06 03:04:52.464052,2026-03-06 03:12:52.464052,2026-03-06 03:24:52.464052,2026-03-06 07:26:23.738627,2026-03-06 08:18:23.738627,2026-03-06 09:57:23.738627,2026-03-06 14:56:35.103846,2026-03-06 22:03:33.929304,2026-03-07 01:31:52.770894,2026-03-07 12:12:11.714904,2026-03-07 21:54:48.000131,2026-03-07 15:04:52.464052,Delivered,Closed,SHP092,Shipper 092,Marketplace,Jabodetabek,ST03_JKT_East,HB01_JKT_GATEWAY,West Java,ST07_Cirebon,HB02_BDG_TRANSIT,Inter-Region,Next Day,Prepaid,CR029,Van,0.89,1.42,1.42,1412196,26390,21626,4,0,0,,52.0,36,0,0,,1,0,,0,,42.83,4.99,3.47,ST07_Cirebon,First Mile Delay
SHPM001935,AWB260001935,2026-03-28 22:29:58.832908,2026-03-28 23:02:58.832908,2026-03-28 23:41:58.832908,,,,,,,,,2026-03-30 22:29:58.832908,Failed Pickup,Exception,SHP047,Shipper 047,Marketplace,Central Java,ST10_Solo,HB04_CTG_NATIONAL,Central Java,ST10_Solo,HB04_CTG_NATIONAL,Intra-Region,Regular,COD,CR098,Van,2.42,2.23,2.42,1238986,26890,21460,8,0,1,Schedule Miss,,48,0,0,,0,0,,0,,205.5,,,ST10_Solo,
SHPM001936,AWB260001936,2026-02-20 09:14:13.676360,2026-02-20 09:41:13.676360,2026-02-20 10:35:13.676360,2026-02-20 13:10:01.852601,2026-02-20 13:30:01.852601,2026-02-20 14:52:01.852601,2026-02-20 18:45:42.410042,2026-02-21 04:01:19.551769,2026-02-21 07:55:08.385475,2026-02-21 15:21:11.294604,2026-02-21 20:33:02.385902,2026-02-21 21:14:13.676360,Delivered,Closed,SHP046,Shipper 046,SME,East Java,ST14_Kediri,HB03_SBY_GATEWAY,Jabodetabek,ST01_JKT_Central,HB01_JKT_GATEWAY,Inter-Region,Next Day,Prepaid,CR126,Bike,1.47,1.35,1.47,2143177,26615,24216,4,1,0,,20.0,36,1,0,,1,0,,0,,35.31,3.89,3.9,ST01_JKT_Central,
SHPM001937,AWB260001937,2026-03-26 23:07:38.937962,2026-03-26 23:27:38.937962,2026-03-27 00:17:38.937962,2026-03-27 01:33:48.511341,2026-03-27 02:53:48.511341,2026-03-27 04:31:48.511341,2026-03-27 08:53:55.764237,2026-03-27 14:46:01.508044,2026-03-28 06:04:47.682739,2026-03-28 22:47:05.302060,,2026-03-29 23:07:38.937962,Delivery Exception,Exception,SHP020,Shipper 020,SME,East Java,ST14_Kediri,HB03_SBY_GATEWAY,Jabodetabek,ST02_JKT_West,HB01_JKT_GATEWAY,Inter-Region,Regular,Prepaid,CR132,Van,0.54,0.58,0.58,572403,14610,8132,8,1,0,,80.0,72,0,1,Customer Reschedule,1,0,,0,,252.87,4.37,15.31,ST02_JKT_West,Hub Bottleneck
SHPM001938,AWB260001938,2026-02-16 23:32:22.827291,2026-02-17 00:06:22.827291,2026-02-17 00:36:22.827291,,,,,,,,,2026-02-18 11:32:22.827291,Failed Pickup,Exception,SHP090,Shipper 090,Enterprise,East Java,ST12_Surabaya,HB03_SBY_GATEWAY,Outer Java,ST18_Balikpapan,HB06_EASTERN_GATEWAY,Inter-Region,Next Day,Prepaid,CR108,Bike,1.28,1.2,1.28,1317605,25760,16137,4,0,1,Shipper Not Ready,,36,0,0,,0,0,,0,,1164.46,,,ST12_Surabaya,
SHPM001939,AWB260001939,2026-02-25 03:37:19.839020,2026-02-25 04:04:19.839020,2026-02-25 04:26:19.839020,2026-02-25 06:23:28.222267,2026-02-25 06:41:28.222267,2026-02-25 07:26:28.222267,2026-02-25 08:30:19.094245,2026-02-25 12:38:39.908300,2026-02-26 02:30:28.412136,2026-02-26 17:42:17.165437,,2026-02-25 19:37:19.839020,Lost,Exception,SHP034,Shipper 034,Enterprise,Jabodetabek,ST01_JKT_Central,HB01_JKT_GATEWAY,Outer Java,ST17_Makassar,HB06_EASTERN_GATEWAY,Inter-Region,Same Day,COD,CR005,Truck,2.11,2.21,2.21,1665602,40945,31632,2,0,0,,18.0,16,0,0,,1,1,Lost,0,,968.38,1.06,13.86,HB01_JKT_GATEWAY,
SHPM001940,AWB260001940,2026-03-05 14:44:28.657000,2026-03-05 15:05:28.657000,2026-03-05 15:48:28.657000,2026-03-05 17:39:36.612802,2026-03-05 18:14:36.612802,2026-03-05 19:40:36.612802,2026-03-05 23:31:05.168053,2026-03-06 04:23:03.994268,2026-03-06 09:52:21.627593,2026-03-07 02:32:26.097609,2026-03-07 10:28:28.427144,2026-03-07 02:44:28.657000,Delivered,Closed,SHP013,Shipper 013,SME,Jabodetabek,ST02_JKT_West,HB01_JKT_GATEWAY,Central Java,ST09_Semarang,HB04_CTG_NATIONAL,Inter-Region,Next Day,Prepaid,CR017,Van,1.21,1.09,1.21,478059,25445,16407,4,1,0,,35.0,36,0,0,,1,0,,0,,43.73,3.84,5.49,ST09_Semarang,Last Mile Delay
SHPM001941,AWB260001941,2026-03-07 06:08:56.068331,2026-03-07 06:15:56.068331,2026-03-07 06:55:56.068331,2026-03-07 10:45:27.818539,2026-03-07 11:03:27.818539,2026-03-07 11:42:27.818539,2026-03-07 12:51:07.796373,2026-03-07 15:53:04.043010,2026-03-07 19:50:04.168200,2026-03-08 05:13:49.055806,2026-03-08 08:05:31.893599,2026-03-08 18:08:56.068331,Delivered,Closed,SHP089,Shipper 089,Enterprise,Central Java,ST11_Yogyakarta,HB04_CTG_NATIONAL,Outer Java,ST19_Denpasar,HB06_EASTERN_GATEWAY,Inter-Region,Next Day,Prepaid,CR106,Bike,0.76,0.87,0.87,388780,23915,20524,4,0,0,,18.0,36,1,0,,1,0,,0,,25.94,1.14,3.95,ST19_Denpasar,
SHPM001942,AWB260001942,2026-02-16 11:23:17.609887,2026-02-16 11:42:17.609887,2026-02-16 12:26:17.609887,2026-02-16 15:21:30.853372,2026-02-16 15:54:30.853372,2026-02-16 17:24:30.853372,2026-02-16 23:21:00.498979,2026-02-17 05:16:16.881421,2026-02-17 14:47:52.463680,2026-02-18 07:53:29.466829,2026-02-18 18:03:00.363877,2026-02-19 11:23:17.609887,Delivered,Closed,SHP034,Shipper 034,Enterprise,Jabodetabek,ST01_JKT_Central,HB01_JKT_GATEWAY,West Java,ST07_Cirebon,HB02_BDG_TRANSIT,Inter-Region,Regular,Prepaid,CR004,Bike,1.45,1.94,1.94,663511,20730,15493,8,1,0,,33.0,72,1,0,,1,0,,0,,54.66,5.94,9.53,ST07_Cirebon,
SHPM001943,AWB260001943,2026-03-05 01:21:18.950867,2026-03-05 01:27:18.950867,2026-03-05 02:07:18.950867,2026-03-05 05:06:39.446804,2026-03-05 05:59:39.446804,2026-03-05 07:01:39.446804,2026-03-05 09:13:56.713255,2026-03-05 13:21:22.686959,2026-03-05 22:25:21.595116,2026-03-06 03:23:14.345830,2026-03-06 12:09:47.861844,2026-03-06 01:21:18.950867,Delivered,Closed,SHP027,Shipper 027,SME,Jabodetabek,ST05_Tangerang,HB01_JKT_GATEWAY,Jabodetabek,ST03_JKT_East,HB01_JKT_GATEWAY,Intra-Region,Next Day,Prepaid,CR045,Van,2.79,3.04,3.04,285404,33680,22691,4,1,0,,53.0,24,0,0,,1,0,,0,,34.81,2.2,9.07,ST03_JKT_East,Last Mile Delay
SHPM001944,AWB260001944,2026-02-28 07:26:35.133900,2026-02-28 08:06:35.133900,2026-02-28 08:48:35.133900,2026-02-28 12:22:55.263855,2026-02-28 12:40:55.263855,2026-02-28 13:46:55.263855,2026-02-28 16:05:25.433377,2026-03-01 01:26:08.065725,2026-03-01 11:37:24.922077,2026-03-01 19:04:17.077788,2026-03-01 21:12:20.608355,2026-03-01 19:26:35.133900,Delivered,Closed,SHP071,Shipper 071,Enterprise,Jabodetabek,ST04_Bekasi,HB01_JKT_GATEWAY,East Java,ST13_Malang,HB03_SBY_GATEWAY,Inter-Region,Next Day,Prepaid,CR037,Bike,1.76,1.82,1.82,1828775,28190,22739,4,0,0,,18.0,36,0,0,,1,0,,0,,37.76,2.31,10.19,ST13_Malang,First Mile Delay
SHPM001945,AWB260001945,2026-03-20 08:06:01.948732,2026-03-20 08:25:01.948732,2026-03-20 08:46:01.948732,2026-03-20 16:26:27.856669,2026-03-20 17:20:27.856669,2026-03-20 19:02:27.856669,2026-03-20 21:28:36.477522,2026-03-21 05:38:30.172296,2026-03-21 17:11:00.165193,2026-03-22 02:31:10.740769,2026-03-22 18:00:14.173768,2026-03-23 08:06:01.948732,Delivered,Closed,SHP059,Shipper 059,Marketplace,Jabodetabek,ST05_Tangerang,HB01_JKT_GATEWAY,Central Java,ST09_Semarang,HB04_CTG_NATIONAL,Inter-Region,Regular,Prepaid,CR050,Bike,0.9,0.88,0.9,1105027,16050,9117,8,0,0,,54.0,72,1,0,,1,0,,0,,57.9,2.44,11.54,ST09_Semarang,
SHPM001946,AWB260001946,2026-03-27 14:38:23.765897,2026-03-27 15:11:23.765897,2026-03-27 15:40:23.765897,2026-03-27 19:11:55.276693,2026-03-27 20:03:55.276693,2026-03-27 21:51:55.276693,2026-03-28 02:16:11.800705,2026-03-28 07:38:52.282289,2026-03-28 16:27:25.171529,2026-03-29 01:27:08.011777,2026-03-29 14:21:10.439227,2026-03-30 14:38:23.765897,Delivered,Closed,SHP035,Shipper 035,Enterprise,Jabodetabek,ST04_Bekasi,HB01_JKT_GATEWAY,West Java,ST08_Bogor,HB01_JKT_GATEWAY,Inter-Region,Regular,Prepaid,CR035,Bike,1.39,1.73,1.73,1228967,19785,18196,8,1,0,,52.0,72,1,0,,1,0,,0,,47.71,4.4,8.81,ST08_Bogor,
SHPM001947,AWB260001947,2026-03-08 01:00:11.480303,2026-03-08 01:45:11.480303,2026-03-08 02:36:11.480303,2026-03-08 10:17:53.773419,2026-03-08 10:28:53.773419,2026-03-08 11:19:53.773419,2026-03-08 14:57:25.461615,2026-03-08 21:17:07.846004,2026-03-09 05:07:42.668804,2026-03-09 15:09:52.948307,2026-03-09 23:02:49.164967,2026-03-11 01:00:11.480303,Delivered,Closed,SHP002,Shipper 002,Enterprise,Jabodetabek,ST04_Bekasi,HB01_JKT_GATEWAY,East Java,ST13_Malang,HB03_SBY_GATEWAY,Inter-Region,Regular,Prepaid,CR040,Van,2.03,3.38,3.38,1401698,27210,20498,8,0,0,,11.0,72,1,0,,1,0,,0,,46.04,3.63,7.84,ST13_Malang,
SHPM001948,AWB260001948,2026-03-19 22:26:26.227456,2026-03-19 22:58:26.227456,2026-03-19 23:04:26.227456,2026-03-20 05:02:16.163199,2026-03-20 05:53:16.163199,2026-03-20 07:03:16.163199,2026-03-20 11:39:05.731859,2026-03-20 16:56:49.706391,2026-03-20 22:20:28.335487,2026-03-21 07:07:14.170195,2026-03-21 20:06:08.952692,2026-03-22 22:26:26.227456,Delivered,Closed,SHP062,Shipper 062,Enterprise,Jabodetabek,ST01_JKT_Central,HB01_JKT_GATEWAY,West Java,ST06_Bandung,HB01_JKT_GATEWAY,Inter-Region,Regular,Prepaid,CR002,Bike,1.99,3.07,3.07,682310,25815,15687,8,1,0,,51.0,72,1,0,,1,0,,0,,45.66,4.6,5.39,ST06_Bandung,
SHPM001949,AWB260001949,2026-03-11 06:05:18.462256,2026-03-11 06:38:18.462256,2026-03-11 07:13:18.462256,2026-03-11 09:47:13.547125,2026-03-11 10:41:13.547125,2026-03-11 12:02:13.547125,2026-03-11 13:35:03.725299,2026-03-11 18:55:11.297654,2026-03-11 23:57:20.048596,2026-03-12 13:30:12.157272,2026-03-12 19:22:15.144440,2026-03-14 06:05:18.462256,Delivered,Closed,SHP073,Shipper 073,Marketplace,Outer Java,ST15_Medan,HB05_SUMATRA_GATEWAY,East Java,ST13_Malang,HB03_SBY_GATEWAY,Inter-Region,Regular,Prepaid,CR144,Bike,1.25,1.13,1.25,895511,17625,11228,8,1,0,,54.0,72,1,0,,1,0,,0,,37.28,1.55,5.04,ST13_Malang,
SHPM001950,AWB260001950,2026-03-19 00:08:03.584945,2026-03-19 00:22:03.584945,2026-03-19 01:19:03.584945,2026-03-19 04:07:24.776104,2026-03-19 05:41:24.776104,2026-03-19 06:06:24.776104,2026-03-19 13:45:22.371661,2026-03-19 18:29:50.839151,2026-03-20 04:58:22.188849,2026-03-20 22:25:15.401693,2026-03-21 02:40:48.879899,2026-03-20 12:08:03.584945,Delivered,Closed,SHP018,Shipper 018,Enterprise,West Java,ST07_Cirebon,HB02_BDG_TRANSIT,Jabodetabek,ST01_JKT_Central,HB01_JKT_GATEWAY,Inter-Region,Next Day,Prepaid,CR074,Bike,2.92,2.87,2.92,1577144,33140,21920,4,1,0,,94.0,36,0,0,,1,0,,0,,50.55,7.65,10.48,ST01_JKT_Central,Hub Bottleneck
SHPM001951,AWB260001951,2026-03-11 17:42:05.860468,2026-03-11 18:26:05.860468,2026-03-11 18:57:05.860468,2026-03-11 21:44:56.680539,2026-03-11 21:53:56.680539,2026-03-11 22:27:56.680539,2026-03-12 02:03:05.432200,2026-03-12 06:52:19.428131,2026-03-12 17:25:12.637725,2026-03-13 09:55:01.813394,2026-03-14 00:06:01.191111,2026-03-14 17:42:05.860468,Delivered,Closed,SHP007,Shipper 007,SME,Jabodetabek,ST05_Tangerang,HB01_JKT_GATEWAY,East Java,ST14_Kediri,HB03_SBY_GATEWAY,Inter-Region,Regular,Prepaid,CR048,Van,2.77,3.26,3.26,1676413,26670,18507,8,1,0,,9.0,72,1,0,,1,0,,0,,54.4,3.59,10.55,ST14_Kediri,
SHPM001952,AWB260001952,2026-02-18 21:15:55.621649,2026-02-18 21:29:55.621649,2026-02-18 21:58:55.621649,2026-02-18 22:53:55.337135,2026-02-18 23:01:55.337135,2026-02-18 23:52:55.337135,2026-02-19 02:27:11.392000,2026-02-19 05:56:23.376853,2026-02-19 07:34:47.438225,2026-02-19 09:15:36.392077,2026-02-19 12:47:25.043149,2026-02-19 21:15:55.621649,Delivered,Closed,SHP052,Shipper 052,Marketplace,Jabodetabek,ST04_Bekasi,HB01_JKT_GATEWAY,Jabodetabek,ST01_JKT_Central,HB01_JKT_GATEWAY,Intra-Region,Next Day,COD,CR040,Truck,0.74,0.78,0.78,944444,27510,22328,4,1,0,,8.0,24,1,0,,1,0,,0,,15.52,2.57,1.64,ST01_JKT_Central,
SHPM001953,AWB260001953,2026-03-17 15:51:42.374540,2026-03-17 16:01:42.374540,2026-03-17 16:22:42.374540,2026-03-17 20:38:58.611238,2026-03-17 21:26:58.611238,2026-03-17 23:02:58.611238,2026-03-18 03:22:18.944184,2026-03-18 06:57:38.945454,2026-03-18 11:26:49.137569,2026-03-18 15:22:37.319323,,2026-03-18 15:51:42.374540,Delivery Exception,Exception,SHP002,Shipper 002,Enterprise,Jabodetabek,ST01_JKT_Central,HB01_JKT_GATEWAY,Jabodetabek,ST03_JKT_East,HB01_JKT_GATEWAY,Intra-Region,Next Day,Prepaid,CR011,Truck,1.58,1.59,1.59,864261,27155,16923,4,0,0,,48.0,24,0,1,Remote Area Delay,2,0,,0,,476.14,4.32,4.49,ST03_JKT_East,Delivery Exception
SHPM001954,AWB260001954,2026-02-25 22:57:07.994154,2026-02-25 23:20:07.994154,2026-02-25 23:50:07.994154,2026-02-26 06:11:56.141501,2026-02-26 06:58:56.141501,2026-02-26 08:15:56.141501,2026-02-26 12:59:34.899677,2026-02-26 18:29:14.466549,2026-02-27 04:17:11.065833,2026-02-27 13:26:48.101556,2026-02-28 04:39:53.315187,2026-02-28 22:57:07.994154,Delivered,Closed,SHP076,Shipper 076,Enterprise,West Java,ST06_Bandung,HB01_JKT_GATEWAY,Jabodetabek,ST01_JKT_Central,HB01_JKT_GATEWAY,Inter-Region,Regular,COD,CR058,Bike,1.18,1.25,1.25,501836,21625,18015,8,1,0,,47.0,72,1,0,,1,0,,0,,53.71,4.73,9.8,ST01_JKT_Central,
SHPM001955,AWB260001955,2026-03-21 01:52:08.823276,2026-03-21 02:22:08.823276,2026-03-21 02:30:08.823276,2026-03-21 03:25:56.634400,2026-03-21 04:16:56.634400,2026-03-21 06:00:56.634400,2026-03-21 10:47:11.394314,2026-03-21 16:38:09.512013,2026-03-21 22:36:20.140927,2026-03-22 12:54:25.924575,2026-03-22 15:30:29.821392,2026-03-21 17:52:08.823276,Delivered,Closed,SHP002,Shipper 002,Enterprise,Jabodetabek,ST04_Bekasi,HB01_JKT_GATEWAY,Central Java,ST09_Semarang,HB04_CTG_NATIONAL,Inter-Region,Same Day,Prepaid,CR033,Van,2.97,3.12,3.12,1049605,41040,34327,2,1,0,,51.0,16,0,0,,1,0,,0,,37.64,4.77,5.97,ST09_Semarang,Last Mile Delay
SHPM001956,AWB260001956,2026-02-17 08:56:02.234866,2026-02-17 09:21:02.234866,2026-02-17 09:58:02.234866,2026-02-17 14:07:03.383491,2026-02-17 15:35:03.383491,2026-02-17 17:28:03.383491,2026-02-17 19:40:52.910313,2026-02-18 03:47:42.473566,2026-02-19 01:05:53.411077,2026-02-19 06:40:50.315406,2026-02-19 12:11:25.266497,2026-02-20 08:56:02.234866,Delivered,Closed,SHP060,Shipper 060,Enterprise,East Java,ST12_Surabaya,HB03_SBY_GATEWAY,Outer Java,ST19_Denpasar,HB06_EASTERN_GATEWAY,Inter-Region,Regular,Prepaid,CR111,Van,0.65,1.09,1.09,568145,16905,14450,8,1,0,,88.0,72,1,0,,1,0,,0,,51.26,2.21,21.3,ST19_Denpasar,
SHPM001957,AWB260001957,2026-02-15 19:18:49.013933,2026-02-15 19:37:49.013933,2026-02-15 19:44:49.013933,2026-02-15 21:19:15.127967,2026-02-15 21:44:15.127967,2026-02-15 22:34:15.127967,2026-02-16 02:35:07.743241,2026-02-16 05:41:16.791555,2026-02-16 08:38:08.941068,2026-02-16 15:16:57.900389,2026-02-17 01:24:56.009769,2026-02-16 19:18:49.013933,Delivered,Closed,SHP065,Shipper 065,Marketplace,Jabodetabek,ST03_JKT_East,HB01_JKT_GATEWAY,Jabodetabek,ST01_JKT_Central,HB01_JKT_GATEWAY,Intra-Region,Next Day,Prepaid,CR022,Truck,1.26,1.84,1.84,1223144,28280,20997,4,1,0,,25.0,24,0,0,,1,0,,0,,30.1,4.01,2.95,ST01_JKT_Central,Last Mile Delay
SHPM001958,AWB260001958,2026-03-25 05:01:21.128640,2026-03-25 05:39:21.128640,2026-03-25 06:03:21.128640,2026-03-25 09:07:21.851848,2026-03-25 09:15:21.851848,2026-03-25 09:51:21.851848,2026-03-25 11:46:10.628784,2026-03-25 16:45:41.929193,2026-03-26 01:08:43.278028,2026-03-26 12:36:13.637178,2026-03-27 04:20:14.059175,2026-03-28 05:01:21.128640,Delivered,Closed,SHP063,Shipper 063,Enterprise,Jabodetabek,ST05_Tangerang,HB01_JKT_GATEWAY,Outer Java,ST18_Balikpapan,HB06_EASTERN_GATEWAY,Inter-Region,Regular,Prepaid,CR047,Truck,1.08,1.11,1.11,161215,16995,12252,8,1,0,,8.0,72,1,0,,1,0,,0,,47.31,1.91,8.38,ST18_Balikpapan,
SHPM001959,AWB260001959,2026-02-18 10:15:12.460520,2026-02-18 10:32:12.460520,2026-02-18 11:08:12.460520,2026-02-18 15:09:22.372950,2026-02-18 15:27:22.372950,2026-02-18 15:42:22.372950,2026-02-18 21:17:14.033923,2026-02-19 02:25:18.366564,2026-02-19 08:23:09.238256,2026-02-19 15:04:36.079700,2026-02-19 20:27:36.763988,2026-02-19 22:15:12.460520,Delivered,Closed,SHP091,Shipper 091,SME,Outer Java,ST18_Balikpapan,HB06_EASTERN_GATEWAY,Jabodetabek,ST04_Bekasi,HB01_JKT_GATEWAY,Inter-Region,Next Day,COD,CR171,Bike,2.33,2.44,2.44,2063960,34980,26889,4,0,0,,18.0,36,1,0,,1,0,,0,,34.21,5.58,5.96,ST04_Bekasi,
SHPM001960,AWB260001960,2026-03-10 04:13:04.069540,2026-03-10 04:21:04.069540,2026-03-10 05:14:04.069540,2026-03-10 08:17:38.676061,2026-03-10 09:55:38.676061,2026-03-10 11:46:38.676061,2026-03-10 16:02:08.407012,2026-03-10 18:31:08.776750,2026-03-10 22:00:59.587037,2026-03-11 04:40:22.248682,2026-03-11 08:19:42.186984,2026-03-11 04:13:04.069540,Delivered,Closed,SHP076,Shipper 076,Enterprise,West Java,ST07_Cirebon,HB02_BDG_TRANSIT,West Java,ST06_Bandung,HB01_JKT_GATEWAY,Intra-Region,Next Day,Prepaid,CR075,Truck,2.96,2.67,2.96,526988,33320,19350,4,1,0,,98.0,24,0,0,,1,0,,0,,28.11,4.26,3.5,ST06_Bandung,Last Mile Delay
SHPM001961,AWB260001961,2026-02-18 18:26:15.394193,2026-02-18 18:55:15.394193,2026-02-18 19:07:15.394193,2026-02-18 22:22:14.800864,2026-02-18 22:42:14.800864,2026-02-19 00:29:14.800864,2026-02-19 03:31:21.267765,2026-02-19 12:08:13.928753,2026-02-19 21:05:59.478013,2026-02-20 11:58:39.384787,2026-02-20 18:55:00.669797,2026-02-20 06:26:15.394193,Delivered,Closed,SHP090,Shipper 090,Enterprise,East Java,ST13_Malang,HB03_SBY_GATEWAY,Outer Java,ST18_Balikpapan,HB06_EASTERN_GATEWAY,Inter-Region,Next Day,Prepaid,CR115,Truck,3.29,4.12,4.12,1416573,38540,29082,4,1,0,,20.0,36,0,0,,1,0,,0,,48.48,3.04,8.96,ST18_Balikpapan,Remote Area
SHPM001962,AWB260001962,2026-02-15 20:56:14.919528,2026-02-15 21:20:14.919528,2026-02-15 22:07:14.919528,2026-02-16 02:46:47.120153,2026-02-16 03:49:47.120153,2026-02-16 04:22:47.120153,2026-02-16 10:45:32.613553,2026-02-16 19:45:23.733239,2026-02-17 18:11:11.409672,2026-02-18 16:19:41.924981,2026-02-19 05:53:44.782823,2026-02-18 20:56:14.919528,Delivered,Closed,SHP025,Shipper 025,Marketplace,East Java,ST12_Surabaya,HB03_SBY_GATEWAY,Jabodetabek,ST05_Tangerang,HB01_JKT_GATEWAY,Inter-Region,Regular,Prepaid,CR109,Bike,1.24,1.19,1.24,2636947,17580,15925,8,1,0,,63.0,72,0,0,,1,1,Invalid Address,0,,80.96,6.38,22.43,ST05_Tangerang,Hub Bottleneck
SHPM001963,AWB260001963,2026-02-17 06:24:30.042210,2026-02-17 06:30:30.042210,2026-02-17 07:02:30.042210,2026-02-17 11:03:33.936986,2026-02-17 11:57:33.936986,2026-02-17 12:53:33.936986,2026-02-17 18:23:51.601108,2026-02-17 20:14:00.715246,2026-02-18 06:37:12.389862,2026-02-18 12:39:42.532417,2026-02-18 21:37:51.409533,2026-02-19 06:24:30.042210,Delivered,Closed,SHP035,Shipper 035,Enterprise,Jabodetabek,ST04_Bekasi,HB01_JKT_GATEWAY,Jabodetabek,ST03_JKT_East,HB01_JKT_GATEWAY,Intra-Region,Regular,Prepaid,CR035,Van,1.54,1.41,1.54,594024,18930,11496,8,1,0,,54.0,48,1,0,,1,0,,0,,39.22,5.5,10.39,ST03_JKT_East,
SHPM001964,AWB260001964,2026-02-21 15:59:35.976841,2026-02-21 16:11:35.976841,2026-02-21 16:32:35.976841,2026-02-21 21:14:27.487556,2026-02-21 21:54:27.487556,2026-02-21 23:20:27.487556,2026-02-22 04:26:53.931565,2026-02-22 10:28:37.776313,2026-02-22 20:11:17.194071,2026-02-23 07:21:10.663648,2026-02-23 20:28:57.621822,2026-02-24 15:59:35.976841,Delivered,Closed,SHP015,Shipper 015,Marketplace,West Java,ST08_Bogor,HB01_JKT_GATEWAY,Central Java,ST11_Yogyakarta,HB04_CTG_NATIONAL,Inter-Region,Regular,COD,CR079,Van,2.14,2.28,2.28,2356861,26260,22875,8,1,0,,40.0,72,1,0,,1,0,,0,,52.49,5.11,9.71,ST11_Yogyakarta,
SHPM001965,AWB260001965,2026-03-08 17:18:01.948892,2026-03-08 17:24:01.948892,2026-03-08 18:20:01.948892,2026-03-08 23:00:42.721752,2026-03-08 23:57:42.721752,2026-03-09 00:53:42.721752,2026-03-09 06:13:50.088644,2026-03-09 09:49:23.028240,2026-03-09 14:24:46.510907,2026-03-09 21:44:33.775359,2026-03-10 05:11:05.093571,2026-03-11 17:18:01.948892,Delivered,Closed,SHP020,Shipper 020,SME,East Java,ST14_Kediri,HB03_SBY_GATEWAY,Central Java,ST09_Semarang,HB04_CTG_NATIONAL,Inter-Region,Regular,Prepaid,CR130,Bike,1.2,1.33,1.33,348673,17985,16001,8,1,0,,57.0,72,1,0,,1,0,,0,,35.88,5.34,4.59,ST09_Semarang,
SHPM001966,AWB260001966,2026-03-15 18:05:24.484535,2026-03-15 18:36:24.484535,2026-03-15 19:19:24.484535,2026-03-15 21:05:24.879959,2026-03-15 21:31:24.879959,2026-03-15 22:31:24.879959,2026-03-16 02:03:08.730790,2026-03-16 04:19:49.951787,2026-03-16 06:03:09.044170,2026-03-16 12:52:39.939961,2026-03-16 22:29:15.328751,2026-03-17 18:05:24.484535,Delivered,Closed,SHP087,Shipper 087,Enterprise,Jabodetabek,ST02_JKT_West,HB01_JKT_GATEWAY,Jabodetabek,ST03_JKT_East,HB01_JKT_GATEWAY,Intra-Region,Regular,Prepaid,CR014,Van,3.02,3.22,3.22,1430637,26490,20324,8,1,0,,26.0,48,1,0,,1,0,,0,,28.4,3.53,1.72,ST03_JKT_East,
SHPM001967,AWB260001967,2026-02-27 08:54:51.185521,2026-02-27 09:31:51.185521,2026-02-27 10:05:51.185521,2026-02-27 18:45:55.668533,2026-02-27 19:42:55.668533,2026-02-27 20:20:55.668533,2026-02-27 23:13:22.022607,2026-02-28 08:33:32.920467,2026-02-28 13:08:50.277978,2026-03-01 00:33:44.261166,2026-03-01 12:52:13.069596,2026-03-02 08:54:51.185521,Delivered,Closed,SHP060,Shipper 060,Enterprise,East Java,ST12_Surabaya,HB03_SBY_GATEWAY,Jabodetabek,ST01_JKT_Central,HB01_JKT_GATEWAY,Inter-Region,Regular,Prepaid,CR110,Bike,2.67,2.86,2.86,315401,24870,21743,8,0,0,,57.0,72,1,0,,1,0,,0,,51.96,2.87,4.59,ST01_JKT_Central,
SHPM001968,AWB260001968,2026-03-31 16:27:51.745775,2026-03-31 16:56:51.745775,2026-03-31 17:28:51.745775,2026-04-01 00:30:26.056717,2026-04-01 01:01:26.056717,2026-04-01 01:47:26.056717,2026-04-01 07:37:54.950591,2026-04-01 15:28:44.545443,2026-04-02 03:10:21.561834,2026-04-02 19:23:12.501985,2026-04-03 07:46:53.528329,2026-04-03 16:27:51.745775,Delivered,Closed,SHP020,Shipper 020,SME,East Java,ST14_Kediri,HB03_SBY_GATEWAY,Outer Java,ST15_Medan,HB05_SUMATRA_GATEWAY,Inter-Region,Regular,Prepaid,CR131,Bike,1.18,1.21,1.21,869640,17445,9951,8,1,0,,31.0,72,1,0,,1,0,,0,,63.32,5.84,11.69,ST15_Medan,
SHPM001969,AWB260001969,2026-03-06 18:56:32.531726,2026-03-06 19:41:32.531726,2026-03-06 19:59:32.531726,2026-03-06 21:18:21.962275,2026-03-06 22:00:21.962275,2026-03-06 23:27:21.962275,2026-03-07 00:57:44.027720,2026-03-07 08:53:07.463084,2026-03-07 14:05:08.006481,2026-03-07 23:10:50.704299,2026-03-08 01:54:31.722603,2026-03-07 10:56:32.531726,Delivered,Closed,SHP030,Shipper 030,Enterprise,Jabodetabek,ST05_Tangerang,HB01_JKT_GATEWAY,West Java,ST07_Cirebon,HB02_BDG_TRANSIT,Inter-Region,Same Day,Prepaid,CR046,Truck,1.3,1.25,1.3,379889,32850,27446,2,1,0,,42.0,16,0,0,,1,0,,0,,30.97,1.51,5.2,ST07_Cirebon,Last Mile Delay
SHPM001970,AWB260001970,2026-03-23 13:03:56.836888,2026-03-23 13:19:56.836888,2026-03-23 13:47:56.836888,2026-03-23 17:24:37.216584,2026-03-23 17:58:37.216584,2026-03-23 18:33:37.216584,2026-03-23 22:20:19.628382,2026-03-24 01:59:29.251901,2026-03-25 04:01:02.848911,2026-03-25 14:49:39.942029,2026-03-25 19:50:50.294935,2026-03-25 01:03:56.836888,Delivered,Closed,SHP055,Shipper 055,Marketplace,East Java,ST14_Kediri,HB03_SBY_GATEWAY,Outer Java,ST15_Medan,HB05_SUMATRA_GATEWAY,Inter-Region,Next Day,Prepaid,CR132,Van,0.47,0.44,0.47,2373842,22115,13476,4,0,0,,34.0,36,0,0,,1,0,,0,,54.78,3.78,26.03,ST15_Medan,First Mile Delay
SHPM001971,AWB260001971,2026-02-16 23:26:50.513578,2026-02-16 23:57:50.513578,2026-02-17 00:20:50.513578,2026-02-17 02:06:24.903667,2026-02-17 03:10:24.903667,2026-02-17 04:13:24.903667,2026-02-17 06:05:46.960797,2026-02-17 08:31:12.888105,2026-02-17 13:29:26.289701,2026-02-17 18:37:41.369125,2026-02-18 00:04:13.687992,2026-02-18 23:26:50.513578,Delivered,Closed,SHP011,Shipper 011,Enterprise,Jabodetabek,ST03_JKT_East,HB01_JKT_GATEWAY,Jabodetabek,ST01_JKT_Central,HB01_JKT_GATEWAY,Intra-Region,Regular,Prepaid,CR021,Van,0.38,0.39,0.39,1816713,13755,10915,8,1,0,,64.0,48,1,0,,1,0,,0,,24.62,1.87,4.97,ST01_JKT_Central,
SHPM001972,AWB260001972,2026-03-27 06:30:03.511390,2026-03-27 06:44:03.511390,2026-03-27 07:06:03.511390,2026-03-27 11:43:37.639548,2026-03-27 12:48:37.639548,2026-03-27 14:27:37.639548,2026-03-27 16:00:01.745796,2026-03-27 22:13:30.529418,2026-03-28 16:06:10.641238,2026-03-29 08:05:02.339434,2026-03-29 14:08:19.130360,2026-03-30 06:30:03.511390,Delivered,Closed,SHP036,Shipper 036,Marketplace,West Java,ST08_Bogor,HB01_JKT_GATEWAY,Outer Java,ST19_Denpasar,HB06_EASTERN_GATEWAY,Inter-Region,Regular,Prepaid,CR082,Bike,0.66,0.63,0.66,1968750,14970,11383,8,1,0,,65.0,72,1,0,,1,0,,0,,55.64,1.54,17.88,ST19_Denpasar,
SHPM001973,AWB260001973,2026-03-12 02:57:53.386681,2026-03-12 03:03:53.386681,2026-03-12 03:08:53.386681,2026-03-12 06:04:15.224754,2026-03-12 06:59:15.224754,2026-03-12 08:56:15.224754,2026-03-12 11:31:14.848475,2026-03-12 16:29:31.753936,2026-03-12 20:31:27.137057,2026-03-13 08:29:01.352442,2026-03-13 16:36:38.556857,2026-03-13 14:57:53.386681,Delivered,Closed,SHP004,Shipper 004,Marketplace,Jabodetabek,ST01_JKT_Central,HB01_JKT_GATEWAY,West Java,ST07_Cirebon,HB02_BDG_TRANSIT,Inter-Region,Next Day,COD,CR006,Truck,1.04,0.97,1.04,589310,28680,18989,4,1,0,,55.0,36,0,0,,1,0,,0,,37.65,2.58,4.03,ST07_Cirebon,Last Mile Delay
SHPM001974,AWB260001974,2026-03-26 03:46:37.733613,2026-03-26 03:59:37.733613,2026-03-26 04:27:37.733613,2026-03-26 05:06:45.006147,2026-03-26 05:34:45.006147,2026-03-26 06:51:45.006147,2026-03-26 10:48:14.392847,2026-03-26 18:33:08.341692,2026-03-27 04:44:53.354197,2026-03-27 12:14:48.552592,2026-03-27 15:26:48.079617,2026-03-26 19:46:37.733613,Delivered,Closed,SHP093,Shipper 093,SME,East Java,ST13_Malang,HB03_SBY_GATEWAY,West Java,ST06_Bandung,HB01_JKT_GATEWAY,Inter-Region,Same Day,Prepaid,CR117,Bike,1.17,1.06,1.17,664022,32265,20154,2,1,0,,28.0,16,0,0,,1,0,,0,,35.67,3.94,10.2,ST06_Bandung,Hub Bottleneck
SHPM001975,AWB260001975,2026-02-16 17:40:09.412654,2026-02-16 17:50:09.412654,2026-02-16 18:38:09.412654,2026-02-16 20:24:16.628095,2026-02-16 21:18:16.628095,2026-02-16 21:55:16.628095,2026-02-17 03:35:15.602119,2026-02-17 09:36:37.168062,2026-02-17 18:25:37.513842,2026-02-18 04:41:34.625664,2026-02-18 17:30:54.671602,2026-02-18 05:40:09.412654,Delivered,Closed,SHP011,Shipper 011,Enterprise,Jabodetabek,ST03_JKT_East,HB01_JKT_GATEWAY,Outer Java,ST15_Medan,HB05_SUMATRA_GATEWAY,Inter-Region,Next Day,Prepaid,CR029,Bike,1.06,1.1,1.1,419591,24950,21310,4,1,0,,54.0,36,0,0,,1,0,,0,,47.85,5.67,8.82,ST15_Medan,Remote Area
SHPM001976,AWB260001976,2026-03-31 13:42:58.515606,2026-03-31 13:57:58.515606,2026-03-31 14:33:58.515606,2026-03-31 14:41:46.704289,2026-03-31 15:53:46.704289,2026-03-31 17:28:46.704289,2026-03-31 18:30:49.923443,2026-04-01 04:16:13.593201,2026-04-01 14:15:41.391811,2026-04-02 02:35:17.009333,2026-04-02 03:31:23.250874,2026-04-01 05:42:58.515606,Delivered,Closed,SHP057,Shipper 057,SME,Central Java,ST10_Solo,HB04_CTG_NATIONAL,Jabodetabek,ST03_JKT_East,HB01_JKT_GATEWAY,Inter-Region,Same Day,Prepaid,CR094,Truck,1.91,3.03,3.03,1374944,40635,32456,2,1,0,,72.0,16,0,0,,1,0,,0,,37.81,1.03,9.99,ST03_JKT_East,Last Mile Delay
SHPM001977,AWB260001977,2026-02-23 21:44:52.776139,2026-02-23 22:05:52.776139,2026-02-23 22:28:52.776139,2026-02-24 00:48:25.148328,2026-02-24 01:43:25.148328,2026-02-24 03:40:25.148328,2026-02-24 09:04:42.784904,2026-02-24 18:13:03.171143,2026-02-25 07:06:47.951394,2026-02-25 19:54:48.374954,2026-02-25 23:13:21.199102,2026-02-25 09:44:52.776139,Delivered,Closed,SHP067,Shipper 067,SME,East Java,ST13_Malang,HB03_SBY_GATEWAY,Central Java,ST11_Yogyakarta,HB04_CTG_NATIONAL,Inter-Region,Next Day,Prepaid,CR125,Bike,1.09,1.15,1.15,927353,25175,21040,4,1,0,,55.0,36,0,0,,1,0,,0,,49.47,5.4,12.9,ST11_Yogyakarta,Hub Bottleneck
SHPM001978,AWB260001978,2026-03-30 04:02:16.226805,2026-03-30 04:12:16.226805,2026-03-30 04:41:16.226805,2026-03-30 07:12:22.394987,2026-03-30 07:55:22.394987,2026-03-30 09:43:22.394987,2026-03-30 12:02:03.715902,2026-03-30 14:45:41.657285,2026-03-30 19:37:54.262487,2026-03-31 03:05:19.923113,2026-03-31 09:33:34.977660,2026-04-01 04:02:16.226805,Delivered,Closed,SHP002,Shipper 002,Enterprise,Jabodetabek,ST01_JKT_Central,HB01_JKT_GATEWAY,Jabodetabek,ST03_JKT_East,HB01_JKT_GATEWAY,Intra-Region,Regular,Prepaid,CR011,Truck,0.89,1.17,1.17,1463352,17265,16101,8,1,0,,43.0,48,1,0,,1,0,,0,,29.52,2.31,4.87,ST03_JKT_East,
SHPM001979,AWB260001979,2026-03-01 17:09:23.199700,2026-03-01 17:25:23.199700,2026-03-01 17:56:23.199700,2026-03-01 22:11:05.321825,2026-03-01 22:39:05.321825,2026-03-02 00:33:05.321825,2026-03-02 02:18:28.227507,2026-03-02 09:53:31.995206,2026-03-02 12:18:23.424079,2026-03-03 05:26:23.832069,2026-03-03 09:04:15.838398,2026-03-03 05:09:23.199700,Delivered,Closed,SHP062,Shipper 062,Enterprise,Jabodetabek,ST04_Bekasi,HB01_JKT_GATEWAY,Central Java,ST09_Semarang,HB04_CTG_NATIONAL,Inter-Region,Next Day,Prepaid,CR032,Van,1.38,2.04,2.04,1969504,29180,26771,4,0,0,,28.0,36,0,0,,1,0,,0,,39.91,1.76,2.41,ST09_Semarang,First Mile Delay
SHPM001980,AWB260001980,2026-03-12 17:15:23.135522,2026-03-12 17:45:23.135522,2026-03-12 18:25:23.135522,2026-03-12 19:46:11.909878,2026-03-12 20:51:11.909878,2026-03-12 22:17:11.909878,2026-03-13 01:36:34.668003,2026-03-13 04:32:14.523443,2026-03-13 13:38:52.142927,2026-03-14 06:00:58.495579,2026-03-14 09:28:36.351144,2026-03-14 05:15:23.135522,Delivered,Closed,SHP097,Shipper 097,SME,Jabodetabek,ST02_JKT_West,HB01_JKT_GATEWAY,West Java,ST06_Bandung,HB01_JKT_GATEWAY,Inter-Region,Next Day,COD,CR014,Bike,3.13,3.36,3.36,337586,39120,34452,4,1,0,,65.0,36,0,0,,1,0,,0,,40.22,3.32,9.11,ST06_Bandung,Last Mile Delay
SHPM001981,AWB260001981,2026-02-27 01:00:58.737673,2026-02-27 01:44:58.737673,2026-02-27 02:28:58.737673,2026-02-27 06:29:45.397702,2026-02-27 07:15:45.397702,2026-02-27 08:35:45.397702,2026-02-27 10:00:21.836164,2026-02-27 19:12:27.828413,2026-02-28 06:38:12.006199,2026-02-28 18:00:19.638304,2026-03-01 07:13:06.256178,2026-03-02 01:00:58.737673,Delivered,Closed,SHP042,Shipper 042,Marketplace,Jabodetabek,ST05_Tangerang,HB01_JKT_GATEWAY,Central Java,ST10_Solo,HB04_CTG_NATIONAL,Inter-Region,Regular,Prepaid,CR048,Bike,0.85,0.91,0.91,420195,16095,13370,8,1,0,,46.0,72,1,0,,1,0,,0,,54.2,1.41,11.43,ST10_Solo,
SHPM001982,AWB260001982,2026-03-23 10:44:55.225394,2026-03-23 10:56:55.225394,2026-03-23 11:10:55.225394,2026-03-23 13:18:40.293909,2026-03-23 14:08:40.293909,2026-03-23 15:24:40.293909,2026-03-23 16:58:14.032813,2026-03-23 22:08:06.573051,2026-03-24 20:08:32.210022,2026-03-25 12:26:07.220238,2026-03-25 17:08:47.593118,2026-03-26 10:44:55.225394,Delivered,Closed,SHP031,Shipper 031,SME,East Java,ST13_Malang,HB03_SBY_GATEWAY,Jabodetabek,ST04_Bekasi,HB01_JKT_GATEWAY,Inter-Region,Regular,Prepaid,CR124,Bike,1.22,1.29,1.29,272968,17805,10361,8,1,0,,50.0,72,1,0,,1,0,,0,,54.4,1.56,22.01,ST04_Bekasi,
SHPM001983,AWB260001983,2026-02-27 10:11:08.471738,2026-02-27 10:51:08.471738,2026-02-27 11:58:08.471738,2026-02-28 01:33:14.492285,2026-02-28 02:56:14.492285,2026-02-28 03:41:14.492285,2026-02-28 11:45:31.752478,2026-02-28 15:08:03.934362,2026-03-01 14:39:06.645437,2026-03-02 02:39:35.446887,2026-03-02 17:16:11.353097,2026-03-02 10:11:08.471738,Delivered,Closed,SHP060,Shipper 060,Enterprise,East Java,ST12_Surabaya,HB03_SBY_GATEWAY,Outer Java,ST17_Makassar,HB06_EASTERN_GATEWAY,Inter-Region,Regular,Prepaid,CR108,Bike,0.62,0.62,0.62,841538,14790,13175,8,0,0,,83.0,72,0,0,,1,0,,0,,79.08,8.07,23.52,ST17_Makassar,First Mile Delay
SHPM001984,AWB260001984,2026-03-06 00:02:40.596381,2026-03-06 00:42:40.596381,2026-03-06 01:20:40.596381,2026-03-06 04:50:18.964934,2026-03-06 06:08:18.964934,2026-03-06 07:41:18.964934,2026-03-06 09:36:45.559850,2026-03-06 14:06:42.366253,2026-03-06 22:19:03.536912,2026-03-07 08:22:01.613884,2026-03-08 00:18:42.531760,2026-03-08 00:02:40.596381,Delivered,Closed,SHP086,Shipper 086,Marketplace,Jabodetabek,ST02_JKT_West,HB01_JKT_GATEWAY,Jabodetabek,ST05_Tangerang,HB01_JKT_GATEWAY,Intra-Region,Regular,Prepaid,CR016,Truck,1.85,1.67,1.85,775958,20325,19071,8,1,0,,78.0,48,0,0,,1,1,Invalid Address,0,,48.27,1.92,8.21,ST05_Tangerang,Last Mile Delay
SHPM001985,AWB260001985,2026-03-02 10:08:22.036347,2026-03-02 10:23:22.036347,2026-03-02 11:08:22.036347,2026-03-02 15:34:22.078027,2026-03-02 16:25:22.078027,2026-03-02 18:10:22.078027,2026-03-02 20:05:35.328476,2026-03-02 21:13:31.697490,2026-03-03 03:08:07.657029,2026-03-03 05:28:57.509902,2026-03-03 14:19:05.518828,2026-03-04 10:08:22.036347,Delivered,Closed,SHP044,Shipper 044,Marketplace,Jabodetabek,ST05_Tangerang,HB01_JKT_GATEWAY,Jabodetabek,ST01_JKT_Central,HB01_JKT_GATEWAY,Intra-Region,Regular,Prepaid,CR051,Bike,3.29,4.24,4.24,740549,31080,26830,8,1,0,,51.0,48,1,0,,1,0,,0,,28.18,1.92,5.91,ST01_JKT_Central,
SHPM001986,AWB260001986,2026-02-22 13:50:39.252538,2026-02-22 14:28:39.252538,2026-02-22 14:54:39.252538,2026-02-22 19:10:00.118080,2026-02-22 19:54:00.118080,2026-02-22 21:15:00.118080,2026-02-23 02:29:58.014333,2026-02-23 07:02:02.048975,2026-02-23 11:55:43.695822,2026-02-23 18:15:13.839962,2026-02-24 03:24:03.930617,2026-02-24 01:50:39.252538,Delivered,Closed,SHP081,Shipper 081,Marketplace,West Java,ST08_Bogor,HB01_JKT_GATEWAY,Jabodetabek,ST02_JKT_West,HB01_JKT_GATEWAY,Inter-Region,Next Day,COD,CR082,Bike,0.7,0.67,0.7,787218,27150,19636,4,0,0,,44.0,36,0,0,,1,0,,0,,37.56,5.25,4.89,ST02_JKT_West,First Mile Delay
SHPM001987,AWB260001987,2026-03-16 17:51:13.085695,2026-03-16 18:19:13.085695,2026-03-16 18:54:13.085695,,,,,,,,,2026-03-18 05:51:13.085695,Failed Pickup,Exception,SHP011,Shipper 011,Enterprise,Jabodetabek,ST03_JKT_East,HB01_JKT_GATEWAY,Outer Java,ST17_Makassar,HB06_EASTERN_GATEWAY,Inter-Region,Next Day,Prepaid,CR025,Bike,1.39,2.17,2.17,977717,29765,21702,4,0,1,Schedule Miss,,36,0,0,,0,0,,0,,498.15,,,ST03_JKT_East,
SHPM001988,AWB260001988,2026-03-08 01:07:35.366115,2026-03-08 01:43:35.366115,2026-03-08 02:06:35.366115,2026-03-08 04:22:05.716521,2026-03-08 04:54:05.716521,2026-03-08 05:52:05.716521,2026-03-08 09:07:06.079175,2026-03-08 13:52:00.627671,2026-03-08 18:12:29.425869,2026-03-09 03:56:01.050142,2026-03-09 11:46:17.561141,2026-03-09 13:07:35.366115,Delivered,Closed,SHP051,Shipper 051,Marketplace,Outer Java,ST16_Palembang,HB05_SUMATRA_GATEWAY,Central Java,ST09_Semarang,HB04_CTG_NATIONAL,Inter-Region,Next Day,Prepaid,CR149,Bike,2.57,2.8,2.8,1427371,32600,28283,4,1,0,,32.0,36,1,0,,1,0,,0,,34.65,3.25,4.34,ST09_Semarang,
SHPM001989,AWB260001989,2026-03-30 21:21:04.976176,2026-03-30 21:45:04.976176,2026-03-30 22:15:04.976176,2026-03-30 23:09:32.680006,2026-03-30 23:32:32.680006,2026-03-31 00:59:32.680006,2026-03-31 05:20:37.785427,2026-03-31 09:21:46.416321,2026-03-31 15:27:35.588269,2026-04-01 01:55:17.376528,2026-04-01 04:09:19.631679,2026-04-01 09:21:04.976176,Delivered,Closed,SHP057,Shipper 057,SME,Central Java,ST09_Semarang,HB04_CTG_NATIONAL,East Java,ST14_Kediri,HB03_SBY_GATEWAY,Inter-Region,Next Day,Prepaid,CR088,Van,2.51,4.16,4.16,318941,38720,23420,4,1,0,,23.0,36,1,0,,1,0,,0,,30.8,4.35,6.1,ST14_Kediri,
SHPM001990,AWB260001990,2026-03-16 12:46:16.256006,2026-03-16 13:04:16.256006,2026-03-16 13:21:16.256006,2026-03-16 16:46:50.761736,2026-03-16 17:35:50.761736,2026-03-16 19:21:50.761736,2026-03-16 22:04:01.870327,2026-03-17 00:39:51.410782,2026-03-17 02:35:13.801216,2026-03-17 15:09:44.798637,2026-03-17 21:59:45.313256,2026-03-18 00:46:16.256006,Delivered,Closed,SHP034,Shipper 034,Enterprise,Jabodetabek,ST01_JKT_Central,HB01_JKT_GATEWAY,Central Java,ST10_Solo,HB04_CTG_NATIONAL,Inter-Region,Next Day,COD,CR011,Truck,2.31,2.42,2.42,2205591,34890,31644,4,1,0,,49.0,36,1,0,,1,0,,0,,33.22,2.7,1.92,ST10_Solo,
SHPM001991,AWB260001991,2026-02-27 18:42:11.489473,2026-02-27 19:17:11.489473,2026-02-27 19:48:11.489473,2026-02-27 20:31:02.634753,2026-02-27 20:48:02.634753,2026-02-27 22:31:02.634753,2026-02-28 00:16:38.262551,2026-02-28 08:37:56.256899,2026-03-01 10:45:49.415789,2026-03-02 03:19:36.398385,2026-03-02 08:07:36.214866,2026-02-28 10:42:11.489473,Delivered,Closed,SHP055,Shipper 055,Marketplace,East Java,ST14_Kediri,HB03_SBY_GATEWAY,Outer Java,ST20_Banjarmasin,HB06_EASTERN_GATEWAY,Inter-Region,Same Day,Prepaid,CR136,Van,2.65,3.55,3.55,945704,42975,28006,2,1,0,,17.0,16,0,0,,1,0,,0,,61.42,1.76,26.13,ST20_Banjarmasin,Hub Bottleneck
SHPM001992,AWB260001992,2026-03-17 10:00:03.690227,2026-03-17 10:12:03.690227,2026-03-17 10:45:03.690227,2026-03-17 18:38:53.610595,2026-03-17 19:08:53.610595,2026-03-17 20:23:53.610595,2026-03-17 21:30:55.445662,2026-03-18 03:12:20.129797,2026-03-18 06:40:06.394577,2026-03-18 22:56:42.870979,2026-03-19 11:18:17.060456,2026-03-20 10:00:03.690227,Delivered,Closed,SHP029,Shipper 029,SME,Outer Java,ST18_Balikpapan,HB06_EASTERN_GATEWAY,Jabodetabek,ST03_JKT_East,HB01_JKT_GATEWAY,Inter-Region,Regular,Prepaid,CR167,Truck,1.33,1.32,1.33,388591,17985,11446,8,0,0,,30.0,72,1,0,,1,0,,0,,49.3,1.12,3.46,ST03_JKT_East,
SHPM001993,AWB260001993,2026-03-04 18:28:35.519517,2026-03-04 19:03:35.519517,2026-03-04 19:49:35.519517,2026-03-04 22:42:05.481953,2026-03-05 00:21:05.481953,2026-03-05 00:49:05.481953,2026-03-05 05:47:15.704582,2026-03-05 10:26:03.744709,2026-03-05 14:47:15.790389,2026-03-05 20:14:39.296611,2026-03-06 00:29:34.778255,2026-03-06 06:28:35.519517,Delivered,Closed,SHP018,Shipper 018,Enterprise,West Java,ST07_Cirebon,HB02_BDG_TRANSIT,Central Java,ST09_Semarang,HB04_CTG_NATIONAL,Inter-Region,Next Day,Prepaid,CR066,Van,0.93,1.03,1.03,1687588,24635,16881,4,1,0,,99.0,36,1,0,,1,0,,0,,30.02,4.97,4.35,ST09_Semarang,
SHPM001994,AWB260001994,2026-03-26 02:51:43.878262,2026-03-26 03:03:43.878262,2026-03-26 03:31:43.878262,2026-03-26 07:47:18.271241,2026-03-26 08:50:18.271241,2026-03-26 10:16:18.271241,2026-03-26 11:50:02.004382,2026-03-26 15:46:57.968835,2026-03-26 17:55:08.899719,2026-03-28 03:24:33.356860,2026-03-28 11:36:03.658135,2026-03-27 14:51:43.878262,Delivered,Closed,SHP072,Shipper 072,Enterprise,Outer Java,ST18_Balikpapan,HB06_EASTERN_GATEWAY,East Java,ST12_Surabaya,HB03_SBY_GATEWAY,Inter-Region,Next Day,COD,CR170,Bike,0.47,0.51,0.51,2099428,26295,15869,4,0,0,,63.0,36,0,0,,1,1,Missed Cut-Off,0,,56.74,1.56,2.14,ST12_Surabaya,First Mile Delay
SHPM001995,AWB260001995,2026-03-02 01:52:48.997487,2026-03-02 02:11:48.997487,2026-03-02 02:35:48.997487,2026-03-02 04:29:45.343619,2026-03-02 05:10:45.343619,2026-03-02 06:12:45.343619,2026-03-02 12:06:08.541212,2026-03-02 21:18:41.321182,2026-03-03 01:19:59.474124,2026-03-03 06:55:59.146351,2026-03-03 09:29:21.173010,2026-03-02 17:52:48.997487,Delivered,Closed,SHP021,Shipper 021,Marketplace,East Java,ST14_Kediri,HB03_SBY_GATEWAY,Jabodetabek,ST03_JKT_East,HB01_JKT_GATEWAY,Inter-Region,Same Day,Prepaid,CR133,Van,0.82,0.98,0.98,372552,31410,21979,2,0,0,,41.0,16,0,0,,1,0,,0,,31.61,5.89,4.02,ST03_JKT_East,First Mile Delay
SHPM001996,AWB260001996,2026-02-20 11:55:19.744312,2026-02-20 12:08:19.744312,2026-02-20 12:30:19.744312,2026-02-20 16:33:29.790298,2026-02-20 16:58:29.790298,2026-02-20 18:04:29.790298,2026-02-20 19:19:09.577673,2026-02-20 23:03:23.811821,2026-02-21 07:12:41.798506,2026-02-21 14:23:44.079254,2026-02-21 23:26:48.597571,2026-02-21 23:55:19.744312,Delivered,Closed,SHP023,Shipper 023,Enterprise,West Java,ST08_Bogor,HB01_JKT_GATEWAY,Jabodetabek,ST05_Tangerang,HB01_JKT_GATEWAY,Inter-Region,Next Day,COD,CR078,Bike,3.34,3.52,3.52,673690,39840,37389,4,0,0,,25.0,36,1,0,,1,0,,0,,35.52,1.24,8.15,ST05_Tangerang,
SHPM001997,AWB260001997,2026-03-05 12:17:37.078554,2026-03-05 12:56:37.078554,2026-03-05 13:50:37.078554,2026-03-05 21:05:38.665693,2026-03-05 21:38:38.665693,2026-03-05 22:58:38.665693,2026-03-06 04:54:30.624984,2026-03-06 14:52:33.287329,2026-03-06 21:19:28.253396,2026-03-07 10:46:05.520939,2026-03-07 22:45:46.855023,2026-03-08 12:17:37.078554,Delivered,Closed,SHP094,Shipper 094,SME,Outer Java,ST15_Medan,HB05_SUMATRA_GATEWAY,Central Java,ST09_Semarang,HB04_CTG_NATIONAL,Inter-Region,Regular,Prepaid,CR144,Van,0.5,0.62,0.62,1772815,14790,11573,8,0,0,,33.0,72,1,0,,1,0,,0,,58.47,5.93,6.45,ST09_Semarang,
SHPM001998,AWB260001998,2026-03-20 21:06:49.190215,2026-03-20 21:16:49.190215,2026-03-20 21:44:49.190215,2026-03-21 01:55:44.930895,2026-03-21 02:57:44.930895,2026-03-21 03:21:44.930895,2026-03-21 05:25:14.683117,2026-03-21 10:51:53.269004,2026-03-21 19:33:42.785104,2026-03-22 09:08:29.147149,2026-03-22 17:23:56.548357,2026-03-22 09:06:49.190215,Delivered,Closed,SHP062,Shipper 062,Enterprise,Jabodetabek,ST04_Bekasi,HB01_JKT_GATEWAY,West Java,ST06_Bandung,HB01_JKT_GATEWAY,Inter-Region,Next Day,Prepaid,CR037,Bike,0.67,0.62,0.67,1850660,23015,15045,4,0,0,,62.0,36,0,0,,1,0,,0,,44.29,2.06,8.7,ST06_Bandung,First Mile Delay
SHPM001999,AWB260001999,2026-02-21 10:52:57.840845,2026-02-21 11:01:57.840845,2026-02-21 11:42:57.840845,2026-02-21 14:20:36.308617,2026-02-21 16:03:36.308617,2026-02-21 16:34:36.308617,2026-02-21 18:58:07.845513,2026-02-22 01:24:54.990612,2026-02-22 10:47:29.386115,2026-02-22 18:58:17.736436,2026-02-23 02:47:32.352895,2026-02-22 22:52:57.840845,Delivered,Closed,SHP020,Shipper 020,SME,East Java,ST12_Surabaya,HB03_SBY_GATEWAY,Jabodetabek,ST04_Bekasi,HB01_JKT_GATEWAY,Inter-Region,Next Day,COD,CR112,Bike,1.34,1.46,1.46,355174,30570,16891,4,1,0,,103.0,36,0,0,,1,0,,0,,39.91,2.39,9.38,ST04_Bekasi,Last Mile Delay
SHPM002000,AWB260002000,2026-03-14 21:57:49.236127,2026-03-14 22:33:49.236127,2026-03-14 22:59:49.236127,2026-03-14 23:51:29.471764,2026-03-14 23:59:29.471764,2026-03-15 00:42:29.471764,2026-03-15 02:05:34.247239,2026-03-15 03:59:04.230105,2026-03-15 07:24:56.106468,2026-03-15 10:34:55.696908,2026-03-15 14:13:24.091879,2026-03-15 07:57:49.236127,Delivered,Closed,SHP011,Shipper 011,Enterprise,Jabodetabek,ST03_JKT_East,HB01_JKT_GATEWAY,Jabodetabek,ST03_JKT_East,HB01_JKT_GATEWAY,Intra-Region,Same Day,Prepaid,CR028,Van,1.04,1.53,1.53,728437,33885,31837,2,1,0,,8.0,10,0,0,,1,0,,0,,16.26,1.38,3.43,ST03_JKT_East,Last Mile Delay
SHPM002001,AWB260002001,2026-02-22 07:39:46.798007,2026-02-22 08:10:46.798007,2026-02-22 08:25:46.798007,2026-02-22 12:34:45.725034,2026-02-22 13:58:45.725034,2026-02-22 14:38:45.725034,2026-02-22 15:40:24.077420,2026-02-22 21:28:35.300405,2026-02-23 00:23:46.524451,2026-02-23 08:40:18.396156,,2026-02-23 19:39:46.798007,Lost,Exception,SHP038,Shipper 038,Marketplace,Jabodetabek,ST01_JKT_Central,HB01_JKT_GATEWAY,West Java,ST08_Bogor,HB01_JKT_GATEWAY,Inter-Region,Next Day,COD,CR004,Van,2.08,2.22,2.22,353631,33990,26773,4,0,0,,84.0,36,0,0,,1,1,Lost,0,,1036.34,1.03,2.92,HB01_JKT_GATEWAY,
SHPM002002,AWB260002002,2026-02-16 03:16:22.537082,2026-02-16 03:51:22.537082,2026-02-16 04:17:22.537082,2026-02-16 09:54:10.941259,2026-02-16 10:02:10.941259,2026-02-16 10:43:10.941259,2026-02-16 14:54:01.622043,2026-02-16 19:29:46.767355,2026-02-17 02:00:11.622764,2026-02-17 08:24:48.858509,,2026-02-19 03:16:22.537082,Delivery Exception,Exception,SHP070,Shipper 070,Enterprise,Jabodetabek,ST04_Bekasi,HB01_JKT_GATEWAY,Outer Java,ST18_Balikpapan,HB06_EASTERN_GATEWAY,Inter-Region,Regular,COD,CR032,Bike,2.53,2.62,2.62,932754,27790,19350,8,1,0,,8.0,72,0,1,Customer Not Home,2,0,,0,,1184.73,4.18,6.51,ST18_Balikpapan,Delivery Exception
SHPM002003,AWB260002003,2026-03-12 14:37:50.738049,2026-03-12 15:17:50.738049,2026-03-12 16:03:50.738049,2026-03-12 17:19:34.678586,2026-03-12 18:07:34.678586,2026-03-12 19:00:34.678586,2026-03-12 21:33:58.023290,2026-03-13 01:58:07.298001,2026-03-13 04:10:05.207390,2026-03-13 09:08:28.286041,2026-03-13 19:59:01.126788,2026-03-13 14:37:50.738049,Delivered,Closed,SHP002,Shipper 002,Enterprise,Jabodetabek,ST01_JKT_Central,HB01_JKT_GATEWAY,Jabodetabek,ST05_Tangerang,HB01_JKT_GATEWAY,Intra-Region,Next Day,Prepaid,CR007,Van,0.95,1.48,1.48,1974044,26660,15137,4,1,0,,48.0,24,0,0,,1,0,,0,,29.35,2.56,2.2,ST05_Tangerang,Last Mile Delay
SHPM002004,AWB260002004,2026-02-21 16:06:43.561033,2026-02-21 16:12:43.561033,2026-02-21 16:44:43.561033,2026-02-21 18:15:09.442788,2026-02-21 19:14:09.442788,2026-02-21 19:37:09.442788,2026-02-21 20:38:15.536962,2026-02-22 06:34:27.970051,2026-02-22 12:37:30.412381,2026-02-23 06:31:04.923685,2026-02-23 10:32:09.362964,2026-02-23 04:06:43.561033,Delivered,Closed,SHP094,Shipper 094,SME,Outer Java,ST15_Medan,HB05_SUMATRA_GATEWAY,Central Java,ST10_Solo,HB04_CTG_NATIONAL,Inter-Region,Next Day,COD,CR139,Van,2.71,2.88,2.88,1806493,36960,30353,4,1,0,,59.0,36,0,0,,1,0,,0,,42.42,1.02,6.05,ST10_Solo,Last Mile Delay
SHPM002005,AWB260002005,2026-03-06 20:23:38.720784,2026-03-06 20:57:38.720784,2026-03-06 21:40:38.720784,2026-03-07 05:31:10.808395,2026-03-07 06:02:10.808395,2026-03-07 06:41:10.808395,2026-03-07 11:57:08.984913,2026-03-07 17:44:31.540487,2026-03-08 00:48:36.424611,2026-03-09 19:18:36.832725,2026-03-10 07:37:13.583269,2026-03-09 20:23:38.720784,Delivered,Closed,SHP090,Shipper 090,Enterprise,East Java,ST14_Kediri,HB03_SBY_GATEWAY,Jabodetabek,ST02_JKT_West,HB01_JKT_GATEWAY,Inter-Region,Regular,Prepaid,CR135,Bike,1.02,1.04,1.04,452516,16680,12510,8,0,0,,31.0,72,0,0,,1,1,Invalid Address,0,,83.23,5.27,7.07,ST02_JKT_West,First Mile Delay
SHPM002006,AWB260002006,2026-03-12 00:49:27.395018,2026-03-12 01:03:27.395018,2026-03-12 01:38:27.395018,2026-03-12 05:18:22.608780,2026-03-12 05:26:22.608780,2026-03-12 07:18:22.608780,2026-03-12 08:33:50.044968,2026-03-12 18:08:31.462665,2026-03-13 03:46:21.445687,2026-03-13 19:55:13.533809,2026-03-14 04:45:50.758591,2026-03-13 12:49:27.395018,Delivered,Closed,SHP034,Shipper 034,Enterprise,Jabodetabek,ST01_JKT_Central,HB01_JKT_GATEWAY,West Java,ST07_Cirebon,HB02_BDG_TRANSIT,Inter-Region,Next Day,Prepaid,CR001,Van,0.8,1.18,1.18,1461539,25310,16636,4,0,0,,8.0,36,0,0,,1,0,,0,,51.94,1.26,9.63,ST07_Cirebon,First Mile Delay
SHPM002007,AWB260002007,2026-03-17 11:15:18.116747,2026-03-17 11:53:18.116747,2026-03-17 11:58:18.116747,2026-03-17 18:11:10.917044,2026-03-17 18:42:10.917044,2026-03-17 19:07:10.917044,2026-03-17 20:47:59.737433,2026-03-17 23:59:33.757558,2026-03-18 04:45:24.663680,2026-03-18 12:12:20.802021,2026-03-19 02:03:25.566816,2026-03-20 11:15:18.116747,Delivered,Closed,SHP039,Shipper 039,Marketplace,Central Java,ST10_Solo,HB04_CTG_NATIONAL,East Java,ST14_Kediri,HB03_SBY_GATEWAY,Inter-Region,Regular,Prepaid,CR093,Bike,0.37,0.34,0.37,932980,13665,9477,8,1,0,,31.0,72,1,0,,1,0,,0,,38.8,1.68,4.76,ST14_Kediri,
SHPM002008,AWB260002008,2026-02-27 14:40:16.579547,2026-02-27 15:15:16.579547,2026-02-27 15:44:16.579547,2026-02-27 17:09:42.079370,2026-02-27 18:15:42.079370,2026-02-27 19:26:42.079370,2026-02-27 20:38:36.427552,2026-02-28 02:49:11.038465,2026-02-28 12:59:47.854112,2026-03-01 12:07:16.633913,2026-03-01 15:41:44.758189,2026-02-28 06:40:16.579547,Delivered,Closed,SHP071,Shipper 071,Enterprise,Jabodetabek,ST04_Bekasi,HB01_JKT_GATEWAY,West Java,ST06_Bandung,HB01_JKT_GATEWAY,Inter-Region,Same Day,Prepaid,CR032,Bike,2.48,2.38,2.48,646161,38160,31631,2,1,0,,66.0,16,0,0,,1,1,Weather Delay,0,,49.02,1.2,10.18,ST06_Bandung,Hub Bottleneck
SHPM002009,AWB260002009,2026-03-23 07:36:01.812995,2026-03-23 07:57:01.812995,2026-03-23 08:53:01.812995,2026-03-23 11:46:46.110499,2026-03-23 12:46:46.110499,2026-03-23 14:06:46.110499,2026-03-23 18:46:16.459129,2026-03-24 01:39:10.771965,2026-03-24 16:21:06.100653,2026-03-25 07:41:36.580746,2026-03-25 13:54:19.010230,2026-03-24 19:36:01.812995,Delivered,Closed,SHP010,Shipper 010,Enterprise,East Java,ST12_Surabaya,HB03_SBY_GATEWAY,Outer Java,ST20_Banjarmasin,HB06_EASTERN_GATEWAY,Inter-Region,Next Day,Prepaid,CR107,Bike,8.36,9.15,9.15,787454,61175,35134,4,1,0,,60.0,36,0,0,,1,0,,0,,54.3,4.66,14.7,ST20_Banjarmasin,Hub Bottleneck
SHPM002010,AWB260002010,2026-03-19 22:43:41.793369,2026-03-19 23:24:41.793369,2026-03-19 23:42:41.793369,2026-03-20 02:10:26.772712,2026-03-20 02:48:26.772712,2026-03-20 03:14:26.772712,2026-03-20 04:27:15.321134,2026-03-20 12:06:12.692013,2026-03-20 14:07:45.266841,2026-03-21 04:57:20.327003,2026-03-21 10:06:34.084832,2026-03-21 10:43:41.793369,Delivered,Closed,SHP049,Shipper 049,Enterprise,Jabodetabek,ST05_Tangerang,HB01_JKT_GATEWAY,Outer Java,ST20_Banjarmasin,HB06_EASTERN_GATEWAY,Inter-Region,Next Day,Prepaid,CR046,Van,0.47,0.45,0.47,407125,22115,17526,4,1,0,,38.0,36,1,0,,1,0,,0,,35.38,1.21,2.03,ST20_Banjarmasin,
SHPM002011,AWB260002011,2026-02-26 19:50:08.498890,2026-02-26 20:20:08.498890,2026-02-26 20:50:08.498890,2026-02-27 01:00:53.831283,2026-02-27 02:01:53.831283,2026-02-27 02:45:53.831283,2026-02-27 08:19:34.412454,2026-02-27 15:24:59.133657,2026-02-27 18:25:08.653700,2026-02-28 08:23:25.985694,2026-02-28 22:11:50.468943,2026-03-01 19:50:08.498890,Delivered,Closed,SHP023,Shipper 023,Enterprise,West Java,ST08_Bogor,HB01_JKT_GATEWAY,East Java,ST12_Surabaya,HB03_SBY_GATEWAY,Inter-Region,Regular,Prepaid,CR077,Bike,1.01,1.35,1.35,680599,18075,10663,8,1,0,,61.0,72,1,0,,1,0,,0,,50.36,5.56,3.0,ST12_Surabaya,
SHPM002012,AWB260002012,2026-02-17 21:24:40.377807,2026-02-17 21:52:40.377807,2026-02-17 22:27:40.377807,2026-02-18 01:23:19.190005,2026-02-18 02:38:19.190005,2026-02-18 04:32:19.190005,2026-02-18 07:21:53.191716,2026-02-18 16:52:21.426408,2026-02-19 02:37:12.753543,2026-02-19 16:54:36.769687,2026-02-19 23:57:24.980585,2026-02-19 09:24:40.377807,Delivered,Closed,SHP041,Shipper 041,SME,West Java,ST08_Bogor,HB01_JKT_GATEWAY,Outer Java,ST15_Medan,HB05_SUMATRA_GATEWAY,Inter-Region,Next Day,Prepaid,CR076,Bike,2.14,3.43,3.43,2295925,35435,27012,4,1,0,,75.0,36,0,0,,1,0,,0,,50.55,2.83,9.75,ST15_Medan,Remote Area
SHPM002013,AWB260002013,2026-03-02 12:04:34.139209,2026-03-02 12:34:34.139209,2026-03-02 12:57:34.139209,2026-03-02 15:52:31.763257,2026-03-02 16:01:31.763257,2026-03-02 17:31:31.763257,2026-03-02 20:41:34.204836,2026-03-03 04:50:05.199026,2026-03-03 16:46:02.559803,2026-03-04 21:45:30.620164,2026-03-05 10:54:44.845996,2026-03-04 00:04:34.139209,Delivered,Closed,SHP034,Shipper 034,Enterprise,Jabodetabek,ST05_Tangerang,HB01_JKT_GATEWAY,Outer Java,ST18_Balikpapan,HB06_EASTERN_GATEWAY,Inter-Region,Next Day,Prepaid,CR054,Bike,0.2,0.29,0.29,1731247,21305,16676,4,1,0,,9.0,36,0,0,,1,1,Invalid Address,0,,70.84,3.17,11.93,ST18_Balikpapan,Hub Bottleneck
SHPM002014,AWB260002014,2026-03-05 19:44:09.997805,2026-03-05 20:23:09.997805,2026-03-05 20:56:09.997805,2026-03-06 00:39:49.100522,2026-03-06 01:36:49.100522,2026-03-06 03:19:49.100522,2026-03-06 04:26:28.779915,2026-03-06 09:35:37.224159,2026-03-06 11:17:47.102686,2026-03-07 05:07:50.607422,2026-03-07 14:44:09.844322,2026-03-07 07:44:09.997805,Delivered,Closed,SHP080,Shipper 080,SME,Outer Java,ST19_Denpasar,HB06_EASTERN_GATEWAY,Jabodetabek,ST05_Tangerang,HB01_JKT_GATEWAY,Inter-Region,Next Day,Prepaid,CR175,Bike,0.67,0.65,0.67,1721670,23015,19392,4,0,0,,57.0,36,0,0,,1,0,,0,,43.0,1.11,1.7,ST05_Tangerang,First Mile Delay
SHPM002015,AWB260002015,2026-02-23 18:22:30.081691,2026-02-23 18:46:30.081691,2026-02-23 19:27:30.081691,2026-02-23 21:50:06.321497,2026-02-23 22:31:06.321497,2026-02-23 23:40:06.321497,2026-02-24 04:40:29.530920,2026-02-24 12:26:34.884187,2026-02-25 05:36:13.094217,2026-02-25 19:41:15.881972,2026-02-26 04:23:59.412406,2026-02-26 18:22:30.081691,Delivered,Closed,SHP031,Shipper 031,SME,East Java,ST13_Malang,HB03_SBY_GATEWAY,Outer Java,ST15_Medan,HB05_SUMATRA_GATEWAY,Inter-Region,Regular,Prepaid,CR117,Bike,1.97,3.23,3.23,978655,26535,23539,8,1,0,,41.0,72,1,0,,1,0,,0,,58.02,5.01,17.16,ST15_Medan,
SHPM002016,AWB260002016,2026-02-28 23:14:32.368519,2026-02-28 23:58:32.368519,2026-03-01 00:30:32.368519,2026-03-01 07:26:08.164626,2026-03-01 07:54:08.164626,2026-03-01 09:15:08.164626,2026-03-01 14:26:56.649692,2026-03-01 18:48:23.470073,2026-03-01 20:28:44.483411,2026-03-02 09:54:37.815574,2026-03-02 19:36:34.768272,2026-03-03 23:14:32.368519,Delivered,Closed,SHP069,Shipper 069,SME,West Java,ST06_Bandung,HB01_JKT_GATEWAY,Jabodetabek,ST01_JKT_Central,HB01_JKT_GATEWAY,Inter-Region,Regular,Prepaid,CR057,Van,2.57,2.78,2.78,290356,24510,17467,8,1,0,,28.0,72,1,0,,1,0,,0,,44.37,5.2,1.67,ST01_JKT_Central,
SHPM002017,AWB260002017,2026-03-27 06:09:00.461560,2026-03-27 06:40:00.461560,2026-03-27 07:12:00.461560,2026-03-27 10:09:36.497909,2026-03-27 10:24:36.497909,2026-03-27 11:26:36.497909,2026-03-27 16:23:34.170853,2026-03-28 00:18:54.581047,2026-03-28 04:46:23.912872,2026-03-28 15:17:19.991539,2026-03-29 06:15:51.079390,2026-03-30 06:09:00.461560,Delivered,Closed,SHP014,Shipper 014,Enterprise,Jabodetabek,ST05_Tangerang,HB01_JKT_GATEWAY,Outer Java,ST16_Palembang,HB05_SUMATRA_GATEWAY,Inter-Region,Regular,COD,CR045,Van,0.84,0.76,0.84,510160,19780,18451,8,1,0,,15.0,72,1,0,,1,0,,0,,48.11,4.95,4.46,ST16_Palembang,
SHPM002018,AWB260002018,2026-03-25 18:13:26.591738,2026-03-25 18:33:26.591738,2026-03-25 19:04:26.591738,2026-03-26 00:32:51.802384,2026-03-26 01:36:51.802384,2026-03-26 02:31:51.802384,2026-03-26 08:30:37.262041,2026-03-26 15:44:42.649670,2026-03-27 00:06:43.872801,2026-03-27 18:04:39.275685,2026-03-28 08:25:33.109197,2026-03-28 18:13:26.591738,Delivered,Closed,SHP042,Shipper 042,Marketplace,Jabodetabek,ST05_Tangerang,HB01_JKT_GATEWAY,East Java,ST12_Surabaya,HB03_SBY_GATEWAY,Inter-Region,Regular,Prepaid,CR051,Bike,0.61,0.96,0.96,724866,16320,13031,8,1,0,,64.0,72,1,0,,1,0,,0,,62.2,5.98,8.37,ST12_Surabaya,
SHPM002019,AWB260002019,2026-03-31 17:02:03.689001,2026-03-31 17:41:03.689001,2026-03-31 18:30:03.689001,2026-03-31 23:32:51.470107,2026-04-01 00:11:51.470107,2026-04-01 01:18:51.470107,2026-04-01 06:22:01.807180,2026-04-01 14:42:09.220637,2026-04-01 23:26:38.821114,2026-04-02 09:20:34.839978,2026-04-02 17:46:01.811526,2026-04-03 17:02:03.689001,Delivered,Closed,SHP073,Shipper 073,Marketplace,Outer Java,ST18_Balikpapan,HB06_EASTERN_GATEWAY,Central Java,ST10_Solo,HB04_CTG_NATIONAL,Inter-Region,Regular,Prepaid,CR165,Bike,2.4,3.92,3.92,1020976,29640,17362,8,1,0,,39.0,72,1,0,,1,0,,0,,48.73,5.05,8.74,ST10_Solo,
SHPM002020,AWB260002020,2026-02-22 05:53:36.280536,2026-02-22 06:12:36.280536,2026-02-22 06:35:36.280536,2026-02-22 08:21:36.952780,2026-02-22 08:35:36.952780,2026-02-22 09:18:36.952780,2026-02-22 13:30:00.328923,2026-02-22 19:56:24.561767,2026-02-22 23:04:19.528598,2026-02-23 08:41:12.022734,2026-02-24 02:20:01.610729,2026-02-25 05:53:36.280536,Delivered,Closed,SHP005,Shipper 005,Enterprise,Central Java,ST09_Semarang,HB04_CTG_NATIONAL,Jabodetabek,ST02_JKT_West,HB01_JKT_GATEWAY,Inter-Region,Regular,COD,CR087,Bike,0.91,0.88,0.91,718759,20095,16076,8,1,0,,14.0,72,1,0,,1,0,,0,,44.44,4.19,3.13,ST02_JKT_West,
SHPM002021,AWB260002021,2026-03-17 17:46:27.903106,2026-03-17 18:05:27.903106,2026-03-17 18:42:27.903106,2026-03-17 22:52:58.645488,2026-03-17 23:19:58.645488,2026-03-18 00:08:58.645488,2026-03-18 02:56:09.005073,2026-03-18 08:15:57.535097,2026-03-18 18:34:42.616161,2026-03-19 01:38:25.924861,2026-03-19 18:43:49.229739,2026-03-20 17:46:27.903106,Delivered,Closed,SHP035,Shipper 035,Enterprise,Jabodetabek,ST04_Bekasi,HB01_JKT_GATEWAY,East Java,ST14_Kediri,HB03_SBY_GATEWAY,Inter-Region,Regular,Prepaid,CR041,Van,3.39,3.07,3.39,1595431,27255,16178,8,1,0,,27.0,72,1,0,,1,0,,0,,48.96,2.79,10.31,ST14_Kediri,
SHPM002022,AWB260002022,2026-03-25 23:48:28.005563,2026-03-26 00:04:28.005563,2026-03-26 00:47:28.005563,2026-03-26 02:00:55.984469,2026-03-26 02:45:55.984469,2026-03-26 03:46:55.984469,2026-03-26 08:05:58.439075,2026-03-26 13:38:31.723377,2026-03-27 00:07:36.613198,2026-03-27 14:32:00.887560,2026-03-27 19:58:48.276382,2026-03-27 11:48:28.005563,Delivered,Closed,SHP056,Shipper 056,Enterprise,Jabodetabek,ST03_JKT_East,HB01_JKT_GATEWAY,West Java,ST06_Bandung,HB01_JKT_GATEWAY,Inter-Region,Next Day,Prepaid,CR030,Bike,0.53,0.52,0.53,942141,22385,16736,4,1,0,,45.0,36,0,0,,1,0,,0,,44.17,4.32,10.48,ST06_Bandung,Hub Bottleneck
SHPM002023,AWB260002023,2026-03-26 22:05:00.850391,2026-03-26 22:39:00.850391,2026-03-26 22:55:00.850391,2026-03-27 01:34:04.919115,2026-03-27 02:41:04.919115,2026-03-27 03:08:04.919115,2026-03-27 05:13:04.782369,2026-03-27 13:27:18.499215,2026-03-27 23:09:24.833421,2026-03-28 10:55:07.349750,2026-03-29 02:52:23.282118,2026-03-29 22:05:00.850391,Delivered,Closed,SHP016,Shipper 016,Marketplace,Jabodetabek,ST02_JKT_West,HB01_JKT_GATEWAY,West Java,ST08_Bogor,HB01_JKT_GATEWAY,Inter-Region,Regular,COD,CR013,Truck,1.32,1.36,1.36,1096212,22120,17807,8,1,0,,67.0,72,1,0,,1,0,,0,,52.79,2.08,9.7,ST08_Bogor,
SHPM002024,AWB260002024,2026-03-13 03:03:14.856849,2026-03-13 03:19:14.856849,2026-03-13 03:37:14.856849,2026-03-13 06:29:58.652596,2026-03-13 06:47:58.652596,2026-03-13 07:02:58.652596,2026-03-13 10:02:09.318156,2026-03-13 18:06:39.464850,2026-03-13 22:24:04.450206,2026-03-14 07:24:00.831720,2026-03-14 13:40:55.728511,2026-03-14 15:03:14.856849,Delivered,Closed,SHP070,Shipper 070,Enterprise,Jabodetabek,ST05_Tangerang,HB01_JKT_GATEWAY,West Java,ST06_Bandung,HB01_JKT_GATEWAY,Inter-Region,Next Day,Prepaid,CR048,Van,0.78,0.84,0.84,2373306,23780,21446,4,1,0,,18.0,36,1,0,,1,0,,0,,34.63,2.99,4.29,ST06_Bandung,
SHPM002025,AWB260002025,2026-03-28 00:27:21.272399,2026-03-28 00:48:21.272399,2026-03-28 01:23:21.272399,2026-03-28 08:47:25.235663,2026-03-28 09:41:25.235663,2026-03-28 10:03:25.235663,2026-03-28 14:09:23.222391,2026-03-28 18:25:39.707077,2026-03-28 20:47:05.005469,2026-03-29 10:44:51.612018,2026-03-29 21:34:45.233760,2026-03-31 00:27:21.272399,Delivered,Closed,SHP001,Shipper 001,Marketplace,Jabodetabek,ST03_JKT_East,HB01_JKT_GATEWAY,East Java,ST13_Malang,HB03_SBY_GATEWAY,Inter-Region,Regular,Prepaid,CR027,Bike,0.4,0.53,0.53,558105,14385,10725,8,1,0,,54.0,72,1,0,,1,0,,0,,45.12,4.1,2.36,ST13_Malang,
SHPM002026,AWB260002026,2026-03-18 12:12:31.442679,2026-03-18 12:43:31.442679,2026-03-18 13:04:31.442679,,,,,,,,,2026-03-21 12:12:31.442679,Failed Pickup,Exception,SHP063,Shipper 063,Enterprise,Jabodetabek,ST05_Tangerang,HB01_JKT_GATEWAY,Outer Java,ST15_Medan,HB05_SUMATRA_GATEWAY,Inter-Region,Regular,Prepaid,CR045,Bike,0.9,0.85,0.9,734335,16050,15240,8,0,1,Shipper Closed,,72,0,0,,0,0,,0,,455.79,,,ST05_Tangerang,
SHPM002027,AWB260002027,2026-03-21 14:02:39.500744,2026-03-21 14:25:39.500744,2026-03-21 14:54:39.500744,2026-03-21 15:07:34.453321,2026-03-21 16:32:34.453321,2026-03-21 17:49:34.453321,2026-03-21 23:11:52.201085,2026-03-22 04:00:43.818582,2026-03-22 07:29:43.883341,2026-03-23 01:08:37.374228,2026-03-23 05:21:06.027003,2026-03-22 06:02:39.500744,Delivered,Closed,SHP002,Shipper 002,Enterprise,Jabodetabek,ST01_JKT_Central,HB01_JKT_GATEWAY,East Java,ST13_Malang,HB03_SBY_GATEWAY,Inter-Region,Same Day,Prepaid,CR001,Van,0.58,0.64,0.64,1098357,29880,19371,2,1,0,,85.0,16,0,0,,1,0,,0,,39.31,5.37,3.48,ST13_Malang,Last Mile Delay
SHPM002028,AWB260002028,2026-03-31 02:31:23.989910,2026-03-31 02:48:23.989910,2026-03-31 03:18:23.989910,2026-03-31 04:50:16.914685,2026-03-31 05:07:16.914685,2026-03-31 06:30:16.914685,2026-03-31 08:56:24.710680,2026-03-31 15:07:50.206928,2026-03-31 19:05:01.862588,2026-04-01 02:20:48.234345,2026-04-01 06:47:47.776820,2026-03-31 18:31:23.989910,Delivered,Closed,SHP088,Shipper 088,SME,Outer Java,ST19_Denpasar,HB06_EASTERN_GATEWAY,West Java,ST07_Cirebon,HB02_BDG_TRANSIT,Inter-Region,Same Day,Prepaid,CR176,Bike,1.32,1.94,1.94,215371,35730,21950,2,0,0,,17.0,16,0,0,,1,0,,0,,28.27,2.44,3.95,ST07_Cirebon,First Mile Delay
SHPM002029,AWB260002029,2026-02-18 06:09:50.990685,2026-02-18 06:18:50.990685,2026-02-18 06:45:50.990685,2026-02-18 10:53:14.336584,2026-02-18 11:46:14.336584,2026-02-18 13:29:14.336584,2026-02-18 18:06:46.195749,2026-02-19 00:32:51.389331,2026-02-20 00:16:34.930259,2026-02-20 15:17:42.376314,2026-02-21 06:51:24.581539,2026-02-21 06:09:50.990685,Delivered,Closed,SHP031,Shipper 031,SME,East Java,ST13_Malang,HB03_SBY_GATEWAY,Jabodetabek,ST03_JKT_East,HB01_JKT_GATEWAY,Inter-Region,Regular,Prepaid,CR124,Van,1.05,1.6,1.6,510825,19200,18024,8,1,0,,53.0,72,0,0,,1,0,,0,,72.69,4.63,23.73,ST03_JKT_East,Hub Bottleneck
SHPM002030,AWB260002030,2026-03-19 11:45:46.350439,2026-03-19 12:01:46.350439,2026-03-19 12:25:46.350439,,,,,,,,,2026-03-20 03:45:46.350439,Failed Pickup,Exception,SHP078,Shipper 078,SME,Outer Java,ST18_Balikpapan,HB06_EASTERN_GATEWAY,Jabodetabek,ST02_JKT_West,HB01_JKT_GATEWAY,Inter-Region,Same Day,Prepaid,CR164,Bike,1.07,1.01,1.07,1727529,31815,21359,2,0,1,Capacity Full,,16,0,0,,0,0,,0,,432.24,,,ST18_Balikpapan,
SHPM002031,AWB260002031,2026-03-12 23:00:16.959628,2026-03-12 23:18:16.959628,2026-03-12 23:45:16.959628,2026-03-13 11:03:52.460728,2026-03-13 12:17:52.460728,2026-03-13 12:54:52.460728,2026-03-13 20:47:11.172606,2026-03-13 23:10:04.504217,2026-03-14 05:45:56.921847,2026-03-14 15:36:28.784731,2026-03-14 20:12:53.150336,2026-03-15 23:00:16.959628,Delivered,Closed,SHP010,Shipper 010,Enterprise,East Java,ST12_Surabaya,HB03_SBY_GATEWAY,Jabodetabek,ST05_Tangerang,HB01_JKT_GATEWAY,Inter-Region,Regular,Prepaid,CR109,Bike,1.44,2.4,2.4,1147388,22800,17618,8,0,0,,74.0,72,1,0,,1,0,,0,,45.21,7.87,6.6,ST05_Tangerang,
SHPM002032,AWB260002032,2026-02-26 22:17:11.377074,2026-02-26 22:30:11.377074,2026-02-26 23:06:11.377074,2026-02-27 01:52:53.526989,2026-02-27 02:40:53.526989,2026-02-27 03:22:53.526989,2026-02-27 07:58:27.433082,2026-02-27 10:15:57.636372,2026-02-27 20:37:41.084535,2026-02-28 04:28:02.324398,2026-02-28 10:22:47.666883,2026-03-01 22:17:11.377074,Delivered,Closed,SHP070,Shipper 070,Enterprise,Jabodetabek,ST04_Bekasi,HB01_JKT_GATEWAY,Central Java,ST11_Yogyakarta,HB04_CTG_NATIONAL,Inter-Region,Regular,COD,CR031,Bike,1.17,1.57,1.57,2742624,23065,17396,8,1,0,,48.0,72,1,0,,1,0,,0,,36.09,4.59,10.36,ST11_Yogyakarta,
SHPM002033,AWB260002033,2026-03-08 08:13:43.518770,2026-03-08 08:52:43.518770,2026-03-08 09:35:43.518770,2026-03-08 10:37:13.069745,2026-03-08 11:03:13.069745,2026-03-08 12:34:13.069745,2026-03-08 13:46:54.706638,2026-03-08 19:53:53.680244,2026-03-08 23:30:25.147470,2026-03-09 09:36:07.679310,2026-03-09 14:13:33.248028,2026-03-09 00:13:43.518770,Delivered,Closed,SHP035,Shipper 035,Enterprise,Jabodetabek,ST04_Bekasi,HB01_JKT_GATEWAY,Central Java,ST10_Solo,HB04_CTG_NATIONAL,Inter-Region,Same Day,Prepaid,CR034,Truck,0.98,0.99,0.99,574066,31455,21567,2,1,0,,26.0,16,0,0,,1,0,,0,,30.0,1.21,3.61,ST10_Solo,Last Mile Delay
SHPM002034,AWB260002034,2026-02-18 06:41:49.635290,2026-02-18 06:48:49.635290,2026-02-18 07:10:49.635290,,,,,,,,,2026-02-19 06:41:49.635290,Failed Pickup,Exception,SHP051,Shipper 051,Marketplace,Outer Java,ST19_Denpasar,HB06_EASTERN_GATEWAY,Outer Java,ST19_Denpasar,HB06_EASTERN_GATEWAY,Intra-Region,Next Day,Prepaid,CR175,Bike,0.25,0.28,0.28,839231,21260,14269,4,0,1,Shipper Not Ready,,24,0,0,,0,0,,0,,1133.3,,,ST19_Denpasar,
SHPM002035,AWB260002035,2026-03-22 23:48:16.719075,2026-03-23 00:16:16.719075,2026-03-23 00:54:16.719075,2026-03-23 07:53:02.871897,2026-03-23 08:15:02.871897,2026-03-23 08:40:02.871897,2026-03-23 13:03:34.992289,2026-03-23 16:27:13.989329,2026-03-24 00:08:21.198533,2026-03-24 13:55:37.220968,2026-03-25 02:09:09.821987,2026-03-25 23:48:16.719075,Delivered,Closed,SHP048,Shipper 048,Enterprise,Outer Java,ST17_Makassar,HB06_EASTERN_GATEWAY,East Java,ST14_Kediri,HB03_SBY_GATEWAY,Inter-Region,Regular,Prepaid,CR161,Bike,1.79,1.63,1.79,2068200,20055,18035,8,1,0,,22.0,72,1,0,,1,0,,0,,50.35,4.39,7.69,ST14_Kediri,
SHPM002036,AWB260002036,2026-03-06 14:53:26.021023,2026-03-06 14:58:26.021023,2026-03-06 15:28:26.021023,,,,,,,,,2026-03-08 02:53:26.021023,Failed Pickup,Exception,SHP100,Shipper 100,Marketplace,Central Java,ST09_Semarang,HB04_CTG_NATIONAL,Jabodetabek,ST05_Tangerang,HB01_JKT_GATEWAY,Inter-Region,Next Day,Prepaid,CR089,Bike,1.11,1.07,1.11,1339843,24995,14414,4,0,1,Schedule Miss,,36,0,0,,0,0,,0,,741.11,,,ST09_Semarang,
SHPM002037,AWB260002037,2026-03-05 23:00:38.285540,2026-03-05 23:23:38.285540,2026-03-05 23:46:38.285540,2026-03-06 01:44:26.721695,2026-03-06 02:29:26.721695,2026-03-06 03:05:26.721695,2026-03-06 04:33:32.291519,2026-03-06 10:56:24.687286,2026-03-07 00:14:41.022560,2026-03-07 14:51:06.580157,2026-03-07 17:09:07.566665,2026-03-06 15:00:38.285540,Delivered,Closed,SHP010,Shipper 010,Enterprise,East Java,ST13_Malang,HB03_SBY_GATEWAY,Jabodetabek,ST04_Bekasi,HB01_JKT_GATEWAY,Inter-Region,Same Day,Prepaid,CR124,Bike,1.46,1.43,1.46,485315,33570,31130,2,0,0,,45.0,16,0,0,,1,0,,0,,42.14,1.47,13.3,ST04_Bekasi,First Mile Delay
SHPM002038,AWB260002038,2026-03-10 05:08:26.982607,2026-03-10 05:53:26.982607,2026-03-10 06:14:26.982607,2026-03-10 09:39:59.870643,2026-03-10 10:24:59.870643,2026-03-10 11:28:59.870643,2026-03-10 14:24:39.934656,2026-03-10 23:48:04.921839,2026-03-11 03:12:55.402110,2026-03-11 16:10:25.314657,2026-03-11 20:40:01.461996,2026-03-11 17:08:26.982607,Delivered,Closed,SHP048,Shipper 048,Enterprise,Outer Java,ST17_Makassar,HB06_EASTERN_GATEWAY,Central Java,ST10_Solo,HB04_CTG_NATIONAL,Inter-Region,Next Day,Prepaid,CR161,Bike,0.63,0.68,0.68,636524,23060,17633,4,1,0,,45.0,36,0,0,,1,0,,0,,39.53,2.93,3.41,ST10_Solo,Last Mile Delay
SHPM002039,AWB260002039,2026-03-10 18:21:19.310481,2026-03-10 18:35:19.310481,2026-03-10 19:12:19.310481,2026-03-10 23:06:59.068061,2026-03-10 23:54:59.068061,2026-03-11 01:10:59.068061,2026-03-11 06:03:52.587116,2026-03-11 14:06:32.965097,2026-03-12 06:41:00.006008,2026-03-12 16:42:52.124540,2026-03-13 05:27:41.495844,2026-03-13 18:21:19.310481,Delivered,Closed,SHP038,Shipper 038,Marketplace,Jabodetabek,ST01_JKT_Central,HB01_JKT_GATEWAY,Outer Java,ST17_Makassar,HB06_EASTERN_GATEWAY,Inter-Region,Regular,Prepaid,CR005,Van,0.8,1.23,1.23,481991,17535,14098,8,1,0,,48.0,72,1,0,,1,0,,0,,59.11,4.88,16.57,ST17_Makassar,
SHPM002040,AWB260002040,2026-03-07 06:21:38.762438,2026-03-07 06:58:38.762438,2026-03-07 07:30:38.762438,2026-03-07 11:00:48.931340,2026-03-07 11:21:48.931340,2026-03-07 13:09:48.931340,2026-03-07 14:45:00.035959,2026-03-07 16:23:25.338398,2026-03-08 01:09:40.260951,2026-03-08 09:07:22.022722,2026-03-08 12:38:16.971188,2026-03-08 06:21:38.762438,Delivered,Closed,SHP058,Shipper 058,Enterprise,Jabodetabek,ST01_JKT_Central,HB01_JKT_GATEWAY,Jabodetabek,ST05_Tangerang,HB01_JKT_GATEWAY,Intra-Region,Next Day,Prepaid,CR002,Van,1.18,1.11,1.18,1008649,25310,16124,4,0,0,,21.0,24,0,0,,1,0,,0,,30.28,1.59,8.77,ST05_Tangerang,First Mile Delay
SHPM002041,AWB260002041,2026-03-03 09:31:47.674110,2026-03-03 09:49:47.674110,2026-03-03 10:16:47.674110,2026-03-03 12:36:09.580570,2026-03-03 13:01:09.580570,2026-03-03 15:00:09.580570,2026-03-03 16:07:32.223020,2026-03-03 23:54:59.211913,2026-03-04 01:43:41.903545,2026-03-04 13:51:21.437070,2026-03-04 22:26:05.258333,2026-03-04 21:31:47.674110,Delivered,Closed,SHP050,Shipper 050,Marketplace,Jabodetabek,ST04_Bekasi,HB01_JKT_GATEWAY,West Java,ST06_Bandung,HB01_JKT_GATEWAY,Inter-Region,Next Day,Prepaid,CR035,Bike,0.62,0.67,0.67,487174,23015,21051,4,1,0,,25.0,36,0,0,,1,0,,0,,36.9,1.12,1.81,ST06_Bandung,Last Mile Delay
SHPM002042,AWB260002042,2026-03-11 22:14:21.973351,2026-03-11 22:56:21.973351,2026-03-11 23:21:21.973351,2026-03-11 23:57:44.754539,2026-03-12 00:52:44.754539,2026-03-12 02:03:44.754539,2026-03-12 04:26:48.633275,2026-03-12 06:43:24.323164,2026-03-12 10:16:29.938125,2026-03-12 15:26:24.787005,2026-03-12 18:18:56.582274,2026-03-12 22:14:21.973351,Delivered,Closed,SHP045,Shipper 045,Marketplace,Jabodetabek,ST02_JKT_West,HB01_JKT_GATEWAY,Jabodetabek,ST02_JKT_West,HB01_JKT_GATEWAY,Intra-Region,Next Day,Prepaid,CR014,Bike,1.12,1.75,1.75,527996,27875,22338,4,1,0,,55.0,24,1,0,,1,0,,0,,20.08,2.38,3.55,ST02_JKT_West,
SHPM002043,AWB260002043,2026-02-25 20:51:52.789725,2026-02-25 21:33:52.789725,2026-02-25 21:49:52.789725,2026-02-26 02:50:10.254059,2026-02-26 03:32:10.254059,2026-02-26 04:27:10.254059,2026-02-26 05:38:16.023727,2026-02-26 14:57:04.215247,2026-02-27 04:45:32.201676,2026-02-27 21:47:45.906443,2026-02-28 23:12:00.512722,2026-02-28 20:51:52.789725,Delivered,Closed,SHP001,Shipper 001,Marketplace,Jabodetabek,ST03_JKT_East,HB01_JKT_GATEWAY,Outer Java,ST16_Palembang,HB05_SUMATRA_GATEWAY,Inter-Region,Regular,COD,CR020,Bike,3.55,3.74,3.74,811422,32830,25190,8,1,0,,42.0,72,0,0,,1,0,,0,,74.34,1.18,13.81,ST16_Palembang,Hub Bottleneck
SHPM002044,AWB260002044,2026-03-18 13:46:03.916260,2026-03-18 14:00:03.916260,2026-03-18 14:43:03.916260,2026-03-18 18:35:47.069432,2026-03-18 19:43:47.069432,2026-03-18 21:08:47.069432,2026-03-19 00:50:55.248529,2026-03-19 09:23:21.861078,2026-03-19 18:14:50.172131,2026-03-20 06:17:45.835936,,2026-03-21 13:46:03.916260,Delivery Exception,Exception,SHP089,Shipper 089,Enterprise,Central Java,ST11_Yogyakarta,HB04_CTG_NATIONAL,Jabodetabek,ST01_JKT_Central,HB01_JKT_GATEWAY,Inter-Region,Regular,COD,CR104,Truck,3.99,3.81,3.99,1299178,33955,23491,8,1,0,,68.0,72,0,1,Invalid Address,2,0,,0,,454.23,3.7,8.86,ST01_JKT_Central,Delivery Exception
SHPM002045,AWB260002045,2026-02-25 15:37:45.779533,2026-02-25 15:43:45.779533,2026-02-25 16:50:45.779533,2026-02-25 19:17:11.287767,2026-02-25 20:42:11.287767,2026-02-25 22:11:11.287767,2026-02-26 03:45:37.925910,2026-02-26 10:18:47.260925,2026-02-26 18:48:25.663049,2026-02-27 04:56:34.914909,2026-02-27 11:57:54.902410,2026-02-27 03:37:45.779533,Delivered,Closed,SHP010,Shipper 010,Enterprise,East Java,ST12_Surabaya,HB03_SBY_GATEWAY,Jabodetabek,ST01_JKT_Central,HB01_JKT_GATEWAY,Inter-Region,Next Day,Prepaid,CR109,Bike,2.16,2.2,2.2,1772326,29900,22227,4,1,0,,85.0,36,0,0,,1,0,,0,,44.34,5.57,8.49,ST01_JKT_Central,Last Mile Delay
SHPM002046,AWB260002046,2026-03-27 14:16:58.236120,2026-03-27 14:43:58.236120,2026-03-27 15:02:58.236120,2026-03-27 18:19:22.400846,2026-03-27 18:38:22.400846,2026-03-27 20:38:22.400846,2026-03-27 23:39:28.615071,2026-03-28 08:23:11.450522,2026-03-28 16:36:21.008035,2026-03-29 07:26:55.073261,2026-03-29 14:16:35.026047,2026-03-29 02:16:58.236120,Delivered,Closed,SHP092,Shipper 092,Marketplace,Jabodetabek,ST03_JKT_East,HB01_JKT_GATEWAY,East Java,ST13_Malang,HB03_SBY_GATEWAY,Inter-Region,Next Day,Prepaid,CR025,Bike,3.16,3.05,3.16,202220,34220,22987,4,1,0,,19.0,36,0,0,,1,0,,0,,47.99,3.02,8.22,ST13_Malang,Last Mile Delay
SHPM002047,AWB260002047,2026-03-03 12:31:34.127891,2026-03-03 13:12:34.127891,2026-03-03 13:22:34.127891,2026-03-03 14:09:28.640393,2026-03-03 14:34:28.640393,2026-03-03 16:27:28.640393,2026-03-03 18:49:10.573357,2026-03-03 23:49:03.030551,2026-03-04 09:51:26.390877,2026-03-04 21:45:31.063600,2026-03-04 23:41:28.708418,2026-03-04 04:31:34.127891,Delivered,Closed,SHP013,Shipper 013,SME,Jabodetabek,ST04_Bekasi,HB01_JKT_GATEWAY,Outer Java,ST20_Banjarmasin,HB06_EASTERN_GATEWAY,Inter-Region,Same Day,Prepaid,CR037,Bike,2.53,2.74,2.74,197810,39330,28358,2,1,0,,25.0,16,0,0,,1,0,,0,,35.17,2.36,10.04,ST20_Banjarmasin,Hub Bottleneck
SHPM002048,AWB260002048,2026-03-18 22:15:38.043308,2026-03-18 22:21:38.043308,2026-03-18 23:06:38.043308,2026-03-19 00:45:33.854603,2026-03-19 01:30:33.854603,2026-03-19 02:43:33.854603,2026-03-19 06:30:29.355150,2026-03-19 15:22:13.131796,2026-03-19 18:32:28.459910,2026-03-20 06:21:01.130533,2026-03-20 09:33:30.486228,2026-03-19 14:15:38.043308,Delivered,Closed,SHP072,Shipper 072,Enterprise,Outer Java,ST15_Medan,HB05_SUMATRA_GATEWAY,Jabodetabek,ST01_JKT_Central,HB01_JKT_GATEWAY,Inter-Region,Same Day,Prepaid,CR143,Bike,1.46,2.43,2.43,1208536,37935,24391,2,0,0,,45.0,16,0,0,,1,0,,0,,35.3,3.78,3.17,ST01_JKT_Central,First Mile Delay
SHPM002049,AWB260002049,2026-03-23 17:42:27.459401,2026-03-23 17:56:27.459401,2026-03-23 18:29:27.459401,2026-03-24 01:50:17.582950,2026-03-24 02:16:17.582950,2026-03-24 03:30:17.582950,2026-03-24 07:27:10.304287,2026-03-24 13:15:29.167827,2026-03-24 20:35:43.692005,2026-03-25 04:54:11.779006,2026-03-25 16:14:21.953139,2026-03-26 17:42:27.459401,Delivered,Closed,SHP030,Shipper 030,Enterprise,Jabodetabek,ST05_Tangerang,HB01_JKT_GATEWAY,West Java,ST07_Cirebon,HB02_BDG_TRANSIT,Inter-Region,Regular,Prepaid,CR054,Van,1.23,1.27,1.27,812715,17715,13913,8,1,0,,26.0,72,1,0,,1,0,,0,,46.53,3.95,7.34,ST07_Cirebon,
SHPM002050,AWB260002050,2026-02-19 10:10:58.222175,2026-02-19 10:54:58.222175,2026-02-19 11:03:58.222175,2026-02-19 15:25:12.553850,2026-02-19 16:10:12.553850,2026-02-19 17:27:12.553850,2026-02-19 21:00:33.058319,2026-02-20 03:46:36.829912,2026-02-20 08:42:43.519005,2026-02-20 21:07:32.717011,2026-02-21 01:47:38.615450,2026-02-20 22:10:58.222175,Delivered,Closed,SHP012,Shipper 012,Marketplace,Outer Java,ST20_Banjarmasin,HB06_EASTERN_GATEWAY,East Java,ST13_Malang,HB03_SBY_GATEWAY,Inter-Region,Next Day,Prepaid,CR186,Bike,0.34,0.36,0.36,965688,21620,16416,4,0,0,,45.0,36,0,0,,1,0,,0,,39.61,3.56,4.94,ST13_Malang,First Mile Delay
SHPM002051,AWB260002051,2026-03-03 18:25:47.699859,2026-03-03 18:53:47.699859,2026-03-03 19:09:47.699859,2026-03-03 20:39:23.758607,2026-03-03 21:02:23.758607,2026-03-03 22:01:23.758607,2026-03-04 00:10:02.448419,2026-03-04 02:59:22.709284,2026-03-04 10:32:33.310830,2026-03-05 02:29:06.754291,2026-03-05 10:39:49.417532,2026-03-05 06:25:47.699859,Delivered,Closed,SHP064,Shipper 064,Marketplace,Jabodetabek,ST04_Bekasi,HB01_JKT_GATEWAY,West Java,ST08_Bogor,HB01_JKT_GATEWAY,Inter-Region,Next Day,COD,CR035,Bike,0.56,0.54,0.56,1933663,26520,24197,4,1,0,,23.0,36,0,0,,1,0,,0,,40.23,2.14,7.55,ST08_Bogor,Last Mile Delay
SHPM002052,AWB260002052,2026-03-17 12:02:08.581925,2026-03-17 12:36:08.581925,2026-03-17 13:25:08.581925,2026-03-17 18:18:39.650198,2026-03-17 19:09:39.650198,2026-03-17 20:57:39.650198,2026-03-17 23:44:49.187013,2026-03-18 07:07:52.635886,2026-03-18 15:04:15.578062,2026-03-19 05:09:52.836598,2026-03-19 20:05:39.614404,2026-03-20 12:02:08.581925,Delivered,Closed,SHP041,Shipper 041,SME,West Java,ST07_Cirebon,HB02_BDG_TRANSIT,Central Java,ST11_Yogyakarta,HB04_CTG_NATIONAL,Inter-Region,Regular,Prepaid,CR074,Bike,1.22,1.14,1.22,2343946,17490,13211,8,1,0,,51.0,72,1,0,,1,0,,0,,56.06,2.79,7.94,ST11_Yogyakarta,
SHPM002053,AWB260002053,2026-03-28 12:21:35.093075,2026-03-28 12:57:35.093075,2026-03-28 13:41:35.093075,2026-03-28 20:15:09.448105,2026-03-28 20:42:09.448105,2026-03-28 21:32:09.448105,2026-03-29 01:10:01.258648,2026-03-29 03:49:38.284917,2026-03-29 12:53:25.176826,2026-03-29 22:02:56.277278,2026-03-30 13:33:08.033895,2026-03-31 12:21:35.093075,Delivered,Closed,SHP092,Shipper 092,Marketplace,Jabodetabek,ST03_JKT_East,HB01_JKT_GATEWAY,East Java,ST12_Surabaya,HB03_SBY_GATEWAY,Inter-Region,Regular,Prepaid,CR022,Bike,2.94,2.68,2.94,1572017,25230,18206,8,1,0,,27.0,72,1,0,,1,0,,0,,49.19,3.63,9.06,ST12_Surabaya,
SHPM002054,AWB260002054,2026-03-27 21:38:25.532526,2026-03-27 21:50:25.532526,2026-03-27 21:55:25.532526,2026-03-28 00:08:36.790563,2026-03-28 00:44:36.790563,2026-03-28 01:20:36.790563,2026-03-28 06:59:16.159504,2026-03-28 14:48:17.421433,2026-03-28 21:16:47.116659,2026-03-29 08:00:48.145066,2026-03-29 22:50:50.869669,2026-03-30 21:38:25.532526,Delivered,Closed,SHP042,Shipper 042,Marketplace,Jabodetabek,ST02_JKT_West,HB01_JKT_GATEWAY,Central Java,ST09_Semarang,HB04_CTG_NATIONAL,Inter-Region,Regular,Prepaid,CR012,Bike,1.08,1.58,1.58,1815657,19110,16362,8,1,0,,36.0,72,1,0,,1,0,,0,,49.21,5.64,6.47,ST09_Semarang,
SHPM002055,AWB260002055,2026-03-02 22:21:14.192680,2026-03-02 23:04:14.192680,2026-03-02 23:43:14.192680,2026-03-03 00:38:08.165029,2026-03-03 01:16:08.165029,2026-03-03 01:36:08.165029,2026-03-03 05:30:52.368211,2026-03-03 13:53:23.954857,2026-03-03 19:14:24.233612,2026-03-04 05:33:16.487340,2026-03-04 09:39:48.799269,2026-03-03 14:21:14.192680,Delivered,Closed,SHP031,Shipper 031,SME,East Java,ST13_Malang,HB03_SBY_GATEWAY,West Java,ST08_Bogor,HB01_JKT_GATEWAY,Inter-Region,Same Day,Prepaid,CR115,Bike,0.41,0.68,0.68,1440897,30060,18758,2,1,0,,38.0,16,0,0,,1,0,,0,,35.31,3.91,5.35,ST08_Bogor,Last Mile Delay
SHPM002056,AWB260002056,2026-02-17 03:51:47.737618,2026-02-17 04:11:47.737618,2026-02-17 04:34:47.737618,2026-02-17 12:39:43.968116,2026-02-17 13:28:43.968116,2026-02-17 15:27:43.968116,2026-02-17 17:28:23.421813,2026-02-18 02:04:53.250524,2026-02-18 04:00:06.344665,2026-02-18 19:11:34.609622,2026-02-19 05:05:56.920709,2026-02-20 03:51:47.737618,Delivered,Closed,SHP078,Shipper 078,SME,Outer Java,ST17_Makassar,HB06_EASTERN_GATEWAY,Central Java,ST09_Semarang,HB04_CTG_NATIONAL,Inter-Region,Regular,COD,CR160,Truck,0.65,0.63,0.65,392427,18925,13984,8,0,0,,49.0,72,1,0,,1,0,,0,,49.24,2.01,1.92,ST09_Semarang,
SHPM002057,AWB260002057,2026-03-27 04:03:31.087510,2026-03-27 04:14:31.087510,2026-03-27 04:31:31.087510,2026-03-27 12:08:44.261106,2026-03-27 12:46:44.261106,2026-03-27 14:39:44.261106,2026-03-27 15:58:56.489803,2026-03-28 00:07:23.694296,2026-03-28 08:38:51.652116,2026-03-29 01:52:58.432282,,2026-03-30 04:03:31.087510,Return To Sender,RTS,SHP030,Shipper 030,Enterprise,Jabodetabek,ST05_Tangerang,HB01_JKT_GATEWAY,Central Java,ST11_Yogyakarta,HB04_CTG_NATIONAL,Inter-Region,Regular,Prepaid,CR047,Bike,2.52,2.48,2.52,1610768,23340,18182,8,1,0,,38.0,72,0,1,Customer Not Home,2,0,,1,Customer Not Home,247.94,1.32,8.52,ST11_Yogyakarta,Delivery Exception
SHPM002058,AWB260002058,2026-03-18 00:07:05.628284,2026-03-18 00:14:05.628284,2026-03-18 00:44:05.628284,2026-03-18 01:36:13.515460,2026-03-18 02:16:13.515460,2026-03-18 03:18:13.515460,2026-03-18 08:24:59.598307,2026-03-18 12:47:37.430989,2026-03-18 16:04:20.972133,2026-03-19 06:05:09.011710,2026-03-19 08:34:59.738512,2026-03-18 16:07:05.628284,Delivered,Closed,SHP054,Shipper 054,Marketplace,West Java,ST06_Bandung,HB01_JKT_GATEWAY,Jabodetabek,ST01_JKT_Central,HB01_JKT_GATEWAY,Inter-Region,Same Day,Prepaid,CR060,Bike,1.95,2.99,2.99,1066162,40455,25650,2,1,0,,40.0,16,0,0,,1,0,,0,,32.47,5.11,3.28,ST01_JKT_Central,Last Mile Delay
SHPM002059,AWB260002059,2026-02-22 15:04:13.881280,2026-02-22 15:28:13.881280,2026-02-22 16:05:13.881280,2026-02-22 20:27:10.397076,2026-02-22 20:44:10.397076,2026-02-22 22:03:10.397076,2026-02-23 00:13:46.057278,2026-02-23 07:48:09.270537,2026-02-23 14:19:44.844644,2026-02-24 01:32:42.154631,2026-02-24 08:44:53.669760,2026-02-25 15:04:13.881280,Delivered,Closed,SHP041,Shipper 041,SME,West Java,ST08_Bogor,HB01_JKT_GATEWAY,Central Java,ST11_Yogyakarta,HB04_CTG_NATIONAL,Inter-Region,Regular,COD,CR076,Van,2.26,2.1,2.26,1377013,26170,15860,8,1,0,,17.0,72,1,0,,1,0,,0,,41.68,2.18,6.53,ST11_Yogyakarta,
SHPM002060,AWB260002060,2026-03-12 18:51:03.990589,2026-03-12 19:24:03.990589,2026-03-12 19:46:03.990589,2026-03-12 22:25:40.299549,2026-03-12 23:17:40.299549,2026-03-13 00:54:40.299549,2026-03-13 05:32:57.333086,2026-03-13 07:47:26.758170,2026-03-13 10:33:30.843940,2026-03-13 15:59:34.681071,2026-03-14 02:12:24.754232,2026-03-14 06:51:03.990589,Delivered,Closed,SHP035,Shipper 035,Enterprise,Jabodetabek,ST04_Bekasi,HB01_JKT_GATEWAY,Central Java,ST09_Semarang,HB04_CTG_NATIONAL,Inter-Region,Next Day,Prepaid,CR041,Bike,1.85,2.13,2.13,651713,29585,23292,4,1,0,,52.0,36,1,0,,1,0,,0,,31.36,4.64,2.77,ST09_Semarang,
SHPM002061,AWB260002061,2026-03-01 02:48:35.075874,2026-03-01 03:07:35.075874,2026-03-01 03:44:35.075874,2026-03-01 06:20:05.831363,2026-03-01 07:11:05.831363,2026-03-01 08:46:05.831363,2026-03-01 12:16:16.634681,2026-03-01 20:12:45.165605,2026-03-01 23:59:19.626242,2026-03-02 09:38:36.403201,2026-03-02 17:31:39.653510,2026-03-02 14:48:35.075874,Delivered,Closed,SHP058,Shipper 058,Enterprise,Jabodetabek,ST01_JKT_Central,HB01_JKT_GATEWAY,Central Java,ST10_Solo,HB04_CTG_NATIONAL,Inter-Region,Next Day,COD,CR006,Bike,2.63,2.61,2.63,1133495,35835,20691,4,1,0,,51.0,36,0,0,,1,0,,0,,38.72,3.5,3.78,ST10_Solo,Last Mile Delay
SHPM002062,AWB260002062,2026-03-02 11:39:54.143848,2026-03-02 12:13:54.143848,2026-03-02 12:39:54.143848,2026-03-02 14:20:46.819390,2026-03-02 15:06:46.819390,2026-03-02 16:55:46.819390,2026-03-02 20:07:39.024412,2026-03-02 22:48:23.068890,2026-03-03 09:59:58.323758,2026-03-05 08:29:12.985764,2026-03-05 18:12:17.196837,2026-03-03 23:39:54.143848,Delivered,Closed,SHP030,Shipper 030,Enterprise,Jabodetabek,ST05_Tangerang,HB01_JKT_GATEWAY,Central Java,ST11_Yogyakarta,HB04_CTG_NATIONAL,Inter-Region,Next Day,Prepaid,CR044,Bike,0.7,0.96,0.96,849910,24320,18684,4,1,0,,46.0,36,0,0,,1,1,Invalid Address,0,,78.54,3.2,11.19,ST11_Yogyakarta,Hub Bottleneck
SHPM002063,AWB260002063,2026-03-31 04:27:07.166341,2026-03-31 05:10:07.166341,2026-03-31 05:50:07.166341,2026-03-31 11:14:30.429920,2026-03-31 12:16:30.429920,2026-03-31 13:30:30.429920,2026-03-31 22:19:17.503134,2026-04-01 07:02:13.600925,2026-04-01 13:28:04.118736,2026-04-01 19:33:11.111270,2026-04-02 04:34:33.153740,2026-04-01 16:27:07.166341,Delivered,Closed,SHP018,Shipper 018,Enterprise,West Java,ST07_Cirebon,HB02_BDG_TRANSIT,Jabodetabek,ST05_Tangerang,HB01_JKT_GATEWAY,Inter-Region,Next Day,COD,CR064,Truck,1.54,2.52,2.52,2671622,35340,29581,4,0,0,,62.0,36,0,0,,1,0,,0,,48.12,8.81,6.43,ST05_Tangerang,First Mile Delay
SHPM002064,AWB260002064,2026-03-09 03:32:41.534678,2026-03-09 03:45:41.534678,2026-03-09 04:36:41.534678,2026-03-09 05:58:38.123405,2026-03-09 06:43:38.123405,2026-03-09 07:56:38.123405,2026-03-09 10:21:55.179297,2026-03-09 15:03:08.392267,2026-03-09 21:54:25.644928,2026-03-10 07:37:50.664795,2026-03-10 18:28:47.044446,2026-03-12 03:32:41.534678,Delivered,Closed,SHP058,Shipper 058,Enterprise,Jabodetabek,ST01_JKT_Central,HB01_JKT_GATEWAY,West Java,ST08_Bogor,HB01_JKT_GATEWAY,Inter-Region,Regular,COD,CR004,Truck,0.87,0.83,0.87,566361,19915,14553,8,1,0,,45.0,72,1,0,,1,0,,0,,38.93,2.42,6.85,ST08_Bogor,
SHPM002065,AWB260002065,2026-03-28 16:13:17.275531,2026-03-28 16:46:17.275531,2026-03-28 17:18:17.275531,2026-03-28 18:27:57.731849,2026-03-28 18:47:57.731849,2026-03-28 20:14:57.731849,2026-03-28 22:06:43.564844,2026-03-29 05:41:28.879982,2026-03-29 14:24:23.672952,2026-03-30 06:29:07.000414,2026-03-30 09:01:52.912293,2026-03-29 08:13:17.275531,Delivered,Closed,SHP072,Shipper 072,Enterprise,Outer Java,ST17_Makassar,HB06_EASTERN_GATEWAY,Jabodetabek,ST03_JKT_East,HB01_JKT_GATEWAY,Inter-Region,Same Day,Prepaid,CR157,Van,0.84,1.34,1.34,1469108,33030,22762,2,1,0,,20.0,16,0,0,,1,0,,0,,40.81,1.86,8.72,ST03_JKT_East,Last Mile Delay
SHPM002066,AWB260002066,2026-03-11 01:26:01.326155,2026-03-11 02:08:01.326155,2026-03-11 02:28:01.326155,2026-03-11 04:13:46.359141,2026-03-11 04:22:46.359141,2026-03-11 05:19:46.359141,2026-03-11 06:48:13.892551,2026-03-11 15:40:37.232938,2026-03-11 20:13:22.132175,2026-03-12 09:41:13.404004,2026-03-12 15:23:36.615790,2026-03-11 17:26:01.326155,Delivered,Closed,SHP014,Shipper 014,Enterprise,Jabodetabek,ST05_Tangerang,HB01_JKT_GATEWAY,Outer Java,ST15_Medan,HB05_SUMATRA_GATEWAY,Inter-Region,Same Day,Prepaid,CR046,Truck,0.35,0.5,0.5,1162414,29250,18078,2,0,0,,9.0,16,0,0,,1,0,,0,,37.96,1.47,4.55,ST15_Medan,First Mile Delay
SHPM002067,AWB260002067,2026-03-07 16:45:39.323308,2026-03-07 17:22:39.323308,2026-03-07 17:47:39.323308,,,,,,,,,2026-03-09 04:45:39.323308,Failed Pickup,Exception,SHP030,Shipper 030,Enterprise,Jabodetabek,ST05_Tangerang,HB01_JKT_GATEWAY,West Java,ST07_Cirebon,HB02_BDG_TRANSIT,Inter-Region,Next Day,Prepaid,CR052,Van,2.01,2.1,2.1,2153596,29450,17234,4,0,1,Shipper Not Ready,,36,0,0,,0,0,,0,,715.24,,,ST05_Tangerang,
SHPM002068,AWB260002068,2026-02-18 17:14:40.662787,2026-02-18 17:23:40.662787,2026-02-18 17:43:40.662787,2026-02-18 20:22:49.032421,2026-02-18 20:53:49.032421,2026-02-18 21:09:49.032421,2026-02-19 02:53:44.898783,2026-02-19 07:48:41.593674,2026-02-19 17:11:43.077872,2026-02-19 23:00:47.394820,2026-02-20 14:38:06.070472,2026-02-21 17:14:40.662787,Delivered,Closed,SHP016,Shipper 016,Marketplace,Jabodetabek,ST03_JKT_East,HB01_JKT_GATEWAY,East Java,ST14_Kediri,HB03_SBY_GATEWAY,Inter-Region,Regular,COD,CR026,Bike,0.81,0.79,0.81,703624,19645,10994,8,1,0,,31.0,72,1,0,,1,0,,0,,45.39,5.73,9.38,ST14_Kediri,
SHPM002069,AWB260002069,2026-03-04 10:06:48.716638,2026-03-04 10:21:48.716638,2026-03-04 10:33:48.716638,2026-03-04 14:59:53.934365,2026-03-04 15:24:53.934365,2026-03-04 17:23:53.934365,2026-03-04 20:00:42.224923,2026-03-05 02:45:51.449238,2026-03-05 17:44:57.303599,2026-03-06 05:57:30.791870,2026-03-06 13:40:15.985621,2026-03-05 22:06:48.716638,Delivered,Closed,SHP002,Shipper 002,Enterprise,Jabodetabek,ST01_JKT_Central,HB01_JKT_GATEWAY,Outer Java,ST16_Palembang,HB05_SUMATRA_GATEWAY,Inter-Region,Next Day,Prepaid,CR003,Bike,0.94,1.27,1.27,193355,25715,16490,4,0,0,,25.0,36,0,0,,1,0,,0,,51.56,2.61,14.98,ST16_Palembang,First Mile Delay
SHPM002070,AWB260002070,2026-03-14 16:44:47.268820,2026-03-14 17:12:47.268820,2026-03-14 18:09:47.268820,2026-03-15 06:19:40.222854,2026-03-15 07:44:40.222854,2026-03-15 09:18:40.222854,2026-03-15 18:03:00.126834,2026-03-15 21:18:57.357681,2026-03-16 09:35:29.144528,2026-03-16 22:51:31.953952,2026-03-17 07:53:51.919379,2026-03-17 16:44:47.268820,Delivered,Closed,SHP010,Shipper 010,Enterprise,East Java,ST12_Surabaya,HB03_SBY_GATEWAY,Outer Java,ST18_Balikpapan,HB06_EASTERN_GATEWAY,Inter-Region,Regular,COD,CR112,Bike,0.56,0.55,0.56,2656726,18520,16304,8,0,0,,85.0,72,1,0,,1,0,,0,,63.15,8.74,12.28,ST18_Balikpapan,
SHPM002071,AWB260002071,2026-03-26 20:37:39.543241,2026-03-26 20:47:39.543241,2026-03-26 21:15:39.543241,2026-03-27 01:16:20.441523,2026-03-27 01:45:20.441523,2026-03-27 02:15:20.441523,2026-03-27 08:07:39.738830,2026-03-27 16:30:18.549579,2026-03-27 18:16:54.687332,2026-03-28 11:04:11.380963,2026-03-28 19:23:29.962796,2026-03-28 08:37:39.543241,Delivered,Closed,SHP027,Shipper 027,SME,Jabodetabek,ST05_Tangerang,HB01_JKT_GATEWAY,Central Java,ST09_Semarang,HB04_CTG_NATIONAL,Inter-Region,Next Day,Prepaid,CR050,Bike,1.27,1.39,1.39,1911177,26255,21751,4,0,0,,29.0,36,0,0,,1,0,,0,,46.76,5.87,1.78,ST09_Semarang,First Mile Delay
SHPM002072,AWB260002072,2026-02-24 04:47:46.116367,2026-02-24 04:59:46.116367,2026-02-24 05:24:46.116367,2026-02-24 06:37:45.840207,2026-02-24 07:26:45.840207,2026-02-24 08:06:45.840207,2026-02-24 12:48:30.085218,2026-02-24 16:59:49.523778,2026-02-25 06:47:03.839228,2026-02-26 17:07:09.541311,2026-02-26 22:11:05.458949,2026-02-24 20:47:46.116367,Delivered,Closed,SHP079,Shipper 079,Marketplace,East Java,ST14_Kediri,HB03_SBY_GATEWAY,Jabodetabek,ST01_JKT_Central,HB01_JKT_GATEWAY,Inter-Region,Same Day,Prepaid,CR135,Bike,0.95,0.96,0.96,891358,31320,27603,2,1,0,,49.0,16,0,0,,1,1,Missed Cut-Off,0,,65.39,4.7,13.79,ST01_JKT_Central,Hub Bottleneck
SHPM002073,AWB260002073,2026-03-20 14:55:29.149526,2026-03-20 15:24:29.149526,2026-03-20 16:22:29.149526,2026-03-20 22:45:03.197699,2026-03-21 00:13:03.197699,2026-03-21 02:03:03.197699,2026-03-21 08:37:34.619541,2026-03-21 15:24:01.814456,2026-03-22 14:29:54.168035,2026-03-22 23:40:07.201268,2026-03-23 12:02:45.872775,2026-03-23 14:55:29.149526,Delivered,Closed,SHP090,Shipper 090,Enterprise,East Java,ST12_Surabaya,HB03_SBY_GATEWAY,West Java,ST08_Bogor,HB01_JKT_GATEWAY,Inter-Region,Regular,Prepaid,CR113,Bike,1.17,1.15,1.17,2579526,17265,9903,8,1,0,,88.0,72,1,0,,1,0,,0,,69.12,6.58,23.1,ST08_Bogor,
SHPM002074,AWB260002074,2026-03-24 14:25:15.085608,2026-03-24 15:10:15.085608,2026-03-24 15:40:15.085608,2026-03-24 18:29:51.598660,2026-03-24 18:48:51.598660,2026-03-24 20:47:51.598660,2026-03-24 23:31:19.117235,2026-03-25 08:50:11.039737,2026-03-26 04:59:59.270482,2026-03-26 16:16:05.527568,2026-03-27 05:27:52.460129,2026-03-27 14:25:15.085608,Delivered,Closed,SHP055,Shipper 055,Marketplace,East Java,ST14_Kediri,HB03_SBY_GATEWAY,Jabodetabek,ST01_JKT_Central,HB01_JKT_GATEWAY,Inter-Region,Regular,Prepaid,CR132,Bike,1.76,1.84,1.84,750079,20280,16844,8,1,0,,19.0,72,1,0,,1,0,,0,,63.04,2.72,20.16,ST01_JKT_Central,
SHPM002075,AWB260002075,2026-03-09 13:44:30.555953,2026-03-09 13:54:30.555953,2026-03-09 14:30:30.555953,2026-03-10 00:21:41.332282,2026-03-10 02:06:41.332282,2026-03-10 03:43:41.332282,2026-03-10 12:07:17.514692,2026-03-10 15:01:22.999780,2026-03-10 22:01:36.338804,2026-03-11 06:27:51.929659,2026-03-11 18:53:05.926230,2026-03-12 13:44:30.555953,Delivered,Closed,SHP060,Shipper 060,Enterprise,East Java,ST12_Surabaya,HB03_SBY_GATEWAY,West Java,ST06_Bandung,HB01_JKT_GATEWAY,Inter-Region,Regular,Prepaid,CR109,Van,2.05,3.4,3.4,1428625,27300,24840,8,0,0,,105.0,72,1,0,,1,0,,0,,53.14,8.39,7.0,ST06_Bandung,
SHPM002076,AWB260002076,2026-03-01 20:19:34.515206,2026-03-01 20:42:34.515206,2026-03-01 20:47:34.515206,2026-03-01 21:47:06.263027,2026-03-01 22:18:06.263027,2026-03-02 00:03:06.263027,2026-03-02 03:31:24.326342,2026-03-02 08:42:47.831730,2026-03-02 11:32:19.400774,2026-03-02 16:56:24.491349,2026-03-02 20:52:49.464599,2026-03-03 08:19:34.515206,Delivered,Closed,SHP070,Shipper 070,Enterprise,Jabodetabek,ST04_Bekasi,HB01_JKT_GATEWAY,West Java,ST08_Bogor,HB01_JKT_GATEWAY,Inter-Region,Next Day,Prepaid,CR036,Truck,0.85,1.26,1.26,449402,25670,15341,4,1,0,,31.0,36,1,0,,1,0,,0,,24.55,3.47,2.83,ST08_Bogor,
SHPM002077,AWB260002077,2026-02-16 22:10:37.436829,2026-02-16 22:19:37.436829,2026-02-16 22:51:37.436829,2026-02-17 03:41:18.966745,2026-02-17 03:58:18.966745,2026-02-17 05:04:18.966745,2026-02-17 07:12:22.335009,2026-02-17 12:45:52.233000,2026-02-17 22:21:11.845349,2026-02-18 11:52:26.746270,2026-02-18 19:48:32.073617,2026-02-19 22:10:37.436829,Delivered,Closed,SHP051,Shipper 051,Marketplace,Outer Java,ST19_Denpasar,HB06_EASTERN_GATEWAY,West Java,ST08_Bogor,HB01_JKT_GATEWAY,Inter-Region,Regular,COD,CR176,Bike,1.18,1.16,1.18,1015547,21310,12290,8,1,0,,17.0,72,1,0,,1,0,,0,,45.63,2.13,9.59,ST08_Bogor,
SHPM002078,AWB260002078,2026-03-15 01:58:14.685220,2026-03-15 02:19:14.685220,2026-03-15 03:00:14.685220,2026-03-15 09:07:36.604259,2026-03-15 09:57:36.604259,2026-03-15 11:18:36.604259,2026-03-15 13:03:13.468926,2026-03-15 21:36:20.088349,2026-03-16 03:51:59.108370,2026-03-16 20:38:01.512709,2026-03-17 11:12:18.099351,2026-03-18 01:58:14.685220,Delivered,Closed,SHP017,Shipper 017,Marketplace,Outer Java,ST19_Denpasar,HB06_EASTERN_GATEWAY,East Java,ST13_Malang,HB03_SBY_GATEWAY,Inter-Region,Regular,Prepaid,CR179,Bike,1.08,1.02,1.08,262901,16860,10582,8,1,0,,50.0,72,1,0,,1,0,,0,,57.23,1.74,6.26,ST13_Malang,
SHPM002079,AWB260002079,2026-04-01 13:55:41.822688,2026-04-01 14:37:41.822688,2026-04-01 14:58:41.822688,2026-04-01 17:36:24.489462,2026-04-01 18:13:24.489462,2026-04-01 18:52:24.489462,2026-04-01 21:07:21.878791,2026-04-02 07:01:55.076336,2026-04-02 14:22:51.176323,2026-04-03 04:18:20.223125,2026-04-03 06:51:54.295991,2026-04-03 01:55:41.822688,Delivered,Closed,SHP069,Shipper 069,SME,West Java,ST06_Bandung,HB01_JKT_GATEWAY,Jabodetabek,ST01_JKT_Central,HB01_JKT_GATEWAY,Inter-Region,Next Day,Prepaid,CR056,Van,1.03,1.05,1.05,969265,24725,23262,4,1,0,,37.0,36,0,0,,1,0,,0,,40.94,2.25,7.35,ST01_JKT_Central,Last Mile Delay
SHPM002080,AWB260002080,2026-03-21 06:05:59.412050,2026-03-21 06:38:59.412050,2026-03-21 07:01:59.412050,2026-03-21 10:25:59.076813,2026-03-21 10:33:59.076813,2026-03-21 11:37:59.076813,2026-03-21 13:31:21.370391,2026-03-21 15:41:14.693388,2026-03-21 17:54:11.053480,2026-03-22 04:50:17.922717,2026-03-22 08:43:09.157135,2026-03-22 18:05:59.412050,Delivered,Closed,SHP076,Shipper 076,Enterprise,West Java,ST06_Bandung,HB01_JKT_GATEWAY,Central Java,ST11_Yogyakarta,HB04_CTG_NATIONAL,Inter-Region,Next Day,Prepaid,CR058,Bike,1.6,1.73,1.73,872213,27785,21122,4,1,0,,8.0,36,1,0,,1,0,,0,,26.62,1.89,2.22,ST11_Yogyakarta,
SHPM002081,AWB260002081,2026-03-18 07:44:01.234775,2026-03-18 07:50:01.234775,2026-03-18 08:23:01.234775,2026-03-18 11:46:54.769044,2026-03-18 12:10:54.769044,2026-03-18 12:52:54.769044,2026-03-18 17:05:08.548343,2026-03-18 18:57:04.857690,2026-03-19 00:51:11.526767,2026-03-19 03:27:23.173105,2026-03-19 07:42:53.486078,2026-03-20 07:44:01.234775,Delivered,Closed,SHP035,Shipper 035,Enterprise,Jabodetabek,ST04_Bekasi,HB01_JKT_GATEWAY,Jabodetabek,ST01_JKT_Central,HB01_JKT_GATEWAY,Intra-Region,Regular,Prepaid,CR035,Van,1.96,2.07,2.07,189780,21315,16777,8,1,0,,24.0,48,1,0,,1,0,,0,,23.98,4.2,5.9,ST01_JKT_Central,
SHPM002082,AWB260002082,2026-02-27 16:05:15.483090,2026-02-27 16:44:15.483090,2026-02-27 17:27:15.483090,2026-02-27 18:04:30.391472,2026-02-27 18:35:30.391472,2026-02-27 19:43:30.391472,2026-02-27 23:07:41.248223,2026-02-28 04:24:32.313777,2026-02-28 08:47:35.322181,2026-02-28 21:56:30.159700,2026-03-01 00:29:30.419165,2026-02-28 08:05:15.483090,Delivered,Closed,SHP074,Shipper 074,Enterprise,Outer Java,ST16_Palembang,HB05_SUMATRA_GATEWAY,West Java,ST06_Bandung,HB01_JKT_GATEWAY,Inter-Region,Same Day,Prepaid,CR152,Van,0.77,0.79,0.79,764552,30555,27905,2,1,0,,31.0,16,0,0,,1,0,,0,,32.4,3.4,4.38,ST06_Bandung,Last Mile Delay
SHPM002083,AWB260002083,2026-03-21 20:02:31.949288,2026-03-21 20:22:31.949288,2026-03-21 21:17:31.949288,2026-03-21 22:59:02.355731,2026-03-22 00:02:02.355731,2026-03-22 01:37:02.355731,2026-03-22 06:02:24.631749,2026-03-22 13:15:23.842437,2026-03-22 22:28:16.158675,2026-03-23 10:02:20.828202,2026-03-23 17:57:58.306152,2026-03-22 12:02:31.949288,Delivered,Closed,SHP067,Shipper 067,SME,East Java,ST12_Surabaya,HB03_SBY_GATEWAY,Outer Java,ST15_Medan,HB05_SUMATRA_GATEWAY,Inter-Region,Same Day,Prepaid,CR113,Van,1.95,2.05,2.05,599248,36225,26314,2,0,0,,63.0,16,0,0,,1,0,,0,,45.92,4.42,9.21,ST15_Medan,First Mile Delay
SHPM002084,AWB260002084,2026-03-05 13:45:29.703413,2026-03-05 13:58:29.703413,2026-03-05 14:29:29.703413,2026-03-05 17:47:33.623338,2026-03-05 18:13:33.623338,2026-03-05 19:11:33.623338,2026-03-05 23:39:07.652680,2026-03-06 08:51:23.056537,2026-03-06 12:49:50.621199,2026-03-07 06:25:24.144511,2026-03-07 12:51:27.191338,2026-03-08 13:45:29.703413,Delivered,Closed,SHP081,Shipper 081,Marketplace,West Java,ST06_Bandung,HB01_JKT_GATEWAY,Jabodetabek,ST03_JKT_East,HB01_JKT_GATEWAY,Inter-Region,Regular,Prepaid,CR061,Truck,0.9,0.96,0.96,1604839,16320,13037,8,1,0,,26.0,72,1,0,,1,0,,0,,47.1,4.46,3.97,ST03_JKT_East,
SHPM002085,AWB260002085,2026-03-06 07:59:26.000651,2026-03-06 08:08:26.000651,2026-03-06 08:25:26.000651,2026-03-06 11:32:41.296395,2026-03-06 12:20:41.296395,2026-03-06 12:42:41.296395,2026-03-06 15:21:37.935669,2026-03-07 00:41:38.859423,2026-03-07 06:12:12.979539,2026-03-07 21:08:33.655490,2026-03-08 01:37:46.853011,2026-03-09 07:59:26.000651,Delivered,Closed,SHP048,Shipper 048,Enterprise,Outer Java,ST17_Makassar,HB06_EASTERN_GATEWAY,East Java,ST14_Kediri,HB03_SBY_GATEWAY,Inter-Region,Regular,Prepaid,CR162,Bike,2.73,2.85,2.85,2296469,24825,20016,8,1,0,,48.0,72,1,0,,1,0,,0,,41.64,2.65,5.51,ST14_Kediri,
SHPM002086,AWB260002086,2026-03-16 06:46:22.003583,2026-03-16 07:25:22.003583,2026-03-16 07:45:22.003583,2026-03-16 08:41:53.270979,2026-03-16 09:12:53.270979,2026-03-16 09:28:53.270979,2026-03-16 14:53:43.511015,2026-03-16 20:59:56.721007,2026-03-17 08:43:31.120855,2026-03-17 22:41:27.646694,2026-03-18 00:13:19.507157,2026-03-16 22:46:22.003583,Delivered,Closed,SHP083,Shipper 083,Marketplace,Jabodetabek,ST03_JKT_East,HB01_JKT_GATEWAY,East Java,ST14_Kediri,HB03_SBY_GATEWAY,Inter-Region,Same Day,Prepaid,CR022,Bike,2.68,2.65,2.68,1637282,39060,25602,2,1,0,,31.0,16,0,0,,1,0,,0,,41.45,5.41,11.73,ST14_Kediri,Hub Bottleneck
SHPM002087,AWB260002087,2026-03-29 08:09:29.797322,2026-03-29 08:26:29.797322,2026-03-29 08:34:29.797322,2026-03-29 13:51:01.391177,2026-03-29 14:37:01.391177,2026-03-29 15:45:01.391177,2026-03-29 17:58:26.318165,2026-03-29 21:09:43.581641,2026-03-30 03:29:38.540195,2026-03-30 17:08:20.183063,2026-03-31 09:18:16.453520,2026-04-01 08:09:29.797322,Delivered,Closed,SHP087,Shipper 087,Enterprise,Jabodetabek,ST02_JKT_West,HB01_JKT_GATEWAY,Outer Java,ST15_Medan,HB05_SUMATRA_GATEWAY,Inter-Region,Regular,Prepaid,CR018,Truck,0.61,0.62,0.62,406549,14790,13571,8,1,0,,46.0,72,1,0,,1,0,,0,,49.15,2.22,6.33,ST15_Medan,
SHPM002088,AWB260002088,2026-02-20 19:11:57.983281,2026-02-20 19:26:57.983281,2026-02-20 19:33:57.983281,2026-02-21 02:24:02.306510,2026-02-21 02:40:02.306510,2026-02-21 04:40:02.306510,2026-02-21 09:36:48.729396,2026-02-21 13:45:35.554492,2026-02-21 18:34:14.162157,2026-02-22 08:18:43.208006,,2026-02-23 19:11:57.983281,Delivery Exception,Exception,SHP005,Shipper 005,Enterprise,Central Java,ST09_Semarang,HB04_CTG_NATIONAL,Jabodetabek,ST03_JKT_East,HB01_JKT_GATEWAY,Inter-Region,Regular,Prepaid,CR083,Van,4.28,3.99,4.28,932559,31260,22623,8,1,0,,16.0,72,0,1,Customer Reschedule,2,0,,0,,1072.8,4.95,4.81,ST03_JKT_East,Delivery Exception
SHPM002089,AWB260002089,2026-03-22 01:41:09.818400,2026-03-22 01:50:09.818400,2026-03-22 02:17:09.818400,2026-03-22 05:09:56.343815,2026-03-22 05:27:56.343815,2026-03-22 06:50:56.343815,2026-03-22 09:34:11.503187,2026-03-22 11:44:23.507345,2026-03-22 14:44:13.492374,2026-03-22 16:18:28.099404,2026-03-23 02:57:02.606854,2026-03-23 01:41:09.818400,Delivered,Closed,SHP100,Shipper 100,Marketplace,Central Java,ST11_Yogyakarta,HB04_CTG_NATIONAL,Central Java,ST11_Yogyakarta,HB04_CTG_NATIONAL,Intra-Region,Next Day,COD,CR103,Bike,2.14,2.22,2.22,1002781,33990,22995,4,1,0,,18.0,24,0,0,,1,0,,0,,25.26,2.72,3.0,ST11_Yogyakarta,Last Mile Delay
SHPM002090,AWB260002090,2026-03-31 23:11:01.866755,2026-03-31 23:29:01.866755,2026-04-01 00:00:01.866755,2026-04-01 00:52:07.304291,2026-04-01 01:20:07.304291,2026-04-01 02:22:07.304291,2026-04-01 04:16:46.667610,2026-04-01 06:32:11.705267,2026-04-01 20:52:05.832012,2026-04-02 09:02:43.148394,2026-04-02 14:30:01.717451,2026-04-01 15:11:01.866755,Delivered,Closed,SHP076,Shipper 076,Enterprise,West Java,ST06_Bandung,HB01_JKT_GATEWAY,Outer Java,ST19_Denpasar,HB06_EASTERN_GATEWAY,Inter-Region,Same Day,Prepaid,CR060,Bike,0.5,0.48,0.5,559116,29250,23943,2,1,0,,28.0,16,0,0,,1,0,,0,,39.32,1.91,14.33,ST19_Denpasar,Hub Bottleneck
SHPM002091,AWB260002091,2026-02-28 19:31:23.874594,2026-02-28 20:16:23.874594,2026-02-28 20:36:23.874594,2026-02-28 22:08:29.722775,2026-02-28 22:16:29.722775,2026-02-28 23:14:29.722775,2026-03-01 01:41:36.350728,2026-03-01 04:01:42.182642,2026-03-01 21:22:20.393743,2026-03-03 16:15:24.351230,2026-03-04 09:07:49.574079,2026-03-02 07:31:23.874594,Delivered,Closed,SHP002,Shipper 002,Enterprise,Jabodetabek,ST01_JKT_Central,HB01_JKT_GATEWAY,Outer Java,ST17_Makassar,HB06_EASTERN_GATEWAY,Inter-Region,Next Day,Prepaid,CR002,Bike,0.47,0.51,0.51,1334077,22295,19111,4,1,0,,8.0,36,0,0,,1,1,Invalid Address,0,,85.61,2.45,17.34,ST17_Makassar,Hub Bottleneck
SHPM002092,AWB260002092,2026-02-20 02:33:11.750401,2026-02-20 02:45:11.750401,2026-02-20 03:16:11.750401,2026-02-20 04:24:44.474738,2026-02-20 05:04:44.474738,2026-02-20 06:57:44.474738,2026-02-20 12:45:22.220187,2026-02-20 14:47:07.930164,2026-02-21 01:13:58.579460,2026-02-21 13:18:11.054613,2026-02-21 16:20:02.330534,2026-02-21 14:33:11.750401,Delivered,Closed,SHP095,Shipper 095,Enterprise,Central Java,ST11_Yogyakarta,HB04_CTG_NATIONAL,Jabodetabek,ST02_JKT_West,HB01_JKT_GATEWAY,Inter-Region,Next Day,Prepaid,CR100,Van,1.25,1.14,1.25,1394406,25625,16327,4,1,0,,40.0,36,0,0,,1,0,,0,,37.78,5.79,10.45,ST02_JKT_West,Hub Bottleneck
SHPM002093,AWB260002093,2026-03-08 11:31:33.812526,2026-03-08 12:13:33.812526,2026-03-08 12:55:33.812526,2026-03-08 16:48:55.408514,2026-03-08 17:41:55.408514,2026-03-08 18:02:55.408514,2026-03-08 20:50:47.435711,2026-03-09 04:08:31.901086,2026-03-09 22:23:10.955023,2026-03-10 06:20:04.674000,2026-03-10 16:56:49.714421,2026-03-09 23:31:33.812526,Delivered,Closed,SHP016,Shipper 016,Marketplace,Jabodetabek,ST02_JKT_West,HB01_JKT_GATEWAY,Outer Java,ST18_Balikpapan,HB06_EASTERN_GATEWAY,Inter-Region,Next Day,Prepaid,CR012,Van,0.65,0.63,0.65,2191045,22925,17286,4,0,0,,53.0,36,0,0,,1,0,,0,,53.42,2.8,18.24,ST18_Balikpapan,First Mile Delay
SHPM002094,AWB260002094,2026-03-05 14:25:46.188951,2026-03-05 14:58:46.188951,2026-03-05 15:23:46.188951,,,,,,,,,2026-03-08 14:25:46.188951,Failed Pickup,Exception,SHP086,Shipper 086,Marketplace,Jabodetabek,ST04_Bekasi,HB01_JKT_GATEWAY,West Java,ST06_Bandung,HB01_JKT_GATEWAY,Inter-Region,Regular,Prepaid,CR041,Bike,0.66,0.61,0.66,237579,14970,8638,8,0,1,Shipper Not Ready,,72,0,0,,0,0,,0,,765.57,,,ST04_Bekasi,
SHPM002095,AWB260002095,2026-03-28 07:09:32.708320,2026-03-28 07:30:32.708320,2026-03-28 08:15:32.708320,2026-03-28 10:05:45.556556,2026-03-28 10:34:45.556556,2026-03-28 12:22:45.556556,2026-03-28 17:44:08.812231,2026-03-29 00:16:22.735085,2026-03-29 10:59:35.553156,2026-03-29 16:06:51.824383,2026-03-30 04:05:03.832250,2026-03-31 07:09:32.708320,Delivered,Closed,SHP092,Shipper 092,Marketplace,Jabodetabek,ST03_JKT_East,HB01_JKT_GATEWAY,East Java,ST13_Malang,HB03_SBY_GATEWAY,Inter-Region,Regular,Prepaid,CR020,Van,2.25,2.44,2.44,1124321,22980,20085,8,1,0,,29.0,72,1,0,,1,0,,0,,44.93,5.36,10.72,ST13_Malang,
SHPM002096,AWB260002096,2026-03-19 21:15:27.590927,2026-03-19 21:29:27.590927,2026-03-19 21:55:27.590927,2026-03-20 00:40:36.908499,2026-03-20 01:46:36.908499,2026-03-20 03:21:36.908499,2026-03-20 05:21:20.866757,2026-03-20 13:28:36.237683,2026-03-20 18:19:57.631857,2026-03-21 02:18:35.571925,2026-03-21 12:37:30.624700,2026-03-21 09:15:27.590927,Delivered,Closed,SHP035,Shipper 035,Enterprise,Jabodetabek,ST04_Bekasi,HB01_JKT_GATEWAY,Central Java,ST11_Yogyakarta,HB04_CTG_NATIONAL,Inter-Region,Next Day,COD,CR034,Van,1.25,1.74,1.74,812488,31830,27800,4,1,0,,66.0,36,0,0,,1,0,,0,,39.37,2.0,4.86,ST11_Yogyakarta,Last Mile Delay
SHPM002097,AWB260002097,2026-03-20 04:18:28.763012,2026-03-20 04:29:28.763012,2026-03-20 05:05:28.763012,2026-03-20 06:29:34.218942,2026-03-20 06:45:34.218942,2026-03-20 07:04:34.218942,2026-03-20 11:16:26.421032,2026-03-20 16:09:05.210684,2026-03-20 23:57:52.788658,2026-03-21 07:45:01.021500,2026-03-21 11:45:59.870106,2026-03-20 14:18:28.763012,Delivered,Closed,SHP065,Shipper 065,Marketplace,Jabodetabek,ST01_JKT_Central,HB01_JKT_GATEWAY,Jabodetabek,ST04_Bekasi,HB01_JKT_GATEWAY,Intra-Region,Same Day,COD,CR009,Van,2.37,2.54,2.54,1999188,42430,25695,2,0,0,,16.0,10,0,0,,1,0,,0,,31.46,4.2,7.81,ST04_Bekasi,First Mile Delay
SHPM002098,AWB260002098,2026-03-29 16:07:30.838596,2026-03-29 16:22:30.838596,2026-03-29 16:43:30.838596,2026-03-29 18:34:50.217248,2026-03-29 19:26:50.217248,2026-03-29 19:55:50.217248,2026-03-30 00:51:12.294250,2026-03-30 02:44:12.322718,2026-03-31 00:59:43.897043,2026-03-31 02:58:52.406364,2026-03-31 11:13:06.504598,2026-03-31 16:07:30.838596,Delivered,Closed,SHP020,Shipper 020,SME,East Java,ST14_Kediri,HB03_SBY_GATEWAY,East Java,ST14_Kediri,HB03_SBY_GATEWAY,Intra-Region,Regular,Prepaid,CR135,Van,0.54,0.83,0.83,1137146,15735,9022,8,1,0,,52.0,48,1,0,,1,0,,0,,43.09,4.92,22.26,ST14_Kediri,
SHPM002099,AWB260002099,2026-03-10 08:26:51.308139,2026-03-10 08:54:51.308139,2026-03-10 09:09:51.308139,2026-03-10 17:21:20.674683,2026-03-10 18:05:20.674683,2026-03-10 19:54:20.674683,2026-03-10 22:52:10.095334,2026-03-11 03:08:50.910571,2026-03-11 10:37:59.509112,2026-03-11 19:03:13.179850,2026-03-12 00:44:40.224200,2026-03-12 08:26:51.308139,Delivered,Closed,SHP097,Shipper 097,SME,Jabodetabek,ST03_JKT_East,HB01_JKT_GATEWAY,Jabodetabek,ST01_JKT_Central,HB01_JKT_GATEWAY,Intra-Region,Regular,Prepaid,CR022,Bike,2.71,3.82,3.82,921962,29190,24083,8,0,0,,44.0,48,1,0,,1,0,,0,,40.3,2.96,7.49,ST01_JKT_Central,
SHPM002100,AWB260002100,2026-02-15 08:40:34.871836,2026-02-15 08:57:34.871836,2026-02-15 09:43:34.871836,2026-02-15 11:23:02.641216,2026-02-15 12:03:02.641216,2026-02-15 13:26:02.641216,2026-02-15 16:45:37.186279,2026-02-16 02:34:26.507009,2026-02-16 06:40:33.641491,2026-02-16 17:40:36.384059,2026-02-17 06:37:32.788565,2026-02-18 08:40:34.871836,Delivered,Closed,SHP002,Shipper 002,Enterprise,Jabodetabek,ST01_JKT_Central,HB01_JKT_GATEWAY,West Java,ST07_Cirebon,HB02_BDG_TRANSIT,Inter-Region,Regular,Prepaid,CR009,Truck,0.41,0.44,0.44,1957709,13980,11889,8,1,0,,40.0,72,1,0,,1,0,,0,,45.95,3.33,4.1,ST07_Cirebon,
SHPM002101,AWB260002101,2026-03-28 13:43:24.784631,2026-03-28 14:09:24.784631,2026-03-28 14:14:24.784631,2026-03-28 22:12:59.510681,2026-03-28 23:12:59.510681,2026-03-29 00:50:59.510681,2026-03-29 06:48:22.322600,2026-03-29 10:10:25.428473,2026-03-29 20:11:29.800983,2026-03-30 00:10:09.670159,2026-03-30 04:59:35.978015,2026-03-30 13:43:24.784631,Delivered,Closed,SHP049,Shipper 049,Enterprise,Jabodetabek,ST05_Tangerang,HB01_JKT_GATEWAY,Jabodetabek,ST04_Bekasi,HB01_JKT_GATEWAY,Intra-Region,Regular,Prepaid,CR053,Bike,0.59,0.6,0.6,1140167,14700,12560,8,0,0,,60.0,48,1,0,,1,0,,0,,39.27,5.96,10.02,ST04_Bekasi,
SHPM002102,AWB260002102,2026-02-16 19:51:04.801452,2026-02-16 20:06:04.801452,2026-02-16 21:10:04.801452,2026-02-17 00:14:49.313555,2026-02-17 01:39:49.313555,2026-02-17 03:21:49.313555,2026-02-17 12:28:07.163541,2026-02-17 21:18:55.567736,2026-02-18 00:10:53.774924,2026-02-18 10:27:31.197062,2026-02-18 16:19:31.477089,2026-02-18 07:51:04.801452,Delivered,Closed,SHP066,Shipper 066,Marketplace,West Java,ST07_Cirebon,HB02_BDG_TRANSIT,Outer Java,ST18_Balikpapan,HB06_EASTERN_GATEWAY,Inter-Region,Next Day,COD,CR068,Van,1.96,3.31,3.31,1878085,38895,21491,4,0,0,,85.0,36,0,0,,1,0,,0,,44.47,9.1,2.87,ST18_Balikpapan,First Mile Delay
SHPM002103,AWB260002103,2026-03-17 06:53:22.788955,2026-03-17 06:58:22.788955,2026-03-17 07:26:22.788955,2026-03-17 08:03:17.544553,2026-03-17 08:11:17.544553,2026-03-17 09:05:17.544553,2026-03-17 10:46:13.364177,2026-03-17 14:12:15.162807,2026-03-17 23:03:24.307834,2026-03-18 04:21:30.234254,2026-03-18 07:38:23.151446,2026-03-18 06:53:22.788955,Delivered,Closed,SHP011,Shipper 011,Enterprise,Jabodetabek,ST03_JKT_East,HB01_JKT_GATEWAY,Jabodetabek,ST04_Bekasi,HB01_JKT_GATEWAY,Intra-Region,Next Day,Prepaid,CR022,Bike,0.47,0.43,0.47,1646053,22115,18654,4,1,0,,8.0,24,0,0,,1,0,,0,,24.75,1.68,8.85,ST04_Bekasi,Last Mile Delay
SHPM002104,AWB260002104,2026-03-14 05:21:24.466027,2026-03-14 05:37:24.466027,2026-03-14 06:29:24.466027,2026-03-14 13:24:57.696291,2026-03-14 14:15:57.696291,2026-03-14 14:30:57.696291,2026-03-14 18:37:13.711471,2026-03-14 20:44:20.632267,2026-03-15 21:47:23.615710,2026-03-16 04:05:36.865458,2026-03-16 11:06:08.840189,2026-03-16 05:21:24.466027,Delivered,Closed,SHP090,Shipper 090,Enterprise,East Java,ST14_Kediri,HB03_SBY_GATEWAY,East Java,ST12_Surabaya,HB03_SBY_GATEWAY,Intra-Region,Regular,Prepaid,CR128,Bike,1.08,1.12,1.12,1224270,17040,12449,8,1,0,,51.0,48,0,0,,1,0,,0,,53.75,4.1,25.05,ST12_Surabaya,Hub Bottleneck
SHPM002105,AWB260002105,2026-03-05 02:41:39.818945,2026-03-05 03:00:39.818945,2026-03-05 03:26:39.818945,2026-03-05 10:55:51.165183,2026-03-05 11:58:51.165183,2026-03-05 13:58:51.165183,2026-03-05 15:05:08.764515,2026-03-05 19:05:41.196386,2026-03-05 21:32:27.686666,2026-03-06 04:46:41.006555,2026-03-06 11:28:53.373975,2026-03-08 02:41:39.818945,Delivered,Closed,SHP087,Shipper 087,Enterprise,Jabodetabek,ST02_JKT_West,HB01_JKT_GATEWAY,Central Java,ST09_Semarang,HB04_CTG_NATIONAL,Inter-Region,Regular,Prepaid,CR015,Truck,0.52,0.64,0.64,1766543,14880,14118,8,1,0,,63.0,72,1,0,,1,0,,0,,32.79,1.1,2.45,ST09_Semarang,
SHPM002106,AWB260002106,2026-03-31 15:10:46.648971,2026-03-31 15:26:46.648971,2026-03-31 16:39:46.648971,2026-03-31 19:51:26.465520,2026-03-31 20:57:26.465520,2026-03-31 21:30:26.465520,2026-04-01 03:33:29.132752,2026-04-01 10:22:03.598538,2026-04-01 20:16:08.165572,2026-04-02 01:24:50.482870,2026-04-02 17:24:15.075504,2026-04-03 15:10:46.648971,Delivered,Closed,SHP010,Shipper 010,Enterprise,East Java,ST12_Surabaya,HB03_SBY_GATEWAY,Jabodetabek,ST01_JKT_Central,HB01_JKT_GATEWAY,Inter-Region,Regular,Prepaid,CR111,Bike,0.72,1.15,1.15,854969,17175,10064,8,1,0,,66.0,72,1,0,,1,0,,0,,50.22,6.05,9.9,ST01_JKT_Central,
SHPM002107,AWB260002107,2026-03-01 11:29:17.040166,2026-03-01 11:34:17.040166,2026-03-01 12:05:17.040166,2026-03-01 17:55:32.307733,2026-03-01 18:28:32.307733,2026-03-01 20:00:32.307733,2026-03-01 21:15:49.262706,2026-03-02 05:51:51.203085,2026-03-02 11:12:59.045048,2026-03-02 20:08:48.358735,2026-03-03 10:02:28.788893,2026-03-04 11:29:17.040166,Delivered,Closed,SHP022,Shipper 022,Marketplace,Central Java,ST10_Solo,HB04_CTG_NATIONAL,Outer Java,ST19_Denpasar,HB06_EASTERN_GATEWAY,Inter-Region,Regular,Prepaid,CR099,Van,0.66,0.6,0.66,414728,14970,11303,8,1,0,,33.0,72,1,0,,1,0,,0,,46.55,1.25,5.35,ST19_Denpasar,
SHPM002108,AWB260002108,2026-03-09 12:43:55.475751,2026-03-09 13:06:55.475751,2026-03-09 13:14:55.475751,2026-03-09 15:57:21.742872,2026-03-09 16:35:21.742872,2026-03-09 17:23:21.742872,2026-03-09 22:05:06.596434,2026-03-10 06:38:06.394719,2026-03-10 13:45:53.159113,2026-03-11 00:39:44.216496,2026-03-11 15:39:29.423349,2026-03-12 12:43:55.475751,Delivered,Closed,SHP080,Shipper 080,SME,Outer Java,ST19_Denpasar,HB06_EASTERN_GATEWAY,West Java,ST08_Bogor,HB01_JKT_GATEWAY,Inter-Region,Regular,Prepaid,CR178,Van,2.56,2.34,2.56,2743058,23520,20463,8,1,0,,38.0,72,1,0,,1,0,,0,,50.93,4.7,7.13,ST08_Bogor,
SHPM002109,AWB260002109,2026-03-13 15:01:58.014600,2026-03-13 15:28:58.014600,2026-03-13 15:57:58.014600,2026-03-13 18:05:17.505776,2026-03-13 18:58:17.505776,2026-03-13 20:12:17.505776,2026-03-13 22:42:23.211967,2026-03-14 01:09:22.614841,2026-03-14 05:15:02.492508,2026-03-14 21:38:15.170700,2026-03-15 15:38:15.017493,2026-03-16 15:01:58.014600,Delivered,Closed,SHP048,Shipper 048,Enterprise,Outer Java,ST17_Makassar,HB06_EASTERN_GATEWAY,Central Java,ST10_Solo,HB04_CTG_NATIONAL,Inter-Region,Regular,COD,CR159,Van,1.19,1.17,1.19,1219677,21355,17185,8,1,0,,53.0,72,1,0,,1,0,,0,,48.6,2.5,4.09,ST10_Solo,
SHPM002110,AWB260002110,2026-03-27 01:30:07.668535,2026-03-27 02:07:07.668535,2026-03-27 02:44:07.668535,2026-03-27 04:20:45.289645,2026-03-27 04:33:45.289645,2026-03-27 05:37:45.289645,2026-03-27 09:43:25.844955,2026-03-27 18:38:44.079841,2026-03-28 11:47:46.011792,2026-03-29 00:22:52.830161,2026-03-29 05:40:53.406613,2026-03-28 13:30:07.668535,Delivered,Closed,SHP093,Shipper 093,SME,East Java,ST13_Malang,HB03_SBY_GATEWAY,Outer Java,ST18_Balikpapan,HB06_EASTERN_GATEWAY,Inter-Region,Next Day,COD,CR115,Bike,4.96,7.88,7.88,499447,59460,37707,4,1,0,,13.0,36,0,0,,1,0,,0,,52.18,4.09,17.15,ST18_Balikpapan,Hub Bottleneck
SHPM002111,AWB260002111,2026-02-25 21:38:25.374310,2026-02-25 22:01:25.374310,2026-02-25 22:40:25.374310,2026-02-26 12:39:14.175514,2026-02-26 14:38:14.175514,2026-02-26 14:56:14.175514,2026-02-26 18:38:00.099801,2026-02-27 04:06:12.171079,2026-02-28 05:14:24.200113,2026-03-01 21:17:34.354382,2026-03-02 07:31:00.206738,2026-02-28 21:38:25.374310,Delivered,Closed,SHP010,Shipper 010,Enterprise,East Java,ST12_Surabaya,HB03_SBY_GATEWAY,Jabodetabek,ST01_JKT_Central,HB01_JKT_GATEWAY,Inter-Region,Regular,Prepaid,CR112,Bike,0.26,0.26,0.26,2037994,13170,9638,8,0,0,,119.0,72,0,0,,1,1,Capacity Delay,0,,105.88,3.7,25.14,ST01_JKT_Central,First Mile Delay
SHPM002112,AWB260002112,2026-03-12 00:34:36.452343,2026-03-12 01:08:36.452343,2026-03-12 01:32:36.452343,2026-03-12 07:18:53.720419,2026-03-12 07:44:53.720419,2026-03-12 08:27:53.720419,2026-03-12 12:47:57.349168,2026-03-12 20:39:04.468561,2026-03-13 08:10:22.634243,2026-03-13 20:50:16.779419,2026-03-14 10:05:57.738371,2026-03-15 00:34:36.452343,Delivered,Closed,SHP061,Shipper 061,Enterprise,Outer Java,ST15_Medan,HB05_SUMATRA_GATEWAY,Jabodetabek,ST01_JKT_Central,HB01_JKT_GATEWAY,Inter-Region,Regular,Prepaid,CR144,Van,0.35,0.36,0.36,357239,13620,11920,8,1,0,,26.0,72,1,0,,1,0,,0,,57.52,4.33,11.52,ST01_JKT_Central,
SHPM002113,AWB260002113,2026-03-03 03:25:54.548510,2026-03-03 03:46:54.548510,2026-03-03 04:29:54.548510,2026-03-03 06:25:40.672502,2026-03-03 07:10:40.672502,2026-03-03 08:36:40.672502,2026-03-03 12:48:15.380652,2026-03-03 16:30:07.212786,2026-03-03 23:00:27.120899,2026-03-04 04:18:31.386055,2026-03-04 09:54:06.769576,2026-03-04 15:25:54.548510,Delivered,Closed,SHP023,Shipper 023,Enterprise,West Java,ST08_Bogor,HB01_JKT_GATEWAY,Outer Java,ST20_Banjarmasin,HB06_EASTERN_GATEWAY,Inter-Region,Next Day,Prepaid,CR076,Bike,0.83,0.84,0.84,2206288,23780,19011,4,1,0,,45.0,36,1,0,,1,0,,0,,30.47,4.19,6.51,ST20_Banjarmasin,
SHPM002114,AWB260002114,2026-03-02 06:24:06.156491,2026-03-02 06:32:06.156491,2026-03-02 06:58:06.156491,2026-03-02 10:08:51.104014,2026-03-02 10:53:51.104014,2026-03-02 11:15:51.104014,2026-03-02 16:15:15.579640,2026-03-02 19:29:23.831134,2026-03-03 04:07:24.117962,2026-03-03 16:51:23.634267,2026-03-04 00:22:41.408471,2026-03-03 18:24:06.156491,Delivered,Closed,SHP070,Shipper 070,Enterprise,Jabodetabek,ST04_Bekasi,HB01_JKT_GATEWAY,Central Java,ST11_Yogyakarta,HB04_CTG_NATIONAL,Inter-Region,Next Day,COD,CR035,Bike,1.45,1.58,1.58,986235,31110,18214,4,1,0,,45.0,36,0,0,,1,0,,0,,41.98,4.99,8.63,ST11_Yogyakarta,Last Mile Delay
SHPM002115,AWB260002115,2026-03-15 22:47:30.861842,2026-03-15 23:18:30.861842,2026-03-15 23:23:30.861842,2026-03-16 03:19:37.982830,2026-03-16 04:43:37.982830,2026-03-16 05:41:37.982830,2026-03-16 10:28:17.141375,2026-03-16 19:45:09.463693,2026-03-17 02:24:20.833485,2026-03-17 10:18:27.176981,2026-03-17 15:40:56.874318,2026-03-17 10:47:30.861842,Delivered,Closed,SHP076,Shipper 076,Enterprise,West Java,ST06_Bandung,HB01_JKT_GATEWAY,Central Java,ST09_Semarang,HB04_CTG_NATIONAL,Inter-Region,Next Day,Prepaid,CR055,Bike,2.67,2.78,2.78,1336495,32510,23730,4,0,0,,84.0,36,0,0,,1,0,,0,,40.89,4.78,6.65,ST09_Semarang,First Mile Delay
SHPM002116,AWB260002116,2026-03-08 16:35:06.869837,2026-03-08 16:55:06.869837,2026-03-08 17:35:06.869837,2026-03-08 18:19:02.052754,2026-03-08 18:47:02.052754,2026-03-08 19:56:02.052754,2026-03-09 01:18:29.638658,2026-03-09 08:18:45.441549,2026-03-09 12:06:02.044474,2026-03-10 01:56:31.617282,2026-03-10 05:32:04.910156,2026-03-10 04:35:06.869837,Delivered,Closed,SHP062,Shipper 062,Enterprise,Jabodetabek,ST04_Bekasi,HB01_JKT_GATEWAY,West Java,ST08_Bogor,HB01_JKT_GATEWAY,Inter-Region,Next Day,Prepaid,CR035,Bike,1.42,1.38,1.42,247921,26390,23461,4,1,0,,28.0,36,0,0,,1,0,,0,,36.95,5.37,3.79,ST08_Bogor,Last Mile Delay
SHPM002117,AWB260002117,2026-02-23 08:10:48.577049,2026-02-23 08:20:48.577049,2026-02-23 08:32:48.577049,2026-02-23 12:57:04.149795,2026-02-23 13:14:04.149795,2026-02-23 13:35:04.149795,2026-02-23 17:26:16.157378,2026-02-23 22:32:00.827772,2026-02-24 01:54:55.955351,2026-02-24 13:41:04.227732,2026-02-25 03:41:00.765774,2026-02-26 08:10:48.577049,Delivered,Closed,SHP020,Shipper 020,SME,East Java,ST14_Kediri,HB03_SBY_GATEWAY,Outer Java,ST15_Medan,HB05_SUMATRA_GATEWAY,Inter-Region,Regular,Prepaid,CR128,Bike,0.58,0.54,0.58,740826,14610,9873,8,1,0,,17.0,72,1,0,,1,0,,0,,43.5,3.85,3.38,ST15_Medan,
SHPM002118,AWB260002118,2026-03-24 23:46:36.296062,2026-03-24 23:52:36.296062,2026-03-25 00:28:36.296062,2026-03-25 07:52:03.896108,2026-03-25 08:32:03.896108,2026-03-25 09:21:03.896108,2026-03-25 11:27:22.971295,2026-03-25 15:07:04.172363,2026-03-25 20:20:41.239338,2026-03-26 11:24:36.522472,2026-03-26 22:28:34.777374,2026-03-27 23:46:36.296062,Delivered,Closed,SHP099,Shipper 099,SME,West Java,ST08_Bogor,HB01_JKT_GATEWAY,East Java,ST14_Kediri,HB03_SBY_GATEWAY,Inter-Region,Regular,Prepaid,CR080,Bike,1.3,1.22,1.3,1222889,17850,14141,8,1,0,,40.0,72,1,0,,1,0,,0,,46.7,2.11,5.23,ST14_Kediri,
SHPM002119,AWB260002119,2026-02-26 09:42:31.237305,2026-02-26 09:47:31.237305,2026-02-26 10:12:31.237305,2026-02-26 14:07:12.766091,2026-02-26 14:20:12.766091,2026-02-26 14:48:12.766091,2026-02-26 19:22:56.858631,2026-02-26 22:37:30.125485,2026-02-27 01:17:40.065519,2026-02-27 18:49:48.033987,2026-02-28 05:34:54.526469,2026-02-27 21:42:31.237305,Delivered,Closed,SHP097,Shipper 097,SME,Jabodetabek,ST03_JKT_East,HB01_JKT_GATEWAY,East Java,ST13_Malang,HB03_SBY_GATEWAY,Inter-Region,Next Day,Prepaid,CR025,Bike,2.39,3.66,3.66,160749,36470,28207,4,0,0,,13.0,36,0,0,,1,0,,0,,43.87,4.58,2.67,ST13_Malang,First Mile Delay
SHPM002120,AWB260002120,2026-03-31 13:38:01.307001,2026-03-31 14:18:01.307001,2026-03-31 14:33:01.307001,2026-03-31 16:03:25.380520,2026-03-31 16:52:25.380520,2026-03-31 17:29:25.380520,2026-03-31 20:31:07.330326,2026-04-01 03:24:35.263610,2026-04-01 07:34:25.629179,2026-04-01 20:40:12.854732,2026-04-02 02:00:22.639982,2026-04-02 01:38:01.307001,Delivered,Closed,SHP065,Shipper 065,Marketplace,Jabodetabek,ST01_JKT_Central,HB01_JKT_GATEWAY,East Java,ST12_Surabaya,HB03_SBY_GATEWAY,Inter-Region,Next Day,Prepaid,CR008,Truck,1.14,1.63,1.63,2013879,27335,23018,4,1,0,,49.0,36,0,0,,1,0,,0,,36.37,3.03,4.16,ST12_Surabaya,Last Mile Delay
SHPM002121,AWB260002121,2026-03-04 06:34:23.993983,2026-03-04 06:52:23.993983,2026-03-04 07:28:23.993983,2026-03-04 11:58:52.201082,2026-03-04 12:39:52.201082,2026-03-04 12:58:52.201082,2026-03-04 14:52:46.578607,2026-03-04 17:57:27.289254,2026-03-04 22:44:55.014462,2026-03-05 00:42:05.575163,2026-03-05 05:49:39.869060,2026-03-06 06:34:23.993983,Delivered,Closed,SHP063,Shipper 063,Enterprise,Jabodetabek,ST05_Tangerang,HB01_JKT_GATEWAY,Jabodetabek,ST01_JKT_Central,HB01_JKT_GATEWAY,Intra-Region,Regular,Prepaid,CR054,Van,1.64,2.16,2.16,1297007,21720,16775,8,1,0,,41.0,48,1,0,,1,0,,0,,23.25,1.9,4.79,ST01_JKT_Central,
SHPM002122,AWB260002122,2026-03-31 10:23:08.581426,2026-03-31 11:04:08.581426,2026-03-31 11:14:08.581426,2026-03-31 12:29:00.389496,2026-03-31 13:13:00.389496,2026-03-31 13:30:00.389496,2026-03-31 18:41:22.089432,2026-03-31 21:18:42.085517,2026-04-01 00:54:51.252459,2026-04-01 09:40:13.032224,,2026-04-01 22:23:08.581426,Delivery Exception,Exception,SHP084,Shipper 084,Enterprise,Central Java,ST11_Yogyakarta,HB04_CTG_NATIONAL,West Java,ST07_Cirebon,HB02_BDG_TRANSIT,Inter-Region,Next Day,Prepaid,CR102,Van,0.9,0.83,0.9,213888,24050,16011,4,1,0,,44.0,36,0,1,Customer Not Home,2,0,,0,,145.61,5.19,3.6,ST07_Cirebon,Delivery Exception
SHPM002123,AWB260002123,2026-03-30 10:15:23.342009,2026-03-30 10:42:23.342009,2026-03-30 10:50:23.342009,2026-03-30 12:48:31.805262,2026-03-30 13:12:31.805262,2026-03-30 13:45:31.805262,2026-03-30 17:22:57.708686,2026-03-31 01:58:26.942334,2026-03-31 17:16:32.645717,2026-04-01 04:05:54.524722,2026-04-01 10:55:31.732171,2026-03-31 22:15:23.342009,Delivered,Closed,SHP034,Shipper 034,Enterprise,Jabodetabek,ST01_JKT_Central,HB01_JKT_GATEWAY,Outer Java,ST16_Palembang,HB05_SUMATRA_GATEWAY,Inter-Region,Next Day,COD,CR008,Bike,0.61,0.66,0.66,365807,26970,16584,4,1,0,,24.0,36,0,0,,1,0,,0,,48.67,3.62,15.3,ST16_Palembang,Hub Bottleneck
SHPM002124,AWB260002124,2026-03-19 20:07:03.978345,2026-03-19 20:46:03.978345,2026-03-19 21:31:03.978345,2026-03-20 05:23:32.765245,2026-03-20 06:08:32.765245,2026-03-20 08:04:32.765245,2026-03-20 11:58:19.544806,2026-03-20 20:32:36.324397,2026-03-21 04:19:14.587413,2026-03-21 11:14:00.162526,2026-03-22 01:32:36.683415,2026-03-22 20:07:03.978345,Delivered,Closed,SHP100,Shipper 100,Marketplace,Central Java,ST11_Yogyakarta,HB04_CTG_NATIONAL,Jabodetabek,ST03_JKT_East,HB01_JKT_GATEWAY,Inter-Region,Regular,COD,CR105,Bike,1.79,1.8,1.8,919184,24100,19920,8,0,0,,45.0,72,1,0,,1,0,,0,,53.43,3.9,7.78,ST03_JKT_East,
SHPM002125,AWB260002125,2026-02-23 06:14:41.065886,2026-02-23 06:23:41.065886,2026-02-23 06:55:41.065886,2026-02-23 08:33:58.262294,2026-02-23 08:51:58.262294,2026-02-23 09:14:58.262294,2026-02-23 11:05:37.510899,2026-02-23 15:34:12.795914,2026-02-24 01:00:38.973629,2026-02-24 05:10:30.579125,2026-02-24 09:40:11.840141,2026-02-23 16:14:41.065886,Delivered,Closed,SHP063,Shipper 063,Enterprise,Jabodetabek,ST05_Tangerang,HB01_JKT_GATEWAY,Jabodetabek,ST02_JKT_West,HB01_JKT_GATEWAY,Intra-Region,Same Day,Prepaid,CR045,Van,0.47,0.43,0.47,1699408,29115,22097,2,0,0,,18.0,10,0,0,,1,0,,0,,27.43,1.84,9.44,ST02_JKT_West,First Mile Delay
SHPM002126,AWB260002126,2026-03-11 04:36:45.904399,2026-03-11 05:16:45.904399,2026-03-11 05:45:45.904399,2026-03-11 13:03:23.983576,2026-03-11 13:27:23.983576,2026-03-11 13:52:23.983576,2026-03-11 16:27:25.027923,2026-03-11 19:20:17.849340,2026-03-12 02:47:55.093777,2026-03-12 07:06:27.230264,2026-03-12 15:54:40.074137,2026-03-13 04:36:45.904399,Delivered,Closed,SHP057,Shipper 057,SME,Central Java,ST11_Yogyakarta,HB04_CTG_NATIONAL,Central Java,ST09_Semarang,HB04_CTG_NATIONAL,Intra-Region,Regular,Prepaid,CR103,Van,0.65,0.7,0.7,787053,15150,13910,8,1,0,,24.0,48,1,0,,1,0,,0,,35.3,2.58,7.46,ST09_Semarang,
SHPM002127,AWB260002127,2026-03-11 15:53:00.291217,2026-03-11 16:20:00.291217,2026-03-11 16:56:00.291217,2026-03-12 00:51:21.908732,2026-03-12 01:34:21.908732,2026-03-12 03:06:21.908732,2026-03-12 05:38:07.901110,2026-03-12 13:03:21.626961,2026-03-13 00:12:45.536755,2026-03-13 10:01:58.611300,2026-03-13 17:06:49.372478,2026-03-14 15:53:00.291217,Delivered,Closed,SHP044,Shipper 044,Marketplace,Jabodetabek,ST05_Tangerang,HB01_JKT_GATEWAY,East Java,ST14_Kediri,HB03_SBY_GATEWAY,Inter-Region,Regular,COD,CR047,Bike,0.88,0.92,0.92,637534,20140,17360,8,0,0,,43.0,72,1,0,,1,0,,0,,49.23,2.53,11.16,ST14_Kediri,
SHPM002128,AWB260002128,2026-03-04 03:54:07.260800,2026-03-04 04:11:07.260800,2026-03-04 04:36:07.260800,2026-03-04 05:47:30.379140,2026-03-04 06:44:30.379140,2026-03-04 07:27:30.379140,2026-03-04 10:13:23.600534,2026-03-04 18:34:45.759179,2026-03-05 08:14:26.603488,2026-03-05 19:08:47.843961,2026-03-06 10:00:21.117295,2026-03-05 15:54:07.260800,Delivered,Closed,SHP050,Shipper 050,Marketplace,Jabodetabek,ST04_Bekasi,HB01_JKT_GATEWAY,Outer Java,ST16_Palembang,HB05_SUMATRA_GATEWAY,Inter-Region,Next Day,Prepaid,CR033,Bike,1.3,1.58,1.58,1711090,27110,21545,4,1,0,,57.0,36,0,0,,1,0,,0,,54.1,2.76,13.66,ST16_Palembang,Hub Bottleneck
SHPM002129,AWB260002129,2026-02-17 13:19:21.592620,2026-02-17 13:32:21.592620,2026-02-17 14:16:21.592620,,,,,,,,,2026-02-19 13:19:21.592620,Failed Pickup,Exception,SHP079,Shipper 079,Marketplace,East Java,ST13_Malang,HB03_SBY_GATEWAY,East Java,ST14_Kediri,HB03_SBY_GATEWAY,Intra-Region,Regular,Prepaid,CR118,Bike,1.32,1.22,1.32,1046783,17940,14343,8,0,1,Shipper Not Ready,,48,0,0,,0,0,,0,,1150.68,,,ST13_Malang,
SHPM002130,AWB260002130,2026-03-29 16:35:56.153249,2026-03-29 16:47:56.153249,2026-03-29 17:27:56.153249,2026-03-30 00:29:05.143803,2026-03-30 00:44:05.143803,2026-03-30 01:09:05.143803,2026-03-30 05:09:00.492747,2026-03-30 09:10:58.358923,2026-03-30 23:40:22.439993,2026-03-31 16:25:55.708295,2026-04-01 04:41:30.723012,2026-04-01 16:35:56.153249,Delivered,Closed,SHP011,Shipper 011,Enterprise,Jabodetabek,ST03_JKT_East,HB01_JKT_GATEWAY,Outer Java,ST16_Palembang,HB05_SUMATRA_GATEWAY,Inter-Region,Regular,Prepaid,CR023,Van,1.27,1.28,1.28,988833,17760,16633,8,1,0,,15.0,72,1,0,,1,0,,0,,60.09,4.0,14.49,ST16_Palembang,
SHPM002131,AWB260002131,2026-03-19 03:40:09.142775,2026-03-19 04:11:09.142775,2026-03-19 04:42:09.142775,2026-03-19 10:36:43.428068,2026-03-19 10:44:43.428068,2026-03-19 11:12:43.428068,2026-03-19 12:22:37.802133,2026-03-19 14:32:06.858670,2026-03-20 00:45:28.208530,2026-03-20 09:21:32.300623,2026-03-20 16:33:46.441439,2026-03-22 03:40:09.142775,Delivered,Closed,SHP027,Shipper 027,SME,Jabodetabek,ST04_Bekasi,HB01_JKT_GATEWAY,East Java,ST12_Surabaya,HB03_SBY_GATEWAY,Inter-Region,Regular,Prepaid,CR031,Bike,0.46,0.47,0.47,2382922,14115,8941,8,1,0,,8.0,72,1,0,,1,0,,0,,36.89,1.17,10.22,ST12_Surabaya,
SHPM002132,AWB260002132,2026-03-13 11:51:10.188983,2026-03-13 12:28:10.188983,2026-03-13 13:23:10.188983,2026-03-13 13:53:09.634444,2026-03-13 14:49:09.634444,2026-03-13 16:35:09.634444,2026-03-13 18:23:09.327254,2026-03-14 03:06:24.000005,2026-03-14 15:43:44.651946,2026-03-14 20:45:02.440363,2026-03-15 10:44:46.694354,2026-03-14 23:51:10.188983,Delivered,Closed,SHP014,Shipper 014,Enterprise,Jabodetabek,ST05_Tangerang,HB01_JKT_GATEWAY,Outer Java,ST20_Banjarmasin,HB06_EASTERN_GATEWAY,Inter-Region,Next Day,Prepaid,CR054,Bike,2.66,3.86,3.86,1365280,37370,30031,4,1,0,,56.0,36,0,0,,1,0,,0,,46.89,1.8,12.62,ST20_Banjarmasin,Hub Bottleneck
SHPM002133,AWB260002133,2026-03-17 00:40:39.703843,2026-03-17 00:48:39.703843,2026-03-17 01:21:39.703843,2026-03-17 08:59:01.389793,2026-03-17 10:03:01.389793,2026-03-17 11:03:01.389793,2026-03-17 15:56:19.772745,2026-03-17 23:15:41.005490,2026-03-18 08:28:41.341655,2026-03-18 14:50:42.330509,,2026-03-20 00:40:39.703843,Return To Sender,RTS,SHP002,Shipper 002,Enterprise,Jabodetabek,ST01_JKT_Central,HB01_JKT_GATEWAY,East Java,ST14_Kediri,HB03_SBY_GATEWAY,Inter-Region,Regular,Prepaid,CR009,Van,1.29,1.19,1.29,2355055,17805,12966,8,0,0,,64.0,72,0,1,Customer Not Home,2,0,,1,Customer Not Home,491.32,4.89,9.22,ST14_Kediri,Delivery Exception
SHPM002134,AWB260002134,2026-02-28 08:10:38.252696,2026-02-28 08:19:38.252696,2026-02-28 09:00:38.252696,2026-02-28 10:49:57.138261,2026-02-28 11:35:57.138261,2026-02-28 11:50:57.138261,2026-02-28 13:46:29.413934,2026-02-28 21:25:56.638383,2026-03-01 05:27:47.926984,2026-03-01 21:28:45.898444,2026-03-02 08:03:40.351217,2026-03-01 20:10:38.252696,Delivered,Closed,SHP089,Shipper 089,Enterprise,Central Java,ST11_Yogyakarta,HB04_CTG_NATIONAL,Jabodetabek,ST01_JKT_Central,HB01_JKT_GATEWAY,Inter-Region,Next Day,Prepaid,CR102,Bike,0.6,0.64,0.64,1110678,22880,21025,4,1,0,,46.0,36,0,0,,1,0,,0,,47.88,1.93,8.03,ST01_JKT_Central,Last Mile Delay
SHPM002135,AWB260002135,2026-03-11 16:20:24.206161,2026-03-11 16:57:24.206161,2026-03-11 17:35:24.206161,2026-03-11 22:09:50.093905,2026-03-11 22:42:50.093905,2026-03-12 00:06:50.093905,2026-03-12 03:18:23.530285,2026-03-12 06:56:50.783318,2026-03-12 08:28:32.629688,2026-03-12 16:43:38.151996,2026-03-13 07:12:46.400059,2026-03-13 16:20:24.206161,Delivered,Closed,SHP095,Shipper 095,Enterprise,Central Java,ST11_Yogyakarta,HB04_CTG_NATIONAL,Central Java,ST09_Semarang,HB04_CTG_NATIONAL,Intra-Region,Regular,COD,CR101,Bike,1.23,1.27,1.27,1127763,21715,15626,8,1,0,,33.0,48,1,0,,1,0,,0,,38.87,3.19,1.53,ST09_Semarang,
SHPM002136,AWB260002136,2026-03-04 19:05:48.037938,2026-03-04 19:38:48.037938,2026-03-04 20:30:48.037938,2026-03-04 21:33:50.654033,2026-03-04 22:49:50.654033,2026-03-04 23:55:50.654033,2026-03-05 06:05:50.866112,2026-03-05 09:00:44.853478,2026-03-05 17:44:14.217315,2026-03-06 07:57:16.573733,2026-03-06 15:02:42.318380,2026-03-06 07:05:48.037938,Delivered,Closed,SHP010,Shipper 010,Enterprise,East Java,ST12_Surabaya,HB03_SBY_GATEWAY,Jabodetabek,ST03_JKT_East,HB01_JKT_GATEWAY,Inter-Region,Next Day,Prepaid,CR110,Van,0.71,0.73,0.73,1373775,23285,18263,4,1,0,,76.0,36,0,0,,1,0,,0,,43.95,6.17,8.72,ST03_JKT_East,Last Mile Delay
SHPM002137,AWB260002137,2026-03-09 00:45:00.168109,2026-03-09 00:51:00.168109,2026-03-09 00:59:00.168109,2026-03-09 03:16:57.774516,2026-03-09 03:53:57.774516,2026-03-09 04:45:57.774516,2026-03-09 10:22:03.501900,2026-03-09 15:03:02.465418,2026-03-09 16:48:30.791376,2026-03-10 01:22:01.716953,2026-03-10 12:18:01.622209,2026-03-10 00:45:00.168109,Delivered,Closed,SHP024,Shipper 024,Marketplace,Jabodetabek,ST03_JKT_East,HB01_JKT_GATEWAY,Jabodetabek,ST01_JKT_Central,HB01_JKT_GATEWAY,Intra-Region,Next Day,Prepaid,CR027,Bike,1.64,1.9,1.9,2265206,28550,23220,4,1,0,,37.0,24,0,0,,1,0,,0,,35.55,5.6,1.76,ST01_JKT_Central,Last Mile Delay
SHPM002138,AWB260002138,2026-03-21 23:40:55.383198,2026-03-22 00:05:55.383198,2026-03-22 00:55:55.383198,2026-03-22 04:41:16.038641,2026-03-22 05:15:16.038641,2026-03-22 06:54:16.038641,2026-03-22 12:36:04.069949,2026-03-22 22:27:11.441511,2026-03-23 03:56:37.773257,2026-03-23 17:40:58.215395,2026-03-24 04:28:18.128732,2026-03-24 23:40:55.383198,Delivered,Closed,SHP035,Shipper 035,Enterprise,Jabodetabek,ST04_Bekasi,HB01_JKT_GATEWAY,West Java,ST06_Bandung,HB01_JKT_GATEWAY,Inter-Region,Regular,Prepaid,CR037,Truck,2.96,2.99,2.99,393273,25455,15133,8,1,0,,34.0,72,1,0,,1,0,,0,,52.79,5.7,5.49,ST06_Bandung,
SHPM002139,AWB260002139,2026-02-21 23:52:37.750917,2026-02-22 00:11:37.750917,2026-02-22 00:49:37.750917,2026-02-22 02:33:46.604677,2026-02-22 03:33:46.604677,2026-02-22 04:17:46.604677,2026-02-22 10:08:53.538936,2026-02-22 14:45:07.890670,2026-02-22 18:31:39.453850,2026-02-23 00:34:51.673632,2026-02-23 11:57:50.720856,2026-02-23 23:52:37.750917,Delivered,Closed,SHP074,Shipper 074,Enterprise,Outer Java,ST15_Medan,HB05_SUMATRA_GATEWAY,Outer Java,ST17_Makassar,HB06_EASTERN_GATEWAY,Intra-Region,Regular,Prepaid,CR142,Van,1.16,1.56,1.56,1069657,19020,10776,8,1,0,,60.0,48,1,0,,1,0,,0,,36.09,5.85,3.78,ST17_Makassar,
SHPM002140,AWB260002140,2026-03-12 07:42:17.058383,2026-03-12 08:07:17.058383,2026-03-12 08:30:17.058383,2026-03-12 12:01:40.923511,2026-03-12 12:27:40.923511,2026-03-12 14:20:40.923511,2026-03-12 16:19:44.532585,2026-03-13 00:26:06.937557,2026-03-13 07:18:00.368903,2026-03-13 15:16:58.105219,2026-03-13 20:45:42.877802,2026-03-13 19:42:17.058383,Delivered,Closed,SHP072,Shipper 072,Enterprise,Outer Java,ST16_Palembang,HB05_SUMATRA_GATEWAY,Central Java,ST11_Yogyakarta,HB04_CTG_NATIONAL,Inter-Region,Next Day,Prepaid,CR151,Bike,2.32,3.69,3.69,311399,36605,20947,4,1,0,,26.0,36,0,0,,1,0,,0,,37.06,1.98,6.86,ST11_Yogyakarta,Last Mile Delay
SHPM002141,AWB260002141,2026-02-22 01:38:58.348822,2026-02-22 02:22:58.348822,2026-02-22 02:45:58.348822,2026-02-22 08:04:57.963419,2026-02-22 09:04:57.963419,2026-02-22 10:35:57.963419,2026-02-22 14:39:14.604917,2026-02-22 21:43:59.511834,2026-02-23 04:50:14.698482,2026-02-23 21:31:11.161252,2026-02-24 06:31:30.731235,2026-02-25 01:38:58.348822,Delivered,Closed,SHP091,Shipper 091,SME,Outer Java,ST16_Palembang,HB05_SUMATRA_GATEWAY,Jabodetabek,ST04_Bekasi,HB01_JKT_GATEWAY,Inter-Region,Regular,Prepaid,CR149,Van,1.88,1.88,1.88,333924,20460,15369,8,1,0,,60.0,72,1,0,,1,0,,0,,52.88,4.05,7.1,ST04_Bekasi,
SHPM002142,AWB260002142,2026-03-10 15:29:55.125945,2026-03-10 15:49:55.125945,2026-03-10 16:02:55.125945,2026-03-10 16:45:37.350014,2026-03-10 17:39:37.350014,2026-03-10 18:39:37.350014,2026-03-10 21:34:11.619245,2026-03-11 01:43:48.548709,2026-03-11 11:44:52.949099,2026-03-12 02:05:22.876022,2026-03-12 05:43:02.708233,2026-03-11 07:29:55.125945,Delivered,Closed,SHP069,Shipper 069,SME,West Java,ST06_Bandung,HB01_JKT_GATEWAY,Jabodetabek,ST01_JKT_Central,HB01_JKT_GATEWAY,Inter-Region,Same Day,Prepaid,CR061,Van,0.77,0.77,0.77,872800,30465,21155,2,1,0,,54.0,16,0,0,,1,0,,0,,38.22,2.91,10.02,ST01_JKT_Central,Hub Bottleneck
SHPM002143,AWB260002143,2026-03-24 08:28:23.719600,2026-03-24 08:35:23.719600,2026-03-24 09:11:23.719600,2026-03-24 11:39:00.394670,2026-03-24 12:11:00.394670,2026-03-24 12:30:00.394670,2026-03-24 17:21:38.782778,2026-03-24 20:43:34.120768,2026-03-25 04:37:41.840347,2026-03-25 13:27:46.448977,2026-03-25 20:50:16.653517,2026-03-25 20:28:23.719600,Delivered,Closed,SHP028,Shipper 028,Marketplace,Jabodetabek,ST04_Bekasi,HB01_JKT_GATEWAY,Central Java,ST10_Solo,HB04_CTG_NATIONAL,Inter-Region,Next Day,COD,CR036,Bike,1.15,1.27,1.27,2108414,29715,25880,4,1,0,,32.0,36,0,0,,1,0,,0,,36.36,4.86,7.9,ST10_Solo,Last Mile Delay
SHPM002144,AWB260002144,2026-03-30 08:03:48.077865,2026-03-30 08:18:48.077865,2026-03-30 08:47:48.077865,2026-03-30 14:04:52.626510,2026-03-30 14:33:52.626510,2026-03-30 15:18:52.626510,2026-03-30 17:29:02.962315,2026-03-30 19:55:37.511633,2026-03-31 01:14:56.668643,2026-03-31 18:47:44.016157,2026-04-01 02:10:57.291695,2026-04-02 08:03:48.077865,Delivered,Closed,SHP034,Shipper 034,Enterprise,Jabodetabek,ST01_JKT_Central,HB01_JKT_GATEWAY,Central Java,ST10_Solo,HB04_CTG_NATIONAL,Inter-Region,Regular,Prepaid,CR010,Bike,1.15,1.05,1.15,930445,17175,13634,8,1,0,,29.0,72,1,0,,1,0,,0,,42.12,2.17,5.32,ST10_Solo,
SHPM002145,AWB260002145,2026-03-03 00:19:13.394853,2026-03-03 00:35:13.394853,2026-03-03 00:57:13.394853,2026-03-03 02:10:20.793872,2026-03-03 02:35:20.793872,2026-03-03 03:04:20.793872,2026-03-03 04:31:53.515889,2026-03-03 10:37:00.874634,2026-03-03 18:18:15.673271,2026-03-04 03:14:04.313257,2026-03-04 09:50:17.109529,2026-03-03 16:19:13.394853,Delivered,Closed,SHP001,Shipper 001,Marketplace,Jabodetabek,ST02_JKT_West,HB01_JKT_GATEWAY,Outer Java,ST18_Balikpapan,HB06_EASTERN_GATEWAY,Inter-Region,Same Day,Prepaid,CR017,Bike,0.7,0.87,0.87,1535636,30915,27552,2,1,0,,25.0,16,0,0,,1,0,,0,,33.52,1.46,7.69,ST18_Balikpapan,Remote Area
SHPM002146,AWB260002146,2026-02-16 12:24:17.108569,2026-02-16 12:55:17.108569,2026-02-16 13:30:17.108569,,,,,,,,,2026-02-19 12:24:17.108569,Failed Pickup,Exception,SHP032,Shipper 032,Marketplace,West Java,ST06_Bandung,HB01_JKT_GATEWAY,Jabodetabek,ST01_JKT_Central,HB01_JKT_GATEWAY,Inter-Region,Regular,Prepaid,CR058,Truck,0.47,0.78,0.78,102671,15510,13321,8,0,1,Shipper Not Ready,,72,0,0,,0,0,,0,,1175.6,,,ST06_Bandung,
SHPM002147,AWB260002147,2026-03-26 03:44:10.273591,2026-03-26 04:20:10.273591,2026-03-26 04:37:10.273591,2026-03-26 06:56:51.704488,2026-03-26 07:14:51.704488,2026-03-26 08:54:51.704488,2026-03-26 14:10:50.993486,2026-03-26 23:45:55.088861,2026-03-27 16:00:26.000617,2026-03-29 10:35:04.821299,2026-03-29 23:52:55.767124,2026-03-29 03:44:10.273591,Delivered,Closed,SHP020,Shipper 020,SME,East Java,ST14_Kediri,HB03_SBY_GATEWAY,Central Java,ST09_Semarang,HB04_CTG_NATIONAL,Inter-Region,Regular,Prepaid,CR128,Bike,0.86,0.9,0.9,2591602,16050,9111,8,1,0,,18.0,72,0,0,,1,1,Weather Delay,0,,92.15,5.27,16.24,ST09_Semarang,Hub Bottleneck
SHPM002148,AWB260002148,2026-02-25 15:23:18.026420,2026-02-25 15:55:18.026420,2026-02-25 16:03:18.026420,2026-02-25 20:33:11.037641,2026-02-25 20:41:11.037641,2026-02-25 21:13:11.037641,2026-02-26 02:10:36.193720,2026-02-26 07:55:09.567894,2026-02-26 23:37:26.051701,2026-02-27 13:44:50.448253,2026-02-28 13:28:36.671226,2026-02-28 15:23:18.026420,Delivered,Closed,SHP005,Shipper 005,Enterprise,Central Java,ST09_Semarang,HB04_CTG_NATIONAL,Outer Java,ST18_Balikpapan,HB06_EASTERN_GATEWAY,Inter-Region,Regular,Prepaid,CR088,Truck,0.87,1.13,1.13,2021908,17085,10232,8,1,0,,8.0,72,1,0,,1,0,,0,,70.09,4.96,15.7,ST18_Balikpapan,
SHPM002149,AWB260002149,2026-02-28 09:19:13.429938,2026-02-28 09:34:13.429938,2026-02-28 09:59:13.429938,2026-02-28 11:33:23.667061,2026-02-28 12:17:23.667061,2026-02-28 14:16:23.667061,2026-02-28 19:47:09.521322,2026-02-28 23:24:34.594826,2026-03-01 11:04:27.128939,2026-03-01 17:26:30.035068,2026-03-01 20:22:32.152686,2026-02-28 19:19:13.429938,Delivered,Closed,SHP069,Shipper 069,SME,West Java,ST06_Bandung,HB01_JKT_GATEWAY,West Java,ST08_Bogor,HB01_JKT_GATEWAY,Intra-Region,Same Day,Prepaid,CR061,Van,0.62,0.66,0.66,1373731,29970,25703,2,1,0,,44.0,10,0,0,,1,0,,0,,35.06,5.51,11.66,ST08_Bogor,Hub Bottleneck
SHPM002150,AWB260002150,2026-03-28 10:39:24.967599,2026-03-28 11:01:24.967599,2026-03-28 11:22:24.967599,2026-03-28 14:19:06.726736,2026-03-28 15:10:06.726736,2026-03-28 16:57:06.726736,2026-03-28 22:28:12.799951,2026-03-29 05:18:19.399368,2026-03-29 08:38:23.288238,2026-03-29 15:38:08.335574,2026-03-29 23:19:39.979764,2026-03-31 10:39:24.967599,Delivered,Closed,SHP030,Shipper 030,Enterprise,Jabodetabek,ST05_Tangerang,HB01_JKT_GATEWAY,Outer Java,ST15_Medan,HB05_SUMATRA_GATEWAY,Inter-Region,Regular,Prepaid,CR054,Bike,1.56,1.59,1.59,665597,19155,12746,8,1,0,,51.0,72,1,0,,1,0,,0,,36.67,5.52,3.33,ST15_Medan,
SHPM002151,AWB260002151,2026-03-26 08:51:35.274719,2026-03-26 09:20:35.274719,2026-03-26 09:37:35.274719,2026-03-26 17:37:10.052034,2026-03-26 18:35:10.052034,2026-03-26 20:27:10.052034,2026-03-27 00:50:46.476184,2026-03-27 07:28:11.924422,2026-03-27 18:59:29.546267,2026-03-28 12:32:21.595682,,2026-03-29 08:51:35.274719,Delivery Exception,Exception,SHP072,Shipper 072,Enterprise,Outer Java,ST18_Balikpapan,HB06_EASTERN_GATEWAY,West Java,ST06_Bandung,HB01_JKT_GATEWAY,Inter-Region,Regular,COD,CR170,Bike,0.92,0.97,0.97,641164,20365,12526,8,0,0,,58.0,72,0,1,Remote Area Delay,3,0,,0,,267.14,4.39,11.52,ST06_Bandung,Hub Bottleneck
SHPM002152,AWB260002152,2026-03-06 08:51:03.179413,2026-03-06 09:22:03.179413,2026-03-06 10:07:03.179413,2026-03-06 13:19:31.699824,2026-03-06 13:59:31.699824,2026-03-06 14:24:31.699824,2026-03-06 20:23:10.708900,2026-03-07 00:17:17.494531,2026-03-07 02:24:51.437690,2026-03-07 12:43:13.258481,2026-03-08 00:01:29.020732,2026-03-09 08:51:03.179413,Delivered,Closed,SHP076,Shipper 076,Enterprise,West Java,ST06_Bandung,HB01_JKT_GATEWAY,Jabodetabek,ST02_JKT_West,HB01_JKT_GATEWAY,Inter-Region,Regular,Prepaid,CR060,Bike,1.94,1.9,1.94,1469987,20730,16969,8,1,0,,40.0,72,1,0,,1,0,,0,,39.17,5.98,2.13,ST02_JKT_West,
SHPM002153,AWB260002153,2026-03-02 11:48:30.485835,2026-03-02 12:15:30.485835,2026-03-02 12:41:30.485835,2026-03-02 15:00:44.741888,2026-03-02 15:54:44.741888,2026-03-02 17:34:44.741888,2026-03-02 18:38:17.123781,2026-03-02 21:45:47.177888,2026-03-03 09:57:55.511242,2026-03-04 00:35:20.698181,2026-03-04 08:01:49.382178,2026-03-03 23:48:30.485835,Delivered,Closed,SHP062,Shipper 062,Enterprise,Jabodetabek,ST04_Bekasi,HB01_JKT_GATEWAY,Outer Java,ST19_Denpasar,HB06_EASTERN_GATEWAY,Inter-Region,Next Day,Prepaid,CR038,Van,0.98,0.94,0.98,907633,24410,13817,4,1,0,,54.0,36,0,0,,1,0,,0,,44.22,1.06,12.2,ST19_Denpasar,Hub Bottleneck
SHPM002154,AWB260002154,2026-03-04 12:35:01.085856,2026-03-04 13:07:01.085856,2026-03-04 14:03:01.085856,2026-03-04 21:10:16.158572,2026-03-04 21:28:16.158572,2026-03-04 23:27:16.158572,2026-03-05 02:56:37.204144,2026-03-05 09:03:27.888355,2026-03-05 12:14:49.679619,2026-03-06 00:41:53.517420,2026-03-06 15:34:54.709521,2026-03-07 12:35:01.085856,Delivered,Closed,SHP001,Shipper 001,Marketplace,Jabodetabek,ST05_Tangerang,HB01_JKT_GATEWAY,Central Java,ST09_Semarang,HB04_CTG_NATIONAL,Inter-Region,Regular,Prepaid,CR048,Van,1.4,1.34,1.4,1616362,18300,10283,8,0,0,,18.0,72,1,0,,1,0,,0,,51.0,3.49,3.19,ST09_Semarang,
SHPM002155,AWB260002155,2026-03-10 03:47:52.900198,2026-03-10 04:12:52.900198,2026-03-10 04:46:52.900198,2026-03-10 11:07:35.893668,2026-03-10 11:15:35.893668,2026-03-10 11:56:35.893668,2026-03-10 13:06:50.325539,2026-03-10 18:21:10.014739,2026-03-10 22:52:53.634132,2026-03-11 14:42:14.879208,2026-03-12 03:39:30.668115,2026-03-13 03:47:52.900198,Delivered,Closed,SHP049,Shipper 049,Enterprise,Jabodetabek,ST05_Tangerang,HB01_JKT_GATEWAY,West Java,ST08_Bogor,HB01_JKT_GATEWAY,Inter-Region,Regular,Prepaid,CR046,Van,0.55,0.53,0.55,1267838,14475,12243,8,1,0,,8.0,72,1,0,,1,0,,0,,47.86,1.17,4.53,ST08_Bogor,
SHPM002156,AWB260002156,2026-03-20 17:23:30.088227,2026-03-20 18:06:30.088227,2026-03-20 18:56:30.088227,2026-03-22 01:50:36.214169,2026-03-22 02:54:36.214169,2026-03-22 04:47:36.214169,2026-03-22 11:21:29.246372,2026-03-22 14:12:52.182912,2026-03-22 18:22:53.977755,2026-03-23 03:51:12.898752,2026-03-23 10:16:08.757335,2026-03-23 17:23:30.088227,Delivered,Closed,SHP018,Shipper 018,Enterprise,West Java,ST07_Cirebon,HB02_BDG_TRANSIT,Central Java,ST11_Yogyakarta,HB04_CTG_NATIONAL,Inter-Region,Regular,Prepaid,CR069,Bike,3.06,2.98,3.06,1365426,25770,22979,8,0,0,,64.0,72,1,0,,1,0,,0,,64.88,6.56,4.17,ST11_Yogyakarta,
SHPM002157,AWB260002157,2026-03-29 05:54:42.612060,2026-03-29 06:16:42.612060,2026-03-29 06:48:42.612060,2026-03-29 07:44:56.518234,2026-03-29 08:29:56.518234,2026-03-29 09:33:56.518234,2026-03-29 11:20:08.518854,2026-03-29 16:56:26.885047,2026-03-29 21:03:30.307078,2026-03-30 12:28:00.574272,2026-03-30 16:39:41.365389,2026-03-29 21:54:42.612060,Delivered,Closed,SHP058,Shipper 058,Enterprise,Jabodetabek,ST03_JKT_East,HB01_JKT_GATEWAY,Central Java,ST09_Semarang,HB04_CTG_NATIONAL,Inter-Region,Same Day,Prepaid,CR021,Van,1.43,1.75,1.75,1962501,34875,24739,2,1,0,,45.0,16,0,0,,1,0,,0,,34.75,1.77,4.12,ST09_Semarang,Last Mile Delay
SHPM002158,AWB260002158,2026-02-16 09:17:40.199531,2026-02-16 09:31:40.199531,2026-02-16 10:12:40.199531,2026-02-16 13:58:46.524683,2026-02-16 14:29:46.524683,2026-02-16 16:07:46.524683,2026-02-16 19:05:33.314891,2026-02-16 22:11:01.228599,2026-02-17 01:22:48.058086,2026-02-17 06:57:25.021462,2026-02-17 14:30:00.664710,2026-02-17 21:17:40.199531,Delivered,Closed,SHP071,Shipper 071,Enterprise,Jabodetabek,ST04_Bekasi,HB01_JKT_GATEWAY,East Java,ST12_Surabaya,HB03_SBY_GATEWAY,Inter-Region,Next Day,COD,CR031,Bike,0.53,0.49,0.53,367162,26385,15595,4,0,0,,31.0,36,1,0,,1,0,,0,,29.21,2.96,3.2,ST12_Surabaya,
SHPM002159,AWB260002159,2026-03-02 13:51:19.176740,2026-03-02 14:24:19.176740,2026-03-02 15:10:19.176740,,,,,,,,,2026-03-05 13:51:19.176740,Failed Pickup,Exception,SHP054,Shipper 054,Marketplace,West Java,ST06_Bandung,HB01_JKT_GATEWAY,East Java,ST12_Surabaya,HB03_SBY_GATEWAY,Inter-Region,Regular,COD,CR059,Bike,0.47,0.48,0.48,2066384,18160,16737,8,0,1,Capacity Full,,72,0,0,,0,0,,0,,838.14,,,ST06_Bandung,
SHPM002160,AWB260002160,2026-03-31 17:22:54.620730,2026-03-31 17:45:54.620730,2026-03-31 18:01:54.620730,2026-03-31 22:15:20.930064,2026-03-31 22:44:20.930064,2026-04-01 00:35:20.930064,2026-04-01 04:55:30.646419,2026-04-01 11:33:56.558811,2026-04-01 14:40:02.372100,2026-04-02 05:46:21.687792,2026-04-02 14:26:52.903202,2026-04-02 05:22:54.620730,Delivered,Closed,SHP014,Shipper 014,Enterprise,Jabodetabek,ST01_JKT_Central,HB01_JKT_GATEWAY,Outer Java,ST16_Palembang,HB05_SUMATRA_GATEWAY,Inter-Region,Next Day,COD,CR008,Bike,1.84,1.98,1.98,517991,32910,27936,4,0,0,,29.0,36,0,0,,1,0,,0,,45.07,4.34,3.1,ST16_Palembang,First Mile Delay
SHPM002161,AWB260002161,2026-02-23 18:15:48.780170,2026-02-23 18:25:48.780170,2026-02-23 18:33:48.780170,2026-02-23 22:50:01.563950,2026-02-23 23:53:01.563950,2026-02-24 00:45:01.563950,2026-02-24 05:12:42.550275,2026-02-24 13:16:54.302691,2026-02-24 18:14:51.025771,2026-02-25 03:08:28.827519,2026-02-25 14:38:17.990664,2026-02-26 18:15:48.780170,Delivered,Closed,SHP070,Shipper 070,Enterprise,Jabodetabek,ST05_Tangerang,HB01_JKT_GATEWAY,Central Java,ST10_Solo,HB04_CTG_NATIONAL,Inter-Region,Regular,Prepaid,CR052,Van,2.01,1.87,2.01,781594,21045,16948,8,1,0,,63.0,72,1,0,,1,0,,0,,44.37,4.46,4.97,ST10_Solo,
SHPM002162,AWB260002162,2026-03-22 02:35:40.019346,2026-03-22 02:51:40.019346,2026-03-22 03:18:40.019346,2026-03-22 07:11:05.259742,2026-03-22 08:00:05.259742,2026-03-22 08:35:05.259742,2026-03-22 09:43:52.909763,2026-03-22 17:42:22.858667,2026-03-23 01:36:24.076997,2026-03-23 06:48:20.528938,2026-03-23 16:54:47.060023,2026-03-25 02:35:40.019346,Delivered,Closed,SHP028,Shipper 028,Marketplace,Jabodetabek,ST04_Bekasi,HB01_JKT_GATEWAY,East Java,ST12_Surabaya,HB03_SBY_GATEWAY,Inter-Region,Regular,COD,CR032,Truck,0.57,0.68,0.68,451179,19060,17691,8,1,0,,49.0,72,1,0,,1,0,,0,,38.32,1.15,7.9,ST12_Surabaya,
SHPM002163,AWB260002163,2026-03-17 22:14:59.886589,2026-03-17 22:29:59.886589,2026-03-17 23:18:59.886589,2026-03-18 02:38:14.419431,2026-03-18 03:10:14.419431,2026-03-18 04:59:14.419431,2026-03-18 07:30:42.233846,2026-03-18 16:30:02.522072,2026-03-19 03:34:04.502818,2026-03-20 21:56:38.539929,2026-03-21 00:08:07.420635,2026-03-19 10:14:59.886589,Delivered,Closed,SHP068,Shipper 068,Marketplace,East Java,ST12_Surabaya,HB03_SBY_GATEWAY,Jabodetabek,ST05_Tangerang,HB01_JKT_GATEWAY,Inter-Region,Next Day,COD,CR107,Bike,1.46,1.37,1.46,1430036,30570,28182,4,0,0,,32.0,36,0,0,,1,1,Invalid Address,0,,73.89,2.52,11.07,ST05_Tangerang,First Mile Delay
SHPM002164,AWB260002164,2026-03-04 14:57:46.469334,2026-03-04 15:10:46.469334,2026-03-04 15:36:46.469334,2026-03-04 16:21:06.657524,2026-03-04 17:01:06.657524,2026-03-04 17:43:06.657524,2026-03-04 19:00:02.944861,2026-03-05 00:26:31.563979,2026-03-05 01:57:17.898028,2026-03-05 13:36:01.927870,2026-03-05 16:24:59.054544,2026-03-06 02:57:46.469334,Delivered,Closed,SHP012,Shipper 012,Marketplace,Outer Java,ST20_Banjarmasin,HB06_EASTERN_GATEWAY,Jabodetabek,ST05_Tangerang,HB01_JKT_GATEWAY,Inter-Region,Next Day,COD,CR189,Bike,1.66,1.79,1.79,620706,32055,18918,4,1,0,,40.0,36,1,0,,1,0,,0,,25.45,1.28,1.51,ST05_Tangerang,
SHPM002165,AWB260002165,2026-02-24 03:24:02.207096,2026-02-24 03:33:02.207096,2026-02-24 04:13:02.207096,2026-02-24 09:41:43.393364,2026-02-24 11:12:43.393364,2026-02-24 12:44:43.393364,2026-02-24 17:44:45.234694,2026-02-25 00:45:44.817362,2026-02-25 11:42:46.686864,2026-02-26 04:29:29.469508,2026-02-26 16:08:31.071499,2026-02-27 03:24:02.207096,Delivered,Closed,SHP084,Shipper 084,Enterprise,Central Java,ST09_Semarang,HB04_CTG_NATIONAL,East Java,ST14_Kediri,HB03_SBY_GATEWAY,Inter-Region,Regular,COD,CR088,Bike,0.71,0.73,0.73,547346,19285,11244,8,1,0,,91.0,72,1,0,,1,0,,0,,60.74,5.0,10.95,ST14_Kediri,
SHPM002166,AWB260002166,2026-03-02 20:13:07.921570,2026-03-02 20:41:07.921570,2026-03-02 21:04:07.921570,2026-03-02 22:44:46.713886,2026-03-02 22:52:46.713886,2026-03-03 00:49:46.713886,2026-03-03 04:36:29.195866,2026-03-03 06:46:22.824454,2026-03-03 15:12:42.049896,2026-03-03 23:26:55.083643,2026-03-04 04:28:00.254464,2026-03-04 08:13:07.921570,Delivered,Closed,SHP042,Shipper 042,Marketplace,Jabodetabek,ST05_Tangerang,HB01_JKT_GATEWAY,East Java,ST13_Malang,HB03_SBY_GATEWAY,Inter-Region,Next Day,COD,CR044,Van,0.58,0.57,0.58,1174798,26610,24852,4,1,0,,8.0,36,1,0,,1,0,,0,,32.25,3.78,8.44,ST13_Malang,
SHPM002167,AWB260002167,2026-03-22 21:45:44.105961,2026-03-22 21:59:44.105961,2026-03-22 22:28:44.105961,2026-03-22 22:40:52.055231,2026-03-22 22:59:52.055231,2026-03-22 23:40:52.055231,2026-03-23 02:32:46.965348,2026-03-23 06:48:47.580378,2026-03-23 18:39:54.129972,2026-03-24 12:05:44.516869,2026-03-24 13:57:50.102461,2026-03-23 13:45:44.105961,Delivered,Closed,SHP052,Shipper 052,Marketplace,Jabodetabek,ST04_Bekasi,HB01_JKT_GATEWAY,West Java,ST06_Bandung,HB01_JKT_GATEWAY,Inter-Region,Same Day,COD,CR038,Bike,1.11,1.18,1.18,1536984,36310,27812,2,1,0,,19.0,16,0,0,,1,0,,0,,40.2,2.87,11.85,ST06_Bandung,Hub Bottleneck
SHPM002168,AWB260002168,2026-03-31 14:33:28.996405,2026-03-31 14:59:28.996405,2026-03-31 15:40:28.996405,2026-03-31 17:49:28.438348,2026-03-31 18:33:28.438348,2026-03-31 19:00:28.438348,2026-03-31 20:15:20.759765,2026-04-01 02:43:04.969088,2026-04-01 05:23:25.603323,2026-04-01 19:24:56.675868,2026-04-02 00:24:59.021632,2026-04-02 02:33:28.996405,Delivered,Closed,SHP078,Shipper 078,SME,Outer Java,ST17_Makassar,HB06_EASTERN_GATEWAY,Jabodetabek,ST03_JKT_East,HB01_JKT_GATEWAY,Inter-Region,Next Day,Prepaid,CR162,Van,0.66,0.6,0.66,226198,22970,19037,4,1,0,,44.0,36,1,0,,1,0,,0,,33.86,1.25,2.67,ST03_JKT_East,
SHPM002169,AWB260002169,2026-02-17 17:28:44.705185,2026-02-17 17:58:44.705185,2026-02-17 18:25:44.705185,2026-02-17 20:24:04.657578,2026-02-17 21:01:04.657578,2026-02-17 21:47:04.657578,2026-02-18 02:15:28.055498,2026-02-18 10:57:34.943431,2026-02-18 20:46:40.644923,2026-02-19 07:21:49.376806,,2026-02-20 17:28:44.705185,Delivery Exception,Exception,SHP084,Shipper 084,Enterprise,Central Java,ST11_Yogyakarta,HB04_CTG_NATIONAL,Jabodetabek,ST02_JKT_West,HB01_JKT_GATEWAY,Inter-Region,Regular,Prepaid,CR100,Truck,0.51,0.69,0.69,1152440,15105,10728,8,1,0,,37.0,72,0,1,Customer Reschedule,1,0,,0,,1146.52,4.47,9.82,ST02_JKT_West,Delivery Exception
SHPM002170,AWB260002170,2026-02-19 04:17:02.582322,2026-02-19 04:32:02.582322,2026-02-19 05:12:02.582322,2026-02-19 08:04:13.401086,2026-02-19 08:50:13.401086,2026-02-19 10:18:13.401086,2026-02-19 15:04:15.481828,2026-02-19 20:59:28.170149,2026-02-20 07:28:32.961325,2026-02-20 16:44:32.109725,2026-02-20 21:14:38.686635,2026-02-20 16:17:02.582322,Delivered,Closed,SHP048,Shipper 048,Enterprise,Outer Java,ST20_Banjarmasin,HB06_EASTERN_GATEWAY,East Java,ST12_Surabaya,HB03_SBY_GATEWAY,Inter-Region,Next Day,COD,CR193,Van,1.34,1.27,1.34,453662,30030,20484,4,1,0,,46.0,36,0,0,,1,0,,0,,40.96,4.77,10.48,ST12_Surabaya,Hub Bottleneck
SHPM002171,AWB260002171,2026-02-20 00:25:01.591070,2026-02-20 01:00:01.591070,2026-02-20 01:19:01.591070,2026-02-20 06:50:54.259398,2026-02-20 07:48:54.259398,2026-02-20 09:48:54.259398,2026-02-20 12:21:55.655019,2026-02-20 16:48:28.839016,2026-02-20 19:09:54.259854,2026-02-21 10:19:12.907389,2026-02-22 01:57:39.031853,2026-02-23 00:25:01.591070,Delivered,Closed,SHP089,Shipper 089,Enterprise,Central Java,ST11_Yogyakarta,HB04_CTG_NATIONAL,East Java,ST12_Surabaya,HB03_SBY_GATEWAY,Inter-Region,Regular,Prepaid,CR102,Van,0.3,0.31,0.31,449241,13395,8685,8,1,0,,58.0,72,1,0,,1,0,,0,,49.54,2.55,2.36,ST12_Surabaya,
SHPM002172,AWB260002172,2026-03-02 03:02:11.234966,2026-03-02 03:27:11.234966,2026-03-02 03:56:11.234966,2026-03-02 06:28:23.108478,2026-03-02 07:02:23.108478,2026-03-02 07:35:23.108478,2026-03-02 12:27:39.216052,2026-03-02 15:24:17.394392,2026-03-02 23:03:53.712984,2026-03-03 08:59:23.861140,2026-03-03 13:11:58.515246,2026-03-03 15:02:11.234966,Delivered,Closed,SHP035,Shipper 035,Enterprise,Jabodetabek,ST02_JKT_West,HB01_JKT_GATEWAY,Outer Java,ST19_Denpasar,HB06_EASTERN_GATEWAY,Inter-Region,Next Day,Prepaid,CR018,Bike,0.62,0.59,0.62,795049,22790,20859,4,1,0,,34.0,36,1,0,,1,0,,0,,34.16,4.87,7.66,ST19_Denpasar,
SHPM002173,AWB260002173,2026-03-02 08:02:46.507859,2026-03-02 08:24:46.507859,2026-03-02 09:23:46.507859,2026-03-02 11:26:07.601682,2026-03-02 12:06:07.601682,2026-03-02 12:24:07.601682,2026-03-02 13:36:29.861668,2026-03-02 18:15:14.918731,2026-03-02 20:36:37.842837,2026-03-03 13:41:23.371996,2026-03-03 21:04:38.890564,2026-03-03 20:02:46.507859,Delivered,Closed,SHP005,Shipper 005,Enterprise,Central Java,ST09_Semarang,HB04_CTG_NATIONAL,Jabodetabek,ST01_JKT_Central,HB01_JKT_GATEWAY,Inter-Region,Next Day,Prepaid,CR087,Van,1.88,2.04,2.04,384584,29180,22020,4,1,0,,40.0,36,0,0,,1,0,,0,,37.03,1.21,2.36,ST01_JKT_Central,Last Mile Delay
SHPM002174,AWB260002174,2026-03-05 17:44:46.618800,2026-03-05 17:57:46.618800,2026-03-05 18:24:46.618800,2026-03-05 20:12:29.324673,2026-03-05 20:27:29.324673,2026-03-05 22:19:29.324673,2026-03-06 03:58:55.833712,2026-03-06 09:20:53.970268,2026-03-06 13:09:42.984134,2026-03-07 05:21:57.242087,2026-03-07 08:19:53.477842,2026-03-06 09:44:46.618800,Delivered,Closed,SHP014,Shipper 014,Enterprise,Jabodetabek,ST05_Tangerang,HB01_JKT_GATEWAY,West Java,ST06_Bandung,HB01_JKT_GATEWAY,Inter-Region,Same Day,Prepaid,CR045,Bike,1.17,1.21,1.21,159583,32445,22159,2,0,0,,15.0,16,0,0,,1,0,,0,,38.59,5.66,3.81,ST06_Bandung,First Mile Delay
SHPM002175,AWB260002175,2026-03-07 21:41:09.197955,2026-03-07 21:58:09.197955,2026-03-07 22:45:09.197955,2026-03-08 02:11:43.789995,2026-03-08 02:19:43.789995,2026-03-08 02:58:43.789995,2026-03-08 06:24:45.013099,2026-03-08 09:56:04.300202,2026-03-08 14:42:16.547160,2026-03-08 23:18:59.796083,2026-03-09 11:18:56.069533,2026-03-10 21:41:09.197955,Delivered,Closed,SHP056,Shipper 056,Enterprise,Jabodetabek,ST03_JKT_East,HB01_JKT_GATEWAY,Outer Java,ST17_Makassar,HB06_EASTERN_GATEWAY,Inter-Region,Regular,COD,CR023,Bike,3.53,3.36,3.53,1296610,31885,27720,8,1,0,,8.0,72,1,0,,1,0,,0,,37.63,3.43,4.77,ST17_Makassar,
SHPM002176,AWB260002176,2026-04-01 04:02:43.335500,2026-04-01 04:34:43.335500,2026-04-01 04:56:43.335500,2026-04-01 06:51:53.103873,2026-04-01 07:16:53.103873,2026-04-01 08:48:53.103873,2026-04-01 14:26:48.245788,2026-04-01 19:05:25.326434,2026-04-02 04:14:46.627345,2026-04-02 14:01:29.127898,2026-04-02 17:06:19.302250,2026-04-02 16:02:43.335500,Delivered,Closed,SHP058,Shipper 058,Enterprise,Jabodetabek,ST01_JKT_Central,HB01_JKT_GATEWAY,West Java,ST07_Cirebon,HB02_BDG_TRANSIT,Inter-Region,Next Day,Prepaid,CR002,Truck,1.2,1.19,1.2,1149492,25400,24107,4,1,0,,25.0,36,0,0,,1,0,,0,,37.06,5.63,9.16,ST07_Cirebon,Last Mile Delay
SHPM002177,AWB260002177,2026-02-22 12:20:55.651256,2026-02-22 12:34:55.651256,2026-02-22 12:58:55.651256,2026-02-22 19:11:58.525709,2026-02-22 19:28:58.525709,2026-02-22 20:04:58.525709,2026-02-22 22:43:19.311991,2026-02-23 08:04:48.624236,2026-02-23 16:14:48.110401,2026-02-24 10:04:31.983442,2026-02-25 00:57:00.525671,2026-02-25 12:20:55.651256,Delivered,Closed,SHP023,Shipper 023,Enterprise,West Java,ST08_Bogor,HB01_JKT_GATEWAY,Central Java,ST10_Solo,HB04_CTG_NATIONAL,Inter-Region,Regular,Prepaid,CR077,Bike,0.75,0.8,0.8,1936234,15600,13110,8,1,0,,17.0,72,1,0,,1,0,,0,,60.6,2.64,8.17,ST10_Solo,
SHPM002178,AWB260002178,2026-02-28 02:35:39.784632,2026-02-28 03:11:39.784632,2026-02-28 03:57:39.784632,2026-02-28 05:16:01.342237,2026-02-28 06:09:01.342237,2026-02-28 06:30:01.342237,2026-02-28 09:21:55.496961,2026-02-28 16:50:15.880991,2026-03-01 03:09:03.965331,2026-03-01 09:47:32.493841,2026-03-01 12:40:06.958864,2026-02-28 18:35:39.784632,Delivered,Closed,SHP039,Shipper 039,Marketplace,Central Java,ST10_Solo,HB04_CTG_NATIONAL,Jabodetabek,ST05_Tangerang,HB01_JKT_GATEWAY,Inter-Region,Same Day,COD,CR091,Van,0.67,0.8,0.8,305382,34600,25311,2,0,0,,53.0,16,0,0,,1,0,,0,,34.07,2.87,10.31,ST05_Tangerang,First Mile Delay
SHPM002179,AWB260002179,2026-03-06 22:45:06.123350,2026-03-06 23:15:06.123350,2026-03-06 23:38:06.123350,2026-03-07 04:49:15.773156,2026-03-07 05:41:15.773156,2026-03-07 07:10:15.773156,2026-03-07 10:30:59.497180,2026-03-07 17:18:34.184941,2026-03-07 18:51:08.269084,2026-03-08 23:30:25.196910,2026-03-09 14:17:13.001365,2026-03-09 22:45:06.123350,Delivered,Closed,SHP094,Shipper 094,SME,Outer Java,ST15_Medan,HB05_SUMATRA_GATEWAY,Central Java,ST10_Solo,HB04_CTG_NATIONAL,Inter-Region,Regular,Prepaid,CR142,Bike,1.03,0.99,1.03,991377,16635,10123,8,1,0,,52.0,72,1,0,,1,1,Invalid Address,0,,63.54,3.35,1.54,ST10_Solo,
SHPM002180,AWB260002180,2026-03-18 18:50:37.399533,2026-03-18 19:34:37.399533,2026-03-18 19:50:37.399533,2026-03-18 23:23:00.733361,2026-03-18 23:35:00.733361,2026-03-19 01:02:00.733361,2026-03-19 03:10:36.631417,2026-03-19 07:33:04.065079,2026-03-19 15:36:13.968612,2026-03-20 05:07:02.497774,2026-03-20 10:28:24.920755,2026-03-20 06:50:37.399533,Delivered,Closed,SHP013,Shipper 013,SME,Jabodetabek,ST01_JKT_Central,HB01_JKT_GATEWAY,Outer Java,ST17_Makassar,HB06_EASTERN_GATEWAY,Inter-Region,Next Day,Prepaid,CR010,Truck,2.3,2.73,2.73,201692,32285,27074,4,1,0,,12.0,36,0,0,,1,0,,0,,39.63,2.14,8.05,ST17_Makassar,Remote Area
SHPM002181,AWB260002181,2026-02-19 07:12:21.212083,2026-02-19 07:47:21.212083,2026-02-19 08:26:21.212083,2026-02-19 10:50:11.746678,2026-02-19 11:33:11.746678,2026-02-19 13:32:11.746678,2026-02-19 17:45:14.440070,2026-02-19 23:41:51.950314,2026-02-20 13:55:03.599512,2026-02-21 00:28:14.099686,2026-02-21 13:32:19.082009,2026-02-22 07:12:21.212083,Delivered,Closed,SHP058,Shipper 058,Enterprise,Jabodetabek,ST01_JKT_Central,HB01_JKT_GATEWAY,Outer Java,ST16_Palembang,HB05_SUMATRA_GATEWAY,Inter-Region,Regular,Prepaid,CR004,Bike,0.9,1.42,1.42,491170,18390,13113,8,1,0,,43.0,72,1,0,,1,0,,0,,54.33,4.22,14.22,ST16_Palembang,
SHPM002182,AWB260002182,2026-03-29 05:01:13.107375,2026-03-29 05:16:13.107375,2026-03-29 05:51:13.107375,2026-03-29 09:13:43.163812,2026-03-29 09:35:43.163812,2026-03-29 10:30:43.163812,2026-03-29 15:35:30.252607,2026-03-30 01:11:28.793770,2026-03-30 03:08:10.944777,2026-03-30 17:11:37.211605,2026-03-31 03:57:22.967759,2026-03-30 17:01:13.107375,Delivered,Closed,SHP091,Shipper 091,SME,Outer Java,ST19_Denpasar,HB06_EASTERN_GATEWAY,West Java,ST07_Cirebon,HB02_BDG_TRANSIT,Inter-Region,Next Day,Prepaid,CR179,Van,1.01,1.1,1.1,375713,24950,18969,4,1,0,,22.0,36,0,0,,1,0,,0,,46.94,5.08,1.95,ST07_Cirebon,Last Mile Delay
SHPM002183,AWB260002183,2026-02-27 17:18:26.488049,2026-02-27 17:45:26.488049,2026-02-27 18:29:26.488049,2026-02-27 19:31:07.702467,2026-02-27 19:46:07.702467,2026-02-27 20:49:07.702467,2026-02-28 01:56:37.790188,2026-02-28 07:00:10.849085,2026-02-28 18:40:19.919561,2026-03-01 04:32:01.924783,2026-03-01 07:10:28.292394,2026-03-01 05:18:26.488049,Delivered,Closed,SHP030,Shipper 030,Enterprise,Jabodetabek,ST05_Tangerang,HB01_JKT_GATEWAY,East Java,ST14_Kediri,HB03_SBY_GATEWAY,Inter-Region,Next Day,COD,CR053,Van,0.43,0.47,0.47,1794981,26115,16114,4,1,0,,15.0,36,0,0,,1,0,,0,,37.87,5.13,11.67,ST14_Kediri,Hub Bottleneck
SHPM002184,AWB260002184,2026-03-22 01:50:08.232543,2026-03-22 02:14:08.232543,2026-03-22 03:36:08.232543,2026-03-22 07:39:50.402372,2026-03-22 09:09:50.402372,2026-03-22 11:01:50.402372,2026-03-22 13:34:36.675424,2026-03-22 19:45:38.982430,2026-03-22 21:44:10.648135,2026-03-23 06:14:25.425408,2026-03-23 15:38:11.907676,2026-03-25 01:50:08.232543,Delivered,Closed,SHP019,Shipper 019,Marketplace,West Java,ST07_Cirebon,HB02_BDG_TRANSIT,East Java,ST12_Surabaya,HB03_SBY_GATEWAY,Inter-Region,Regular,Prepaid,CR071,Bike,3.2,3.2,3.2,340705,26400,20490,8,1,0,,90.0,72,1,0,,1,0,,0,,37.8,2.55,1.98,ST12_Surabaya,
SHPM002185,AWB260002185,2026-03-06 07:05:45.457363,2026-03-06 07:38:45.457363,2026-03-06 08:39:45.457363,2026-03-06 11:05:55.099501,2026-03-06 11:55:55.099501,2026-03-06 12:34:55.099501,2026-03-06 18:20:23.624984,2026-03-07 02:49:16.077767,2026-03-07 09:21:12.165015,2026-03-08 02:14:20.371036,2026-03-08 05:57:37.113014,2026-03-07 19:05:45.457363,Delivered,Closed,SHP058,Shipper 058,Enterprise,Jabodetabek,ST03_JKT_East,HB01_JKT_GATEWAY,Central Java,ST11_Yogyakarta,HB04_CTG_NATIONAL,Inter-Region,Next Day,COD,CR019,Bike,0.39,0.65,0.65,794781,26925,20183,4,1,0,,50.0,36,0,0,,1,0,,0,,46.86,5.76,6.53,ST11_Yogyakarta,Last Mile Delay
SHPM002186,AWB260002186,2026-03-20 19:58:27.152434,2026-03-20 20:14:27.152434,2026-03-20 20:45:27.152434,2026-03-21 03:36:26.065441,2026-03-21 04:26:26.065441,2026-03-21 05:05:26.065441,2026-03-21 09:58:21.646218,2026-03-21 15:31:11.947422,2026-03-21 23:09:39.223759,2026-03-22 09:42:40.522327,2026-03-22 15:31:45.947511,2026-03-23 19:58:27.152434,Delivered,Closed,SHP004,Shipper 004,Marketplace,Jabodetabek,ST01_JKT_Central,HB01_JKT_GATEWAY,East Java,ST13_Malang,HB03_SBY_GATEWAY,Inter-Region,Regular,Prepaid,CR006,Bike,1.87,1.87,1.87,625724,20415,17920,8,1,0,,50.0,72,1,0,,1,0,,0,,43.56,4.88,7.64,ST13_Malang,
SHPM002187,AWB260002187,2026-03-19 01:14:21.292306,2026-03-19 01:56:21.292306,2026-03-19 02:23:21.292306,2026-03-19 04:54:41.802658,2026-03-19 06:03:41.802658,2026-03-19 06:45:41.802658,2026-03-19 07:55:45.161118,2026-03-19 09:43:04.172748,2026-03-19 17:44:45.966495,2026-03-21 07:14:02.747042,2026-03-21 19:31:44.105201,2026-03-21 01:14:21.292306,Delivered,Closed,SHP088,Shipper 088,SME,Outer Java,ST19_Denpasar,HB06_EASTERN_GATEWAY,Outer Java,ST19_Denpasar,HB06_EASTERN_GATEWAY,Intra-Region,Regular,COD,CR174,Truck,1.44,1.34,1.44,605706,22480,19556,8,1,0,,69.0,48,0,0,,1,1,Missed Cut-Off,0,,66.29,1.17,8.03,ST19_Denpasar,Remote Area
SHPM002188,AWB260002188,2026-03-26 07:43:19.315694,2026-03-26 07:51:19.315694,2026-03-26 08:43:19.315694,2026-03-26 19:48:10.528009,2026-03-26 20:58:10.528009,2026-03-26 22:16:10.528009,2026-03-27 05:34:30.163829,2026-03-27 10:03:36.048000,2026-03-27 13:38:22.019120,2026-03-27 23:01:38.973509,2026-03-28 04:46:22.554692,2026-03-29 07:43:19.315694,Delivered,Closed,SHP031,Shipper 031,SME,East Java,ST12_Surabaya,HB03_SBY_GATEWAY,West Java,ST06_Bandung,HB01_JKT_GATEWAY,Inter-Region,Regular,Prepaid,CR111,Bike,1.06,1.1,1.1,1882349,16950,9636,8,0,0,,70.0,72,1,0,,1,0,,0,,45.05,7.31,3.58,ST06_Bandung,
SHPM002189,AWB260002189,2026-02-20 22:37:30.012597,2026-02-20 23:15:30.012597,2026-02-20 23:23:30.012597,2026-02-21 00:18:47.492846,2026-02-21 00:26:47.492846,2026-02-21 01:37:47.492846,2026-02-21 02:46:31.501855,2026-02-21 08:26:42.504109,2026-02-21 14:39:27.870966,2026-02-22 00:46:02.643282,2026-02-22 01:51:00.849308,2026-02-21 14:37:30.012597,Delivered,Closed,SHP014,Shipper 014,Enterprise,Jabodetabek,ST01_JKT_Central,HB01_JKT_GATEWAY,West Java,ST08_Bogor,HB01_JKT_GATEWAY,Inter-Region,Same Day,Prepaid,CR005,Truck,1.64,2.52,2.52,1231755,38340,30410,2,1,0,,8.0,16,0,0,,1,0,,0,,27.23,1.15,6.21,ST08_Bogor,Last Mile Delay
SHPM002190,AWB260002190,2026-03-03 07:13:49.016245,2026-03-03 07:30:49.016245,2026-03-03 07:48:49.016245,2026-03-04 07:49:33.389512,2026-03-04 08:58:33.389512,2026-03-04 10:42:33.389512,2026-03-04 16:08:06.238790,2026-03-04 18:24:06.351379,2026-03-05 06:02:31.766944,2026-03-05 19:23:25.954099,2026-03-06 10:56:38.824230,2026-03-06 07:13:49.016245,Delivered,Closed,SHP018,Shipper 018,Enterprise,West Java,ST07_Cirebon,HB02_BDG_TRANSIT,Jabodetabek,ST03_JKT_East,HB01_JKT_GATEWAY,Inter-Region,Regular,Prepaid,CR072,Van,2.4,3.26,3.26,1747028,26670,20674,8,0,0,,69.0,72,0,0,,1,0,,0,,75.71,5.43,11.64,ST03_JKT_East,First Mile Delay
SHPM002191,AWB260002191,2026-03-23 03:16:46.913613,2026-03-23 03:37:46.913613,2026-03-23 04:20:46.913613,2026-03-23 20:55:56.872091,2026-03-23 21:50:56.872091,2026-03-23 22:32:56.872091,2026-03-24 00:35:28.024704,2026-03-24 03:48:36.594568,2026-03-24 19:19:46.856267,2026-03-24 22:53:59.141281,2026-03-25 12:47:00.200507,2026-03-25 03:16:46.913613,Delivered,Closed,SHP010,Shipper 010,Enterprise,East Java,ST12_Surabaya,HB03_SBY_GATEWAY,East Java,ST12_Surabaya,HB03_SBY_GATEWAY,Intra-Region,Regular,Prepaid,CR108,Bike,2.11,2.26,2.26,1202188,22170,17912,8,0,0,,55.0,48,0,0,,1,0,,0,,57.5,2.04,15.52,ST12_Surabaya,First Mile Delay
SHPM002192,AWB260002192,2026-03-13 16:37:02.922111,2026-03-13 17:13:02.922111,2026-03-13 17:53:02.922111,2026-03-14 01:46:01.800418,2026-03-14 02:31:01.800418,2026-03-14 03:08:01.800418,2026-03-14 05:02:05.432194,2026-03-14 06:37:00.146252,2026-03-14 14:47:12.062910,2026-03-14 23:32:26.007770,2026-03-15 07:18:34.079542,2026-03-15 16:37:02.922111,Delivered,Closed,SHP063,Shipper 063,Enterprise,Jabodetabek,ST05_Tangerang,HB01_JKT_GATEWAY,Jabodetabek,ST02_JKT_West,HB01_JKT_GATEWAY,Intra-Region,Regular,COD,CR053,Van,0.68,0.62,0.68,2838136,19060,17112,8,0,0,,45.0,48,1,0,,1,0,,0,,38.69,1.9,8.17,ST02_JKT_West,
SHPM002193,AWB260002193,2026-03-24 13:29:47.468743,2026-03-24 14:03:47.468743,2026-03-24 14:28:47.468743,2026-03-24 22:15:22.372219,2026-03-24 22:39:22.372219,2026-03-24 23:08:22.372219,2026-03-25 04:17:30.964548,2026-03-25 07:36:17.420312,2026-03-26 00:03:17.231519,2026-03-26 07:47:57.421837,2026-03-26 19:30:40.625984,2026-03-26 13:29:47.468743,Delivered,Closed,SHP012,Shipper 012,Marketplace,Outer Java,ST20_Banjarmasin,HB06_EASTERN_GATEWAY,Outer Java,ST16_Palembang,HB05_SUMATRA_GATEWAY,Intra-Region,Regular,Prepaid,CR183,Van,1.15,1.06,1.15,754386,17175,12192,8,0,0,,24.0,48,0,0,,1,0,,0,,54.01,5.15,16.45,ST16_Palembang,First Mile Delay
SHPM002194,AWB260002194,2026-03-20 02:58:17.386144,2026-03-20 03:40:17.386144,2026-03-20 04:03:17.386144,2026-03-20 11:11:19.795737,2026-03-20 12:11:19.795737,2026-03-20 12:29:19.795737,2026-03-20 18:03:55.972280,2026-03-20 23:29:19.852903,2026-03-21 04:02:36.739869,2026-03-21 17:36:07.394752,2026-03-22 15:53:39.142431,2026-03-23 02:58:17.386144,Delivered,Closed,SHP045,Shipper 045,Marketplace,Jabodetabek,ST02_JKT_West,HB01_JKT_GATEWAY,Outer Java,ST15_Medan,HB05_SUMATRA_GATEWAY,Inter-Region,Regular,Prepaid,CR013,Van,0.85,0.79,0.85,1242459,15825,10031,8,1,0,,60.0,72,1,0,,1,0,,0,,60.92,5.58,4.55,ST15_Medan,
SHPM002195,AWB260002195,2026-02-17 03:32:23.249746,2026-02-17 03:59:23.249746,2026-02-17 04:11:23.249746,2026-02-17 06:53:51.964531,2026-02-17 07:46:51.964531,2026-02-17 09:02:51.964531,2026-02-17 10:10:09.209069,2026-02-17 18:23:58.974266,2026-02-18 05:52:48.884425,2026-02-18 14:55:15.454275,2026-02-19 02:29:55.498797,2026-02-20 03:32:23.249746,Delivered,Closed,SHP089,Shipper 089,Enterprise,Central Java,ST11_Yogyakarta,HB04_CTG_NATIONAL,West Java,ST08_Bogor,HB01_JKT_GATEWAY,Inter-Region,Regular,Prepaid,CR103,Bike,2.81,2.81,2.81,388639,24645,17585,8,1,0,,53.0,72,1,0,,1,0,,0,,46.96,1.12,11.48,ST08_Bogor,
SHPM002196,AWB260002196,2026-02-25 04:41:49.930775,2026-02-25 05:18:49.930775,2026-02-25 05:42:49.930775,2026-02-25 12:40:01.195788,2026-02-25 13:19:01.195788,2026-02-25 15:01:01.195788,2026-02-25 16:44:58.478995,2026-02-26 01:57:48.103616,2026-02-26 09:01:22.843173,2026-02-27 00:45:24.366316,2026-02-27 17:37:46.742804,2026-02-28 04:41:49.930775,Delivered,Closed,SHP076,Shipper 076,Enterprise,West Java,ST06_Bandung,HB01_JKT_GATEWAY,Central Java,ST11_Yogyakarta,HB04_CTG_NATIONAL,Inter-Region,Regular,Prepaid,CR057,Van,0.71,0.71,0.71,454691,15195,10731,8,1,0,,39.0,72,1,0,,1,0,,0,,60.93,1.73,7.06,ST11_Yogyakarta,
SHPM002197,AWB260002197,2026-02-21 16:58:21.393590,2026-02-21 17:38:21.393590,2026-02-21 18:00:21.393590,2026-02-21 23:35:25.955437,2026-02-22 00:30:25.955437,2026-02-22 01:14:25.955437,2026-02-22 05:13:49.815088,2026-02-22 14:02:07.873968,2026-02-22 19:10:20.781001,2026-02-23 03:46:15.886525,2026-02-23 09:18:34.430080,2026-02-24 16:58:21.393590,Delivered,Closed,SHP044,Shipper 044,Marketplace,Jabodetabek,ST05_Tangerang,HB01_JKT_GATEWAY,Central Java,ST09_Semarang,HB04_CTG_NATIONAL,Inter-Region,Regular,Prepaid,CR052,Van,0.6,0.59,0.6,656167,14700,10814,8,1,0,,55.0,72,1,0,,1,0,,0,,40.34,3.99,5.14,ST09_Semarang,
SHPM002198,AWB260002198,2026-03-05 19:47:02.722910,2026-03-05 20:02:02.722910,2026-03-05 20:10:02.722910,2026-03-06 00:15:24.419006,2026-03-06 00:51:24.419006,2026-03-06 01:58:24.419006,2026-03-06 04:35:15.644874,2026-03-06 08:48:17.537417,2026-03-06 17:34:00.630550,2026-03-07 03:51:45.738367,,2026-03-08 19:47:02.722910,Damaged,Exception,SHP091,Shipper 091,SME,Outer Java,ST16_Palembang,HB05_SUMATRA_GATEWAY,Central Java,ST10_Solo,HB04_CTG_NATIONAL,Inter-Region,Regular,COD,CR149,Bike,0.91,0.86,0.91,620855,20095,13028,8,1,0,,36.0,72,0,0,,1,1,Damaged,0,,760.22,2.61,8.76,HB05_SUMATRA_GATEWAY,
SHPM002199,AWB260002199,2026-02-24 06:52:21.276818,2026-02-24 07:29:21.276818,2026-02-24 07:50:21.276818,2026-02-24 12:22:26.114030,2026-02-24 12:44:26.114030,2026-02-24 14:05:26.114030,2026-02-24 17:28:23.458779,2026-02-24 20:43:29.739769,2026-02-25 08:34:37.773326,2026-02-25 11:12:23.020435,2026-02-26 04:22:28.541153,2026-02-26 06:52:21.276818,Delivered,Closed,SHP040,Shipper 040,Marketplace,West Java,ST06_Bandung,HB01_JKT_GATEWAY,West Java,ST07_Cirebon,HB02_BDG_TRANSIT,Intra-Region,Regular,COD,CR057,Bike,0.73,0.74,0.74,455824,19330,11016,8,1,0,,22.0,48,1,0,,1,0,,0,,45.5,3.38,11.85,ST07_Cirebon,
SHPM002200,AWB260002200,2026-02-25 02:59:22.655119,2026-02-25 03:06:22.655119,2026-02-25 03:45:22.655119,2026-02-25 06:49:30.842073,2026-02-25 07:39:30.842073,2026-02-25 08:16:30.842073,2026-02-25 11:41:02.765635,2026-02-25 16:04:18.722639,2026-02-25 20:41:48.141554,2026-02-26 02:19:17.698252,2026-02-26 17:51:53.970342,2026-02-28 02:59:22.655119,Delivered,Closed,SHP021,Shipper 021,Marketplace,East Java,ST14_Kediri,HB03_SBY_GATEWAY,Jabodetabek,ST01_JKT_Central,HB01_JKT_GATEWAY,Inter-Region,Regular,COD,CR128,Bike,1.63,1.5,1.63,2009554,23335,21314,8,1,0,,50.0,72,1,0,,1,0,,0,,38.88,3.41,4.62,ST01_JKT_Central,
SHPM002201,AWB260002201,2026-02-19 01:07:08.328915,2026-02-19 01:44:08.328915,2026-02-19 02:23:08.328915,2026-02-19 09:18:46.396337,2026-02-19 10:37:46.396337,2026-02-19 12:18:46.396337,2026-02-19 18:13:16.912719,2026-02-19 20:25:06.167917,2026-02-20 01:54:05.294591,2026-02-20 19:48:55.442097,2026-02-21 05:20:31.864480,2026-02-22 01:07:08.328915,Delivered,Closed,SHP099,Shipper 099,SME,West Java,ST07_Cirebon,HB02_BDG_TRANSIT,Central Java,ST11_Yogyakarta,HB04_CTG_NATIONAL,Inter-Region,Regular,Prepaid,CR075,Bike,1.39,1.38,1.39,1295983,18255,16148,8,1,0,,79.0,72,1,0,,1,0,,0,,52.22,5.91,5.48,ST11_Yogyakarta,
SHPM002202,AWB260002202,2026-03-06 12:18:25.434397,2026-03-06 12:48:25.434397,2026-03-06 13:26:25.434397,2026-03-06 14:28:54.387255,2026-03-06 15:06:54.387255,2026-03-06 16:55:54.387255,2026-03-06 18:37:22.422887,2026-03-06 20:03:09.802080,2026-03-07 07:02:46.940191,2026-03-07 12:55:45.928860,2026-03-07 15:09:13.579136,2026-03-07 12:18:25.434397,Delivered,Closed,SHP011,Shipper 011,Enterprise,Jabodetabek,ST03_JKT_East,HB01_JKT_GATEWAY,Jabodetabek,ST03_JKT_East,HB01_JKT_GATEWAY,Intra-Region,Next Day,Prepaid,CR029,Bike,0.66,0.69,0.69,687547,23105,19346,4,1,0,,38.0,24,0,0,,1,0,,0,,26.85,1.69,10.99,ST03_JKT_East,Hub Bottleneck
SHPM002203,AWB260002203,2026-03-30 11:10:07.562531,2026-03-30 11:50:07.562531,2026-03-30 12:17:07.562531,,,,,,,,,2026-03-31 03:10:07.562531,Failed Pickup,Exception,SHP083,Shipper 083,Marketplace,Jabodetabek,ST03_JKT_East,HB01_JKT_GATEWAY,Outer Java,ST19_Denpasar,HB06_EASTERN_GATEWAY,Inter-Region,Same Day,COD,CR030,Van,2.59,2.5,2.59,1956483,42655,36997,2,0,1,Capacity Full,,16,0,0,,0,0,,0,,168.83,,,ST03_JKT_East,
SHPM002204,AWB260002204,2026-02-18 15:25:57.525286,2026-02-18 15:47:57.525286,2026-02-18 16:16:57.525286,2026-02-18 20:16:54.645481,2026-02-18 20:26:54.645481,2026-02-18 21:55:54.645481,2026-02-19 03:48:51.984397,2026-02-19 11:47:18.172041,2026-02-20 03:22:16.835250,2026-02-20 19:52:51.691101,2026-02-21 16:15:30.914485,2026-02-21 15:25:57.525286,Delivered,Closed,SHP063,Shipper 063,Enterprise,Jabodetabek,ST01_JKT_Central,HB01_JKT_GATEWAY,Outer Java,ST19_Denpasar,HB06_EASTERN_GATEWAY,Inter-Region,Regular,Prepaid,CR003,Bike,1.64,1.58,1.64,775956,19380,18109,8,1,0,,10.0,72,0,0,,1,0,,0,,72.83,5.88,15.58,ST19_Denpasar,Hub Bottleneck
SHPM002205,AWB260002205,2026-03-02 13:53:10.539196,2026-03-02 14:09:10.539196,2026-03-02 14:34:10.539196,2026-03-02 16:44:42.867056,2026-03-02 17:03:42.867056,2026-03-02 18:24:42.867056,2026-03-02 20:07:35.063242,2026-03-03 03:50:16.356247,2026-03-03 06:51:49.383934,2026-03-03 15:15:10.997231,2026-03-03 18:25:59.593864,2026-03-04 01:53:10.539196,Delivered,Closed,SHP091,Shipper 091,SME,Outer Java,ST16_Palembang,HB05_SUMATRA_GATEWAY,West Java,ST06_Bandung,HB01_JKT_GATEWAY,Inter-Region,Next Day,Prepaid,CR150,Bike,0.78,0.79,0.79,934294,23555,18850,4,1,0,,19.0,36,1,0,,1,0,,0,,28.55,1.71,3.03,ST06_Bandung,
SHPM002206,AWB260002206,2026-02-19 16:40:54.034815,2026-02-19 16:54:54.034815,2026-02-19 17:35:54.034815,2026-02-19 22:24:43.556947,2026-02-19 22:34:43.556947,2026-02-19 23:13:43.556947,2026-02-20 00:58:24.907729,2026-02-20 07:48:38.948752,2026-02-20 13:20:00.116332,2026-02-20 22:22:15.935952,2026-02-21 06:09:30.439950,2026-02-22 16:40:54.034815,Delivered,Closed,SHP010,Shipper 010,Enterprise,East Java,ST13_Malang,HB03_SBY_GATEWAY,West Java,ST06_Bandung,HB01_JKT_GATEWAY,Inter-Region,Regular,Prepaid,CR117,Van,1.95,2.13,2.13,1330938,21585,14356,8,1,0,,10.0,72,1,0,,1,0,,0,,37.48,1.74,5.52,ST06_Bandung,
SHPM002207,AWB260002207,2026-03-05 16:53:40.127853,2026-03-05 17:22:40.127853,2026-03-05 17:45:40.127853,2026-03-06 01:35:20.623191,2026-03-06 02:07:20.623191,2026-03-06 02:59:20.623191,2026-03-06 08:03:51.197555,2026-03-06 12:00:12.887031,2026-03-06 13:50:19.963107,2026-03-06 20:14:44.127305,2026-03-07 00:48:32.054533,2026-03-08 16:53:40.127853,Delivered,Closed,SHP049,Shipper 049,Enterprise,Jabodetabek,ST05_Tangerang,HB01_JKT_GATEWAY,East Java,ST14_Kediri,HB03_SBY_GATEWAY,Inter-Region,Regular,Prepaid,CR052,Bike,2.4,2.24,2.4,612912,22800,16491,8,0,0,,32.0,72,1,0,,1,0,,0,,31.91,5.08,1.84,ST14_Kediri,
SHPM002208,AWB260002208,2026-03-20 22:46:42.869788,2026-03-20 22:58:42.869788,2026-03-20 23:29:42.869788,,,,,,,,,2026-03-22 22:46:42.869788,Failed Pickup,Exception,SHP062,Shipper 062,Enterprise,Jabodetabek,ST04_Bekasi,HB01_JKT_GATEWAY,Jabodetabek,ST03_JKT_East,HB01_JKT_GATEWAY,Intra-Region,Regular,COD,CR036,Van,0.41,0.38,0.41,1178435,17845,11752,8,0,1,Shipper Not Ready,,48,0,0,,0,0,,0,,397.22,,,ST04_Bekasi,
SHPM002209,AWB260002209,2026-03-02 13:22:15.773592,2026-03-02 14:06:15.773592,2026-03-02 14:57:15.773592,2026-03-02 17:09:58.987819,2026-03-02 17:36:58.987819,2026-03-02 19:17:58.987819,2026-03-02 22:35:14.482102,2026-03-03 02:32:22.842731,2026-03-03 06:27:05.541130,2026-03-03 15:24:17.750127,2026-03-04 00:24:04.834329,2026-03-05 13:22:15.773592,Delivered,Closed,SHP046,Shipper 046,SME,East Java,ST14_Kediri,HB03_SBY_GATEWAY,Jabodetabek,ST02_JKT_West,HB01_JKT_GATEWAY,Inter-Region,Regular,Prepaid,CR130,Van,1.73,1.78,1.78,413089,20010,12104,8,1,0,,27.0,72,1,0,,1,0,,0,,35.03,3.29,3.91,ST02_JKT_West,
SHPM002210,AWB260002210,2026-03-08 19:42:24.436206,2026-03-08 19:50:24.436206,2026-03-08 20:27:24.436206,2026-03-09 00:20:08.167824,2026-03-09 01:04:08.167824,2026-03-09 01:27:08.167824,2026-03-09 04:05:30.910577,2026-03-09 06:58:01.692703,2026-03-09 15:35:45.954577,2026-03-09 22:49:26.160117,2026-03-10 15:33:04.471852,2026-03-10 19:42:24.436206,Delivered,Closed,SHP050,Shipper 050,Marketplace,Jabodetabek,ST02_JKT_West,HB01_JKT_GATEWAY,Jabodetabek,ST05_Tangerang,HB01_JKT_GATEWAY,Intra-Region,Regular,Prepaid,CR015,Bike,0.4,0.49,0.49,892661,14205,10804,8,1,0,,44.0,48,1,0,,1,0,,0,,43.84,2.64,8.63,ST05_Tangerang,
SHPM002211,AWB260002211,2026-02-17 17:46:47.037722,2026-02-17 18:00:47.037722,2026-02-17 18:25:47.037722,2026-02-17 21:01:42.695481,2026-02-17 21:34:42.695481,2026-02-17 21:52:42.695481,2026-02-17 23:39:50.697010,2026-02-18 02:01:02.142319,2026-02-18 10:32:33.112445,2026-02-18 19:02:54.783126,2026-02-19 03:02:06.984390,2026-02-19 17:46:47.037722,Delivered,Closed,SHP016,Shipper 016,Marketplace,Jabodetabek,ST02_JKT_West,HB01_JKT_GATEWAY,Jabodetabek,ST05_Tangerang,HB01_JKT_GATEWAY,Intra-Region,Regular,Prepaid,CR014,Van,1.81,1.98,1.98,410288,20910,19792,8,1,0,,33.0,48,1,0,,1,0,,0,,33.26,1.79,8.53,ST05_Tangerang,
SHPM002212,AWB260002212,2026-03-12 07:22:07.495879,2026-03-12 07:56:07.495879,2026-03-12 08:22:07.495879,2026-03-12 14:28:39.353835,2026-03-12 14:36:39.353835,2026-03-12 16:09:39.353835,2026-03-12 18:18:35.777996,2026-03-13 03:54:50.920240,2026-03-13 12:47:08.348458,2026-03-14 00:31:56.981448,2026-03-14 06:29:50.761049,2026-03-15 07:22:07.495879,Delivered,Closed,SHP029,Shipper 029,SME,Outer Java,ST18_Balikpapan,HB06_EASTERN_GATEWAY,Jabodetabek,ST02_JKT_West,HB01_JKT_GATEWAY,Inter-Region,Regular,Prepaid,CR163,Bike,0.72,0.7,0.72,586630,15240,13953,8,1,0,,8.0,72,1,0,,1,0,,0,,47.13,2.15,8.87,ST02_JKT_West,
SHPM002213,AWB260002213,2026-02-19 07:52:01.718158,2026-02-19 08:21:01.718158,2026-02-19 09:02:01.718158,2026-02-19 11:01:37.056470,2026-02-19 11:47:37.056470,2026-02-19 12:30:37.056470,2026-02-19 16:47:22.301201,2026-02-20 00:59:47.077378,2026-02-20 17:49:29.067866,2026-02-21 09:45:03.177262,2026-02-21 18:10:39.251992,2026-02-20 19:52:01.718158,Delivered,Closed,SHP070,Shipper 070,Enterprise,Jabodetabek,ST04_Bekasi,HB01_JKT_GATEWAY,Outer Java,ST16_Palembang,HB05_SUMATRA_GATEWAY,Inter-Region,Next Day,COD,CR041,Bike,0.55,0.91,0.91,1782252,28095,17383,4,1,0,,46.0,36,0,0,,1,0,,0,,58.31,4.28,16.83,ST16_Palembang,Hub Bottleneck
SHPM002214,AWB260002214,2026-03-18 11:19:28.492123,2026-03-18 11:26:28.492123,2026-03-18 12:08:28.492123,2026-03-18 14:20:26.211961,2026-03-18 14:49:26.211961,2026-03-18 15:04:26.211961,2026-03-18 19:55:09.120609,2026-03-18 23:38:15.576734,2026-03-19 16:43:49.977536,2026-03-19 22:04:50.336756,2026-03-20 19:59:05.029693,2026-03-21 11:19:28.492123,Delivered,Closed,SHP084,Shipper 084,Enterprise,Central Java,ST11_Yogyakarta,HB04_CTG_NATIONAL,Outer Java,ST20_Banjarmasin,HB06_EASTERN_GATEWAY,Inter-Region,Regular,COD,CR101,Bike,0.51,0.85,0.85,1743324,19825,14570,8,1,0,,29.0,72,1,0,,1,0,,0,,56.66,4.85,17.09,ST20_Banjarmasin,
SHPM002215,AWB260002215,2026-03-26 00:25:15.786472,2026-03-26 00:36:15.786472,2026-03-26 01:37:15.786472,2026-03-26 03:48:46.058491,2026-03-26 04:33:46.058491,2026-03-26 04:58:46.058491,2026-03-26 09:38:24.667808,2026-03-26 12:25:55.890044,2026-03-26 22:11:29.916934,2026-03-27 08:04:50.322370,2026-03-27 13:29:09.979514,2026-03-27 12:25:15.786472,Delivered,Closed,SHP076,Shipper 076,Enterprise,West Java,ST07_Cirebon,HB02_BDG_TRANSIT,Jabodetabek,ST01_JKT_Central,HB01_JKT_GATEWAY,Inter-Region,Next Day,Prepaid,CR066,Truck,2.52,2.36,2.52,2371465,31340,22350,4,1,0,,45.0,36,0,0,,1,0,,0,,37.07,4.66,9.76,ST01_JKT_Central,Last Mile Delay
SHPM002216,AWB260002216,2026-02-25 02:11:58.143815,2026-02-25 02:31:58.143815,2026-02-25 03:15:58.143815,2026-02-25 03:34:23.326516,2026-02-25 04:03:23.326516,2026-02-25 04:41:23.326516,2026-02-25 07:30:38.561107,2026-02-25 13:21:44.277992,2026-02-25 15:46:11.331754,2026-02-26 04:37:08.519083,2026-02-26 11:41:02.921968,2026-02-26 14:11:58.143815,Delivered,Closed,SHP074,Shipper 074,Enterprise,Outer Java,ST20_Banjarmasin,HB06_EASTERN_GATEWAY,Central Java,ST11_Yogyakarta,HB04_CTG_NATIONAL,Inter-Region,Next Day,Prepaid,CR182,Van,2.09,2.08,2.09,306631,29405,26417,4,1,0,,29.0,36,1,0,,1,0,,0,,33.48,2.82,2.41,ST11_Yogyakarta,
SHPM002217,AWB260002217,2026-03-28 06:45:07.369760,2026-03-28 07:04:07.369760,2026-03-28 07:34:07.369760,2026-03-28 08:46:03.872513,2026-03-28 09:45:03.872513,2026-03-28 11:18:03.872513,2026-03-28 16:09:34.689376,2026-03-28 19:47:38.318713,2026-03-29 04:40:51.442120,2026-03-29 21:13:00.921677,2026-03-29 23:55:28.666542,2026-03-28 22:45:07.369760,Delivered,Closed,SHP008,Shipper 008,SME,Outer Java,ST16_Palembang,HB05_SUMATRA_GATEWAY,Jabodetabek,ST01_JKT_Central,HB01_JKT_GATEWAY,Inter-Region,Same Day,Prepaid,CR147,Truck,2.2,2.12,2.2,1096411,36900,29655,2,1,0,,59.0,16,0,0,,1,0,,0,,41.17,4.86,8.89,ST01_JKT_Central,Last Mile Delay
SHPM002218,AWB260002218,2026-03-02 14:24:33.597128,2026-03-02 15:06:33.597128,2026-03-02 15:41:33.597128,2026-03-02 17:52:19.312606,2026-03-02 19:24:19.312606,2026-03-02 20:32:19.312606,2026-03-03 01:11:22.882538,2026-03-03 10:09:55.986661,2026-03-03 21:51:38.464009,2026-03-04 15:26:27.175949,2026-03-05 02:17:26.616985,2026-03-05 14:24:33.597128,Delivered,Closed,SHP035,Shipper 035,Enterprise,Jabodetabek,ST02_JKT_West,HB01_JKT_GATEWAY,East Java,ST13_Malang,HB03_SBY_GATEWAY,Inter-Region,Regular,Prepaid,CR018,Bike,1.32,1.44,1.44,483222,18480,15743,8,1,0,,92.0,72,1,0,,1,0,,0,,59.88,4.65,11.7,ST13_Malang,
SHPM002219,AWB260002219,2026-03-14 14:08:00.987071,2026-03-14 14:50:00.987071,2026-03-14 15:22:00.987071,2026-03-14 23:01:26.591012,2026-03-14 23:36:26.591012,2026-03-14 23:52:26.591012,2026-03-15 01:22:27.716786,2026-03-15 04:08:12.787115,2026-03-15 14:01:15.515052,2026-03-15 20:46:31.295176,2026-03-16 01:36:08.742350,2026-03-17 14:08:00.987071,Delivered,Closed,SHP058,Shipper 058,Enterprise,Jabodetabek,ST01_JKT_Central,HB01_JKT_GATEWAY,West Java,ST07_Cirebon,HB02_BDG_TRANSIT,Inter-Region,Regular,Prepaid,CR006,Van,0.74,0.83,0.83,2427179,15735,12364,8,0,0,,35.0,72,1,0,,1,0,,0,,35.47,1.5,9.88,ST07_Cirebon,
SHPM002220,AWB260002220,2026-03-13 03:07:40.051413,2026-03-13 03:46:40.051413,2026-03-13 04:13:40.051413,2026-03-13 08:03:52.219373,2026-03-13 08:46:52.219373,2026-03-13 09:29:52.219373,2026-03-13 12:19:41.339957,2026-03-13 20:52:02.217350,2026-03-14 08:37:41.924411,2026-03-14 16:39:39.580446,2026-03-15 10:24:49.104566,2026-03-16 03:07:40.051413,Delivered,Closed,SHP061,Shipper 061,Enterprise,Outer Java,ST17_Makassar,HB06_EASTERN_GATEWAY,Central Java,ST09_Semarang,HB04_CTG_NATIONAL,Inter-Region,Regular,COD,CR154,Bike,1.82,2.01,2.01,511846,25045,19862,8,1,0,,43.0,72,1,0,,1,0,,0,,55.29,2.83,11.76,ST09_Semarang,
SHPM002221,AWB260002221,2026-02-24 03:18:26.527144,2026-02-24 03:44:26.527144,2026-02-24 04:59:26.527144,2026-02-24 17:18:47.706245,2026-02-24 18:41:47.706245,2026-02-24 19:42:47.706245,2026-02-25 00:32:35.940799,2026-02-25 02:35:54.652193,2026-02-26 07:13:22.137223,2026-02-26 16:21:13.514434,2026-02-27 09:49:19.180393,2026-02-27 03:18:26.527144,Delivered,Closed,SHP068,Shipper 068,Marketplace,East Java,ST12_Surabaya,HB03_SBY_GATEWAY,Outer Java,ST19_Denpasar,HB06_EASTERN_GATEWAY,Inter-Region,Regular,Prepaid,CR113,Truck,3.75,3.99,3.99,537945,29955,20905,8,0,0,,83.0,72,0,0,,1,0,,0,,78.51,4.83,28.62,ST19_Denpasar,First Mile Delay
SHPM002222,AWB260002222,2026-02-28 15:11:41.884163,2026-02-28 15:29:41.884163,2026-02-28 15:44:41.884163,2026-02-28 16:43:29.933661,2026-02-28 17:24:29.933661,2026-02-28 19:17:29.933661,2026-02-28 22:36:08.135969,2026-03-01 01:39:17.029412,2026-03-01 20:16:48.276211,2026-03-02 07:08:47.918701,2026-03-02 15:18:02.362884,2026-03-01 07:11:41.884163,Delivered,Closed,SHP052,Shipper 052,Marketplace,Jabodetabek,ST04_Bekasi,HB01_JKT_GATEWAY,Outer Java,ST18_Balikpapan,HB06_EASTERN_GATEWAY,Inter-Region,Same Day,COD,CR042,Bike,0.43,0.46,0.46,377575,33070,28536,2,1,0,,41.0,16,0,0,,1,0,,0,,48.11,3.31,18.63,ST18_Balikpapan,Hub Bottleneck
SHPM002223,AWB260002223,2026-02-19 23:18:43.015143,2026-02-19 23:31:43.015143,2026-02-19 23:56:43.015143,2026-02-20 02:10:23.088097,2026-02-20 02:52:23.088097,2026-02-20 04:18:23.088097,2026-02-20 07:31:48.220842,2026-02-20 10:04:03.663508,2026-02-20 15:42:16.125363,2026-02-21 08:09:34.172634,2026-02-21 14:14:45.803964,2026-02-21 11:18:43.015143,Delivered,Closed,SHP097,Shipper 097,SME,Jabodetabek,ST03_JKT_East,HB01_JKT_GATEWAY,East Java,ST13_Malang,HB03_SBY_GATEWAY,Inter-Region,Next Day,Prepaid,CR023,Truck,1.09,1.16,1.16,974271,25220,19009,4,1,0,,42.0,36,0,0,,1,0,,0,,38.93,3.22,5.64,ST13_Malang,Last Mile Delay
SHPM002224,AWB260002224,2026-03-27 04:19:33.093635,2026-03-27 04:51:33.093635,2026-03-27 05:26:33.093635,2026-03-27 09:44:00.248310,2026-03-27 10:39:00.248310,2026-03-27 12:20:00.248310,2026-03-27 18:07:05.840120,2026-03-27 21:25:13.712888,2026-03-28 08:47:53.886025,2026-03-28 17:47:04.704727,2026-03-29 09:45:11.946887,2026-03-30 04:19:33.093635,Delivered,Closed,SHP070,Shipper 070,Enterprise,Jabodetabek,ST05_Tangerang,HB01_JKT_GATEWAY,West Java,ST07_Cirebon,HB02_BDG_TRANSIT,Inter-Region,Regular,Prepaid,CR052,Van,1.8,2.16,2.16,574527,21720,19995,8,1,0,,55.0,72,1,0,,1,0,,0,,53.43,5.78,11.38,ST07_Cirebon,
SHPM002225,AWB260002225,2026-03-26 10:43:42.222660,2026-03-26 10:56:42.222660,2026-03-26 11:20:42.222660,2026-03-26 19:54:26.340879,2026-03-26 20:14:26.340879,2026-03-26 21:10:26.340879,2026-03-26 23:33:10.228747,2026-03-27 09:17:02.108641,2026-03-27 13:05:49.202285,2026-03-27 23:26:52.139445,2026-03-28 17:14:15.840045,2026-03-29 10:43:42.222660,Delivered,Closed,SHP054,Shipper 054,Marketplace,West Java,ST06_Bandung,HB01_JKT_GATEWAY,East Java,ST12_Surabaya,HB03_SBY_GATEWAY,Inter-Region,Regular,Prepaid,CR059,Bike,1.26,1.27,1.27,2138405,17715,14268,8,0,0,,20.0,72,1,0,,1,0,,0,,54.51,2.38,3.81,ST12_Surabaya,
SHPM002226,AWB260002226,2026-03-22 23:47:14.895291,2026-03-22 23:59:14.895291,2026-03-23 00:26:14.895291,2026-03-23 03:49:07.477261,2026-03-23 04:05:07.477261,2026-03-23 05:35:07.477261,2026-03-23 08:05:49.728511,2026-03-23 10:19:58.064530,2026-03-24 01:28:01.499062,2026-03-24 10:50:33.239720,2026-03-25 01:28:59.147909,2026-03-24 11:47:14.895291,Delivered,Closed,SHP002,Shipper 002,Enterprise,Jabodetabek,ST01_JKT_Central,HB01_JKT_GATEWAY,Outer Java,ST20_Banjarmasin,HB06_EASTERN_GATEWAY,Inter-Region,Next Day,Prepaid,CR007,Van,0.31,0.32,0.32,611910,21440,16781,4,1,0,,16.0,36,0,0,,1,0,,0,,49.7,2.51,15.13,ST20_Banjarmasin,Hub Bottleneck
SHPM002227,AWB260002227,2026-03-22 19:13:32.657068,2026-03-22 19:25:32.657068,2026-03-22 19:40:32.657068,2026-03-22 22:03:45.590372,2026-03-22 22:22:45.590372,2026-03-22 23:12:45.590372,2026-03-23 01:47:39.069586,2026-03-23 04:24:56.624098,2026-03-23 13:53:47.405256,2026-03-23 20:39:25.580645,2026-03-24 01:01:58.260994,2026-03-25 19:13:32.657068,Delivered,Closed,SHP054,Shipper 054,Marketplace,West Java,ST06_Bandung,HB01_JKT_GATEWAY,Central Java,ST09_Semarang,HB04_CTG_NATIONAL,Inter-Region,Regular,COD,CR057,Bike,2.1,2.77,2.77,281847,28465,22910,8,1,0,,19.0,72,1,0,,1,0,,0,,29.81,2.58,9.48,ST09_Semarang,
SHPM002228,AWB260002228,2026-02-16 21:56:15.754063,2026-02-16 22:13:15.754063,2026-02-16 22:43:15.754063,2026-02-17 01:30:37.858362,2026-02-17 02:05:37.858362,2026-02-17 02:45:37.858362,2026-02-17 06:39:26.588211,2026-02-17 11:18:04.846767,2026-02-17 16:20:07.236034,2026-02-18 02:18:31.597132,2026-02-18 12:00:05.963433,2026-02-18 09:56:15.754063,Delivered,Closed,SHP089,Shipper 089,Enterprise,Central Java,ST11_Yogyakarta,HB04_CTG_NATIONAL,Jabodetabek,ST03_JKT_East,HB01_JKT_GATEWAY,Inter-Region,Next Day,Prepaid,CR104,Bike,2.58,2.74,2.74,692291,32330,24742,4,1,0,,35.0,36,0,0,,1,0,,0,,38.06,3.9,5.03,ST03_JKT_East,Last Mile Delay
SHPM002229,AWB260002229,2026-03-29 10:16:07.621758,2026-03-29 10:44:07.621758,2026-03-29 10:57:07.621758,2026-03-29 15:20:46.417035,2026-03-29 15:54:46.417035,2026-03-29 17:38:46.417035,2026-03-29 18:59:26.507122,2026-03-29 22:28:12.758984,2026-03-30 07:48:23.868263,2026-03-30 22:37:13.468532,2026-03-31 13:07:24.099390,2026-04-01 10:16:07.621758,Delivered,Closed,SHP039,Shipper 039,Marketplace,Central Java,ST10_Solo,HB04_CTG_NATIONAL,East Java,ST14_Kediri,HB03_SBY_GATEWAY,Inter-Region,Regular,COD,CR091,Bike,2.14,2.24,2.24,659072,26080,22343,8,1,0,,34.0,72,1,0,,1,0,,0,,50.85,1.34,9.34,ST14_Kediri,
SHPM002230,AWB260002230,2026-03-28 07:27:06.966320,2026-03-28 07:40:06.966320,2026-03-28 07:55:06.966320,2026-03-28 11:07:01.846018,2026-03-28 11:42:01.846018,2026-03-28 12:21:01.846018,2026-03-28 17:35:12.004014,2026-03-29 01:13:40.685679,2026-03-29 08:36:46.797280,2026-03-29 20:47:31.294077,2026-03-30 03:43:00.193378,2026-03-29 19:27:06.966320,Delivered,Closed,SHP030,Shipper 030,Enterprise,Jabodetabek,ST05_Tangerang,HB01_JKT_GATEWAY,Central Java,ST10_Solo,HB04_CTG_NATIONAL,Inter-Region,Next Day,Prepaid,CR051,Bike,0.83,1.03,1.03,709515,24635,14912,4,1,0,,35.0,36,0,0,,1,0,,0,,44.26,5.24,7.39,ST10_Solo,Last Mile Delay
SHPM002231,AWB260002231,2026-03-24 17:06:30.201861,2026-03-24 17:36:30.201861,2026-03-24 17:45:30.201861,2026-03-24 20:55:31.425574,2026-03-24 21:13:31.425574,2026-03-24 22:04:31.425574,2026-03-25 02:14:14.084151,2026-03-25 09:07:45.930238,2026-03-25 18:09:42.241444,2026-03-26 10:01:26.255945,2026-03-26 14:06:20.803402,2026-03-27 17:06:30.201861,Delivered,Closed,SHP056,Shipper 056,Enterprise,Jabodetabek,ST03_JKT_East,HB01_JKT_GATEWAY,West Java,ST07_Cirebon,HB02_BDG_TRANSIT,Inter-Region,Regular,Prepaid,CR021,Bike,0.49,0.44,0.49,809165,14205,12514,8,1,0,,18.0,72,1,0,,1,0,,0,,45.0,4.16,9.03,ST07_Cirebon,
SHPM002232,AWB260002232,2026-02-26 18:09:32.346371,2026-02-26 18:41:32.346371,2026-02-26 19:09:32.346371,2026-02-26 20:45:35.748222,2026-02-26 21:40:35.748222,2026-02-26 22:52:35.748222,2026-02-27 01:28:24.929495,2026-02-27 08:00:15.885727,2026-02-27 13:38:45.235402,2026-02-28 00:26:10.649110,2026-02-28 05:37:44.753045,2026-03-01 18:09:32.346371,Delivered,Closed,SHP058,Shipper 058,Enterprise,Jabodetabek,ST01_JKT_Central,HB01_JKT_GATEWAY,West Java,ST06_Bandung,HB01_JKT_GATEWAY,Inter-Region,Regular,Prepaid,CR002,Van,1.11,1.76,1.76,2006313,19920,13002,8,1,0,,55.0,72,1,0,,1,0,,0,,35.47,2.6,5.64,ST06_Bandung,
SHPM002233,AWB260002233,2026-02-28 04:04:59.889770,2026-02-28 04:49:59.889770,2026-02-28 05:11:59.889770,2026-02-28 09:06:18.295277,2026-02-28 10:23:18.295277,2026-02-28 11:22:18.295277,2026-02-28 14:37:32.286701,2026-02-28 15:46:34.896941,2026-03-01 02:12:28.522528,2026-03-01 09:38:04.414242,2026-03-01 18:13:53.009838,2026-03-01 04:04:59.889770,Delivered,Closed,SHP072,Shipper 072,Enterprise,Outer Java,ST19_Denpasar,HB06_EASTERN_GATEWAY,Outer Java,ST19_Denpasar,HB06_EASTERN_GATEWAY,Intra-Region,Next Day,COD,CR180,Van,2.36,2.35,2.36,718376,34620,24548,4,0,0,,77.0,24,0,0,,1,0,,0,,38.15,3.25,10.43,ST19_Denpasar,First Mile Delay
SHPM002234,AWB260002234,2026-03-27 09:05:30.109882,2026-03-27 09:45:30.109882,2026-03-27 10:38:30.109882,2026-03-27 18:02:14.036717,2026-03-27 18:28:14.036717,2026-03-27 20:23:14.036717,2026-03-27 21:27:06.064118,2026-03-28 03:30:45.772170,2026-03-28 19:01:06.971787,2026-03-29 01:48:01.397965,2026-03-29 15:22:53.327207,2026-03-30 09:05:30.109882,Delivered,Closed,SHP097,Shipper 097,SME,Jabodetabek,ST03_JKT_East,HB01_JKT_GATEWAY,Outer Java,ST19_Denpasar,HB06_EASTERN_GATEWAY,Inter-Region,Regular,Prepaid,CR030,Bike,1.37,1.47,1.47,1056883,18615,17446,8,0,0,,26.0,72,1,0,,1,0,,0,,54.29,1.06,15.51,ST19_Denpasar,
SHPM002235,AWB260002235,2026-02-23 21:57:25.534311,2026-02-23 22:40:25.534311,2026-02-23 23:03:25.534311,2026-02-24 01:10:00.531662,2026-02-24 02:18:00.531662,2026-02-24 02:37:00.531662,2026-02-24 07:44:56.365903,2026-02-24 17:36:51.936877,2026-02-24 19:49:01.133912,2026-02-25 02:13:10.305427,2026-02-25 08:50:10.230466,2026-02-26 21:57:25.534311,Delivered,Closed,SHP088,Shipper 088,SME,Outer Java,ST19_Denpasar,HB06_EASTERN_GATEWAY,Central Java,ST11_Yogyakarta,HB04_CTG_NATIONAL,Inter-Region,Regular,Prepaid,CR174,Bike,0.41,0.44,0.44,1608086,13980,7982,8,1,0,,68.0,72,1,0,,1,0,,0,,34.88,5.13,2.2,ST11_Yogyakarta,
SHPM002236,AWB260002236,2026-03-18 16:44:11.711230,2026-03-18 16:51:11.711230,2026-03-18 17:34:11.711230,2026-03-19 00:57:11.054644,2026-03-19 01:27:11.054644,2026-03-19 02:34:11.054644,2026-03-19 03:54:07.848750,2026-03-19 07:11:28.252758,2026-03-19 14:57:22.521800,2026-03-20 04:13:01.471373,2026-03-20 11:43:36.872691,2026-03-21 16:44:11.711230,Delivered,Closed,SHP039,Shipper 039,Marketplace,Central Java,ST10_Solo,HB04_CTG_NATIONAL,Jabodetabek,ST05_Tangerang,HB01_JKT_GATEWAY,Inter-Region,Regular,Prepaid,CR098,Van,2.3,2.51,2.51,1411004,23295,12901,8,0,0,,30.0,72,1,0,,1,0,,0,,42.99,1.33,7.77,ST05_Tangerang,
SHPM002237,AWB260002237,2026-03-17 16:37:11.056610,2026-03-17 17:05:11.056610,2026-03-17 17:29:11.056610,2026-03-17 18:08:18.874762,2026-03-17 18:29:18.874762,2026-03-17 19:11:18.874762,2026-03-17 20:12:27.162243,2026-03-18 03:14:04.753226,2026-03-18 13:23:41.201727,2026-03-18 23:36:02.425971,2026-03-19 15:44:07.093238,2026-03-19 04:37:11.056610,Delivered,Closed,SHP058,Shipper 058,Enterprise,Jabodetabek,ST01_JKT_Central,HB01_JKT_GATEWAY,Outer Java,ST17_Makassar,HB06_EASTERN_GATEWAY,Inter-Region,Next Day,Prepaid,CR007,Van,0.24,0.22,0.24,396180,21080,16234,4,1,0,,21.0,36,0,0,,1,0,,0,,47.12,1.02,10.16,ST17_Makassar,Hub Bottleneck
SHPM002238,AWB260002238,2026-03-23 18:53:46.882162,2026-03-23 19:23:46.882162,2026-03-23 19:52:46.882162,2026-03-24 04:14:41.572595,2026-03-24 05:28:41.572595,2026-03-24 07:24:41.572595,2026-03-24 10:16:54.865295,2026-03-24 13:33:01.392141,2026-03-24 21:12:28.715624,2026-03-25 02:38:12.296569,2026-03-25 15:02:17.432441,2026-03-26 18:53:46.882162,Delivered,Closed,SHP100,Shipper 100,Marketplace,Central Java,ST09_Semarang,HB04_CTG_NATIONAL,West Java,ST06_Bandung,HB01_JKT_GATEWAY,Inter-Region,Regular,Prepaid,CR087,Bike,1.95,3.22,3.22,1005029,26490,15048,8,0,0,,74.0,72,1,0,,1,0,,0,,44.14,2.87,7.66,ST06_Bandung,
SHPM002239,AWB260002239,2026-03-07 00:28:50.912775,2026-03-07 00:48:50.912775,2026-03-07 01:25:50.912775,2026-03-07 02:05:24.542691,2026-03-07 02:23:24.542691,2026-03-07 03:01:24.542691,2026-03-07 05:17:27.632171,2026-03-07 08:50:52.551486,2026-03-08 05:07:44.683672,2026-03-08 21:05:11.312504,2026-03-09 01:52:01.038640,2026-03-07 16:28:50.912775,Delivered,Closed,SHP058,Shipper 058,Enterprise,Jabodetabek,ST01_JKT_Central,HB01_JKT_GATEWAY,Outer Java,ST17_Makassar,HB06_EASTERN_GATEWAY,Inter-Region,Same Day,Prepaid,CR005,Bike,0.45,0.72,0.72,253446,30240,22054,2,1,0,,18.0,16,0,0,,1,0,,0,,49.39,2.27,20.28,ST17_Makassar,Hub Bottleneck
SHPM002240,AWB260002240,2026-03-09 00:59:30.468721,2026-03-09 01:25:30.468721,2026-03-09 02:06:30.468721,2026-03-09 03:18:08.056805,2026-03-09 04:00:08.056805,2026-03-09 04:58:08.056805,2026-03-09 10:44:54.437985,2026-03-09 14:16:11.401480,2026-03-09 17:59:07.737703,2026-03-10 00:03:00.124794,2026-03-10 10:55:45.290189,2026-03-10 12:59:30.468721,Delivered,Closed,SHP096,Shipper 096,Marketplace,Jabodetabek,ST02_JKT_West,HB01_JKT_GATEWAY,West Java,ST07_Cirebon,HB02_BDG_TRANSIT,Inter-Region,Next Day,COD,CR018,Bike,1.69,1.71,1.71,1077281,31695,22757,4,1,0,,42.0,36,1,0,,1,0,,0,,33.94,5.78,3.72,ST07_Cirebon,
SHPM002241,AWB260002241,2026-03-28 14:33:32.126037,2026-03-28 14:44:32.126037,2026-03-28 15:13:32.126037,2026-03-28 19:57:13.840463,2026-03-28 20:27:13.840463,2026-03-28 22:11:13.840463,2026-03-29 03:09:19.137899,2026-03-29 06:15:22.205625,2026-03-29 08:24:30.506146,2026-03-29 21:35:52.442166,2026-03-30 14:00:25.384384,2026-03-31 14:33:32.126037,Delivered,Closed,SHP094,Shipper 094,SME,Outer Java,ST15_Medan,HB05_SUMATRA_GATEWAY,East Java,ST12_Surabaya,HB03_SBY_GATEWAY,Inter-Region,Regular,Prepaid,CR139,Bike,3.4,3.46,3.46,1464811,27570,21106,8,1,0,,30.0,72,1,0,,1,0,,0,,47.45,4.97,2.15,ST12_Surabaya,
SHPM002242,AWB260002242,2026-02-28 22:07:11.731079,2026-02-28 22:38:11.731079,2026-02-28 23:26:11.731079,2026-03-01 02:50:54.677459,2026-03-01 03:58:54.677459,2026-03-01 05:11:54.677459,2026-03-01 08:26:59.529782,2026-03-01 15:32:48.817381,2026-03-02 09:35:18.775157,2026-03-03 02:54:11.020053,2026-03-03 15:54:02.909870,2026-03-03 22:07:11.731079,Delivered,Closed,SHP031,Shipper 031,SME,East Java,ST13_Malang,HB03_SBY_GATEWAY,Jabodetabek,ST01_JKT_Central,HB01_JKT_GATEWAY,Inter-Region,Regular,Prepaid,CR115,Van,2.25,2.32,2.32,2603278,22440,17817,8,1,0,,68.0,72,1,0,,1,0,,0,,65.78,3.25,18.04,ST01_JKT_Central,
SHPM002243,AWB260002243,2026-03-06 18:01:33.747671,2026-03-06 18:30:33.747671,2026-03-06 18:59:33.747671,2026-03-06 21:48:16.961149,2026-03-06 22:31:16.961149,2026-03-06 23:21:16.961149,2026-03-07 01:03:07.319621,2026-03-07 05:34:50.706626,2026-03-07 13:49:09.005617,2026-03-08 04:18:11.632624,2026-03-08 13:17:44.290253,2026-03-08 06:01:33.747671,Delivered,Closed,SHP074,Shipper 074,Enterprise,Outer Java,ST15_Medan,HB05_SUMATRA_GATEWAY,Jabodetabek,ST03_JKT_East,HB01_JKT_GATEWAY,Inter-Region,Next Day,Prepaid,CR143,Bike,1.19,1.36,1.36,589516,26120,24458,4,1,0,,43.0,36,0,0,,1,0,,0,,43.27,1.7,8.24,ST03_JKT_East,Last Mile Delay
SHPM002244,AWB260002244,2026-03-23 04:47:13.043589,2026-03-23 05:28:13.043589,2026-03-23 05:37:13.043589,2026-03-23 07:52:22.854858,2026-03-23 08:07:22.854858,2026-03-23 09:13:22.854858,2026-03-23 10:45:11.270508,2026-03-23 13:22:07.983268,2026-03-23 16:47:18.964388,2026-03-24 09:08:59.465843,2026-03-24 20:46:18.043401,2026-03-26 04:47:13.043589,Delivered,Closed,SHP074,Shipper 074,Enterprise,Outer Java,ST16_Palembang,HB05_SUMATRA_GATEWAY,West Java,ST07_Cirebon,HB02_BDG_TRANSIT,Inter-Region,Regular,COD,CR151,Van,2.12,2.28,2.28,949959,26260,18348,8,1,0,,15.0,72,1,0,,1,0,,0,,39.98,1.53,3.42,ST07_Cirebon,
SHPM002245,AWB260002245,2026-03-05 05:00:05.570337,2026-03-05 05:11:05.570337,2026-03-05 05:38:05.570337,2026-03-05 09:09:52.323600,2026-03-05 09:38:52.323600,2026-03-05 11:24:52.323600,2026-03-05 12:59:38.069824,2026-03-05 16:17:38.857485,2026-03-05 21:55:05.553960,2026-03-06 00:57:39.727132,2026-03-06 14:07:05.395112,2026-03-07 05:00:05.570337,Delivered,Closed,SHP002,Shipper 002,Enterprise,Jabodetabek,ST01_JKT_Central,HB01_JKT_GATEWAY,Jabodetabek,ST04_Bekasi,HB01_JKT_GATEWAY,Intra-Region,Regular,Prepaid,CR009,Bike,3.05,3.32,3.32,866874,26940,18901,8,1,0,,29.0,48,1,0,,1,0,,0,,33.12,1.58,5.62,ST04_Bekasi,
SHPM002246,AWB260002246,2026-03-31 06:42:08.961902,2026-03-31 07:22:08.961902,2026-03-31 07:43:08.961902,2026-03-31 11:15:55.664989,2026-03-31 11:27:55.664989,2026-03-31 12:58:55.664989,2026-03-31 17:05:53.101223,2026-04-01 02:37:05.000255,2026-04-01 05:26:46.664620,2026-04-01 12:40:27.226868,2026-04-01 21:00:59.462512,2026-04-01 18:42:08.961902,Delivered,Closed,SHP014,Shipper 014,Enterprise,Jabodetabek,ST05_Tangerang,HB01_JKT_GATEWAY,East Java,ST13_Malang,HB03_SBY_GATEWAY,Inter-Region,Next Day,Prepaid,CR045,Truck,1.32,1.28,1.32,1191725,25940,21149,4,1,0,,12.0,36,0,0,,1,0,,0,,38.31,4.12,2.83,ST13_Malang,Last Mile Delay
SHPM002247,AWB260002247,2026-02-25 11:53:36.380027,2026-02-25 12:18:36.380027,2026-02-25 13:03:36.380027,2026-02-25 19:52:53.816496,2026-02-25 20:31:53.816496,2026-02-25 21:43:53.816496,2026-02-25 22:53:58.878474,2026-02-26 06:28:53.994297,2026-02-26 21:35:21.326131,2026-02-27 13:34:38.428594,2026-02-28 09:19:58.012233,2026-02-28 11:53:36.380027,Delivered,Closed,SHP083,Shipper 083,Marketplace,Jabodetabek,ST03_JKT_East,HB01_JKT_GATEWAY,Outer Java,ST18_Balikpapan,HB06_EASTERN_GATEWAY,Inter-Region,Regular,Prepaid,CR021,Bike,0.69,0.98,0.98,2250085,16410,12662,8,1,0,,39.0,72,1,0,,1,0,,0,,69.44,1.17,15.11,ST18_Balikpapan,
SHPM002248,AWB260002248,2026-03-12 01:38:52.136649,2026-03-12 02:00:52.136649,2026-03-12 02:12:52.136649,2026-03-12 05:31:23.542991,2026-03-12 05:48:23.542991,2026-03-12 07:07:23.542991,2026-03-12 11:14:26.350775,2026-03-12 15:19:22.966028,2026-03-13 01:23:04.037878,2026-03-13 13:56:02.585279,2026-03-14 06:59:28.748459,2026-03-15 01:38:52.136649,Delivered,Closed,SHP070,Shipper 070,Enterprise,Jabodetabek,ST04_Bekasi,HB01_JKT_GATEWAY,East Java,ST13_Malang,HB03_SBY_GATEWAY,Inter-Region,Regular,COD,CR038,Bike,0.84,0.82,0.84,739764,19780,13685,8,1,0,,17.0,72,1,0,,1,0,,0,,53.34,4.12,10.06,ST13_Malang,
SHPM002249,AWB260002249,2026-03-26 09:58:20.075492,2026-03-26 10:06:20.075492,2026-03-26 10:48:20.075492,2026-03-26 13:16:08.589041,2026-03-26 13:24:08.589041,2026-03-26 15:01:08.589041,2026-03-26 17:52:54.539646,2026-03-26 20:51:13.167079,2026-03-27 05:39:26.719236,2026-03-27 09:58:11.206179,2026-03-27 14:41:20.794574,2026-03-27 09:58:20.075492,Delivered,Closed,SHP016,Shipper 016,Marketplace,Jabodetabek,ST03_JKT_East,HB01_JKT_GATEWAY,Jabodetabek,ST02_JKT_West,HB01_JKT_GATEWAY,Intra-Region,Next Day,COD,CR029,Bike,3.26,3.45,3.45,480036,39525,34272,4,1,0,,8.0,24,0,0,,1,0,,0,,28.72,2.86,8.8,ST02_JKT_West,Last Mile Delay
SHPM002250,AWB260002250,2026-03-07 10:14:39.502843,2026-03-07 10:33:39.502843,2026-03-07 11:42:39.502843,2026-03-07 20:57:35.579384,2026-03-07 21:53:35.579384,2026-03-07 23:03:35.579384,2026-03-08 03:17:56.546335,2026-03-08 07:25:24.188462,2026-03-08 21:27:54.424295,2026-03-09 05:22:06.418871,2026-03-09 15:39:37.622796,2026-03-10 10:14:39.502843,Delivered,Closed,SHP031,Shipper 031,SME,East Java,ST12_Surabaya,HB03_SBY_GATEWAY,West Java,ST08_Bogor,HB01_JKT_GATEWAY,Inter-Region,Regular,Prepaid,CR112,Bike,0.71,0.77,0.77,1468746,15465,12319,8,0,0,,56.0,72,1,0,,1,0,,0,,53.42,4.24,14.04,ST08_Bogor,
SHPM002251,AWB260002251,2026-02-16 17:58:09.701996,2026-02-16 18:11:09.701996,2026-02-16 18:42:09.701996,2026-02-16 20:13:06.335742,2026-02-16 20:21:06.335742,2026-02-16 21:59:06.335742,2026-02-17 00:08:28.809969,2026-02-17 02:17:19.985826,2026-02-17 05:34:11.720646,2026-02-17 17:44:39.579859,,2026-02-18 05:58:09.701996,Delivery Exception,Exception,SHP005,Shipper 005,Enterprise,Central Java,ST09_Semarang,HB04_CTG_NATIONAL,Jabodetabek,ST04_Bekasi,HB01_JKT_GATEWAY,Inter-Region,Next Day,Prepaid,CR089,Bike,1.14,1.07,1.14,1031866,25130,22351,4,1,0,,8.0,36,0,1,Customer Reschedule,3,0,,0,,1170.03,2.16,3.28,ST04_Bekasi,Delivery Exception
SHPM002252,AWB260002252,2026-03-31 08:59:11.738415,2026-03-31 09:31:11.738415,2026-03-31 10:32:11.738415,2026-03-31 20:22:38.211427,2026-03-31 21:40:38.211427,2026-03-31 22:00:38.211427,2026-04-01 06:39:17.805088,2026-04-01 15:47:35.098334,2026-04-02 23:41:16.948341,2026-04-03 16:59:29.594987,2026-04-04 06:36:07.614646,2026-04-03 08:59:11.738415,Delivered,Closed,SHP055,Shipper 055,Marketplace,East Java,ST12_Surabaya,HB03_SBY_GATEWAY,Outer Java,ST17_Makassar,HB06_EASTERN_GATEWAY,Inter-Region,Regular,Prepaid,CR108,Truck,0.41,0.4,0.41,675381,13845,11858,8,0,0,,78.0,72,0,0,,1,0,,0,,93.62,8.64,31.89,ST17_Makassar,First Mile Delay
SHPM002253,AWB260002253,2026-02-24 06:33:07.839495,2026-02-24 06:51:07.839495,2026-02-24 07:22:07.839495,2026-02-24 11:47:22.282408,2026-02-24 11:55:22.282408,2026-02-24 12:19:22.282408,2026-02-24 18:12:31.006175,2026-02-25 03:57:36.264876,2026-02-25 08:44:33.302688,2026-02-25 18:10:11.988397,2026-02-26 01:51:54.570714,2026-02-27 06:33:07.839495,Delivered,Closed,SHP075,Shipper 075,Marketplace,Outer Java,ST17_Makassar,HB06_EASTERN_GATEWAY,Central Java,ST10_Solo,HB04_CTG_NATIONAL,Inter-Region,Regular,Prepaid,CR154,Bike,1.6,1.46,1.6,223045,19200,16724,8,1,0,,8.0,72,1,0,,1,0,,0,,43.31,5.89,4.78,ST10_Solo,
SHPM002254,AWB260002254,2026-03-15 16:18:16.536448,2026-03-15 16:41:16.536448,2026-03-15 17:11:16.536448,2026-03-15 20:48:47.792950,2026-03-15 21:15:47.792950,2026-03-15 21:57:47.792950,2026-03-15 23:28:37.346595,2026-03-16 07:32:59.243100,2026-03-16 14:06:59.330689,2026-03-16 22:11:03.789174,2026-03-17 01:45:25.975748,2026-03-17 04:18:16.536448,Delivered,Closed,SHP071,Shipper 071,Enterprise,Jabodetabek,ST04_Bekasi,HB01_JKT_GATEWAY,Central Java,ST10_Solo,HB04_CTG_NATIONAL,Inter-Region,Next Day,COD,CR041,Truck,0.83,0.87,0.87,635574,27915,24762,4,0,0,,27.0,36,1,0,,1,0,,0,,33.45,1.51,6.57,ST10_Solo,
SHPM002255,AWB260002255,2026-02-20 00:49:31.578274,2026-02-20 01:31:31.578274,2026-02-20 02:07:31.578274,2026-02-20 06:49:07.360133,2026-02-20 07:44:07.360133,2026-02-20 08:44:07.360133,2026-02-20 13:05:47.454386,2026-02-20 18:52:21.093040,2026-02-21 06:48:06.838686,2026-02-21 19:17:00.791542,,2026-02-23 00:49:31.578274,Return To Sender,RTS,SHP076,Shipper 076,Enterprise,West Java,ST06_Bandung,HB01_JKT_GATEWAY,Outer Java,ST15_Medan,HB05_SUMATRA_GATEWAY,Inter-Region,Regular,Prepaid,CR057,Bike,2.28,2.16,2.28,1126746,22260,18833,8,1,0,,55.0,72,0,1,Customer Not Home,2,0,,1,Customer Not Home,1091.17,4.36,11.93,ST15_Medan,Hub Bottleneck
SHPM002256,AWB260002256,2026-03-23 20:20:03.305352,2026-03-23 20:35:03.305352,2026-03-23 21:10:03.305352,2026-03-23 22:02:25.748343,2026-03-23 22:19:25.748343,2026-03-23 22:34:25.748343,2026-03-24 01:25:31.206576,2026-03-24 08:41:46.619501,2026-03-24 16:28:54.285086,2026-03-25 04:26:34.624331,2026-03-25 15:07:59.482926,2026-03-25 08:20:03.305352,Delivered,Closed,SHP010,Shipper 010,Enterprise,East Java,ST13_Malang,HB03_SBY_GATEWAY,West Java,ST06_Bandung,HB01_JKT_GATEWAY,Inter-Region,Next Day,COD,CR119,Bike,0.31,0.29,0.31,193025,25395,18479,4,1,0,,17.0,36,0,0,,1,0,,0,,42.8,2.85,7.79,ST06_Bandung,Last Mile Delay
SHPM002257,AWB260002257,2026-03-16 19:44:53.685141,2026-03-16 19:59:53.685141,2026-03-16 20:27:53.685141,2026-03-17 02:33:02.459454,2026-03-17 02:55:02.459454,2026-03-17 04:15:02.459454,2026-03-17 08:05:53.850386,2026-03-17 17:06:38.817833,2026-03-17 23:36:56.152075,2026-03-18 05:20:22.398601,2026-03-18 12:57:25.134578,2026-03-19 19:44:53.685141,Delivered,Closed,SHP029,Shipper 029,SME,Outer Java,ST18_Balikpapan,HB06_EASTERN_GATEWAY,East Java,ST13_Malang,HB03_SBY_GATEWAY,Inter-Region,Regular,Prepaid,CR172,Bike,0.48,0.62,0.62,728178,14790,12459,8,1,0,,22.0,72,1,0,,1,0,,0,,41.21,3.85,6.5,ST13_Malang,
SHPM002258,AWB260002258,2026-03-29 10:47:38.325335,2026-03-29 11:20:38.325335,2026-03-29 11:58:38.325335,2026-03-29 13:40:32.970192,2026-03-29 14:29:32.970192,2026-03-29 15:04:32.970192,2026-03-29 18:30:00.498611,2026-03-30 01:56:26.099016,2026-03-30 05:40:55.006670,2026-03-30 14:58:17.945822,2026-03-30 17:44:51.402090,2026-03-30 22:47:38.325335,Delivered,Closed,SHP071,Shipper 071,Enterprise,Jabodetabek,ST04_Bekasi,HB01_JKT_GATEWAY,West Java,ST08_Bogor,HB01_JKT_GATEWAY,Inter-Region,Next Day,Prepaid,CR037,Van,1.27,1.25,1.27,574934,25715,15801,4,1,0,,49.0,36,1,0,,1,0,,0,,30.95,3.42,3.74,ST08_Bogor,
SHPM002259,AWB260002259,2026-02-15 16:15:01.275898,2026-02-15 16:53:01.275898,2026-02-15 17:16:01.275898,2026-02-16 01:08:42.581685,2026-02-16 01:42:42.581685,2026-02-16 02:07:42.581685,2026-02-16 06:51:57.853771,2026-02-16 13:50:10.059650,2026-02-17 00:01:52.845228,2026-02-17 06:20:26.396251,2026-02-17 16:35:45.840711,2026-02-18 16:15:01.275898,Delivered,Closed,SHP099,Shipper 099,SME,West Java,ST08_Bogor,HB01_JKT_GATEWAY,East Java,ST12_Surabaya,HB03_SBY_GATEWAY,Inter-Region,Regular,Prepaid,CR082,Bike,1.57,1.63,1.63,729160,19335,15886,8,0,0,,34.0,72,1,0,,1,0,,0,,48.35,4.74,10.2,ST12_Surabaya,
SHPM002260,AWB260002260,2026-03-24 01:36:20.974532,2026-03-24 02:19:20.974532,2026-03-24 02:35:20.974532,2026-03-24 05:20:27.459118,2026-03-24 05:38:27.459118,2026-03-24 06:56:27.459118,2026-03-24 11:51:11.644936,2026-03-24 20:09:09.182770,2026-03-24 23:42:55.048578,2026-03-25 11:07:01.482619,2026-03-25 15:01:20.518544,2026-03-25 13:36:20.974532,Delivered,Closed,SHP074,Shipper 074,Enterprise,Outer Java,ST15_Medan,HB05_SUMATRA_GATEWAY,East Java,ST13_Malang,HB03_SBY_GATEWAY,Inter-Region,Next Day,Prepaid,CR140,Van,0.97,1.37,1.37,1121679,26165,15461,4,1,0,,18.0,36,0,0,,1,0,,0,,37.42,4.91,3.56,ST13_Malang,Last Mile Delay
SHPM002261,AWB260002261,2026-03-28 12:49:38.943499,2026-03-28 13:34:38.943499,2026-03-28 14:03:38.943499,2026-03-28 16:07:01.775958,2026-03-28 16:43:01.775958,2026-03-28 17:27:01.775958,2026-03-28 20:12:10.505498,2026-03-28 23:52:58.907436,2026-03-29 11:37:14.181730,2026-03-30 05:09:09.029240,2026-03-30 16:20:42.564231,2026-03-31 12:49:38.943499,Delivered,Closed,SHP074,Shipper 074,Enterprise,Outer Java,ST15_Medan,HB05_SUMATRA_GATEWAY,West Java,ST06_Bandung,HB01_JKT_GATEWAY,Inter-Region,Regular,Prepaid,CR138,Van,1.26,1.18,1.26,1822643,17670,14938,8,1,0,,36.0,72,1,0,,1,0,,0,,51.52,2.75,11.74,ST06_Bandung,
SHPM002262,AWB260002262,2026-02-20 08:20:16.464725,2026-02-20 08:41:16.464725,2026-02-20 08:55:16.464725,2026-02-20 14:07:15.393200,2026-02-20 14:59:15.393200,2026-02-20 15:42:15.393200,2026-02-20 18:55:07.032625,2026-02-20 21:19:00.342015,2026-02-21 00:13:54.566975,2026-02-21 11:36:10.048016,,2026-02-23 08:20:16.464725,Delivery Exception,Exception,SHP030,Shipper 030,Enterprise,Jabodetabek,ST04_Bekasi,HB01_JKT_GATEWAY,Outer Java,ST17_Makassar,HB06_EASTERN_GATEWAY,Inter-Region,Regular,Prepaid,CR033,Bike,4.71,5.42,5.42,550953,36390,31805,8,1,0,,52.0,72,0,1,Remote Area Delay,1,0,,0,,1083.66,3.21,2.92,ST17_Makassar,Delivery Exception
SHPM002263,AWB260002263,2026-02-25 11:57:33.284427,2026-02-25 12:26:33.284427,2026-02-25 12:47:33.284427,2026-02-25 15:51:31.706513,2026-02-25 16:02:31.706513,2026-02-25 16:45:31.706513,2026-02-25 20:00:11.890877,2026-02-26 02:20:32.906823,2026-02-26 06:27:31.555298,2026-02-26 14:21:14.791204,2026-02-26 21:12:20.237239,2026-02-28 11:57:33.284427,Delivered,Closed,SHP084,Shipper 084,Enterprise,Central Java,ST11_Yogyakarta,HB04_CTG_NATIONAL,Jabodetabek,ST04_Bekasi,HB01_JKT_GATEWAY,Inter-Region,Regular,Prepaid,CR104,Bike,0.84,1.32,1.32,1313629,17940,12939,8,1,0,,11.0,72,1,0,,1,0,,0,,33.25,3.24,4.12,ST04_Bekasi,
SHPM002264,AWB260002264,2026-03-09 10:15:36.165293,2026-03-09 10:36:36.165293,2026-03-09 11:00:36.165293,2026-03-09 23:13:25.710819,2026-03-10 00:07:25.710819,2026-03-10 00:25:25.710819,2026-03-10 06:20:35.450284,2026-03-10 16:05:16.465583,2026-03-11 10:48:36.466234,2026-03-11 23:50:50.334391,2026-03-12 17:08:52.074406,2026-03-12 10:15:36.165293,Delivered,Closed,SHP060,Shipper 060,Enterprise,East Java,ST12_Surabaya,HB03_SBY_GATEWAY,Jabodetabek,ST04_Bekasi,HB01_JKT_GATEWAY,Inter-Region,Regular,COD,CR112,Van,0.55,0.57,0.57,1110927,18565,13506,8,0,0,,54.0,72,0,0,,1,0,,0,,78.89,5.92,18.72,ST04_Bekasi,First Mile Delay
SHPM002265,AWB260002265,2026-03-14 09:51:38.946182,2026-03-14 10:28:38.946182,2026-03-14 10:58:38.946182,2026-03-14 12:34:28.656843,2026-03-14 13:17:28.656843,2026-03-14 13:46:28.656843,2026-03-14 16:01:31.781083,2026-03-15 00:18:31.593142,2026-03-15 10:13:15.825816,2026-03-16 02:57:31.521979,2026-03-16 09:08:52.013081,2026-03-15 21:51:38.946182,Delivered,Closed,SHP051,Shipper 051,Marketplace,Outer Java,ST19_Denpasar,HB06_EASTERN_GATEWAY,West Java,ST07_Cirebon,HB02_BDG_TRANSIT,Inter-Region,Next Day,Prepaid,CR179,Van,3.78,6.07,6.07,1502440,47315,35501,4,1,0,,43.0,36,0,0,,1,0,,0,,47.29,2.25,9.91,ST07_Cirebon,Last Mile Delay
SHPM002266,AWB260002266,2026-02-24 15:54:10.843287,2026-02-24 16:21:10.843287,2026-02-24 16:49:10.843287,2026-02-24 21:35:01.967275,2026-02-24 22:12:01.967275,2026-02-24 23:12:01.967275,2026-02-25 01:15:35.522528,2026-02-25 09:42:16.509180,2026-02-25 18:54:27.232041,2026-02-26 12:33:50.485899,2026-02-27 03:53:12.672124,2026-02-27 15:54:10.843287,Delivered,Closed,SHP014,Shipper 014,Enterprise,Jabodetabek,ST04_Bekasi,HB01_JKT_GATEWAY,East Java,ST12_Surabaya,HB03_SBY_GATEWAY,Inter-Region,Regular,Prepaid,CR041,Van,2.32,3.93,3.93,1179462,29685,19797,8,1,0,,37.0,72,1,0,,1,0,,0,,59.98,2.06,9.2,ST12_Surabaya,
SHPM002267,AWB260002267,2026-02-25 04:42:43.644970,2026-02-25 04:55:43.644970,2026-02-25 05:28:43.644970,2026-02-25 07:16:04.740133,2026-02-25 07:54:04.740133,2026-02-25 09:16:04.740133,2026-02-25 14:15:56.743766,2026-02-25 17:05:53.301922,2026-02-26 02:00:37.668449,2026-02-26 08:44:44.588318,2026-02-26 13:42:26.812122,2026-02-25 20:42:43.644970,Delivered,Closed,SHP029,Shipper 029,SME,Outer Java,ST18_Balikpapan,HB06_EASTERN_GATEWAY,Jabodetabek,ST01_JKT_Central,HB01_JKT_GATEWAY,Inter-Region,Same Day,COD,CR169,Van,1.64,1.61,1.64,2183568,38380,35353,2,0,0,,38.0,16,0,0,,1,0,,0,,33.0,5.0,8.91,ST01_JKT_Central,First Mile Delay
SHPM002268,AWB260002268,2026-03-13 21:38:45.054166,2026-03-13 22:07:45.054166,2026-03-13 22:30:45.054166,2026-03-14 05:45:05.870885,2026-03-14 05:53:05.870885,2026-03-14 07:14:05.870885,2026-03-14 11:37:33.443100,2026-03-14 16:48:13.624594,2026-03-14 19:57:53.993244,2026-03-15 04:36:20.364953,2026-03-15 12:51:30.758839,2026-03-16 21:38:45.054166,Delivered,Closed,SHP079,Shipper 079,Marketplace,East Java,ST13_Malang,HB03_SBY_GATEWAY,Jabodetabek,ST02_JKT_West,HB01_JKT_GATEWAY,Inter-Region,Regular,Prepaid,CR120,Bike,1.79,1.97,1.97,2691478,20865,16163,8,1,0,,8.0,72,1,0,,1,0,,0,,39.21,4.39,3.16,ST02_JKT_West,
SHPM002269,AWB260002269,2026-03-23 00:16:06.542864,2026-03-23 00:27:06.542864,2026-03-23 00:47:06.542864,2026-03-23 03:31:01.289955,2026-03-23 04:26:01.289955,2026-03-23 04:41:01.289955,2026-03-23 09:19:22.294347,2026-03-23 12:28:54.964197,2026-03-24 06:39:43.620333,2026-03-24 19:59:03.698317,2026-03-25 09:59:06.678367,2026-03-26 00:16:06.542864,Delivered,Closed,SHP006,Shipper 006,Marketplace,East Java,ST14_Kediri,HB03_SBY_GATEWAY,Jabodetabek,ST02_JKT_West,HB01_JKT_GATEWAY,Inter-Region,Regular,Prepaid,CR131,Truck,0.64,0.65,0.65,2028927,14925,8531,8,1,0,,55.0,72,1,0,,1,0,,0,,57.72,4.64,18.18,ST02_JKT_West,
SHPM002270,AWB260002270,2026-03-01 22:14:51.181149,2026-03-01 22:44:51.181149,2026-03-01 23:17:51.181149,2026-03-02 03:03:40.811264,2026-03-02 03:46:40.811264,2026-03-02 05:40:40.811264,2026-03-02 11:35:49.998909,2026-03-02 15:23:47.267314,2026-03-03 02:06:39.610169,2026-03-03 09:01:07.463159,2026-03-03 18:34:58.056669,2026-03-03 10:14:51.181149,Delivered,Closed,SHP046,Shipper 046,SME,East Java,ST14_Kediri,HB03_SBY_GATEWAY,Jabodetabek,ST03_JKT_East,HB01_JKT_GATEWAY,Inter-Region,Next Day,COD,CR126,Van,0.79,0.82,0.82,739388,27690,21012,4,0,0,,43.0,36,0,0,,1,0,,0,,44.34,5.92,10.71,ST03_JKT_East,First Mile Delay
SHPM002271,AWB260002271,2026-03-31 00:35:40.730014,2026-03-31 00:48:40.730014,2026-03-31 01:17:40.730014,2026-03-31 02:47:43.609640,2026-03-31 03:21:43.609640,2026-03-31 05:10:43.609640,2026-03-31 10:23:39.884303,2026-03-31 16:31:04.725500,2026-03-31 20:32:05.210164,2026-04-01 06:04:22.637882,2026-04-01 12:57:24.088845,2026-04-01 12:35:40.730014,Delivered,Closed,SHP084,Shipper 084,Enterprise,Central Java,ST11_Yogyakarta,HB04_CTG_NATIONAL,East Java,ST12_Surabaya,HB03_SBY_GATEWAY,Inter-Region,Next Day,COD,CR102,Bike,1.29,1.75,1.75,600802,31875,21320,4,1,0,,34.0,36,0,0,,1,0,,0,,36.36,5.22,4.02,ST12_Surabaya,Last Mile Delay
SHPM002272,AWB260002272,2026-03-08 16:39:50.715419,2026-03-08 17:20:50.715419,2026-03-08 17:31:50.715419,,,,,,,,,2026-03-10 04:39:50.715419,Failed Pickup,Exception,SHP027,Shipper 027,SME,Jabodetabek,ST03_JKT_East,HB01_JKT_GATEWAY,Outer Java,ST16_Palembang,HB05_SUMATRA_GATEWAY,Inter-Region,Next Day,Prepaid,CR029,Truck,1.45,2.34,2.34,300192,30530,27405,4,0,1,Schedule Miss,,36,0,0,,0,0,,0,,691.34,,,ST03_JKT_East,
SHPM002273,AWB260002273,2026-03-25 22:17:43.823488,2026-03-25 22:31:43.823488,2026-03-25 23:18:43.823488,2026-03-26 02:41:32.297803,2026-03-26 03:11:32.297803,2026-03-26 04:21:32.297803,2026-03-26 07:37:06.823641,2026-03-26 09:33:12.107134,2026-03-26 14:57:35.499761,2026-03-26 23:37:10.068261,2026-03-27 03:00:15.890951,2026-03-26 22:17:43.823488,Delivered,Closed,SHP049,Shipper 049,Enterprise,Jabodetabek,ST05_Tangerang,HB01_JKT_GATEWAY,Jabodetabek,ST03_JKT_East,HB01_JKT_GATEWAY,Intra-Region,Next Day,Prepaid,CR047,Truck,0.43,0.39,0.43,1018657,21935,14755,4,0,0,,30.0,24,0,0,,1,0,,0,,28.71,3.26,5.41,ST03_JKT_East,First Mile Delay
SHPM002274,AWB260002274,2026-03-01 01:36:51.215257,2026-03-01 01:56:51.215257,2026-03-01 02:28:51.215257,2026-03-01 05:02:23.082734,2026-03-01 06:10:23.082734,2026-03-01 08:10:23.082734,2026-03-01 12:26:46.272740,2026-03-01 17:10:53.438474,2026-03-02 04:26:17.881928,2026-03-02 13:35:32.279570,2026-03-02 20:09:00.077273,2026-03-02 13:36:51.215257,Delivered,Closed,SHP029,Shipper 029,SME,Outer Java,ST18_Balikpapan,HB06_EASTERN_GATEWAY,West Java,ST08_Bogor,HB01_JKT_GATEWAY,Inter-Region,Next Day,Prepaid,CR167,Van,1.27,1.69,1.69,1971935,27605,19953,4,1,0,,68.0,36,0,0,,1,0,,0,,42.54,4.27,11.26,ST08_Bogor,Hub Bottleneck
SHPM002275,AWB260002275,2026-03-21 14:48:00.369600,2026-03-21 14:57:00.369600,2026-03-21 15:40:00.369600,2026-03-21 19:06:54.569143,2026-03-21 19:43:54.569143,2026-03-21 20:45:54.569143,2026-03-21 23:50:28.986010,2026-03-22 05:11:19.931399,2026-03-22 10:29:18.521128,2026-03-22 17:50:17.779974,2026-03-23 09:46:36.437769,2026-03-23 02:48:00.369600,Delivered,Closed,SHP042,Shipper 042,Marketplace,Jabodetabek,ST03_JKT_East,HB01_JKT_GATEWAY,Outer Java,ST17_Makassar,HB06_EASTERN_GATEWAY,Inter-Region,Next Day,COD,CR019,Van,0.72,0.82,0.82,1129892,27690,16072,4,0,0,,37.0,36,0,0,,1,0,,0,,42.98,3.08,5.3,ST17_Makassar,First Mile Delay
SHPM002276,AWB260002276,2026-02-19 10:15:05.970060,2026-02-19 10:59:05.970060,2026-02-19 12:01:05.970060,2026-02-19 17:31:28.570206,2026-02-19 17:39:28.570206,2026-02-19 19:28:28.570206,2026-02-20 01:24:03.027190,2026-02-20 05:49:58.227927,2026-02-20 16:26:52.141620,2026-02-21 02:59:03.251653,2026-02-21 18:07:24.454499,2026-02-22 10:15:05.970060,Delivered,Closed,SHP089,Shipper 089,Enterprise,Central Java,ST11_Yogyakarta,HB04_CTG_NATIONAL,East Java,ST13_Malang,HB03_SBY_GATEWAY,Inter-Region,Regular,Prepaid,CR105,Truck,1.16,1.33,1.33,769887,17985,16365,8,1,0,,8.0,72,1,0,,1,0,,0,,55.87,5.93,10.61,ST13_Malang,
SHPM002277,AWB260002277,2026-03-15 12:54:43.143137,2026-03-15 13:27:43.143137,2026-03-15 14:01:43.143137,,,,,,,,,2026-03-17 00:54:43.143137,Failed Pickup,Exception,SHP060,Shipper 060,Enterprise,East Java,ST12_Surabaya,HB03_SBY_GATEWAY,Jabodetabek,ST05_Tangerang,HB01_JKT_GATEWAY,Inter-Region,Next Day,COD,CR107,Van,2.82,3.84,3.84,785722,41280,38799,4,0,1,Schedule Miss,,36,0,0,,0,0,,0,,527.09,,,ST12_Surabaya,
SHPM002278,AWB260002278,2026-03-17 14:49:45.102561,2026-03-17 15:06:45.102561,2026-03-17 15:31:45.102561,2026-03-17 23:10:45.488355,2026-03-17 23:18:45.488355,2026-03-17 23:40:45.488355,2026-03-18 04:24:26.853214,2026-03-18 10:30:14.908748,2026-03-18 20:17:12.157891,2026-03-19 05:47:45.309353,2026-03-19 14:47:22.451922,2026-03-20 14:49:45.102561,Delivered,Closed,SHP013,Shipper 013,SME,Jabodetabek,ST04_Bekasi,HB01_JKT_GATEWAY,Central Java,ST09_Semarang,HB04_CTG_NATIONAL,Inter-Region,Regular,Prepaid,CR042,Van,3.7,3.66,3.7,1169517,28650,23550,8,0,0,,8.0,72,1,0,,1,0,,0,,47.96,4.73,9.78,ST09_Semarang,
SHPM002279,AWB260002279,2026-03-17 01:59:01.942018,2026-03-17 02:16:01.942018,2026-03-17 02:42:01.942018,2026-03-17 06:01:40.352164,2026-03-17 07:05:40.352164,2026-03-17 07:27:40.352164,2026-03-17 08:59:58.651934,2026-03-17 16:23:56.063700,2026-03-17 23:52:47.595872,2026-03-18 08:08:55.245137,2026-03-18 15:08:36.527675,2026-03-20 01:59:01.942018,Delivered,Closed,SHP087,Shipper 087,Enterprise,Jabodetabek,ST02_JKT_West,HB01_JKT_GATEWAY,West Java,ST06_Bandung,HB01_JKT_GATEWAY,Inter-Region,Regular,Prepaid,CR016,Bike,1.38,1.37,1.38,848795,18210,12317,8,1,0,,64.0,72,1,0,,1,0,,0,,37.16,1.54,7.48,ST06_Bandung,
SHPM002280,AWB260002280,2026-03-24 21:11:10.484253,2026-03-24 21:46:10.484253,2026-03-24 22:29:10.484253,2026-03-25 02:29:04.017774,2026-03-25 03:21:04.017774,2026-03-25 04:31:04.017774,2026-03-25 10:16:23.622000,2026-03-25 12:59:48.634581,2026-03-25 20:40:25.354664,2026-03-26 02:04:29.386155,2026-03-26 13:00:05.444135,2026-03-26 21:11:10.484253,Delivered,Closed,SHP010,Shipper 010,Enterprise,East Java,ST12_Surabaya,HB03_SBY_GATEWAY,East Java,ST12_Surabaya,HB03_SBY_GATEWAY,Intra-Region,Regular,Prepaid,CR108,Van,0.47,0.43,0.47,309366,14115,7847,8,1,0,,52.0,48,1,0,,1,0,,0,,39.82,5.76,7.68,ST12_Surabaya,
SHPM002281,AWB260002281,2026-02-25 05:46:44.288594,2026-02-25 06:23:44.288594,2026-02-25 07:00:44.288594,2026-02-25 08:56:55.454413,2026-02-25 09:54:55.454413,2026-02-25 11:54:55.454413,2026-02-25 17:16:17.084599,2026-02-26 01:37:28.596481,2026-02-26 07:19:57.669696,2026-02-26 21:26:28.435725,2026-02-27 14:14:35.739199,2026-02-26 17:46:44.288594,Delivered,Closed,SHP042,Shipper 042,Marketplace,Jabodetabek,ST05_Tangerang,HB01_JKT_GATEWAY,Outer Java,ST19_Denpasar,HB06_EASTERN_GATEWAY,Inter-Region,Next Day,COD,CR046,Van,0.59,0.9,0.9,969012,28050,18223,4,1,0,,58.0,36,0,0,,1,0,,0,,56.46,5.36,5.71,ST19_Denpasar,Remote Area
SHPM002282,AWB260002282,2026-03-01 17:05:22.377163,2026-03-01 17:41:22.377163,2026-03-01 17:58:22.377163,2026-03-01 18:34:50.163802,2026-03-01 19:20:50.163802,2026-03-01 20:44:50.163802,2026-03-01 23:46:46.146274,2026-03-02 04:20:13.594900,2026-03-02 21:42:06.003217,2026-03-03 04:09:29.225066,2026-03-03 07:40:13.205053,2026-03-02 09:05:22.377163,Delivered,Closed,SHP020,Shipper 020,SME,East Java,ST14_Kediri,HB03_SBY_GATEWAY,West Java,ST08_Bogor,HB01_JKT_GATEWAY,Inter-Region,Same Day,COD,CR135,Van,1.23,1.17,1.23,1432197,36535,31856,2,1,0,,46.0,16,0,0,,1,0,,0,,38.58,3.03,17.36,ST08_Bogor,Hub Bottleneck
SHPM002283,AWB260002283,2026-03-03 20:44:57.779996,2026-03-03 21:28:57.779996,2026-03-03 21:55:57.779996,2026-03-04 04:59:52.624970,2026-03-04 05:28:52.624970,2026-03-04 06:03:52.624970,2026-03-04 09:58:32.232759,2026-03-04 17:54:50.696733,2026-03-05 07:03:34.913164,2026-03-05 15:23:54.574092,2026-03-06 10:13:26.282590,2026-03-06 20:44:57.779996,Delivered,Closed,SHP081,Shipper 081,Marketplace,West Java,ST06_Bandung,HB01_JKT_GATEWAY,Outer Java,ST16_Palembang,HB05_SUMATRA_GATEWAY,Inter-Region,Regular,COD,CR057,Bike,1.89,1.86,1.89,1103604,24505,22661,8,1,0,,29.0,72,1,0,,1,0,,0,,61.47,3.91,13.15,ST16_Palembang,
SHPM002284,AWB260002284,2026-03-23 12:11:14.626126,2026-03-23 12:52:14.626126,2026-03-23 13:23:14.626126,2026-03-23 16:02:52.860596,2026-03-23 16:46:52.860596,2026-03-23 18:36:52.860596,2026-03-23 23:59:30.856251,2026-03-24 08:37:28.396321,2026-03-24 10:45:07.194671,2026-03-24 15:55:39.629215,2026-03-24 19:07:38.305117,2026-03-25 00:11:14.626126,Delivered,Closed,SHP033,Shipper 033,Marketplace,Jabodetabek,ST02_JKT_West,HB01_JKT_GATEWAY,Central Java,ST11_Yogyakarta,HB04_CTG_NATIONAL,Inter-Region,Next Day,Prepaid,CR015,Bike,0.83,1.19,1.19,1039401,25355,22226,4,1,0,,44.0,36,1,0,,1,0,,0,,30.94,5.38,2.13,ST11_Yogyakarta,
SHPM002285,AWB260002285,2026-03-30 18:22:37.385236,2026-03-30 19:06:37.385236,2026-03-30 19:21:37.385236,2026-03-30 21:24:19.077442,2026-03-30 21:39:19.077442,2026-03-30 22:04:19.077442,2026-03-31 03:50:41.296229,2026-03-31 13:49:27.545009,2026-03-31 23:21:17.300245,2026-04-01 05:46:59.258509,2026-04-01 14:20:12.290122,2026-04-01 06:22:37.385236,Delivered,Closed,SHP032,Shipper 032,Marketplace,West Java,ST06_Bandung,HB01_JKT_GATEWAY,Jabodetabek,ST03_JKT_East,HB01_JKT_GATEWAY,Inter-Region,Next Day,Prepaid,CR058,Van,0.35,0.38,0.38,317835,21710,15417,4,1,0,,15.0,36,0,0,,1,0,,0,,43.96,5.77,9.53,ST03_JKT_East,Last Mile Delay
SHPM002286,AWB260002286,2026-02-24 19:23:35.396327,2026-02-24 19:50:35.396327,2026-02-24 20:27:35.396327,2026-02-24 21:53:19.096718,2026-02-24 22:31:19.096718,2026-02-24 23:10:19.096718,2026-02-25 02:47:39.430443,2026-02-25 11:45:13.314305,2026-02-25 21:34:37.438189,2026-02-26 12:05:41.404965,2026-02-26 15:58:49.902946,2026-02-26 07:23:35.396327,Delivered,Closed,SHP003,Shipper 003,Marketplace,Outer Java,ST15_Medan,HB05_SUMATRA_GATEWAY,Central Java,ST11_Yogyakarta,HB04_CTG_NATIONAL,Inter-Region,Next Day,Prepaid,CR137,Van,0.73,0.77,0.77,984731,23465,13805,4,1,0,,38.0,36,0,0,,1,1,Missed Cut-Off,0,,44.59,3.62,9.82,ST11_Yogyakarta,Last Mile Delay
SHPM002287,AWB260002287,2026-03-22 09:14:18.552836,2026-03-22 09:57:18.552836,2026-03-22 10:19:18.552836,2026-03-22 14:19:01.956168,2026-03-22 14:27:01.956168,2026-03-22 14:57:01.956168,2026-03-22 16:12:24.684276,2026-03-22 19:31:46.462153,2026-03-23 09:29:50.184715,2026-03-23 19:19:44.482452,2026-03-24 06:52:25.566516,2026-03-23 21:14:18.552836,Delivered,Closed,SHP011,Shipper 011,Enterprise,Jabodetabek,ST01_JKT_Central,HB01_JKT_GATEWAY,Outer Java,ST16_Palembang,HB05_SUMATRA_GATEWAY,Inter-Region,Next Day,Prepaid,CR008,Van,1.5,1.43,1.5,961226,26750,15916,4,0,0,,8.0,36,0,0,,1,0,,0,,45.64,1.26,13.97,ST16_Palembang,First Mile Delay
SHPM002288,AWB260002288,2026-03-30 16:35:57.188556,2026-03-30 17:07:57.188556,2026-03-30 17:47:57.188556,2026-03-30 18:48:30.649228,2026-03-30 19:18:30.649228,2026-03-30 20:48:30.649228,2026-03-30 22:53:35.381822,2026-03-31 05:56:45.523539,2026-03-31 15:35:03.533754,2026-04-01 02:24:28.417487,2026-04-01 12:31:35.055175,2026-04-01 04:35:57.188556,Delivered,Closed,SHP041,Shipper 041,SME,West Java,ST08_Bogor,HB01_JKT_GATEWAY,Central Java,ST11_Yogyakarta,HB04_CTG_NATIONAL,Inter-Region,Next Day,Prepaid,CR080,Bike,1.32,2.06,2.06,2895507,29270,24425,4,1,0,,30.0,36,0,0,,1,0,,0,,43.93,2.08,9.64,ST11_Yogyakarta,Last Mile Delay
SHPM002289,AWB260002289,2026-03-27 12:39:59.874672,2026-03-27 12:59:59.874672,2026-03-27 13:44:59.874672,2026-03-27 15:06:13.957443,2026-03-27 15:28:13.957443,2026-03-27 16:58:13.957443,2026-03-27 18:21:07.479187,2026-03-27 22:00:00.204358,2026-03-28 06:17:08.387293,2026-03-28 23:34:51.783372,2026-03-29 04:37:06.404552,2026-03-30 12:39:59.874672,Delivered,Closed,SHP014,Shipper 014,Enterprise,Jabodetabek,ST05_Tangerang,HB01_JKT_GATEWAY,Central Java,ST10_Solo,HB04_CTG_NATIONAL,Inter-Region,Regular,Prepaid,CR045,Bike,1.06,1.13,1.13,1382492,17085,15612,8,1,0,,22.0,72,1,0,,1,0,,0,,39.95,1.38,8.29,ST10_Solo,
SHPM002290,AWB260002290,2026-03-04 20:30:18.872846,2026-03-04 20:59:18.872846,2026-03-04 21:18:18.872846,2026-03-04 23:40:20.294294,2026-03-05 00:28:20.294294,2026-03-05 02:13:20.294294,2026-03-05 07:16:00.675471,2026-03-05 10:52:33.662120,2026-03-06 17:13:59.130967,2026-03-06 22:31:53.927100,2026-03-07 06:57:21.894715,2026-03-07 20:30:18.872846,Delivered,Closed,SHP021,Shipper 021,Marketplace,East Java,ST14_Kediri,HB03_SBY_GATEWAY,Outer Java,ST20_Banjarmasin,HB06_EASTERN_GATEWAY,Inter-Region,Regular,Prepaid,CR136,Van,2.96,2.86,2.96,504999,25320,14289,8,1,0,,48.0,72,1,0,,1,0,,0,,58.45,5.04,30.36,ST20_Banjarmasin,
SHPM002291,AWB260002291,2026-02-20 09:43:59.432524,2026-02-20 09:57:59.432524,2026-02-20 10:36:59.432524,2026-02-20 18:05:36.791880,2026-02-20 19:03:36.791880,2026-02-20 20:17:36.791880,2026-02-21 01:53:27.907044,2026-02-21 09:05:33.511168,2026-02-21 12:16:20.081791,2026-02-21 17:25:15.119718,2026-02-22 04:18:15.178123,2026-02-23 09:43:59.432524,Delivered,Closed,SHP076,Shipper 076,Enterprise,West Java,ST06_Bandung,HB01_JKT_GATEWAY,Jabodetabek,ST04_Bekasi,HB01_JKT_GATEWAY,Inter-Region,Regular,Prepaid,CR060,Bike,1.03,0.98,1.03,1451645,16635,15120,8,0,0,,58.0,72,1,0,,1,0,,0,,42.57,5.6,3.18,ST04_Bekasi,
SHPM002292,AWB260002292,2026-03-22 09:41:51.803861,2026-03-22 10:13:51.803861,2026-03-22 10:42:51.803861,2026-03-22 17:28:44.964284,2026-03-22 18:01:44.964284,2026-03-22 18:57:44.964284,2026-03-22 21:36:43.552977,2026-03-22 23:45:00.344410,2026-03-23 05:24:32.508042,2026-03-23 21:49:42.646960,2026-03-24 05:47:36.550860,2026-03-25 09:41:51.803861,Delivered,Closed,SHP078,Shipper 078,SME,Outer Java,ST17_Makassar,HB06_EASTERN_GATEWAY,Jabodetabek,ST02_JKT_West,HB01_JKT_GATEWAY,Inter-Region,Regular,COD,CR156,Van,0.69,0.63,0.69,2152384,19105,10983,8,1,0,,33.0,72,1,0,,1,0,,0,,44.1,2.65,5.66,ST02_JKT_West,
SHPM002293,AWB260002293,2026-03-24 00:35:48.778177,2026-03-24 01:00:48.778177,2026-03-24 01:19:48.778177,2026-03-24 08:09:24.170585,2026-03-24 08:50:24.170585,2026-03-24 09:41:24.170585,2026-03-24 12:26:04.188664,2026-03-24 22:14:07.996240,2026-03-25 04:11:09.503895,2026-03-25 19:13:25.419346,2026-03-26 20:45:04.850348,2026-03-27 00:35:48.778177,Delivered,Closed,SHP011,Shipper 011,Enterprise,Jabodetabek,ST04_Bekasi,HB01_JKT_GATEWAY,Outer Java,ST18_Balikpapan,HB06_EASTERN_GATEWAY,Inter-Region,Regular,Prepaid,CR037,Bike,0.63,0.59,0.63,552865,14835,13577,8,1,0,,41.0,72,1,0,,1,0,,0,,68.15,2.74,5.95,ST18_Balikpapan,
SHPM002294,AWB260002294,2026-02-20 08:10:17.172291,2026-02-20 08:24:17.172291,2026-02-20 09:01:17.172291,2026-02-20 09:58:21.114921,2026-02-20 10:06:21.114921,2026-02-20 10:42:21.114921,2026-02-20 13:55:50.186767,2026-02-20 23:09:58.473217,2026-02-21 04:22:16.070100,2026-02-21 20:02:23.415857,2026-02-21 22:32:52.766463,2026-02-21 00:10:17.172291,Delivered,Closed,SHP061,Shipper 061,Enterprise,Outer Java,ST17_Makassar,HB06_EASTERN_GATEWAY,Jabodetabek,ST04_Bekasi,HB01_JKT_GATEWAY,Inter-Region,Same Day,Prepaid,CR160,Bike,2.75,2.92,2.92,344780,40140,26146,2,1,0,,8.0,16,0,0,,1,0,,0,,38.38,3.22,5.2,ST04_Bekasi,Last Mile Delay
SHPM002295,AWB260002295,2026-03-24 18:35:17.040629,2026-03-24 19:13:17.040629,2026-03-24 19:40:17.040629,2026-03-24 22:01:48.079196,2026-03-24 22:19:48.079196,2026-03-24 23:09:48.079196,2026-03-25 03:59:48.226857,2026-03-25 06:09:03.735725,2026-03-26 03:19:25.429161,2026-03-26 15:07:12.653572,2026-03-27 02:37:37.963498,2026-03-27 18:35:17.040629,Delivered,Closed,SHP055,Shipper 055,Marketplace,East Java,ST14_Kediri,HB03_SBY_GATEWAY,Central Java,ST09_Semarang,HB04_CTG_NATIONAL,Inter-Region,Regular,COD,CR132,Bike,3.07,3.23,3.23,1426051,30535,17883,8,1,0,,18.0,72,1,0,,1,0,,0,,56.04,4.83,21.17,ST09_Semarang,
SHPM002296,AWB260002296,2026-03-27 00:50:25.431560,2026-03-27 00:55:25.431560,2026-03-27 01:31:25.431560,2026-03-27 03:43:16.574334,2026-03-27 04:28:16.574334,2026-03-27 06:06:16.574334,2026-03-27 08:51:56.807132,2026-03-27 13:16:55.360508,2026-03-29 09:26:02.747229,2026-03-29 19:20:20.733577,,2026-03-30 00:50:25.431560,Delivery Exception,Exception,SHP020,Shipper 020,SME,East Java,ST14_Kediri,HB03_SBY_GATEWAY,Outer Java,ST16_Palembang,HB05_SUMATRA_GATEWAY,Inter-Region,Regular,COD,CR135,Truck,0.71,0.69,0.71,999519,19195,15586,8,1,0,,45.0,72,0,1,Remote Area Delay,2,0,,0,,251.16,2.76,44.15,ST16_Palembang,Hub Bottleneck
SHPM002297,AWB260002297,2026-02-22 08:57:42.480812,2026-02-22 09:02:42.480812,2026-02-22 09:24:42.480812,2026-02-22 16:35:01.671901,2026-02-22 17:28:01.671901,2026-02-22 18:29:01.671901,2026-02-22 22:03:36.687247,2026-02-23 02:09:33.047151,2026-02-23 05:32:18.814408,2026-02-23 18:42:49.446031,2026-02-24 04:25:22.079409,2026-02-25 08:57:42.480812,Delivered,Closed,SHP062,Shipper 062,Enterprise,Jabodetabek,ST02_JKT_West,HB01_JKT_GATEWAY,East Java,ST13_Malang,HB03_SBY_GATEWAY,Inter-Region,Regular,Prepaid,CR013,Truck,1.38,1.42,1.42,2355696,18390,16650,8,1,0,,53.0,72,1,0,,1,0,,0,,43.46,3.58,3.38,ST13_Malang,
SHPM002298,AWB260002298,2026-02-24 12:49:41.957891,2026-02-24 13:08:41.957891,2026-02-24 13:39:41.957891,2026-02-24 17:28:04.747262,2026-02-24 18:29:04.747262,2026-02-24 20:18:04.747262,2026-02-24 23:39:21.094100,2026-02-25 04:23:55.668421,2026-02-25 14:39:47.588877,2026-02-26 08:02:06.575100,2026-02-26 13:59:08.030440,2026-02-27 12:49:41.957891,Delivered,Closed,SHP062,Shipper 062,Enterprise,Jabodetabek,ST04_Bekasi,HB01_JKT_GATEWAY,West Java,ST08_Bogor,HB01_JKT_GATEWAY,Inter-Region,Regular,Prepaid,CR038,Van,0.58,0.58,0.58,375868,14610,9962,8,1,0,,61.0,72,1,0,,1,0,,0,,49.16,3.35,10.26,ST08_Bogor,
SHPM002299,AWB260002299,2026-03-06 09:46:05.521960,2026-03-06 10:19:05.521960,2026-03-06 11:32:05.521960,2026-03-06 11:31:53.810998,2026-03-06 12:55:53.810998,2026-03-06 13:35:53.810998,2026-03-06 18:54:10.102325,2026-03-07 00:20:42.073164,2026-03-08 00:18:02.187624,2026-03-08 17:48:33.284532,2026-03-08 23:15:55.144666,2026-03-07 01:46:05.521960,Delivered,Closed,SHP025,Shipper 025,Marketplace,East Java,ST12_Surabaya,HB03_SBY_GATEWAY,Jabodetabek,ST03_JKT_East,HB01_JKT_GATEWAY,Inter-Region,Same Day,COD,CR111,Bike,1.35,1.39,1.39,1047914,37255,23413,2,1,0,,84.0,16,0,0,,1,0,,0,,61.5,5.3,23.96,ST03_JKT_East,Hub Bottleneck
SHPM002300,AWB260002300,2026-02-26 13:35:53.791591,2026-02-26 14:02:53.791591,2026-02-26 14:28:53.791591,2026-02-26 20:11:43.648184,2026-02-26 20:40:43.648184,2026-02-26 21:30:43.648184,2026-02-27 03:15:45.108407,2026-02-27 05:32:04.333580,2026-02-27 12:18:21.217378,2026-02-27 15:34:34.991647,2026-02-28 01:20:01.905795,2026-02-28 13:35:53.791591,Delivered,Closed,SHP004,Shipper 004,Marketplace,Jabodetabek,ST02_JKT_West,HB01_JKT_GATEWAY,Jabodetabek,ST01_JKT_Central,HB01_JKT_GATEWAY,Intra-Region,Regular,Prepaid,CR013,Truck,1.46,1.32,1.46,648796,18570,15360,8,1,0,,29.0,48,1,0,,1,0,,0,,35.74,5.75,6.77,ST01_JKT_Central,
SHPM002301,AWB260002301,2026-02-20 06:32:57.573261,2026-02-20 06:50:57.573261,2026-02-20 07:26:57.573261,2026-02-20 14:02:10.735957,2026-02-20 15:32:10.735957,2026-02-20 16:44:10.735957,2026-02-20 22:38:50.316813,2026-02-21 01:38:27.931418,2026-02-21 09:44:45.780301,2026-02-22 00:21:01.173386,2026-02-22 05:39:48.493236,2026-02-21 18:32:57.573261,Delivered,Closed,SHP040,Shipper 040,Marketplace,West Java,ST07_Cirebon,HB02_BDG_TRANSIT,Jabodetabek,ST02_JKT_West,HB01_JKT_GATEWAY,Inter-Region,Next Day,Prepaid,CR074,Bike,6.49,6.3,6.49,957333,49205,33141,4,0,0,,90.0,36,0,0,,1,0,,0,,47.11,5.91,8.1,ST02_JKT_West,First Mile Delay
SHPM002302,AWB260002302,2026-02-18 21:38:20.480691,2026-02-18 21:49:20.480691,2026-02-18 22:14:20.480691,2026-02-18 23:31:49.162897,2026-02-19 00:00:49.162897,2026-02-19 00:23:49.162897,2026-02-19 04:10:48.785105,2026-02-19 11:57:24.012057,2026-02-20 01:36:22.106880,2026-02-20 17:35:18.007061,2026-02-21 04:30:27.208571,2026-02-20 09:38:20.480691,Delivered,Closed,SHP053,Shipper 053,Marketplace,Jabodetabek,ST04_Bekasi,HB01_JKT_GATEWAY,Outer Java,ST17_Makassar,HB06_EASTERN_GATEWAY,Inter-Region,Next Day,Prepaid,CR038,Truck,1.12,1.06,1.12,1672947,25040,14116,4,1,0,,29.0,36,0,0,,1,0,,0,,54.87,3.78,13.65,ST17_Makassar,Hub Bottleneck
SHPM002303,AWB260002303,2026-03-23 09:19:28.079282,2026-03-23 09:59:28.079282,2026-03-23 10:23:28.079282,2026-03-23 12:43:44.649790,2026-03-23 13:22:44.649790,2026-03-23 15:08:44.649790,2026-03-23 18:48:02.635397,2026-03-23 21:51:20.838874,2026-03-24 22:09:10.947564,2026-03-26 00:40:57.964414,2026-03-26 04:54:54.200856,2026-03-24 21:19:28.079282,Delivered,Closed,SHP093,Shipper 093,SME,East Java,ST13_Malang,HB03_SBY_GATEWAY,Central Java,ST09_Semarang,HB04_CTG_NATIONAL,Inter-Region,Next Day,Prepaid,CR115,Van,2.89,2.73,2.89,1186350,33005,23796,4,1,0,,39.0,36,0,0,,1,1,Missed Cut-Off,0,,67.59,3.65,24.3,ST09_Semarang,Hub Bottleneck
SHPM002304,AWB260002304,2026-03-30 07:33:21.581166,2026-03-30 08:16:21.581166,2026-03-30 08:30:21.581166,2026-03-30 13:03:15.670371,2026-03-30 14:10:15.670371,2026-03-30 15:08:15.670371,2026-03-30 17:26:16.081903,2026-03-30 22:15:54.264598,2026-03-31 09:09:40.261187,2026-03-31 16:19:58.290212,2026-04-01 06:19:28.852603,2026-04-02 07:33:21.581166,Delivered,Closed,SHP008,Shipper 008,SME,Outer Java,ST16_Palembang,HB05_SUMATRA_GATEWAY,Jabodetabek,ST01_JKT_Central,HB01_JKT_GATEWAY,Inter-Region,Regular,Prepaid,CR152,Van,0.9,0.81,0.9,671940,16050,11503,8,1,0,,67.0,72,1,0,,1,0,,0,,46.77,2.3,10.9,ST01_JKT_Central,
SHPM002305,AWB260002305,2026-03-01 16:21:05.156763,2026-03-01 17:00:05.156763,2026-03-01 17:37:05.156763,2026-03-01 19:04:20.012782,2026-03-01 19:42:20.012782,2026-03-01 21:31:20.012782,2026-03-02 01:09:02.530874,2026-03-02 05:16:20.836684,2026-03-03 00:09:19.700298,2026-03-03 09:22:13.528579,,2026-03-02 08:21:05.156763,Damaged,Exception,SHP031,Shipper 031,SME,East Java,ST13_Malang,HB03_SBY_GATEWAY,West Java,ST07_Cirebon,HB02_BDG_TRANSIT,Inter-Region,Same Day,Prepaid,CR122,Van,0.2,0.2,0.2,328545,27900,23609,2,0,0,,38.0,16,0,0,,1,1,Damaged,0,,859.65,3.63,18.88,HB03_SBY_GATEWAY,
SHPM002306,AWB260002306,2026-03-31 06:49:02.193816,2026-03-31 06:55:02.193816,2026-03-31 07:08:02.193816,2026-03-31 10:37:52.790145,2026-03-31 11:24:52.790145,2026-03-31 11:44:52.790145,2026-03-31 15:26:49.683200,2026-03-31 20:32:27.583865,2026-04-01 10:11:14.444326,2026-04-01 19:38:28.062586,2026-04-02 01:01:52.281527,2026-04-01 18:49:02.193816,Delivered,Closed,SHP079,Shipper 079,Marketplace,East Java,ST13_Malang,HB03_SBY_GATEWAY,Jabodetabek,ST05_Tangerang,HB01_JKT_GATEWAY,Inter-Region,Next Day,Prepaid,CR121,Bike,1.45,1.57,1.57,997651,27065,18344,4,1,0,,47.0,36,0,0,,1,0,,0,,42.21,3.7,13.65,ST05_Tangerang,Hub Bottleneck
SHPM002307,AWB260002307,2026-03-21 22:08:02.589287,2026-03-21 22:30:02.589287,2026-03-21 22:58:02.589287,2026-03-22 05:17:29.770947,2026-03-22 05:49:29.770947,2026-03-22 06:56:29.770947,2026-03-22 11:06:12.372473,2026-03-22 18:22:14.530330,2026-03-22 23:29:29.899661,2026-03-23 11:29:16.269374,2026-03-23 16:27:10.959286,2026-03-24 22:08:02.589287,Delivered,Closed,SHP013,Shipper 013,SME,Jabodetabek,ST04_Bekasi,HB01_JKT_GATEWAY,Central Java,ST11_Yogyakarta,HB04_CTG_NATIONAL,Inter-Region,Regular,Prepaid,CR043,Bike,0.69,0.75,0.75,542036,15375,13550,8,1,0,,32.0,72,1,0,,1,0,,0,,42.32,4.16,5.12,ST11_Yogyakarta,
SHPM002308,AWB260002308,2026-03-11 00:02:15.860127,2026-03-11 00:10:15.860127,2026-03-11 00:24:15.860127,2026-03-11 06:35:43.890302,2026-03-11 06:53:43.890302,2026-03-11 07:19:43.890302,2026-03-11 12:08:48.114947,2026-03-11 20:57:46.870357,2026-03-12 00:02:31.933894,2026-03-12 11:41:36.253082,2026-03-12 18:57:53.487824,2026-03-14 00:02:15.860127,Delivered,Closed,SHP034,Shipper 034,Enterprise,Jabodetabek,ST01_JKT_Central,HB01_JKT_GATEWAY,East Java,ST13_Malang,HB03_SBY_GATEWAY,Inter-Region,Regular,Prepaid,CR007,Bike,1.03,1.25,1.25,598621,17625,14849,8,1,0,,18.0,72,1,0,,1,0,,0,,42.93,4.82,3.08,ST13_Malang,
SHPM002309,AWB260002309,2026-03-29 04:20:08.219387,2026-03-29 04:53:08.219387,2026-03-29 05:27:08.219387,2026-03-29 06:57:30.801364,2026-03-29 07:16:30.801364,2026-03-29 08:54:30.801364,2026-03-29 13:36:01.201879,2026-03-29 16:43:12.228678,2026-03-30 03:32:47.746011,2026-03-30 15:59:28.804446,2026-03-31 00:53:29.523239,2026-03-30 16:20:08.219387,Delivered,Closed,SHP067,Shipper 067,SME,East Java,ST14_Kediri,HB03_SBY_GATEWAY,Jabodetabek,ST03_JKT_East,HB01_JKT_GATEWAY,Inter-Region,Next Day,Prepaid,CR128,Truck,0.85,1.36,1.36,2645338,26120,20243,4,1,0,,19.0,36,0,0,,1,0,,0,,44.56,4.69,10.83,ST03_JKT_East,Hub Bottleneck
SHPM002310,AWB260002310,2026-03-02 04:59:14.871960,2026-03-02 05:28:14.871960,2026-03-02 06:14:14.871960,2026-03-02 10:51:35.944953,2026-03-02 11:52:35.944953,2026-03-02 13:39:35.944953,2026-03-02 16:39:25.759040,2026-03-02 21:15:52.965356,2026-03-03 06:08:36.628132,2026-03-03 14:13:13.335223,2026-03-04 01:26:26.722192,2026-03-04 04:59:14.871960,Delivered,Closed,SHP058,Shipper 058,Enterprise,Jabodetabek,ST01_JKT_Central,HB01_JKT_GATEWAY,Jabodetabek,ST05_Tangerang,HB01_JKT_GATEWAY,Intra-Region,Regular,Prepaid,CR008,Bike,3.07,3.14,3.14,1076917,26130,19576,8,1,0,,61.0,48,1,0,,1,0,,0,,44.45,3.0,8.88,ST05_Tangerang,
SHPM002311,AWB260002311,2026-03-21 03:40:51.586048,2026-03-21 04:00:51.586048,2026-03-21 04:29:51.586048,2026-03-21 05:26:14.576280,2026-03-21 06:02:14.576280,2026-03-21 07:02:14.576280,2026-03-21 10:28:31.598240,2026-03-21 18:19:08.301733,2026-03-21 22:54:52.932513,2026-03-22 05:50:22.577899,2026-03-22 13:48:06.618438,2026-03-22 15:40:51.586048,Delivered,Closed,SHP017,Shipper 017,Marketplace,Outer Java,ST16_Palembang,HB05_SUMATRA_GATEWAY,Jabodetabek,ST05_Tangerang,HB01_JKT_GATEWAY,Inter-Region,Next Day,Prepaid,CR152,Bike,1.09,1.15,1.15,60482,25175,20893,4,1,0,,36.0,36,1,0,,1,0,,0,,34.12,3.44,4.6,ST05_Tangerang,
SHPM002312,AWB260002312,2026-03-01 19:05:16.342876,2026-03-01 19:41:16.342876,2026-03-01 20:20:16.342876,2026-03-02 02:44:04.932686,2026-03-02 04:14:04.932686,2026-03-02 04:32:04.932686,2026-03-02 06:19:45.813792,2026-03-02 08:19:57.738376,2026-03-02 17:32:41.553596,2026-03-03 11:11:38.696172,2026-03-03 18:07:46.853249,2026-03-04 19:05:16.342876,Delivered,Closed,SHP053,Shipper 053,Marketplace,Jabodetabek,ST05_Tangerang,HB01_JKT_GATEWAY,West Java,ST07_Cirebon,HB02_BDG_TRANSIT,Inter-Region,Regular,Prepaid,CR044,Bike,0.36,0.35,0.36,635884,13620,12716,8,1,0,,90.0,72,1,0,,1,0,,0,,47.04,1.79,9.21,ST07_Cirebon,
SHPM002313,AWB260002313,2026-03-19 00:13:39.175626,2026-03-19 00:35:39.175626,2026-03-19 00:40:39.175626,2026-03-19 04:09:48.970686,2026-03-19 05:02:48.970686,2026-03-19 05:33:48.970686,2026-03-19 08:13:12.457805,2026-03-19 17:15:15.103680,2026-03-20 00:28:40.296120,2026-03-20 15:42:39.320285,2026-03-21 02:03:09.739649,2026-03-20 12:13:39.175626,Delivered,Closed,SHP034,Shipper 034,Enterprise,Jabodetabek,ST01_JKT_Central,HB01_JKT_GATEWAY,Central Java,ST09_Semarang,HB04_CTG_NATIONAL,Inter-Region,Next Day,Prepaid,CR007,Bike,1.25,2.06,2.06,406848,29270,25078,4,1,0,,53.0,36,0,0,,1,0,,0,,49.83,2.66,7.22,ST09_Semarang,Last Mile Delay
SHPM002314,AWB260002314,2026-03-22 09:04:50.160362,2026-03-22 09:48:50.160362,2026-03-22 10:25:50.160362,2026-03-22 12:59:57.240402,2026-03-22 13:48:57.240402,2026-03-22 14:41:57.240402,2026-03-22 17:46:57.405583,2026-03-22 22:27:04.370073,2026-03-23 07:33:54.055910,2026-03-24 00:22:12.992204,2026-03-24 10:08:18.515875,2026-03-25 09:04:50.160362,Delivered,Closed,SHP087,Shipper 087,Enterprise,Jabodetabek,ST02_JKT_West,HB01_JKT_GATEWAY,Central Java,ST09_Semarang,HB04_CTG_NATIONAL,Inter-Region,Regular,Prepaid,CR015,Van,1.59,1.66,1.66,1980400,19470,13540,8,1,0,,49.0,72,1,0,,1,0,,0,,49.06,3.08,9.11,ST09_Semarang,
SHPM002315,AWB260002315,2026-02-26 07:19:55.747095,2026-02-26 07:47:55.747095,2026-02-26 08:19:55.747095,2026-02-26 11:26:08.053120,2026-02-26 11:37:08.053120,2026-02-26 13:12:08.053120,2026-02-26 18:32:05.160969,2026-02-26 21:26:50.167391,2026-02-27 04:29:07.923886,2026-02-27 07:27:44.657188,2026-02-27 11:41:07.445482,2026-02-27 07:19:55.747095,Delivered,Closed,SHP034,Shipper 034,Enterprise,Jabodetabek,ST01_JKT_Central,HB01_JKT_GATEWAY,Jabodetabek,ST01_JKT_Central,HB01_JKT_GATEWAY,Intra-Region,Next Day,Prepaid,CR002,Bike,1.33,1.38,1.38,1777898,26210,16493,4,1,0,,11.0,24,0,0,,1,0,,0,,28.35,5.33,7.04,ST01_JKT_Central,Last Mile Delay
SHPM002316,AWB260002316,2026-02-16 19:23:10.455370,2026-02-16 20:01:10.455370,2026-02-16 20:27:10.455370,2026-02-16 21:58:05.543421,2026-02-16 22:58:05.543421,2026-02-17 00:26:05.543421,2026-02-17 06:00:44.091205,2026-02-17 11:35:37.667468,2026-02-18 00:53:36.215250,2026-02-18 08:44:44.632712,2026-02-18 12:03:53.964765,2026-02-18 07:23:10.455370,Delivered,Closed,SHP033,Shipper 033,Marketplace,Jabodetabek,ST04_Bekasi,HB01_JKT_GATEWAY,Outer Java,ST20_Banjarmasin,HB06_EASTERN_GATEWAY,Inter-Region,Next Day,Prepaid,CR032,Truck,0.93,1.17,1.17,410336,25265,15080,4,1,0,,60.0,36,0,0,,1,0,,0,,40.68,5.58,13.3,ST20_Banjarmasin,Hub Bottleneck
SHPM002317,AWB260002317,2026-02-24 16:08:57.934099,2026-02-24 16:40:57.934099,2026-02-24 17:37:57.934099,2026-02-25 05:29:09.555207,2026-02-25 06:58:09.555207,2026-02-25 08:29:09.555207,2026-02-25 13:11:35.496135,2026-02-25 17:27:36.192424,2026-02-25 21:22:58.006014,2026-02-26 11:31:19.731856,2026-02-26 15:50:48.257357,2026-02-27 16:08:57.934099,Delivered,Closed,SHP018,Shipper 018,Enterprise,West Java,ST07_Cirebon,HB02_BDG_TRANSIT,Jabodetabek,ST04_Bekasi,HB01_JKT_GATEWAY,Inter-Region,Regular,COD,CR067,Van,0.71,0.75,0.75,514557,19375,14669,8,0,0,,89.0,72,1,0,,1,0,,0,,47.7,4.71,3.92,ST04_Bekasi,
SHPM002318,AWB260002318,2026-03-07 18:53:58.963608,2026-03-07 19:38:58.963608,2026-03-07 20:06:58.963608,2026-03-07 21:44:18.870356,2026-03-07 22:23:18.870356,2026-03-08 00:12:18.870356,2026-03-08 04:36:25.019067,2026-03-08 13:16:36.310852,2026-03-08 21:48:46.594696,2026-03-09 12:58:14.207891,2026-03-10 03:48:18.681445,2026-03-10 18:53:58.963608,Delivered,Closed,SHP051,Shipper 051,Marketplace,Outer Java,ST19_Denpasar,HB06_EASTERN_GATEWAY,Jabodetabek,ST01_JKT_Central,HB01_JKT_GATEWAY,Inter-Region,Regular,Prepaid,CR177,Bike,3.85,3.9,3.9,1695493,29550,25533,8,1,0,,39.0,72,1,0,,1,0,,0,,56.91,4.4,8.54,ST01_JKT_Central,
SHPM002319,AWB260002319,2026-03-04 07:16:51.993060,2026-03-04 07:30:51.993060,2026-03-04 07:47:51.993060,2026-03-04 12:25:53.583266,2026-03-04 12:55:53.583266,2026-03-04 14:32:53.583266,2026-03-04 19:37:15.169822,2026-03-04 23:48:24.128541,2026-03-05 02:18:17.541788,2026-03-05 08:57:32.576440,2026-03-05 22:13:11.490501,2026-03-07 07:16:51.993060,Delivered,Closed,SHP061,Shipper 061,Enterprise,Outer Java,ST17_Makassar,HB06_EASTERN_GATEWAY,West Java,ST08_Bogor,HB01_JKT_GATEWAY,Inter-Region,Regular,Prepaid,CR157,Bike,2.21,2.27,2.27,1484668,22215,19109,8,1,0,,30.0,72,1,0,,1,0,,0,,38.94,5.07,2.5,ST08_Bogor,
SHPM002320,AWB260002320,2026-03-21 20:25:54.169265,2026-03-21 20:40:54.169265,2026-03-21 20:54:54.169265,2026-03-22 03:17:22.573383,2026-03-22 03:26:22.573383,2026-03-22 03:52:22.573383,2026-03-22 06:24:37.523369,2026-03-22 15:23:11.104904,2026-03-23 00:07:51.153803,2026-03-23 13:16:33.939756,2026-03-24 04:01:14.266996,2026-03-24 20:25:54.169265,Delivered,Closed,SHP048,Shipper 048,Enterprise,Outer Java,ST15_Medan,HB05_SUMATRA_GATEWAY,West Java,ST06_Bandung,HB01_JKT_GATEWAY,Inter-Region,Regular,Prepaid,CR140,Truck,0.71,0.77,0.77,991895,15465,13955,8,1,0,,9.0,72,1,0,,1,0,,0,,55.59,2.54,8.74,ST06_Bandung,
SHPM002321,AWB260002321,2026-03-23 16:18:13.909977,2026-03-23 16:27:13.909977,2026-03-23 17:27:13.909977,2026-03-23 18:47:28.556539,2026-03-23 19:13:28.556539,2026-03-23 20:26:28.556539,2026-03-24 01:05:40.489300,2026-03-24 02:07:33.821135,2026-03-24 11:56:49.010594,2026-03-24 20:02:37.104393,2026-03-25 19:37:36.476397,2026-03-25 16:18:13.909977,Delivered,Closed,SHP075,Shipper 075,Marketplace,Outer Java,ST16_Palembang,HB05_SUMATRA_GATEWAY,Outer Java,ST16_Palembang,HB05_SUMATRA_GATEWAY,Intra-Region,Regular,Prepaid,CR147,Truck,1.36,1.34,1.36,1899825,18120,11309,8,1,0,,26.0,48,0,0,,1,0,,0,,51.32,4.65,9.82,ST16_Palembang,Remote Area
SHPM002322,AWB260002322,2026-03-07 18:53:12.737061,2026-03-07 19:06:12.737061,2026-03-07 19:37:12.737061,2026-03-07 23:32:08.476422,2026-03-08 00:16:08.476422,2026-03-08 01:44:08.476422,2026-03-08 04:31:31.814386,2026-03-08 07:09:41.924010,2026-03-08 16:49:53.339240,2026-03-08 18:31:32.931581,2026-03-09 02:06:01.449614,2026-03-08 18:53:12.737061,Delivered,Closed,SHP093,Shipper 093,SME,East Java,ST13_Malang,HB03_SBY_GATEWAY,East Java,ST13_Malang,HB03_SBY_GATEWAY,Intra-Region,Next Day,Prepaid,CR121,Truck,0.5,0.52,0.52,1111345,22340,18595,4,0,0,,44.0,24,0,0,,1,0,,0,,31.21,2.79,9.67,ST13_Malang,First Mile Delay
SHPM002323,AWB260002323,2026-03-28 00:51:13.097148,2026-03-28 01:30:13.097148,2026-03-28 01:35:13.097148,2026-03-28 07:23:55.737508,2026-03-28 07:31:55.737508,2026-03-28 08:31:55.737508,2026-03-28 11:41:01.063873,2026-03-28 21:11:41.356366,2026-03-29 09:07:00.655922,2026-03-29 23:07:30.908892,2026-03-30 07:57:57.852303,2026-03-31 00:51:13.097148,Delivered,Closed,SHP075,Shipper 075,Marketplace,Outer Java,ST16_Palembang,HB05_SUMATRA_GATEWAY,West Java,ST07_Cirebon,HB02_BDG_TRANSIT,Inter-Region,Regular,Prepaid,CR150,Bike,0.99,0.92,0.99,2493088,16455,14063,8,1,0,,8.0,72,1,0,,1,0,,0,,55.11,3.15,11.92,ST07_Cirebon,
SHPM002324,AWB260002324,2026-02-28 02:53:48.559597,2026-02-28 03:12:48.559597,2026-02-28 04:01:48.559597,2026-02-28 05:33:52.931947,2026-02-28 06:22:52.931947,2026-02-28 06:46:52.931947,2026-02-28 10:32:55.761059,2026-02-28 13:15:36.946722,2026-02-28 16:00:53.090478,2026-02-28 19:23:29.798251,2026-03-01 06:17:33.556825,2026-03-02 02:53:48.559597,Delivered,Closed,SHP058,Shipper 058,Enterprise,Jabodetabek,ST01_JKT_Central,HB01_JKT_GATEWAY,Jabodetabek,ST03_JKT_East,HB01_JKT_GATEWAY,Intra-Region,Regular,COD,CR002,Bike,0.33,0.33,0.33,2472700,17485,14992,8,1,0,,49.0,48,1,0,,1,0,,0,,27.4,3.77,2.75,ST03_JKT_East,
SHPM002325,AWB260002325,2026-03-12 20:48:57.095791,2026-03-12 21:27:57.095791,2026-03-12 22:19:57.095791,2026-03-13 00:01:15.385083,2026-03-13 00:51:15.385083,2026-03-13 02:19:15.385083,2026-03-13 08:12:09.214856,2026-03-13 11:55:47.642550,2026-03-13 20:10:22.140695,2026-03-13 22:47:42.946567,2026-03-14 09:04:37.668283,2026-03-14 20:48:57.095791,Delivered,Closed,SHP071,Shipper 071,Enterprise,Jabodetabek,ST04_Bekasi,HB01_JKT_GATEWAY,Jabodetabek,ST01_JKT_Central,HB01_JKT_GATEWAY,Intra-Region,Regular,Prepaid,CR032,Bike,0.83,0.75,0.83,1688861,15735,12276,8,1,0,,50.0,48,1,0,,1,0,,0,,36.26,5.88,8.24,ST01_JKT_Central,
SHPM002326,AWB260002326,2026-02-23 13:34:57.180008,2026-02-23 13:51:57.180008,2026-02-23 14:26:57.180008,2026-02-23 17:32:31.545311,2026-02-23 18:00:31.545311,2026-02-23 18:58:31.545311,2026-02-24 00:25:38.320262,2026-02-24 09:34:37.369493,2026-02-24 16:44:28.713664,2026-02-25 03:33:26.536131,2026-02-25 10:50:41.789935,2026-02-26 13:34:57.180008,Delivered,Closed,SHP087,Shipper 087,Enterprise,Jabodetabek,ST03_JKT_East,HB01_JKT_GATEWAY,East Java,ST12_Surabaya,HB03_SBY_GATEWAY,Inter-Region,Regular,Prepaid,CR026,Bike,1.23,1.81,1.81,2359904,20145,13073,8,1,0,,28.0,72,1,0,,1,0,,0,,45.26,5.45,7.16,ST12_Surabaya,
SHPM002327,AWB260002327,2026-03-25 06:39:20.766726,2026-03-25 07:11:20.766726,2026-03-25 07:47:20.766726,2026-03-25 11:48:33.975729,2026-03-25 12:08:33.975729,2026-03-25 12:23:33.975729,2026-03-25 14:06:04.362216,2026-03-25 23:24:35.220212,2026-03-26 06:41:08.148826,2026-03-27 21:01:06.278467,2026-03-28 02:20:26.636384,2026-03-26 18:39:20.766726,Delivered,Closed,SHP031,Shipper 031,SME,East Java,ST13_Malang,HB03_SBY_GATEWAY,West Java,ST08_Bogor,HB01_JKT_GATEWAY,Inter-Region,Next Day,Prepaid,CR125,Van,0.26,0.28,0.28,510307,21260,20177,4,0,0,,20.0,36,0,0,,1,1,Capacity Delay,0,,67.68,1.71,7.28,ST08_Bogor,First Mile Delay
SHPM002328,AWB260002328,2026-03-25 18:18:15.193245,2026-03-25 18:31:15.193245,2026-03-25 19:01:15.193245,2026-03-25 21:49:34.587809,2026-03-25 22:42:34.587809,2026-03-25 23:39:34.587809,2026-03-26 03:59:20.856423,2026-03-26 09:30:58.581812,2026-03-26 13:58:57.478639,2026-03-26 20:06:56.098100,2026-03-26 23:53:22.863455,2026-03-27 06:18:15.193245,Delivered,Closed,SHP091,Shipper 091,SME,Outer Java,ST16_Palembang,HB05_SUMATRA_GATEWAY,East Java,ST12_Surabaya,HB03_SBY_GATEWAY,Inter-Region,Next Day,COD,CR153,Van,0.8,0.82,0.82,316380,27690,18249,4,1,0,,53.0,36,1,0,,1,0,,0,,29.59,4.33,4.47,ST12_Surabaya,
SHPM002329,AWB260002329,2026-03-25 17:17:31.372270,2026-03-25 17:36:31.372270,2026-03-25 17:51:31.372270,2026-03-25 21:09:13.907577,2026-03-25 21:18:13.907577,2026-03-25 23:18:13.907577,2026-03-26 03:33:20.845680,2026-03-26 11:05:04.216282,2026-03-26 12:39:42.783586,2026-03-26 18:18:47.864260,2026-03-27 10:21:07.754249,2026-03-28 17:17:31.372270,Delivered,Closed,SHP002,Shipper 002,Enterprise,Jabodetabek,ST01_JKT_Central,HB01_JKT_GATEWAY,West Java,ST08_Bogor,HB01_JKT_GATEWAY,Inter-Region,Regular,Prepaid,CR006,Van,4.03,3.93,4.03,1501680,30135,23014,8,1,0,,9.0,72,1,0,,1,0,,0,,41.06,4.25,1.58,ST08_Bogor,
SHPM002330,AWB260002330,2026-03-17 06:12:32.199937,2026-03-17 06:30:32.199937,2026-03-17 07:00:32.199937,2026-03-17 09:18:01.658615,2026-03-17 10:08:01.658615,2026-03-17 10:29:01.658615,2026-03-17 13:47:21.811201,2026-03-17 18:53:16.603176,2026-03-18 01:00:44.774579,2026-03-18 10:35:16.836619,2026-03-18 18:18:32.918289,2026-03-18 18:12:32.199937,Delivered,Closed,SHP048,Shipper 048,Enterprise,Outer Java,ST20_Banjarmasin,HB06_EASTERN_GATEWAY,West Java,ST07_Cirebon,HB02_BDG_TRANSIT,Inter-Region,Next Day,COD,CR190,Bike,0.89,0.95,0.95,1495425,28275,20155,4,1,0,,50.0,36,0,0,,1,0,,0,,36.1,3.31,6.12,ST07_Cirebon,Last Mile Delay
SHPM002331,AWB260002331,2026-03-09 10:31:33.982961,2026-03-09 10:56:33.982961,2026-03-09 11:22:33.982961,2026-03-09 17:39:16.451877,2026-03-09 18:33:16.451877,2026-03-09 20:12:16.451877,2026-03-09 22:07:40.270276,2026-03-10 07:41:05.042555,2026-03-11 02:47:37.657742,2026-03-11 08:31:22.782516,2026-03-12 08:17:04.144789,2026-03-12 10:31:33.982961,Delivered,Closed,SHP035,Shipper 035,Enterprise,Jabodetabek,ST04_Bekasi,HB01_JKT_GATEWAY,Outer Java,ST19_Denpasar,HB06_EASTERN_GATEWAY,Inter-Region,Regular,Prepaid,CR034,Van,1.24,1.22,1.24,384590,17580,14639,8,1,0,,54.0,72,1,0,,1,0,,0,,69.76,1.92,19.11,ST19_Denpasar,
SHPM002332,AWB260002332,2026-03-14 08:46:47.796782,2026-03-14 09:24:47.796782,2026-03-14 10:11:47.796782,2026-03-14 13:09:45.032310,2026-03-14 13:55:45.032310,2026-03-14 14:19:45.032310,2026-03-14 19:56:38.982349,2026-03-15 01:03:49.691215,2026-03-15 18:55:11.530627,2026-03-16 12:35:39.725004,2026-03-16 15:24:18.642683,2026-03-15 20:46:47.796782,Delivered,Closed,SHP070,Shipper 070,Enterprise,Jabodetabek,ST05_Tangerang,HB01_JKT_GATEWAY,Outer Java,ST16_Palembang,HB05_SUMATRA_GATEWAY,Inter-Region,Next Day,Prepaid,CR050,Bike,1.42,1.29,1.42,2190167,26390,23622,4,1,0,,46.0,36,0,0,,1,0,,0,,54.63,5.61,17.86,ST16_Palembang,Hub Bottleneck
SHPM002333,AWB260002333,2026-03-05 13:13:14.489213,2026-03-05 13:39:14.489213,2026-03-05 14:12:14.489213,2026-03-05 16:01:24.519461,2026-03-05 16:31:24.519461,2026-03-05 17:31:24.519461,2026-03-05 21:36:32.530091,2026-03-06 03:07:48.475815,2026-03-06 06:56:25.017017,2026-03-07 00:16:25.639887,2026-03-07 03:18:23.891113,2026-03-07 01:13:14.489213,Delivered,Closed,SHP035,Shipper 035,Enterprise,Jabodetabek,ST04_Bekasi,HB01_JKT_GATEWAY,Outer Java,ST19_Denpasar,HB06_EASTERN_GATEWAY,Inter-Region,Next Day,Prepaid,CR032,Bike,0.78,0.83,0.83,1356106,23735,16149,4,1,0,,30.0,36,0,0,,1,0,,0,,38.09,4.09,3.81,ST19_Denpasar,Remote Area
SHPM002334,AWB260002334,2026-03-06 11:54:26.456478,2026-03-06 11:59:26.456478,2026-03-06 12:25:26.456478,2026-03-06 15:59:00.785556,2026-03-06 16:53:00.785556,2026-03-06 18:15:00.785556,2026-03-06 19:51:38.472747,2026-03-07 00:08:54.692413,2026-03-07 08:07:57.904695,2026-03-08 12:54:24.019227,2026-03-09 04:06:26.407722,2026-03-08 11:54:26.456478,Delivered,Closed,SHP090,Shipper 090,Enterprise,East Java,ST14_Kediri,HB03_SBY_GATEWAY,East Java,ST14_Kediri,HB03_SBY_GATEWAY,Intra-Region,Regular,Prepaid,CR127,Bike,1.59,1.53,1.59,1575711,19155,17906,8,1,0,,54.0,48,0,0,,1,1,Invalid Address,0,,64.2,1.61,7.98,ST14_Kediri,Last Mile Delay
SHPM002335,AWB260002335,2026-03-26 03:21:15.778516,2026-03-26 03:30:15.778516,2026-03-26 04:10:15.778516,2026-03-26 05:41:43.068970,2026-03-26 05:54:43.068970,2026-03-26 06:13:43.068970,2026-03-26 09:49:29.445100,2026-03-26 15:10:27.811371,2026-03-27 03:06:51.952260,2026-03-27 14:10:03.758992,2026-03-27 21:20:43.909013,2026-03-27 15:21:15.778516,Delivered,Closed,SHP005,Shipper 005,Enterprise,Central Java,ST09_Semarang,HB04_CTG_NATIONAL,East Java,ST12_Surabaya,HB03_SBY_GATEWAY,Inter-Region,Next Day,Prepaid,CR087,Truck,0.33,0.3,0.33,1522716,21485,12708,4,1,0,,13.0,36,0,0,,1,0,,0,,41.99,3.6,11.94,ST12_Surabaya,Hub Bottleneck
SHPM002336,AWB260002336,2026-02-22 13:23:50.872891,2026-02-22 13:54:50.872891,2026-02-22 14:27:50.872891,2026-02-22 22:50:02.890183,2026-02-22 23:48:02.890183,2026-02-23 01:15:02.890183,2026-02-23 04:11:55.960549,2026-02-23 07:30:21.452701,2026-02-24 09:56:11.521827,2026-02-24 23:05:28.683405,2026-02-26 01:35:11.408385,2026-02-25 13:23:50.872891,Delivered,Closed,SHP020,Shipper 020,SME,East Java,ST14_Kediri,HB03_SBY_GATEWAY,Outer Java,ST16_Palembang,HB05_SUMATRA_GATEWAY,Inter-Region,Regular,Prepaid,CR132,Bike,1.01,1.22,1.22,377578,17490,14145,8,0,0,,58.0,72,0,0,,1,0,,0,,84.19,2.95,26.43,ST16_Palembang,First Mile Delay
SHPM002337,AWB260002337,2026-03-08 01:10:50.498124,2026-03-08 01:55:50.498124,2026-03-08 02:30:50.498124,2026-03-08 10:06:47.815111,2026-03-08 10:31:47.815111,2026-03-08 11:41:47.815111,2026-03-08 14:10:53.782516,2026-03-08 23:42:01.839020,2026-03-09 09:05:26.271600,2026-03-09 17:13:03.373751,2026-03-10 08:29:52.386736,2026-03-11 01:10:50.498124,Delivered,Closed,SHP088,Shipper 088,SME,Outer Java,ST18_Balikpapan,HB06_EASTERN_GATEWAY,West Java,ST06_Bandung,HB01_JKT_GATEWAY,Inter-Region,Regular,COD,CR173,Van,1.38,1.68,1.68,1493935,23560,19966,8,0,0,,25.0,72,1,0,,1,0,,0,,55.32,2.48,9.39,ST06_Bandung,
SHPM002338,AWB260002338,2026-03-06 03:47:41.299381,2026-03-06 04:24:41.299381,2026-03-06 04:36:41.299381,2026-03-06 10:02:54.836116,2026-03-06 11:17:54.836116,2026-03-06 13:10:54.836116,2026-03-06 17:38:41.047404,2026-03-07 00:59:18.272832,2026-03-07 12:30:03.864956,2026-03-08 05:37:58.006416,2026-03-08 15:21:33.986681,2026-03-09 03:47:41.299381,Delivered,Closed,SHP006,Shipper 006,Marketplace,East Java,ST14_Kediri,HB03_SBY_GATEWAY,Jabodetabek,ST02_JKT_West,HB01_JKT_GATEWAY,Inter-Region,Regular,COD,CR135,Bike,1.37,1.41,1.41,2432698,22345,13091,8,1,0,,75.0,72,1,0,,1,0,,0,,59.56,4.46,11.51,ST02_JKT_West,
SHPM002339,AWB260002339,2026-03-03 17:52:03.099146,2026-03-03 18:23:03.099146,2026-03-03 18:29:03.099146,2026-03-03 20:59:08.740270,2026-03-03 21:44:08.740270,2026-03-03 23:29:08.740270,2026-03-04 00:44:31.781397,2026-03-04 06:43:11.101233,2026-03-05 02:50:36.209207,2026-03-05 16:27:13.060288,2026-03-05 21:00:37.739639,2026-03-05 05:52:03.099146,Delivered,Closed,SHP005,Shipper 005,Enterprise,Central Java,ST09_Semarang,HB04_CTG_NATIONAL,Outer Java,ST17_Makassar,HB06_EASTERN_GATEWAY,Inter-Region,Next Day,Prepaid,CR089,Truck,4.45,4.61,4.61,321609,40745,38352,4,1,0,,45.0,36,0,0,,1,0,,0,,51.14,1.26,20.12,ST17_Makassar,Hub Bottleneck
SHPM002340,AWB260002340,2026-03-11 11:56:25.170865,2026-03-11 12:03:25.170865,2026-03-11 12:27:25.170865,2026-03-11 14:54:24.819562,2026-03-11 15:07:24.819562,2026-03-11 16:27:24.819562,2026-03-11 19:36:09.658778,2026-03-11 22:05:21.106492,2026-03-12 03:31:35.741462,2026-03-12 20:24:07.338098,2026-03-13 04:14:24.523440,2026-03-12 23:56:25.170865,Delivered,Closed,SHP063,Shipper 063,Enterprise,Jabodetabek,ST05_Tangerang,HB01_JKT_GATEWAY,East Java,ST13_Malang,HB03_SBY_GATEWAY,Inter-Region,Next Day,Prepaid,CR049,Van,0.6,0.54,0.6,2073637,22700,19578,4,1,0,,13.0,36,0,0,,1,0,,0,,40.3,3.15,5.44,ST13_Malang,Last Mile Delay
SHPM002341,AWB260002341,2026-03-23 17:00:07.366653,2026-03-23 17:15:07.366653,2026-03-23 17:33:07.366653,2026-03-23 23:15:28.045636,2026-03-24 00:01:28.045636,2026-03-24 00:57:28.045636,2026-03-24 06:51:28.986980,2026-03-24 12:26:43.637182,2026-03-24 13:59:44.699978,2026-03-25 03:41:37.713877,2026-03-25 08:22:12.748572,2026-03-26 17:00:07.366653,Delivered,Closed,SHP002,Shipper 002,Enterprise,Jabodetabek,ST01_JKT_Central,HB01_JKT_GATEWAY,Central Java,ST11_Yogyakarta,HB04_CTG_NATIONAL,Inter-Region,Regular,Prepaid,CR006,Truck,1.29,1.36,1.36,1079778,18120,14742,8,1,0,,46.0,72,1,0,,1,0,,0,,39.37,5.9,1.55,ST11_Yogyakarta,
SHPM002342,AWB260002342,2026-03-20 18:25:19.958842,2026-03-20 18:42:19.958842,2026-03-20 19:04:19.958842,2026-03-20 19:57:23.408247,2026-03-20 20:33:23.408247,2026-03-20 21:06:23.408247,2026-03-21 01:07:56.669389,2026-03-21 10:48:53.616174,2026-03-22 04:25:42.042774,2026-03-22 11:24:50.461583,2026-03-22 12:42:08.200002,2026-03-21 10:25:19.958842,Delivered,Closed,SHP005,Shipper 005,Enterprise,Central Java,ST09_Semarang,HB04_CTG_NATIONAL,Outer Java,ST15_Medan,HB05_SUMATRA_GATEWAY,Inter-Region,Same Day,Prepaid,CR086,Van,4.22,3.93,4.22,2229831,45990,40044,2,1,0,,36.0,16,0,0,,1,0,,0,,42.28,4.03,17.61,ST15_Medan,Hub Bottleneck
SHPM002343,AWB260002343,2026-03-31 21:48:43.196337,2026-03-31 22:01:43.196337,2026-03-31 22:35:43.196337,2026-04-01 00:03:31.699303,2026-04-01 01:14:31.699303,2026-04-01 02:57:31.699303,2026-04-01 05:36:25.497637,2026-04-01 09:50:23.009013,2026-04-02 10:14:23.321432,2026-04-02 18:37:44.856076,2026-04-02 19:37:38.158159,2026-04-01 07:48:43.196337,Delivered,Closed,SHP031,Shipper 031,SME,East Java,ST14_Kediri,HB03_SBY_GATEWAY,East Java,ST13_Malang,HB03_SBY_GATEWAY,Intra-Region,Same Day,Prepaid,CR131,Bike,0.87,0.93,0.93,2162902,31185,28498,2,0,0,,71.0,10,0,0,,1,0,,0,,45.82,2.65,24.4,ST13_Malang,First Mile Delay
SHPM002344,AWB260002344,2026-03-05 01:10:00.625232,2026-03-05 01:36:00.625232,2026-03-05 02:39:00.625232,2026-03-05 05:39:58.954839,2026-03-05 06:22:58.954839,2026-03-05 07:42:58.954839,2026-03-05 10:48:51.897798,2026-03-05 13:31:59.054182,2026-03-05 17:33:05.565974,2026-03-06 01:22:48.816303,2026-03-06 10:12:07.879305,2026-03-08 01:10:00.625232,Delivered,Closed,SHP006,Shipper 006,Marketplace,East Java,ST14_Kediri,HB03_SBY_GATEWAY,Jabodetabek,ST03_JKT_East,HB01_JKT_GATEWAY,Inter-Region,Regular,Prepaid,CR127,Bike,3.06,2.77,3.06,427058,25770,16054,8,1,0,,43.0,72,1,0,,1,0,,0,,33.04,3.1,4.02,ST03_JKT_East,
SHPM002345,AWB260002345,2026-03-10 01:47:31.085935,2026-03-10 02:06:31.085935,2026-03-10 02:51:31.085935,2026-03-10 06:39:33.562102,2026-03-10 08:41:33.562102,2026-03-10 09:40:33.562102,2026-03-10 19:46:28.701842,2026-03-10 22:14:58.930371,2026-03-11 03:01:15.885184,2026-03-11 06:43:14.809407,2026-03-11 13:12:13.185667,2026-03-11 01:47:31.085935,Delivered,Closed,SHP010,Shipper 010,Enterprise,East Java,ST12_Surabaya,HB03_SBY_GATEWAY,East Java,ST13_Malang,HB03_SBY_GATEWAY,Intra-Region,Next Day,Prepaid,CR107,Bike,0.2,0.21,0.21,1020278,20945,15535,4,0,0,,122.0,24,0,0,,1,0,,0,,35.41,10.1,4.77,ST13_Malang,First Mile Delay
SHPM002346,AWB260002346,2026-03-30 20:31:52.610621,2026-03-30 21:05:52.610621,2026-03-30 21:16:52.610621,2026-03-31 03:46:05.653567,2026-03-31 03:54:05.653567,2026-03-31 05:05:05.653567,2026-03-31 07:45:09.399379,2026-03-31 11:38:50.237813,2026-03-31 21:20:42.707909,2026-04-01 03:38:19.474384,2026-04-01 14:34:16.698374,2026-04-01 20:31:52.610621,Delivered,Closed,SHP056,Shipper 056,Enterprise,Jabodetabek,ST03_JKT_East,HB01_JKT_GATEWAY,Jabodetabek,ST02_JKT_West,HB01_JKT_GATEWAY,Intra-Region,Regular,Prepaid,CR029,Van,0.63,0.58,0.63,2196192,14835,9164,8,1,0,,8.0,48,1,0,,1,0,,0,,42.04,2.67,9.7,ST02_JKT_West,
SHPM002347,AWB260002347,2026-03-27 12:42:25.199402,2026-03-27 13:03:25.199402,2026-03-27 13:34:25.199402,2026-03-27 19:03:47.931931,2026-03-27 19:19:47.931931,2026-03-27 19:59:47.931931,2026-03-28 00:03:32.315970,2026-03-28 08:06:47.867426,2026-03-28 13:35:27.451679,2026-03-29 05:47:42.098350,2026-03-29 19:33:08.262790,2026-03-30 12:42:25.199402,Delivered,Closed,SHP070,Shipper 070,Enterprise,Jabodetabek,ST04_Bekasi,HB01_JKT_GATEWAY,East Java,ST13_Malang,HB03_SBY_GATEWAY,Inter-Region,Regular,COD,CR032,Bike,1.36,1.24,1.36,1535020,22120,14995,8,1,0,,16.0,72,1,0,,1,0,,0,,54.85,4.06,5.48,ST13_Malang,
SHPM002348,AWB260002348,2026-03-31 23:39:11.476176,2026-04-01 00:20:11.476176,2026-04-01 00:42:11.476176,2026-04-01 06:34:41.042682,2026-04-01 06:44:41.042682,2026-04-01 07:55:41.042682,2026-04-01 09:32:35.319347,2026-04-01 15:00:15.525767,2026-04-01 22:09:30.612216,2026-04-02 07:49:14.224572,2026-04-03 01:25:43.915082,2026-04-03 23:39:11.476176,Delivered,Closed,SHP028,Shipper 028,Marketplace,Jabodetabek,ST03_JKT_East,HB01_JKT_GATEWAY,Outer Java,ST17_Makassar,HB06_EASTERN_GATEWAY,Inter-Region,Regular,Prepaid,CR020,Bike,1.24,1.88,1.88,1544008,20460,15841,8,1,0,,10.0,72,1,0,,1,0,,0,,49.78,1.62,7.15,ST17_Makassar,
SHPM002349,AWB260002349,2026-03-29 18:40:19.124663,2026-03-29 19:22:19.124663,2026-03-29 19:52:19.124663,2026-03-29 21:32:56.164051,2026-03-29 22:08:56.164051,2026-03-29 23:51:56.164051,2026-03-30 04:51:21.036510,2026-03-30 08:28:12.673171,2026-03-30 16:14:13.396599,2026-03-31 05:31:13.969654,2026-03-31 08:26:16.713312,2026-03-30 10:40:19.124663,Delivered,Closed,SHP082,Shipper 082,SME,Outer Java,ST19_Denpasar,HB06_EASTERN_GATEWAY,Jabodetabek,ST04_Bekasi,HB01_JKT_GATEWAY,Inter-Region,Same Day,Prepaid,CR178,Bike,1.13,1.72,1.72,1787964,34740,29588,2,0,0,,36.0,16,0,0,,1,0,,0,,37.77,4.99,7.77,ST04_Bekasi,First Mile Delay
SHPM002350,AWB260002350,2026-03-03 14:27:38.578059,2026-03-03 15:01:38.578059,2026-03-03 15:30:38.578059,,,,,,,,,2026-03-06 14:27:38.578059,Failed Pickup,Exception,SHP071,Shipper 071,Enterprise,Jabodetabek,ST04_Bekasi,HB01_JKT_GATEWAY,West Java,ST07_Cirebon,HB02_BDG_TRANSIT,Inter-Region,Regular,Prepaid,CR041,Bike,0.53,0.57,0.57,909784,14565,10677,8,0,1,Schedule Miss,,72,0,0,,0,0,,0,,813.54,,,ST04_Bekasi,
SHPM002351,AWB260002351,2026-03-13 05:11:46.710068,2026-03-13 05:49:46.710068,2026-03-13 06:18:46.710068,2026-03-13 08:48:53.072653,2026-03-13 09:24:53.072653,2026-03-13 10:12:53.072653,2026-03-13 15:12:13.942155,2026-03-13 23:37:19.997456,2026-03-14 10:01:51.093289,2026-03-15 01:06:41.299565,2026-03-15 10:26:11.059179,2026-03-16 05:11:46.710068,Delivered,Closed,SHP009,Shipper 009,Marketplace,West Java,ST06_Bandung,HB01_JKT_GATEWAY,Central Java,ST09_Semarang,HB04_CTG_NATIONAL,Inter-Region,Regular,Prepaid,CR062,Truck,0.69,0.64,0.69,2709220,15105,10319,8,1,0,,36.0,72,1,0,,1,0,,0,,53.24,4.99,10.41,ST09_Semarang,
SHPM002352,AWB260002352,2026-03-15 11:00:51.316907,2026-03-15 11:21:51.316907,2026-03-15 11:51:51.316907,2026-03-15 12:57:01.884585,2026-03-15 13:49:01.884585,2026-03-15 15:41:01.884585,2026-03-15 20:00:56.322234,2026-03-15 21:29:32.767541,2026-03-16 06:40:18.193759,2026-03-16 12:46:25.825157,2026-03-16 20:05:38.854674,2026-03-16 11:00:51.316907,Delivered,Closed,SHP035,Shipper 035,Enterprise,Jabodetabek,ST04_Bekasi,HB01_JKT_GATEWAY,Jabodetabek,ST04_Bekasi,HB01_JKT_GATEWAY,Intra-Region,Next Day,Prepaid,CR039,Van,1.36,1.7,1.7,1456784,27650,16640,4,1,0,,52.0,24,0,0,,1,0,,0,,33.08,4.33,9.18,ST04_Bekasi,Last Mile Delay
SHPM002353,AWB260002353,2026-03-06 14:49:26.450772,2026-03-06 14:58:26.450772,2026-03-06 15:37:26.450772,2026-03-06 15:47:54.852541,2026-03-06 16:26:54.852541,2026-03-06 17:57:54.852541,2026-03-06 23:54:49.543166,2026-03-07 03:33:56.457219,2026-03-08 07:03:13.296944,2026-03-08 12:54:16.098515,2026-03-08 17:30:21.205554,2026-03-07 06:49:26.450772,Delivered,Closed,SHP079,Shipper 079,Marketplace,East Java,ST14_Kediri,HB03_SBY_GATEWAY,Outer Java,ST17_Makassar,HB06_EASTERN_GATEWAY,Inter-Region,Same Day,COD,CR126,Bike,0.26,0.35,0.35,1376386,32575,23507,2,1,0,,39.0,16,0,0,,1,0,,0,,50.68,5.95,27.49,ST17_Makassar,Hub Bottleneck
SHPM002354,AWB260002354,2026-03-22 15:49:18.645516,2026-03-22 16:07:18.645516,2026-03-22 16:39:18.645516,2026-03-22 18:12:18.675034,2026-03-22 18:40:18.675034,2026-03-22 20:21:18.675034,2026-03-22 22:11:01.581081,2026-03-23 04:43:28.415937,2026-03-23 08:11:37.914159,2026-03-23 17:32:09.113134,2026-03-24 00:14:37.907303,2026-03-24 03:49:18.645516,Delivered,Closed,SHP061,Shipper 061,Enterprise,Outer Java,ST17_Makassar,HB06_EASTERN_GATEWAY,Jabodetabek,ST05_Tangerang,HB01_JKT_GATEWAY,Inter-Region,Next Day,Prepaid,CR162,Truck,1.25,1.22,1.25,1251437,25625,20185,4,1,0,,28.0,36,1,0,,1,0,,0,,32.42,1.83,3.47,ST05_Tangerang,
SHPM002355,AWB260002355,2026-02-18 14:42:43.878116,2026-02-18 15:14:43.878116,2026-02-18 15:49:43.878116,2026-02-18 18:27:52.613083,2026-02-18 18:38:52.613083,2026-02-18 19:22:52.613083,2026-02-18 21:13:26.554303,2026-02-19 02:33:01.082373,2026-02-19 04:27:27.373347,2026-02-19 14:22:59.479195,2026-02-20 05:54:02.946596,2026-02-21 14:42:43.878116,Delivered,Closed,SHP056,Shipper 056,Enterprise,Jabodetabek,ST03_JKT_East,HB01_JKT_GATEWAY,East Java,ST13_Malang,HB03_SBY_GATEWAY,Inter-Region,Regular,COD,CR019,Bike,0.79,0.85,0.85,850905,19825,14224,8,1,0,,11.0,72,1,0,,1,0,,0,,39.19,1.84,1.91,ST13_Malang,
SHPM002356,AWB260002356,2026-03-07 08:50:02.387799,2026-03-07 08:58:02.387799,2026-03-07 09:52:02.387799,2026-03-07 17:02:09.133864,2026-03-07 17:54:09.133864,2026-03-07 18:55:09.133864,2026-03-07 22:09:45.355937,2026-03-08 02:57:26.994966,2026-03-08 13:59:48.270683,2026-03-08 20:17:44.281257,2026-03-09 23:21:41.341919,2026-03-09 08:50:02.387799,Delivered,Closed,SHP048,Shipper 048,Enterprise,Outer Java,ST17_Makassar,HB06_EASTERN_GATEWAY,Outer Java,ST15_Medan,HB05_SUMATRA_GATEWAY,Intra-Region,Regular,Prepaid,CR159,Van,1.53,2.47,2.47,1258866,23115,17740,8,0,0,,52.0,48,0,0,,1,0,,0,,62.53,3.24,11.04,ST15_Medan,First Mile Delay
SHPM002357,AWB260002357,2026-03-23 11:52:03.565557,2026-03-23 12:07:03.565557,2026-03-23 12:40:03.565557,2026-03-23 16:26:05.836140,2026-03-23 17:22:05.836140,2026-03-23 17:51:05.836140,2026-03-23 22:27:36.895305,2026-03-24 05:43:52.576350,2026-03-24 14:41:52.162663,2026-03-25 02:06:03.762267,2026-03-25 04:57:59.485843,2026-03-24 23:52:03.565557,Delivered,Closed,SHP090,Shipper 090,Enterprise,East Java,ST14_Kediri,HB03_SBY_GATEWAY,Jabodetabek,ST01_JKT_Central,HB01_JKT_GATEWAY,Inter-Region,Next Day,Prepaid,CR132,Bike,1.87,1.83,1.87,1890668,28415,21442,4,0,0,,56.0,36,0,0,,1,0,,0,,41.1,4.61,8.97,ST01_JKT_Central,First Mile Delay
SHPM002358,AWB260002358,2026-03-03 16:03:59.576301,2026-03-03 16:44:59.576301,2026-03-03 17:01:59.576301,2026-03-03 20:58:31.895516,2026-03-03 22:14:31.895516,2026-03-03 23:58:31.895516,2026-03-04 03:09:38.982119,2026-03-04 08:19:48.796555,2026-03-04 17:08:27.094136,2026-03-05 02:24:09.634061,2026-03-05 15:05:54.552519,2026-03-06 16:03:59.576301,Delivered,Closed,SHP082,Shipper 082,SME,Outer Java,ST19_Denpasar,HB06_EASTERN_GATEWAY,Jabodetabek,ST01_JKT_Central,HB01_JKT_GATEWAY,Inter-Region,Regular,Prepaid,CR174,Bike,0.63,0.81,0.81,2066754,15645,12096,8,1,0,,76.0,72,1,0,,1,0,,0,,47.03,3.19,8.81,ST01_JKT_Central,
SHPM002359,AWB260002359,2026-03-15 10:06:21.392567,2026-03-15 10:24:21.392567,2026-03-15 10:40:21.392567,2026-03-15 14:28:11.235955,2026-03-15 14:36:11.235955,2026-03-15 16:14:11.235955,2026-03-15 18:01:21.989435,2026-03-15 20:42:57.058574,2026-03-16 03:23:49.342109,2026-03-16 16:59:54.728012,2026-03-17 03:27:39.724483,2026-03-16 22:06:21.392567,Delivered,Closed,SHP049,Shipper 049,Enterprise,Jabodetabek,ST05_Tangerang,HB01_JKT_GATEWAY,East Java,ST12_Surabaya,HB03_SBY_GATEWAY,Inter-Region,Next Day,COD,CR053,Bike,1.3,1.18,1.3,1487367,29850,25799,4,0,0,,8.0,36,0,0,,1,0,,0,,41.36,1.79,6.68,ST12_Surabaya,First Mile Delay
SHPM002360,AWB260002360,2026-03-25 15:10:36.387891,2026-03-25 15:18:36.387891,2026-03-25 15:56:36.387891,2026-03-25 19:41:30.113185,2026-03-25 21:08:30.113185,2026-03-25 22:19:30.113185,2026-03-26 02:48:25.597748,2026-03-26 07:48:01.421128,2026-03-26 11:19:16.575167,2026-03-26 18:13:38.602756,2026-03-26 22:14:02.354447,2026-03-27 03:10:36.387891,Delivered,Closed,SHP054,Shipper 054,Marketplace,West Java,ST08_Bogor,HB01_JKT_GATEWAY,Outer Java,ST20_Banjarmasin,HB06_EASTERN_GATEWAY,Inter-Region,Next Day,COD,CR079,Bike,0.46,0.48,0.48,2504057,26160,21068,4,0,0,,87.0,36,1,0,,1,0,,0,,31.06,4.48,3.52,ST20_Banjarmasin,
SHPM002361,AWB260002361,2026-03-05 12:15:12.773533,2026-03-05 12:55:12.773533,2026-03-05 13:19:12.773533,2026-03-05 16:24:46.131244,2026-03-05 17:06:46.131244,2026-03-05 18:13:46.131244,2026-03-05 20:25:20.679231,2026-03-06 01:33:54.251884,2026-03-06 04:51:45.594134,2026-03-06 17:19:05.899630,2026-03-07 01:20:54.343067,2026-03-07 00:15:12.773533,Delivered,Closed,SHP014,Shipper 014,Enterprise,Jabodetabek,ST05_Tangerang,HB01_JKT_GATEWAY,West Java,ST07_Cirebon,HB02_BDG_TRANSIT,Inter-Region,Next Day,Prepaid,CR049,Bike,0.45,0.46,0.46,617634,22070,18345,4,1,0,,42.0,36,0,0,,1,0,,0,,37.09,2.19,3.3,ST07_Cirebon,Last Mile Delay
SHPM002362,AWB260002362,2026-03-29 14:35:09.836601,2026-03-29 15:12:09.836601,2026-03-29 15:45:09.836601,2026-03-29 18:13:04.099850,2026-03-29 18:21:04.099850,2026-03-29 19:44:04.099850,2026-03-30 00:12:35.958163,2026-03-30 03:42:07.478243,2026-03-30 09:16:53.243337,2026-03-30 18:27:19.808271,2026-03-31 04:37:49.313513,2026-03-31 02:35:09.836601,Delivered,Closed,SHP001,Shipper 001,Marketplace,Jabodetabek,ST05_Tangerang,HB01_JKT_GATEWAY,East Java,ST13_Malang,HB03_SBY_GATEWAY,Inter-Region,Next Day,COD,CR054,Bike,0.98,1.04,1.04,461227,28680,19307,4,1,0,,8.0,36,0,0,,1,0,,0,,38.04,4.48,5.58,ST13_Malang,Last Mile Delay
SHPM002363,AWB260002363,2026-02-17 03:09:18.353953,2026-02-17 03:47:18.353953,2026-02-17 04:20:18.353953,2026-02-17 11:55:06.792821,2026-02-17 12:13:06.792821,2026-02-17 13:04:06.792821,2026-02-17 15:02:49.558540,2026-02-17 19:59:54.593793,2026-02-17 21:36:24.757348,2026-02-18 09:44:22.317672,2026-02-18 15:34:54.478510,2026-02-20 03:09:18.353953,Delivered,Closed,SHP017,Shipper 017,Marketplace,Outer Java,ST16_Palembang,HB05_SUMATRA_GATEWAY,Jabodetabek,ST05_Tangerang,HB01_JKT_GATEWAY,Inter-Region,Regular,Prepaid,CR146,Bike,2.05,2.07,2.07,1886674,21315,19213,8,0,0,,18.0,72,1,0,,1,0,,0,,36.43,1.98,1.61,ST05_Tangerang,
SHPM002364,AWB260002364,2026-03-26 21:45:48.639254,2026-03-26 21:53:48.639254,2026-03-26 22:33:48.639254,2026-03-27 04:13:31.038757,2026-03-27 05:01:31.038757,2026-03-27 06:40:31.038757,2026-03-27 10:06:27.319517,2026-03-27 13:58:31.320082,2026-03-27 16:10:30.156214,2026-03-27 21:28:35.995443,2026-03-28 10:03:36.776111,2026-03-29 21:45:48.639254,Delivered,Closed,SHP034,Shipper 034,Enterprise,Jabodetabek,ST02_JKT_West,HB01_JKT_GATEWAY,Central Java,ST10_Solo,HB04_CTG_NATIONAL,Inter-Region,Regular,COD,CR018,Bike,1.98,2.09,2.09,1685544,25405,16770,8,1,0,,48.0,72,1,0,,1,0,,0,,36.3,3.43,2.2,ST10_Solo,
SHPM002365,AWB260002365,2026-02-15 23:10:16.220349,2026-02-15 23:44:16.220349,2026-02-15 23:56:16.220349,2026-02-16 05:43:51.491808,2026-02-16 06:31:51.491808,2026-02-16 07:04:51.491808,2026-02-16 11:42:51.231661,2026-02-16 21:10:25.250762,2026-02-17 12:01:23.629520,2026-02-18 00:32:26.210398,,2026-02-18 23:10:16.220349,Delivery Exception,Exception,SHP055,Shipper 055,Marketplace,East Java,ST14_Kediri,HB03_SBY_GATEWAY,Central Java,ST09_Semarang,HB04_CTG_NATIONAL,Inter-Region,Regular,Prepaid,CR135,Bike,0.87,1.05,1.05,282216,16725,11032,8,1,0,,48.0,72,0,1,Customer Not Home,2,0,,0,,1188.83,4.63,14.85,ST09_Semarang,Hub Bottleneck
SHPM002366,AWB260002366,2026-03-18 18:54:11.087490,2026-03-18 19:25:11.087490,2026-03-18 20:01:11.087490,2026-03-18 22:07:26.041751,2026-03-18 23:12:26.041751,2026-03-18 23:36:26.041751,2026-03-19 05:34:58.223588,2026-03-19 15:11:47.848826,2026-03-20 05:50:55.372916,2026-03-20 18:30:06.961835,2026-03-21 01:15:43.403461,2026-03-20 06:54:11.087490,Delivered,Closed,SHP021,Shipper 021,Marketplace,East Java,ST14_Kediri,HB03_SBY_GATEWAY,Jabodetabek,ST02_JKT_West,HB01_JKT_GATEWAY,Inter-Region,Next Day,Prepaid,CR128,Bike,4.16,4.1,4.16,700293,38720,26368,4,1,0,,65.0,36,0,0,,1,0,,0,,54.36,5.98,14.65,ST02_JKT_West,Hub Bottleneck
SHPM002367,AWB260002367,2026-03-05 04:35:07.654196,2026-03-05 04:55:07.654196,2026-03-05 05:28:07.654196,2026-03-05 08:54:00.852339,2026-03-05 09:17:00.852339,2026-03-05 10:50:00.852339,2026-03-05 15:58:46.441741,2026-03-05 19:28:40.461395,2026-03-06 00:40:11.095028,2026-03-06 03:17:30.533947,2026-03-06 07:46:49.082712,2026-03-07 04:35:07.654196,Delivered,Closed,SHP050,Shipper 050,Marketplace,Jabodetabek,ST04_Bekasi,HB01_JKT_GATEWAY,Jabodetabek,ST01_JKT_Central,HB01_JKT_GATEWAY,Intra-Region,Regular,Prepaid,CR037,Van,1.38,1.51,1.51,2674397,18795,12680,8,1,0,,23.0,48,1,0,,1,0,,0,,27.19,5.15,5.19,ST01_JKT_Central,
SHPM002368,AWB260002368,2026-03-12 20:51:04.536828,2026-03-12 21:18:04.536828,2026-03-12 21:23:04.536828,2026-03-13 01:06:10.873293,2026-03-13 02:11:10.873293,2026-03-13 02:43:10.873293,2026-03-13 06:18:46.542937,2026-03-13 10:12:33.402794,2026-03-13 11:48:41.947289,2026-03-14 04:26:21.433024,2026-03-14 10:12:24.769779,2026-03-14 08:51:04.536828,Delivered,Closed,SHP001,Shipper 001,Marketplace,Jabodetabek,ST03_JKT_East,HB01_JKT_GATEWAY,Central Java,ST10_Solo,HB04_CTG_NATIONAL,Inter-Region,Next Day,COD,CR021,Bike,0.67,0.67,0.67,1102557,27015,21643,4,1,0,,65.0,36,0,0,,1,0,,0,,37.36,3.59,1.6,ST10_Solo,Last Mile Delay
SHPM002369,AWB260002369,2026-02-22 11:02:19.999420,2026-02-22 11:34:19.999420,2026-02-22 11:55:19.999420,2026-02-22 15:58:12.464787,2026-02-22 16:22:12.464787,2026-02-22 18:02:12.464787,2026-02-22 19:59:02.769569,2026-02-23 04:12:09.498560,2026-02-23 18:25:14.171236,2026-02-24 10:42:48.150537,2026-02-25 05:37:24.993325,2026-02-25 11:02:19.999420,Delivered,Closed,SHP063,Shipper 063,Enterprise,Jabodetabek,ST05_Tangerang,HB01_JKT_GATEWAY,Outer Java,ST16_Palembang,HB05_SUMATRA_GATEWAY,Inter-Region,Regular,Prepaid,CR046,Van,2.72,2.98,2.98,1717691,25410,19422,8,1,0,,24.0,72,1,0,,1,0,,0,,66.58,1.95,14.22,ST16_Palembang,
SHPM002370,AWB260002370,2026-03-05 03:31:38.380881,2026-03-05 03:46:38.380881,2026-03-05 04:19:38.380881,2026-03-05 05:49:02.616301,2026-03-05 06:24:02.616301,2026-03-05 06:48:02.616301,2026-03-05 11:32:15.047371,2026-03-05 20:05:45.812506,2026-03-05 22:05:50.866387,2026-03-06 08:19:03.906711,2026-03-06 13:38:06.048184,2026-03-05 19:31:38.380881,Delivered,Closed,SHP095,Shipper 095,Enterprise,Central Java,ST10_Solo,HB04_CTG_NATIONAL,Jabodetabek,ST01_JKT_Central,HB01_JKT_GATEWAY,Inter-Region,Same Day,COD,CR094,Truck,0.3,0.51,0.51,1074997,33295,18374,2,0,0,,35.0,16,0,0,,1,0,,0,,34.11,4.74,2.0,ST01_JKT_Central,First Mile Delay
SHPM002371,AWB260002371,2026-02-18 00:46:34.322549,2026-02-18 00:52:34.322549,2026-02-18 01:18:34.322549,2026-02-18 05:06:05.782491,2026-02-18 05:35:05.782491,2026-02-18 06:37:05.782491,2026-02-18 10:08:56.217024,2026-02-18 13:55:52.002750,2026-02-19 01:36:11.023204,2026-02-19 08:50:45.422926,2026-02-19 14:52:07.766411,2026-02-19 12:46:34.322549,Delivered,Closed,SHP027,Shipper 027,SME,Jabodetabek,ST05_Tangerang,HB01_JKT_GATEWAY,West Java,ST07_Cirebon,HB02_BDG_TRANSIT,Inter-Region,Next Day,Prepaid,CR054,Van,1.61,1.55,1.61,1598739,27245,25252,4,0,0,,29.0,36,0,0,,1,0,,0,,38.09,3.53,11.67,ST07_Cirebon,First Mile Delay
SHPM002372,AWB260002372,2026-03-18 12:48:18.256139,2026-03-18 12:55:18.256139,2026-03-18 13:27:18.256139,2026-03-18 14:55:22.157274,2026-03-18 15:49:22.157274,2026-03-18 16:33:22.157274,2026-03-18 22:31:54.829463,2026-03-19 02:40:04.884067,2026-03-19 11:20:13.183756,2026-03-19 20:38:54.857764,2026-03-19 22:45:43.074350,2026-03-19 04:48:18.256139,Delivered,Closed,SHP084,Shipper 084,Enterprise,Central Java,ST11_Yogyakarta,HB04_CTG_NATIONAL,Jabodetabek,ST01_JKT_Central,HB01_JKT_GATEWAY,Inter-Region,Same Day,Prepaid,CR105,Van,0.59,0.59,0.59,2005335,29655,18402,2,0,0,,54.0,16,0,0,,1,0,,0,,33.96,5.98,8.67,ST01_JKT_Central,First Mile Delay
SHPM002373,AWB260002373,2026-03-22 17:35:25.158635,2026-03-22 18:02:25.158635,2026-03-22 18:15:25.158635,2026-03-22 19:59:47.398761,2026-03-22 20:07:47.398761,2026-03-22 20:48:47.398761,2026-03-23 00:12:40.723635,2026-03-23 02:30:31.857492,2026-03-23 12:33:32.199976,2026-03-24 05:18:41.454963,2026-03-24 12:35:27.723856,2026-03-24 05:35:25.158635,Delivered,Closed,SHP002,Shipper 002,Enterprise,Jabodetabek,ST01_JKT_Central,HB01_JKT_GATEWAY,East Java,ST12_Surabaya,HB03_SBY_GATEWAY,Inter-Region,Next Day,Prepaid,CR004,Bike,0.81,0.83,0.83,761504,23735,21235,4,1,0,,8.0,36,0,0,,1,0,,0,,43.0,3.4,10.05,ST12_Surabaya,Hub Bottleneck
SHPM002374,AWB260002374,2026-03-23 01:23:26.743655,2026-03-23 01:36:26.743655,2026-03-23 02:06:26.743655,2026-03-23 07:15:09.766662,2026-03-23 08:07:09.766662,2026-03-23 08:37:09.766662,2026-03-23 10:47:34.023217,2026-03-23 13:35:41.685901,2026-03-23 16:12:21.096260,2026-03-24 09:53:08.274919,2026-03-24 14:55:34.436512,2026-03-26 01:23:26.743655,Delivered,Closed,SHP082,Shipper 082,SME,Outer Java,ST19_Denpasar,HB06_EASTERN_GATEWAY,Jabodetabek,ST02_JKT_West,HB01_JKT_GATEWAY,Inter-Region,Regular,Prepaid,CR175,Bike,2.0,2.86,2.86,369959,24870,14382,8,1,0,,52.0,72,1,0,,1,0,,0,,37.54,2.17,2.61,ST02_JKT_West,
SHPM002375,AWB260002375,2026-03-19 11:10:27.324056,2026-03-19 11:54:27.324056,2026-03-19 12:21:27.324056,2026-03-19 15:11:35.804100,2026-03-19 15:41:35.804100,2026-03-19 15:59:35.804100,2026-03-19 20:29:32.105584,2026-03-20 00:12:31.896082,2026-03-20 09:50:54.210522,2026-03-20 16:24:15.708731,2026-03-21 07:47:09.588876,2026-03-21 11:10:27.324056,Delivered,Closed,SHP014,Shipper 014,Enterprise,Jabodetabek,ST05_Tangerang,HB01_JKT_GATEWAY,Jabodetabek,ST05_Tangerang,HB01_JKT_GATEWAY,Intra-Region,Regular,COD,CR054,Van,0.62,1.03,1.03,966654,20635,13614,8,1,0,,30.0,48,1,0,,1,0,,0,,44.61,4.5,9.64,ST05_Tangerang,
SHPM002376,AWB260002376,2026-03-07 07:10:01.943037,2026-03-07 07:21:01.943037,2026-03-07 08:04:01.943037,2026-03-07 11:24:08.995221,2026-03-07 11:58:08.995221,2026-03-07 13:04:08.995221,2026-03-07 16:01:08.556546,2026-03-07 21:06:25.284540,2026-03-08 02:11:40.502005,2026-03-08 16:37:18.654604,2026-03-08 19:54:12.265850,2026-03-08 19:10:01.943037,Delivered,Closed,SHP016,Shipper 016,Marketplace,Jabodetabek,ST05_Tangerang,HB01_JKT_GATEWAY,East Java,ST14_Kediri,HB03_SBY_GATEWAY,Inter-Region,Next Day,Prepaid,CR053,Bike,0.77,1.15,1.15,2387874,25175,22136,4,0,0,,34.0,36,0,0,,1,0,,0,,36.74,2.95,5.09,ST14_Kediri,First Mile Delay
SHPM002377,AWB260002377,2026-03-02 11:55:57.713076,2026-03-02 12:10:57.713076,2026-03-02 12:15:57.713076,2026-03-02 14:44:42.098206,2026-03-02 15:24:42.098206,2026-03-02 15:57:42.098206,2026-03-02 17:55:30.588447,2026-03-03 03:48:49.376958,2026-03-03 13:01:12.538933,2026-03-03 21:44:52.115646,2026-03-04 05:33:48.495582,2026-03-05 11:55:57.713076,Delivered,Closed,SHP089,Shipper 089,Enterprise,Central Java,ST11_Yogyakarta,HB04_CTG_NATIONAL,Jabodetabek,ST02_JKT_West,HB01_JKT_GATEWAY,Inter-Region,Regular,Prepaid,CR104,Bike,0.95,1.11,1.11,970936,16995,15853,8,1,0,,40.0,72,1,0,,1,0,,0,,41.63,1.96,9.21,ST02_JKT_West,
SHPM002378,AWB260002378,2026-03-23 12:42:53.163543,2026-03-23 13:00:53.163543,2026-03-23 13:29:53.163543,2026-03-23 21:26:45.600066,2026-03-23 22:02:45.600066,2026-03-23 23:22:45.600066,2026-03-24 01:46:40.517166,2026-03-24 08:21:36.098825,2026-03-24 16:43:10.002967,2026-03-25 04:40:07.140416,,2026-03-26 12:42:53.163543,Delivery Exception,Exception,SHP074,Shipper 074,Enterprise,Outer Java,ST15_Medan,HB05_SUMATRA_GATEWAY,Jabodetabek,ST04_Bekasi,HB01_JKT_GATEWAY,Inter-Region,Regular,COD,CR138,Bike,0.87,0.84,0.87,970992,19915,18096,8,0,0,,36.0,72,0,1,Customer Not Home,2,0,,0,,335.29,2.4,8.36,ST04_Bekasi,Delivery Exception
SHPM002379,AWB260002379,2026-03-24 22:24:04.288280,2026-03-24 22:30:04.288280,2026-03-24 23:22:04.288280,2026-03-25 09:42:21.631014,2026-03-25 10:27:21.631014,2026-03-25 11:20:21.631014,2026-03-25 18:00:33.380314,2026-03-26 01:27:11.741948,2026-03-26 07:25:32.027118,2026-03-26 16:46:29.224301,2026-03-27 10:29:57.586712,2026-03-27 22:24:04.288280,Delivered,Closed,SHP010,Shipper 010,Enterprise,East Java,ST12_Surabaya,HB03_SBY_GATEWAY,Central Java,ST11_Yogyakarta,HB04_CTG_NATIONAL,Inter-Region,Regular,Prepaid,CR110,Truck,3.5,3.27,3.5,2068183,27750,16515,8,0,0,,45.0,72,1,0,,1,0,,0,,60.1,6.67,5.97,ST11_Yogyakarta,
SHPM002380,AWB260002380,2026-03-11 18:56:08.179761,2026-03-11 19:21:08.179761,2026-03-11 19:26:08.179761,2026-03-11 23:04:14.233662,2026-03-11 23:26:14.233662,2026-03-12 00:06:14.233662,2026-03-12 05:15:39.363816,2026-03-12 14:05:07.410576,2026-03-12 17:44:25.263601,2026-03-13 09:49:10.743572,,2026-03-13 06:56:08.179761,Delivery Exception,Exception,SHP061,Shipper 061,Enterprise,Outer Java,ST19_Denpasar,HB06_EASTERN_GATEWAY,Central Java,ST09_Semarang,HB04_CTG_NATIONAL,Inter-Region,Next Day,COD,CR180,Truck,0.47,0.49,0.49,453324,26205,16483,4,1,0,,22.0,36,0,1,Remote Area Delay,1,0,,0,,617.06,5.16,3.65,ST09_Semarang,Delivery Exception
SHPM002381,AWB260002381,2026-03-11 18:49:39.027173,2026-03-11 19:18:39.027173,2026-03-11 19:46:39.027173,2026-03-12 03:22:53.094936,2026-03-12 03:41:53.094936,2026-03-12 05:12:53.094936,2026-03-12 10:21:20.661913,2026-03-12 15:36:34.324991,2026-03-13 02:01:17.230090,2026-03-13 14:11:29.317770,2026-03-14 03:18:50.118992,2026-03-14 18:49:39.027173,Delivered,Closed,SHP077,Shipper 077,Marketplace,Outer Java,ST16_Palembang,HB05_SUMATRA_GATEWAY,West Java,ST08_Bogor,HB01_JKT_GATEWAY,Inter-Region,Regular,Prepaid,CR151,Bike,0.78,0.72,0.78,391059,15510,14649,8,0,0,,19.0,72,1,0,,1,0,,0,,56.49,5.14,10.41,ST08_Bogor,
SHPM002382,AWB260002382,2026-02-20 16:23:58.026834,2026-02-20 16:56:58.026834,2026-02-20 17:20:58.026834,2026-02-21 01:21:20.944791,2026-02-21 01:43:20.944791,2026-02-21 03:13:20.944791,2026-02-21 05:56:00.867146,2026-02-21 12:36:23.582535,2026-02-21 16:36:15.170505,2026-02-22 03:01:40.731202,2026-02-22 15:25:43.192926,2026-02-23 16:23:58.026834,Delivered,Closed,SHP087,Shipper 087,Enterprise,Jabodetabek,ST02_JKT_West,HB01_JKT_GATEWAY,Central Java,ST09_Semarang,HB04_CTG_NATIONAL,Inter-Region,Regular,Prepaid,CR016,Bike,1.63,1.68,1.68,838031,19560,15590,8,0,0,,22.0,72,1,0,,1,0,,0,,47.03,2.71,4.0,ST09_Semarang,
SHPM002383,AWB260002383,2026-03-01 06:55:51.866854,2026-03-01 07:15:51.866854,2026-03-01 07:38:51.866854,2026-03-01 10:47:28.524719,2026-03-01 11:49:28.524719,2026-03-01 12:34:28.524719,2026-03-01 14:28:42.269092,2026-03-01 16:56:37.687389,2026-03-02 00:14:37.527200,2026-03-02 11:19:07.789044,2026-03-02 21:30:43.742066,2026-03-04 06:55:51.866854,Delivered,Closed,SHP011,Shipper 011,Enterprise,Jabodetabek,ST03_JKT_East,HB01_JKT_GATEWAY,West Java,ST06_Bandung,HB01_JKT_GATEWAY,Inter-Region,Regular,COD,CR030,Van,1.31,1.26,1.31,1196415,21895,12159,8,1,0,,62.0,72,1,0,,1,0,,0,,38.58,1.9,7.3,ST06_Bandung,
SHPM002384,AWB260002384,2026-03-21 22:41:46.086273,2026-03-21 23:23:46.086273,2026-03-21 23:47:46.086273,2026-03-22 03:08:13.909995,2026-03-22 03:50:13.909995,2026-03-22 05:07:13.909995,2026-03-22 07:32:25.479897,2026-03-22 11:03:39.032272,2026-03-22 15:03:18.726517,2026-03-23 03:06:16.211173,2026-03-23 10:39:53.326982,2026-03-23 10:41:46.086273,Delivered,Closed,SHP049,Shipper 049,Enterprise,Jabodetabek,ST05_Tangerang,HB01_JKT_GATEWAY,Central Java,ST11_Yogyakarta,HB04_CTG_NATIONAL,Inter-Region,Next Day,Prepaid,CR048,Bike,2.55,2.39,2.55,340391,31475,18701,4,1,0,,42.0,36,1,0,,1,0,,0,,35.97,2.42,3.99,ST11_Yogyakarta,
SHPM002385,AWB260002385,2026-02-17 19:09:06.800911,2026-02-17 19:38:06.800911,2026-02-17 19:46:06.800911,2026-02-18 02:19:39.025919,2026-02-18 02:56:39.025919,2026-02-18 04:43:39.025919,2026-02-18 09:23:10.160801,2026-02-18 14:40:08.414191,2026-02-18 16:14:51.973047,2026-02-19 02:37:05.061361,2026-02-19 16:42:20.914793,2026-02-20 19:09:06.800911,Delivered,Closed,SHP074,Shipper 074,Enterprise,Outer Java,ST15_Medan,HB05_SUMATRA_GATEWAY,East Java,ST14_Kediri,HB03_SBY_GATEWAY,Inter-Region,Regular,COD,CR140,Truck,2.69,3.45,3.45,2092719,31525,18180,8,1,0,,37.0,72,1,0,,1,0,,0,,45.55,4.66,1.58,ST14_Kediri,
SHPM002386,AWB260002386,2026-03-03 01:18:06.874825,2026-03-03 01:57:06.874825,2026-03-03 02:13:06.874825,2026-03-03 10:49:59.461683,2026-03-03 11:30:59.461683,2026-03-03 12:39:59.461683,2026-03-03 14:44:15.912504,2026-03-03 19:26:46.722018,2026-03-04 07:04:30.235838,2026-03-04 18:04:39.484422,2026-03-05 15:14:25.979955,2026-03-06 01:18:06.874825,Delivered,Closed,SHP095,Shipper 095,Enterprise,Central Java,ST11_Yogyakarta,HB04_CTG_NATIONAL,Outer Java,ST15_Medan,HB05_SUMATRA_GATEWAY,Inter-Region,Regular,Prepaid,CR103,Bike,1.74,1.74,1.74,2523066,19830,11588,8,0,0,,41.0,72,1,0,,1,0,,0,,61.94,2.07,11.63,ST15_Medan,
SHPM002387,AWB260002387,2026-03-29 14:28:35.258925,2026-03-29 14:50:35.258925,2026-03-29 15:21:35.258925,2026-03-29 16:29:39.386247,2026-03-29 16:38:39.386247,2026-03-29 18:32:39.386247,2026-03-29 19:42:49.231220,2026-03-30 04:55:06.167316,2026-03-31 01:32:00.342364,2026-03-31 08:25:07.669955,2026-03-31 14:59:28.525627,2026-03-31 02:28:35.258925,Delivered,Closed,SHP060,Shipper 060,Enterprise,East Java,ST14_Kediri,HB03_SBY_GATEWAY,West Java,ST07_Cirebon,HB02_BDG_TRANSIT,Inter-Region,Next Day,Prepaid,CR126,Bike,2.48,2.45,2.48,245491,31160,19425,4,1,0,,9.0,36,0,0,,1,0,,0,,48.51,1.17,20.62,ST07_Cirebon,Hub Bottleneck
SHPM002388,AWB260002388,2026-03-09 04:50:08.697993,2026-03-09 04:55:08.697993,2026-03-09 05:37:08.697993,2026-03-09 07:37:20.444712,2026-03-09 08:30:20.444712,2026-03-09 10:06:20.444712,2026-03-09 11:36:57.162374,2026-03-09 21:33:47.319858,2026-03-10 10:44:14.617390,2026-03-10 18:08:17.138728,2026-03-11 08:33:22.718097,2026-03-12 04:50:08.697993,Delivered,Closed,SHP093,Shipper 093,SME,East Java,ST13_Malang,HB03_SBY_GATEWAY,Outer Java,ST20_Banjarmasin,HB06_EASTERN_GATEWAY,Inter-Region,Regular,Prepaid,CR123,Bike,2.87,2.73,2.87,1176141,24915,22514,8,1,0,,53.0,72,1,0,,1,0,,0,,51.72,1.51,13.17,ST20_Banjarmasin,
SHPM002389,AWB260002389,2026-03-15 00:25:17.176885,2026-03-15 00:56:17.176885,2026-03-15 01:17:17.176885,2026-03-15 02:25:57.409415,2026-03-15 03:31:57.409415,2026-03-15 05:23:57.409415,2026-03-15 07:09:45.024947,2026-03-15 15:26:24.650940,2026-03-16 08:37:13.974287,2026-03-16 18:26:01.792844,2026-03-17 05:14:25.219756,2026-03-16 12:25:17.176885,Delivered,Closed,SHP038,Shipper 038,Marketplace,Jabodetabek,ST01_JKT_Central,HB01_JKT_GATEWAY,Outer Java,ST18_Balikpapan,HB06_EASTERN_GATEWAY,Inter-Region,Next Day,Prepaid,CR008,Bike,1.22,1.25,1.25,2099369,25625,23834,4,1,0,,66.0,36,0,0,,1,0,,0,,52.82,1.76,17.18,ST18_Balikpapan,Hub Bottleneck
SHPM002390,AWB260002390,2026-03-09 05:07:05.380491,2026-03-09 05:36:05.380491,2026-03-09 05:54:05.380491,2026-03-09 08:23:40.967608,2026-03-09 08:31:40.967608,2026-03-09 09:42:40.967608,2026-03-09 13:09:53.139387,2026-03-09 22:31:08.072400,2026-03-10 03:28:21.569885,2026-03-10 20:40:09.180081,2026-03-11 02:06:30.557008,2026-03-10 17:07:05.380491,Delivered,Closed,SHP035,Shipper 035,Enterprise,Jabodetabek,ST04_Bekasi,HB01_JKT_GATEWAY,West Java,ST08_Bogor,HB01_JKT_GATEWAY,Inter-Region,Next Day,Prepaid,CR033,Van,2.32,2.41,2.41,195932,30845,26720,4,1,0,,8.0,36,0,0,,1,0,,0,,44.99,3.45,4.95,ST08_Bogor,Last Mile Delay
SHPM002391,AWB260002391,2026-03-09 22:50:15.923331,2026-03-09 23:30:15.923331,2026-03-09 23:59:15.923331,2026-03-10 07:51:31.613386,2026-03-10 08:15:31.613386,2026-03-10 09:40:31.613386,2026-03-10 13:03:43.720189,2026-03-10 17:20:42.004358,2026-03-11 05:18:43.841205,2026-03-11 22:54:11.592781,2026-03-12 04:56:01.649723,2026-03-12 22:50:15.923331,Delivered,Closed,SHP085,Shipper 085,Marketplace,Central Java,ST09_Semarang,HB04_CTG_NATIONAL,West Java,ST08_Bogor,HB01_JKT_GATEWAY,Inter-Region,Regular,Prepaid,CR084,Bike,0.55,0.55,0.55,2587918,14475,9378,8,0,0,,24.0,72,1,0,,1,0,,0,,54.1,3.39,11.97,ST08_Bogor,
SHPM002392,AWB260002392,2026-03-19 01:34:00.186421,2026-03-19 01:50:00.186421,2026-03-19 02:33:00.186421,2026-03-19 04:11:59.296270,2026-03-19 04:27:59.296270,2026-03-19 06:00:59.296270,2026-03-19 11:25:17.002782,2026-03-19 21:05:05.943972,2026-03-20 06:54:27.482328,2026-03-20 13:41:19.933660,2026-03-20 15:55:32.796180,2026-03-19 17:34:00.186421,Delivered,Closed,SHP062,Shipper 062,Enterprise,Jabodetabek,ST01_JKT_Central,HB01_JKT_GATEWAY,East Java,ST14_Kediri,HB03_SBY_GATEWAY,Inter-Region,Same Day,Prepaid,CR011,Bike,1.27,1.37,1.37,875664,33165,24204,2,0,0,,16.0,16,0,0,,1,0,,0,,38.36,5.4,9.82,ST14_Kediri,First Mile Delay
SHPM002393,AWB260002393,2026-03-13 21:26:14.405459,2026-03-13 21:59:14.405459,2026-03-13 22:22:14.405459,2026-03-14 00:16:36.052870,2026-03-14 01:10:36.052870,2026-03-14 01:27:36.052870,2026-03-14 06:37:25.723561,2026-03-14 08:22:45.609541,2026-03-14 16:02:16.590875,2026-03-14 17:43:31.692989,2026-03-15 00:50:25.514549,2026-03-14 21:26:14.405459,Delivered,Closed,SHP091,Shipper 091,SME,Outer Java,ST16_Palembang,HB05_SUMATRA_GATEWAY,Outer Java,ST15_Medan,HB05_SUMATRA_GATEWAY,Intra-Region,Next Day,COD,CR153,Truck,1.63,1.7,1.7,864152,31650,26683,4,1,0,,54.0,24,0,0,,1,0,,0,,27.4,5.16,7.66,ST15_Medan,Remote Area
SHPM002394,AWB260002394,2026-03-22 00:33:38.995042,2026-03-22 00:51:38.995042,2026-03-22 01:15:38.995042,2026-03-22 03:33:01.349536,2026-03-22 04:04:01.349536,2026-03-22 05:04:01.349536,2026-03-22 08:27:07.345324,2026-03-22 12:08:52.972505,2026-03-22 19:25:23.824276,2026-03-23 12:50:36.888369,2026-03-24 00:40:44.813503,2026-03-23 12:33:38.995042,Delivered,Closed,SHP062,Shipper 062,Enterprise,Jabodetabek,ST03_JKT_East,HB01_JKT_GATEWAY,Outer Java,ST19_Denpasar,HB06_EASTERN_GATEWAY,Inter-Region,Next Day,Prepaid,CR027,Truck,5.78,5.73,5.78,1205358,46010,33372,4,1,0,,31.0,36,0,0,,1,0,,0,,48.12,3.38,7.28,ST19_Denpasar,Remote Area
SHPM002395,AWB260002395,2026-03-12 15:39:45.227570,2026-03-12 16:08:45.227570,2026-03-12 16:43:45.227570,2026-03-12 20:06:59.608786,2026-03-12 21:00:59.608786,2026-03-12 22:59:59.608786,2026-03-13 03:39:02.874475,2026-03-13 08:49:25.168498,2026-03-13 12:53:55.952416,2026-03-13 20:57:42.685603,2026-03-14 01:40:23.236416,2026-03-15 15:39:45.227570,Delivered,Closed,SHP098,Shipper 098,Marketplace,Outer Java,ST17_Makassar,HB06_EASTERN_GATEWAY,Jabodetabek,ST02_JKT_West,HB01_JKT_GATEWAY,Inter-Region,Regular,Prepaid,CR160,Van,0.98,0.96,0.98,912765,16410,10819,8,1,0,,54.0,72,1,0,,1,0,,0,,34.01,4.65,4.08,ST02_JKT_West,
SHPM002396,AWB260002396,2026-03-30 03:29:13.498808,2026-03-30 03:53:13.498808,2026-03-30 04:36:13.498808,2026-03-30 15:40:25.332776,2026-03-30 17:19:25.332776,2026-03-30 18:54:25.332776,2026-03-31 00:52:14.450995,2026-03-31 03:56:05.716244,2026-03-31 15:05:34.355601,2026-03-31 18:38:11.021522,2026-03-31 23:07:04.857372,2026-03-31 03:29:13.498808,Delivered,Closed,SHP018,Shipper 018,Enterprise,West Java,ST07_Cirebon,HB02_BDG_TRANSIT,West Java,ST08_Bogor,HB01_JKT_GATEWAY,Intra-Region,Next Day,Prepaid,CR074,Van,0.59,0.57,0.59,373144,22655,14622,4,0,0,,99.0,24,0,0,,1,0,,0,,43.63,5.96,11.16,ST08_Bogor,First Mile Delay
SHPM002397,AWB260002397,2026-03-04 00:32:05.976599,2026-03-04 00:57:05.976599,2026-03-04 01:32:05.976599,2026-03-04 07:37:50.195902,2026-03-04 08:16:50.195902,2026-03-04 09:50:50.195902,2026-03-04 13:34:20.572081,2026-03-04 22:18:27.894269,2026-03-05 01:04:00.999340,2026-03-05 07:04:03.915236,2026-03-05 16:01:45.709949,2026-03-07 00:32:05.976599,Delivered,Closed,SHP084,Shipper 084,Enterprise,Central Java,ST11_Yogyakarta,HB04_CTG_NATIONAL,Outer Java,ST20_Banjarmasin,HB06_EASTERN_GATEWAY,Inter-Region,Regular,Prepaid,CR103,Truck,0.89,0.96,0.96,1112088,16320,10761,8,1,0,,39.0,72,1,0,,1,0,,0,,39.49,3.73,2.76,ST20_Banjarmasin,
SHPM002398,AWB260002398,2026-03-12 16:32:39.538367,2026-03-12 17:17:39.538367,2026-03-12 17:39:39.538367,2026-03-12 18:11:43.792123,2026-03-12 18:37:43.792123,2026-03-12 19:18:43.792123,2026-03-13 00:04:58.551596,2026-03-13 05:26:07.119991,2026-03-13 09:21:03.070325,2026-03-13 19:13:35.418353,2026-03-13 20:45:09.260487,2026-03-13 08:32:39.538367,Delivered,Closed,SHP073,Shipper 073,Marketplace,Outer Java,ST15_Medan,HB05_SUMATRA_GATEWAY,Jabodetabek,ST05_Tangerang,HB01_JKT_GATEWAY,Inter-Region,Same Day,Prepaid,CR140,Bike,1.17,1.18,1.18,1022853,32310,22119,2,1,0,,26.0,16,0,0,,1,0,,0,,28.21,4.77,3.92,ST05_Tangerang,Last Mile Delay
SHPM002399,AWB260002399,2026-03-17 13:30:21.180935,2026-03-17 13:55:21.180935,2026-03-17 14:59:21.180935,2026-03-17 16:49:50.793072,2026-03-17 18:03:50.793072,2026-03-17 18:45:50.793072,2026-03-18 03:01:21.624372,2026-03-18 06:24:18.427882,2026-03-19 01:54:13.885178,2026-03-19 07:20:40.018755,2026-03-19 12:10:01.500091,2026-03-19 01:30:21.180935,Delivered,Closed,SHP010,Shipper 010,Enterprise,East Java,ST12_Surabaya,HB03_SBY_GATEWAY,Outer Java,ST18_Balikpapan,HB06_EASTERN_GATEWAY,Inter-Region,Next Day,Prepaid,CR108,Bike,0.57,0.83,0.83,1479414,23735,18331,4,1,0,,74.0,36,0,0,,1,0,,0,,46.66,8.26,19.5,ST18_Balikpapan,Hub Bottleneck
SHPM002400,AWB260002400,2026-02-27 06:42:24.734169,2026-02-27 07:22:24.734169,2026-02-27 08:14:24.734169,2026-02-27 13:00:23.895538,2026-02-27 14:11:23.895538,2026-02-27 15:37:23.895538,2026-02-27 22:41:21.677879,2026-02-28 08:04:04.992051,2026-02-28 21:29:15.529275,2026-03-01 04:02:38.511610,2026-03-01 07:10:24.712115,2026-02-28 18:42:24.734169,Delivered,Closed,SHP060,Shipper 060,Enterprise,East Java,ST12_Surabaya,HB03_SBY_GATEWAY,West Java,ST07_Cirebon,HB02_BDG_TRANSIT,Inter-Region,Next Day,COD,CR112,Bike,1.66,1.61,1.66,1928136,31470,21200,4,0,0,,71.0,36,0,0,,1,0,,0,,48.47,7.07,13.42,ST07_Cirebon,First Mile Delay
SHPM002401,AWB260002401,2026-03-23 08:47:05.847176,2026-03-23 09:32:05.847176,2026-03-23 10:04:05.847176,2026-03-23 11:12:39.699771,2026-03-23 12:24:39.699771,2026-03-23 14:16:39.699771,2026-03-23 16:16:10.368672,2026-03-24 00:35:01.566125,2026-03-24 04:42:15.658583,2026-03-24 14:38:06.891444,2026-03-24 21:01:36.237989,2026-03-24 20:47:05.847176,Delivered,Closed,SHP074,Shipper 074,Enterprise,Outer Java,ST18_Balikpapan,HB06_EASTERN_GATEWAY,East Java,ST14_Kediri,HB03_SBY_GATEWAY,Inter-Region,Next Day,COD,CR168,Van,2.09,2.18,2.18,931220,33810,24891,4,1,0,,72.0,36,0,0,,1,0,,0,,36.24,1.99,4.12,ST14_Kediri,Last Mile Delay
SHPM002402,AWB260002402,2026-04-01 03:51:24.156444,2026-04-01 04:20:24.156444,2026-04-01 04:43:24.156444,2026-04-01 08:38:39.258508,2026-04-01 09:20:39.258508,2026-04-01 09:35:39.258508,2026-04-01 11:30:14.893635,2026-04-01 15:48:30.643392,2026-04-01 19:50:13.151241,2026-04-02 08:54:22.012287,2026-04-02 22:00:42.473205,2026-04-02 15:51:24.156444,Delivered,Closed,SHP096,Shipper 096,Marketplace,Jabodetabek,ST02_JKT_West,HB01_JKT_GATEWAY,Outer Java,ST17_Makassar,HB06_EASTERN_GATEWAY,Inter-Region,Next Day,COD,CR016,Van,1.53,1.58,1.58,1619723,31110,25458,4,0,0,,42.0,36,0,0,,1,0,,0,,42.16,1.91,4.03,ST17_Makassar,First Mile Delay
SHPM002403,AWB260002403,2026-03-22 22:45:46.334391,2026-03-22 22:53:46.334391,2026-03-22 23:10:46.334391,2026-03-23 01:20:16.541959,2026-03-23 01:52:16.541959,2026-03-23 02:34:16.541959,2026-03-23 06:52:25.758330,2026-03-23 15:34:36.974503,2026-03-23 23:54:26.008368,2026-03-24 13:46:12.946793,2026-03-24 21:33:21.092130,2026-03-24 10:45:46.334391,Delivered,Closed,SHP089,Shipper 089,Enterprise,Central Java,ST10_Solo,HB04_CTG_NATIONAL,West Java,ST08_Bogor,HB01_JKT_GATEWAY,Inter-Region,Next Day,Prepaid,CR099,Bike,1.53,1.45,1.53,2583791,26885,14995,4,1,0,,32.0,36,0,0,,1,0,,0,,46.79,4.3,8.33,ST08_Bogor,Last Mile Delay
SHPM002404,AWB260002404,2026-03-19 03:37:49.000049,2026-03-19 03:50:49.000049,2026-03-19 04:14:49.000049,2026-03-19 06:35:51.530583,2026-03-19 07:18:51.530583,2026-03-19 07:42:51.530583,2026-03-19 11:41:42.127714,2026-03-19 16:48:55.170243,2026-03-20 01:57:38.182781,2026-03-20 15:48:57.259215,2026-03-20 20:11:56.111365,2026-03-20 15:37:49.000049,Delivered,Closed,SHP095,Shipper 095,Enterprise,Central Java,ST11_Yogyakarta,HB04_CTG_NATIONAL,Jabodetabek,ST03_JKT_East,HB01_JKT_GATEWAY,Inter-Region,Next Day,COD,CR103,Bike,1.96,1.78,1.96,2711298,32820,26200,4,1,0,,43.0,36,0,0,,1,0,,0,,40.57,3.98,9.15,ST03_JKT_East,Last Mile Delay
SHPM002405,AWB260002405,2026-03-31 20:21:11.028688,2026-03-31 20:27:11.028688,2026-03-31 20:48:11.028688,2026-03-31 23:42:20.991206,2026-04-01 00:35:20.991206,2026-04-01 02:23:20.991206,2026-04-01 05:32:25.746167,2026-04-01 07:53:18.983087,2026-04-01 16:09:26.860067,2026-04-02 02:04:00.686607,2026-04-02 08:45:47.895305,2026-04-02 08:21:11.028688,Delivered,Closed,SHP089,Shipper 089,Enterprise,Central Java,ST11_Yogyakarta,HB04_CTG_NATIONAL,West Java,ST08_Bogor,HB01_JKT_GATEWAY,Inter-Region,Next Day,Prepaid,CR105,Van,1.15,1.35,1.35,1407323,26075,23248,4,1,0,,53.0,36,0,0,,1,0,,0,,36.41,3.15,8.27,ST08_Bogor,Last Mile Delay
SHPM002406,AWB260002406,2026-03-25 09:23:13.313594,2026-03-25 09:36:13.313594,2026-03-25 10:02:13.313594,2026-03-25 16:09:25.620886,2026-03-25 17:17:25.620886,2026-03-25 18:29:25.620886,2026-03-25 22:46:43.509581,2026-03-26 02:06:54.358155,2026-03-26 09:19:31.653658,2026-03-26 21:25:24.425410,2026-03-27 08:36:59.893900,2026-03-28 09:23:13.313594,Delivered,Closed,SHP011,Shipper 011,Enterprise,Jabodetabek,ST03_JKT_East,HB01_JKT_GATEWAY,West Java,ST07_Cirebon,HB02_BDG_TRANSIT,Inter-Region,Regular,Prepaid,CR025,Bike,1.18,1.26,1.26,1206245,17670,12784,8,1,0,,68.0,72,1,0,,1,0,,0,,47.23,4.29,7.21,ST07_Cirebon,
SHPM002407,AWB260002407,2026-03-03 14:45:30.050872,2026-03-03 15:20:30.050872,2026-03-03 16:41:30.050872,2026-03-03 16:39:46.050805,2026-03-03 17:38:46.050805,2026-03-03 19:06:46.050805,2026-03-03 23:22:26.669852,2026-03-04 02:08:53.625729,2026-03-04 10:43:00.414519,2026-03-04 17:26:27.798864,2026-03-04 18:56:08.112825,2026-03-04 06:45:30.050872,Delivered,Closed,SHP068,Shipper 068,Marketplace,East Java,ST12_Surabaya,HB03_SBY_GATEWAY,Jabodetabek,ST03_JKT_East,HB01_JKT_GATEWAY,Inter-Region,Same Day,Prepaid,CR108,Van,0.49,0.44,0.49,231662,29205,19232,2,1,0,,59.0,16,0,0,,1,0,,0,,28.18,4.26,8.57,ST03_JKT_East,Last Mile Delay
SHPM002408,AWB260002408,2026-03-14 18:46:47.710696,2026-03-14 19:11:47.710696,2026-03-14 19:45:47.710696,2026-03-15 04:04:53.404556,2026-03-15 04:12:53.404556,2026-03-15 05:43:53.404556,2026-03-15 06:44:58.055401,2026-03-15 09:12:01.997714,2026-03-16 02:30:09.102132,2026-03-16 15:11:08.755489,2026-03-17 07:32:45.073618,2026-03-17 18:46:47.710696,Delivered,Closed,SHP067,Shipper 067,SME,East Java,ST14_Kediri,HB03_SBY_GATEWAY,Jabodetabek,ST01_JKT_Central,HB01_JKT_GATEWAY,Inter-Region,Regular,COD,CR129,Bike,0.21,0.23,0.23,2302476,17035,16089,8,0,0,,8.0,72,1,0,,1,0,,0,,60.77,1.02,17.3,ST01_JKT_Central,
SHPM002409,AWB260002409,2026-03-19 12:35:02.987210,2026-03-19 13:08:02.987210,2026-03-19 13:51:02.987210,2026-03-19 16:50:06.925739,2026-03-19 18:11:06.925739,2026-03-19 20:07:06.925739,2026-03-20 05:43:50.213615,2026-03-20 07:34:41.453787,2026-03-20 18:11:26.350214,2026-03-20 20:01:19.288448,2026-03-21 04:30:34.559561,2026-03-20 12:35:02.987210,Delivered,Closed,SHP019,Shipper 019,Marketplace,West Java,ST07_Cirebon,HB02_BDG_TRANSIT,West Java,ST06_Bandung,HB01_JKT_GATEWAY,Intra-Region,Next Day,Prepaid,CR074,Bike,0.9,1.17,1.17,2084854,25265,22368,4,1,0,,81.0,24,0,0,,1,0,,0,,39.93,9.61,10.61,ST06_Bandung,Hub Bottleneck
SHPM002410,AWB260002410,2026-02-22 21:47:53.997131,2026-02-22 22:27:53.997131,2026-02-22 22:56:53.997131,,,,,,,,,2026-02-25 21:47:53.997131,Failed Pickup,Exception,SHP018,Shipper 018,Enterprise,West Java,ST07_Cirebon,HB02_BDG_TRANSIT,Central Java,ST09_Semarang,HB04_CTG_NATIONAL,Inter-Region,Regular,Prepaid,CR064,Van,0.4,0.39,0.4,1935272,13800,9517,8,0,1,Shipper Not Ready,,72,0,0,,0,0,,0,,1022.2,,,ST07_Cirebon,
SHPM002411,AWB260002411,2026-02-27 12:21:52.466546,2026-02-27 13:04:52.466546,2026-02-27 13:25:52.466546,2026-02-27 17:32:22.854641,2026-02-27 17:40:22.854641,2026-02-27 19:28:22.854641,2026-02-28 01:17:02.122485,2026-02-28 06:16:31.928603,2026-02-28 12:42:09.382168,2026-02-28 15:38:18.558359,2026-03-01 07:23:05.929020,2026-03-01 12:21:52.466546,Delivered,Closed,SHP002,Shipper 002,Enterprise,Jabodetabek,ST01_JKT_Central,HB01_JKT_GATEWAY,Jabodetabek,ST02_JKT_West,HB01_JKT_GATEWAY,Intra-Region,Regular,Prepaid,CR001,Bike,2.19,2.7,2.7,333515,24150,21653,8,1,0,,8.0,48,1,0,,1,0,,0,,43.02,5.81,6.43,ST02_JKT_West,
SHPM002412,AWB260002412,2026-03-13 21:54:16.562127,2026-03-13 22:30:16.562127,2026-03-13 22:54:16.562127,2026-03-14 00:51:00.828115,2026-03-14 00:59:00.828115,2026-03-14 02:45:00.828115,2026-03-14 04:39:31.218849,2026-03-14 09:18:36.855743,2026-03-14 21:13:51.774989,2026-03-15 00:32:27.254275,2026-03-15 14:18:32.299050,2026-03-15 21:54:16.562127,Delivered,Closed,SHP012,Shipper 012,Marketplace,Outer Java,ST20_Banjarmasin,HB06_EASTERN_GATEWAY,Outer Java,ST19_Denpasar,HB06_EASTERN_GATEWAY,Intra-Region,Regular,Prepaid,CR190,Van,0.3,0.3,0.3,2479924,13350,8575,8,1,0,,8.0,48,1,0,,1,0,,0,,40.4,1.91,11.92,ST19_Denpasar,
SHPM002413,AWB260002413,2026-03-03 13:20:14.371741,2026-03-03 14:01:14.371741,2026-03-03 14:18:14.371741,2026-03-03 21:39:52.865801,2026-03-03 22:21:52.865801,2026-03-03 23:47:52.865801,2026-03-04 03:34:35.128376,2026-03-04 04:49:22.635512,2026-03-04 06:48:55.618162,2026-03-04 09:32:33.122646,2026-03-04 15:52:40.763992,2026-03-05 13:20:14.371741,Delivered,Closed,SHP023,Shipper 023,Enterprise,West Java,ST08_Bogor,HB01_JKT_GATEWAY,West Java,ST07_Cirebon,HB02_BDG_TRANSIT,Intra-Region,Regular,Prepaid,CR077,Bike,0.71,0.91,0.91,840551,16095,11065,8,1,0,,42.0,48,1,0,,1,0,,0,,26.54,3.78,1.99,ST07_Cirebon,
SHPM002414,AWB260002414,2026-03-13 22:36:17.123112,2026-03-13 22:58:17.123112,2026-03-13 23:48:17.123112,2026-03-14 03:21:59.235453,2026-03-14 03:43:59.235453,2026-03-14 04:22:59.235453,2026-03-14 09:09:03.451327,2026-03-14 18:33:21.419799,2026-03-15 00:01:37.545945,2026-03-15 15:26:11.951859,2026-03-15 22:49:13.884522,2026-03-15 10:36:17.123112,Delivered,Closed,SHP047,Shipper 047,Marketplace,Central Java,ST11_Yogyakarta,HB04_CTG_NATIONAL,Outer Java,ST17_Makassar,HB06_EASTERN_GATEWAY,Inter-Region,Next Day,COD,CR103,Bike,1.3,1.33,1.33,2571438,29985,28284,4,0,0,,22.0,36,0,0,,1,0,,0,,48.22,4.77,5.47,ST17_Makassar,First Mile Delay
SHPM002415,AWB260002415,2026-02-21 05:32:12.494421,2026-02-21 06:15:12.494421,2026-02-21 06:30:12.494421,2026-02-21 12:24:40.391122,2026-02-21 12:39:40.391122,2026-02-21 14:03:40.391122,2026-02-21 19:47:44.796861,2026-02-22 00:53:19.512907,2026-02-22 15:53:23.667003,2026-02-23 07:33:47.304950,2026-02-24 04:00:20.054044,2026-02-24 05:32:12.494421,Delivered,Closed,SHP053,Shipper 053,Marketplace,Jabodetabek,ST05_Tangerang,HB01_JKT_GATEWAY,Outer Java,ST19_Denpasar,HB06_EASTERN_GATEWAY,Inter-Region,Regular,Prepaid,CR047,Van,0.35,0.48,0.48,1145638,14160,10814,8,1,0,,15.0,72,1,0,,1,0,,0,,70.47,5.73,15.0,ST19_Denpasar,
SHPM002416,AWB260002416,2026-03-11 02:43:07.731338,2026-03-11 03:28:07.731338,2026-03-11 04:07:07.731338,2026-03-11 07:21:57.276445,2026-03-11 08:23:57.276445,2026-03-11 10:14:57.276445,2026-03-11 13:30:25.351349,2026-03-11 18:33:52.254796,2026-03-12 04:14:50.995036,2026-03-12 21:58:59.332963,2026-03-13 00:18:00.150794,2026-03-12 14:43:07.731338,Delivered,Closed,SHP005,Shipper 005,Enterprise,Central Java,ST09_Semarang,HB04_CTG_NATIONAL,East Java,ST13_Malang,HB03_SBY_GATEWAY,Inter-Region,Next Day,Prepaid,CR083,Bike,0.91,1.3,1.3,266936,25850,14979,4,1,0,,62.0,36,0,0,,1,0,,0,,45.58,3.26,9.68,ST13_Malang,Last Mile Delay
SHPM002417,AWB260002417,2026-03-28 19:20:11.862610,2026-03-28 19:58:11.862610,2026-03-28 20:10:11.862610,2026-03-28 21:00:11.870317,2026-03-28 21:14:11.870317,2026-03-28 21:47:11.870317,2026-03-28 23:11:40.307722,2026-03-29 03:52:42.473664,2026-03-29 13:32:47.717778,2026-03-29 19:37:41.870855,,2026-03-30 07:20:11.862610,Delivery Exception,Exception,SHP065,Shipper 065,Marketplace,Jabodetabek,ST01_JKT_Central,HB01_JKT_GATEWAY,Outer Java,ST20_Banjarmasin,HB06_EASTERN_GATEWAY,Inter-Region,Next Day,COD,CR003,Van,4.07,3.96,4.07,113852,42315,25181,4,1,0,,14.0,36,0,1,Remote Area Delay,2,0,,0,,208.66,1.41,9.67,ST20_Banjarmasin,Delivery Exception
SHPM002418,AWB260002418,2026-02-21 18:16:36.105139,2026-02-21 18:24:36.105139,2026-02-21 19:10:36.105139,2026-02-21 21:03:37.449910,2026-02-21 21:30:37.449910,2026-02-21 23:21:37.449910,2026-02-22 00:37:51.040523,2026-02-22 03:25:05.036135,2026-02-22 12:30:59.566478,2026-02-22 19:20:24.820055,2026-02-23 06:09:18.326650,2026-02-24 18:16:36.105139,Delivered,Closed,SHP017,Shipper 017,Marketplace,Outer Java,ST16_Palembang,HB05_SUMATRA_GATEWAY,Jabodetabek,ST01_JKT_Central,HB01_JKT_GATEWAY,Inter-Region,Regular,Prepaid,CR146,Van,0.61,0.64,0.64,1245921,14880,9619,8,1,0,,27.0,72,1,0,,1,0,,0,,35.88,1.27,9.1,ST01_JKT_Central,
SHPM002419,AWB260002419,2026-03-29 04:53:55.250555,2026-03-29 05:13:55.250555,2026-03-29 05:25:55.250555,2026-03-29 10:47:28.550433,2026-03-29 11:17:28.550433,2026-03-29 12:07:28.550433,2026-03-29 16:00:51.222349,2026-03-29 23:33:08.891546,2026-03-30 01:47:54.756727,2026-03-30 13:55:43.489340,2026-03-30 19:33:43.638802,2026-04-01 04:53:55.250555,Delivered,Closed,SHP061,Shipper 061,Enterprise,Outer Java,ST17_Makassar,HB06_EASTERN_GATEWAY,East Java,ST14_Kediri,HB03_SBY_GATEWAY,Inter-Region,Regular,COD,CR159,Bike,1.52,1.49,1.52,2267436,22840,13341,8,1,0,,30.0,72,1,0,,1,0,,0,,38.66,3.89,2.25,ST14_Kediri,
SHPM002420,AWB260002420,2026-03-29 09:32:52.441130,2026-03-29 10:13:52.441130,2026-03-29 10:49:52.441130,2026-03-29 12:47:33.366222,2026-03-29 13:37:33.366222,2026-03-29 15:19:33.366222,2026-03-29 19:40:11.947692,2026-03-29 22:57:00.774142,2026-03-30 04:09:52.889489,2026-03-30 13:07:30.023448,2026-03-30 20:21:02.591251,2026-03-30 21:32:52.441130,Delivered,Closed,SHP093,Shipper 093,SME,East Java,ST13_Malang,HB03_SBY_GATEWAY,Jabodetabek,ST03_JKT_East,HB01_JKT_GATEWAY,Inter-Region,Next Day,Prepaid,CR125,Bike,1.63,1.5,1.63,2119978,27335,20135,4,1,0,,50.0,36,1,0,,1,0,,0,,34.8,4.34,5.21,ST03_JKT_East,
SHPM002421,AWB260002421,2026-03-19 02:08:08.686212,2026-03-19 02:43:08.686212,2026-03-19 03:13:08.686212,2026-03-19 06:28:21.025655,2026-03-19 07:01:21.025655,2026-03-19 07:51:21.025655,2026-03-19 12:39:23.243992,2026-03-19 21:48:14.719464,2026-03-20 01:16:45.380645,2026-03-20 19:07:58.454167,2026-03-21 03:37:26.642233,2026-03-22 02:08:08.686212,Delivered,Closed,SHP094,Shipper 094,SME,Outer Java,ST15_Medan,HB05_SUMATRA_GATEWAY,Jabodetabek,ST01_JKT_Central,HB01_JKT_GATEWAY,Inter-Region,Regular,COD,CR138,Bike,1.69,1.62,1.69,462131,23605,18645,8,1,0,,33.0,72,1,0,,1,0,,0,,49.49,4.8,3.48,ST01_JKT_Central,
SHPM002422,AWB260002422,2026-03-15 09:40:04.821340,2026-03-15 09:47:04.821340,2026-03-15 10:15:04.821340,2026-03-15 11:57:27.241106,2026-03-15 12:14:27.241106,2026-03-15 13:21:27.241106,2026-03-15 15:49:46.864513,2026-03-15 23:09:05.691490,2026-03-16 08:12:16.843688,2026-03-17 00:14:09.666287,2026-03-17 08:57:50.136112,2026-03-18 09:40:04.821340,Delivered,Closed,SHP002,Shipper 002,Enterprise,Jabodetabek,ST01_JKT_Central,HB01_JKT_GATEWAY,Central Java,ST11_Yogyakarta,HB04_CTG_NATIONAL,Inter-Region,Regular,Prepaid,CR001,Van,0.65,0.66,0.66,1030977,14970,10734,8,1,0,,17.0,72,1,0,,1,0,,0,,47.3,2.47,9.05,ST11_Yogyakarta,
SHPM002423,AWB260002423,2026-03-27 23:33:46.793650,2026-03-28 00:17:46.793650,2026-03-28 00:52:46.793650,2026-03-28 07:41:20.938145,2026-03-28 08:10:20.938145,2026-03-28 09:21:20.938145,2026-03-28 12:58:39.922880,2026-03-28 16:40:40.473234,2026-03-29 04:54:19.471926,2026-03-29 18:04:52.454106,2026-03-30 15:24:49.717928,2026-03-30 23:33:46.793650,Delivered,Closed,SHP005,Shipper 005,Enterprise,Central Java,ST09_Semarang,HB04_CTG_NATIONAL,Outer Java,ST18_Balikpapan,HB06_EASTERN_GATEWAY,Inter-Region,Regular,Prepaid,CR084,Bike,1.69,1.65,1.69,436083,19605,15586,8,1,0,,29.0,72,1,0,,1,0,,0,,63.85,3.62,12.23,ST18_Balikpapan,
SHPM002424,AWB260002424,2026-03-12 18:27:59.628948,2026-03-12 19:07:59.628948,2026-03-12 19:37:59.628948,2026-03-12 21:58:06.308001,2026-03-12 22:22:06.308001,2026-03-12 23:30:06.308001,2026-03-13 00:42:24.163331,2026-03-13 01:51:07.649809,2026-03-13 09:47:52.434202,2026-03-13 15:09:11.758935,2026-03-13 22:48:33.003493,2026-03-13 18:27:59.628948,Delivered,Closed,SHP049,Shipper 049,Enterprise,Jabodetabek,ST05_Tangerang,HB01_JKT_GATEWAY,Jabodetabek,ST02_JKT_West,HB01_JKT_GATEWAY,Intra-Region,Next Day,Prepaid,CR051,Bike,1.38,1.49,1.49,1175405,26705,23444,4,1,0,,24.0,24,0,0,,1,0,,0,,28.34,1.2,7.95,ST02_JKT_West,Last Mile Delay
SHPM002425,AWB260002425,2026-03-30 02:44:25.050646,2026-03-30 03:13:25.050646,2026-03-30 03:39:25.050646,2026-03-30 07:00:31.528334,2026-03-30 08:14:31.528334,2026-03-30 09:05:31.528334,2026-03-30 11:01:15.696242,2026-03-30 14:46:47.392850,2026-03-31 01:49:12.900874,2026-03-31 10:10:15.531599,2026-03-31 14:07:53.962622,2026-03-31 14:44:25.050646,Delivered,Closed,SHP023,Shipper 023,Enterprise,West Java,ST06_Bandung,HB01_JKT_GATEWAY,Outer Java,ST15_Medan,HB05_SUMATRA_GATEWAY,Inter-Region,Next Day,Prepaid,CR056,Bike,1.74,2.12,2.12,1996947,29540,25193,4,1,0,,74.0,36,1,0,,1,0,,0,,35.39,1.93,11.04,ST15_Medan,
SHPM002426,AWB260002426,2026-02-28 16:22:45.452339,2026-02-28 16:55:45.452339,2026-02-28 17:18:45.452339,2026-02-28 18:43:46.386808,2026-02-28 19:21:46.386808,2026-02-28 21:13:46.386808,2026-02-28 23:33:00.924980,2026-03-01 09:09:41.203726,2026-03-01 17:18:12.421779,2026-03-01 22:47:08.319131,2026-03-01 23:54:33.162665,2026-03-01 08:22:45.452339,Delivered,Closed,SHP084,Shipper 084,Enterprise,Central Java,ST11_Yogyakarta,HB04_CTG_NATIONAL,Outer Java,ST18_Balikpapan,HB06_EASTERN_GATEWAY,Inter-Region,Same Day,Prepaid,CR103,Truck,1.71,1.62,1.71,1482891,34695,19110,2,1,0,,38.0,16,0,0,,1,0,,0,,31.53,2.32,8.14,ST18_Balikpapan,Remote Area
SHPM002427,AWB260002427,2026-03-29 17:29:46.036271,2026-03-29 17:53:46.036271,2026-03-29 18:09:46.036271,2026-03-29 22:05:12.060555,2026-03-29 22:25:12.060555,2026-03-29 23:56:12.060555,2026-03-30 01:33:38.767533,2026-03-30 07:05:55.617254,2026-03-30 11:11:29.064849,2026-03-31 03:00:45.873235,2026-03-31 06:51:24.918161,2026-03-31 05:29:46.036271,Delivered,Closed,SHP029,Shipper 029,SME,Outer Java,ST18_Balikpapan,HB06_EASTERN_GATEWAY,Jabodetabek,ST02_JKT_West,HB01_JKT_GATEWAY,Inter-Region,Next Day,Prepaid,CR169,Bike,5.74,5.49,5.74,1398463,45830,27884,4,0,0,,20.0,36,0,0,,1,0,,0,,37.36,1.62,4.09,ST02_JKT_West,First Mile Delay
SHPM002428,AWB260002428,2026-02-22 14:59:15.230593,2026-02-22 15:39:15.230593,2026-02-22 15:50:15.230593,2026-02-22 20:38:01.669732,2026-02-22 21:45:01.669732,2026-02-22 22:24:01.669732,2026-02-23 04:10:10.658936,2026-02-23 07:20:29.657934,2026-02-23 19:00:37.850041,2026-02-24 01:46:53.496383,2026-02-24 18:19:07.779217,2026-02-24 14:59:15.230593,Delivered,Closed,SHP083,Shipper 083,Marketplace,Jabodetabek,ST03_JKT_East,HB01_JKT_GATEWAY,Jabodetabek,ST02_JKT_West,HB01_JKT_GATEWAY,Intra-Region,Regular,COD,CR019,Van,3.16,3.34,3.34,1043891,31030,24209,8,1,0,,67.0,48,0,0,,1,0,,0,,51.33,5.77,11.67,ST02_JKT_West,Hub Bottleneck
SHPM002429,AWB260002429,2026-03-20 22:08:29.215276,2026-03-20 22:36:29.215276,2026-03-20 22:54:29.215276,2026-03-21 05:52:17.863139,2026-03-21 06:45:17.863139,2026-03-21 08:02:17.863139,2026-03-21 11:41:18.696465,2026-03-21 19:01:43.007833,2026-03-22 06:52:31.431823,2026-03-22 21:51:06.971026,2026-03-23 04:41:56.969512,2026-03-23 22:08:29.215276,Delivered,Closed,SHP063,Shipper 063,Enterprise,Jabodetabek,ST05_Tangerang,HB01_JKT_GATEWAY,West Java,ST07_Cirebon,HB02_BDG_TRANSIT,Inter-Region,Regular,Prepaid,CR052,Bike,4.4,4.4,4.4,498386,31800,27340,8,1,0,,53.0,72,1,0,,1,0,,0,,54.56,3.65,11.85,ST07_Cirebon,
SHPM002430,AWB260002430,2026-02-27 13:19:53.947464,2026-02-27 13:31:53.947464,2026-02-27 14:09:53.947464,2026-02-27 21:58:03.734658,2026-02-27 22:31:03.734658,2026-02-27 23:59:03.734658,2026-02-28 04:52:19.600634,2026-02-28 09:41:45.265800,2026-02-28 12:51:08.582952,2026-02-28 20:20:13.962563,,2026-03-02 13:19:53.947464,Delivery Exception,Exception,SHP011,Shipper 011,Enterprise,Jabodetabek,ST02_JKT_West,HB01_JKT_GATEWAY,Outer Java,ST17_Makassar,HB06_EASTERN_GATEWAY,Inter-Region,Regular,Prepaid,CR012,Van,0.59,0.78,0.78,391647,15510,9081,8,0,0,,33.0,72,0,1,Customer Reschedule,3,0,,0,,910.67,4.89,3.16,ST17_Makassar,Delivery Exception
SHPM002431,AWB260002431,2026-02-25 06:55:15.942119,2026-02-25 07:06:15.942119,2026-02-25 07:55:15.942119,2026-02-25 14:54:48.680639,2026-02-25 15:33:48.680639,2026-02-25 15:56:48.680639,2026-02-25 20:56:18.239341,2026-02-26 00:51:56.939700,2026-02-26 06:38:18.551465,2026-02-26 13:30:43.108417,2026-02-27 04:06:27.797396,2026-02-28 06:55:15.942119,Delivered,Closed,SHP062,Shipper 062,Enterprise,Jabodetabek,ST03_JKT_East,HB01_JKT_GATEWAY,West Java,ST07_Cirebon,HB02_BDG_TRANSIT,Inter-Region,Regular,Prepaid,CR021,Bike,0.66,0.61,0.66,1665796,14970,12380,8,1,0,,39.0,72,1,0,,1,0,,0,,45.19,4.99,5.77,ST07_Cirebon,
SHPM002432,AWB260002432,2026-02-19 05:09:54.228435,2026-02-19 05:14:54.228435,2026-02-19 05:41:54.228435,2026-02-19 07:33:19.422862,2026-02-19 07:46:19.422862,2026-02-19 08:36:19.422862,2026-02-19 11:14:36.419827,2026-02-19 16:03:51.141517,2026-02-19 23:38:52.569034,2026-02-20 16:31:34.688269,2026-02-20 22:23:29.791386,2026-02-22 05:09:54.228435,Delivered,Closed,SHP029,Shipper 029,SME,Outer Java,ST18_Balikpapan,HB06_EASTERN_GATEWAY,East Java,ST14_Kediri,HB03_SBY_GATEWAY,Inter-Region,Regular,COD,CR163,Bike,0.73,0.76,0.76,314491,19420,10922,8,1,0,,13.0,72,1,0,,1,0,,0,,41.23,2.64,7.58,ST14_Kediri,
SHPM002433,AWB260002433,2026-03-07 02:37:50.918053,2026-03-07 02:58:50.918053,2026-03-07 03:18:50.918053,2026-03-07 10:59:54.251982,2026-03-07 11:23:54.251982,2026-03-07 13:23:54.251982,2026-03-07 15:01:04.377258,2026-03-07 21:05:10.924446,2026-03-08 06:23:03.887479,2026-03-08 15:24:15.464503,2026-03-09 05:29:55.727277,2026-03-10 02:37:50.918053,Delivered,Closed,SHP005,Shipper 005,Enterprise,Central Java,ST09_Semarang,HB04_CTG_NATIONAL,Jabodetabek,ST01_JKT_Central,HB01_JKT_GATEWAY,Inter-Region,Regular,Prepaid,CR087,Bike,0.37,0.56,0.56,231084,14520,9878,8,0,0,,24.0,72,1,0,,1,0,,0,,50.87,1.62,9.3,ST01_JKT_Central,
SHPM002434,AWB260002434,2026-03-21 17:43:08.985542,2026-03-21 18:20:08.985542,2026-03-21 18:51:08.985542,2026-03-21 20:05:16.860628,2026-03-21 20:59:16.860628,2026-03-21 21:30:16.860628,2026-03-22 02:56:46.274067,2026-03-22 07:41:43.600292,2026-03-22 09:54:11.118744,2026-03-23 00:56:37.020520,2026-03-23 02:32:15.861634,2026-03-22 09:43:08.985542,Delivered,Closed,SHP053,Shipper 053,Marketplace,Jabodetabek,ST05_Tangerang,HB01_JKT_GATEWAY,Central Java,ST09_Semarang,HB04_CTG_NATIONAL,Inter-Region,Same Day,COD,CR048,Bike,0.25,0.34,0.34,287849,32530,18189,2,1,0,,54.0,16,0,0,,1,0,,0,,32.82,5.44,2.21,ST09_Semarang,Last Mile Delay
SHPM002435,AWB260002435,2026-03-30 01:42:16.726626,2026-03-30 01:47:16.726626,2026-03-30 02:07:16.726626,2026-03-30 08:21:09.662568,2026-03-30 09:18:09.662568,2026-03-30 10:04:09.662568,2026-03-30 15:38:15.494883,2026-03-30 21:38:21.242917,2026-03-31 03:31:10.319017,2026-03-31 15:17:02.078131,2026-04-01 04:19:03.758310,2026-04-02 01:42:16.726626,Delivered,Closed,SHP086,Shipper 086,Marketplace,Jabodetabek,ST02_JKT_West,HB01_JKT_GATEWAY,Central Java,ST09_Semarang,HB04_CTG_NATIONAL,Inter-Region,Regular,Prepaid,CR015,Van,1.5,1.57,1.57,1962592,19065,12459,8,1,0,,57.0,72,1,0,,1,0,,0,,50.61,5.57,5.88,ST09_Semarang,
SHPM002436,AWB260002436,2026-02-27 22:16:23.476754,2026-02-27 22:24:23.476754,2026-02-27 23:01:23.476754,2026-02-28 05:27:34.699455,2026-02-28 06:21:34.699455,2026-02-28 07:28:34.699455,2026-02-28 09:22:30.940533,2026-02-28 16:23:37.334076,2026-02-28 21:59:12.695796,2026-03-01 10:30:45.183231,2026-03-01 17:37:03.384681,2026-03-02 22:16:23.476754,Delivered,Closed,SHP014,Shipper 014,Enterprise,Jabodetabek,ST05_Tangerang,HB01_JKT_GATEWAY,West Java,ST07_Cirebon,HB02_BDG_TRANSIT,Inter-Region,Regular,Prepaid,CR046,Bike,1.95,1.92,1.95,495209,20775,12336,8,1,0,,54.0,72,1,0,,1,0,,0,,43.34,1.9,5.59,ST07_Cirebon,
SHPM002437,AWB260002437,2026-03-06 17:17:24.610839,2026-03-06 17:49:24.610839,2026-03-06 18:21:24.610839,,,,,,,,,2026-03-09 17:17:24.610839,Failed Pickup,Exception,SHP034,Shipper 034,Enterprise,Jabodetabek,ST01_JKT_Central,HB01_JKT_GATEWAY,East Java,ST13_Malang,HB03_SBY_GATEWAY,Inter-Region,Regular,Prepaid,CR002,Van,0.41,0.43,0.43,918788,13935,11302,8,0,1,Shipper Not Ready,,72,0,0,,0,0,,0,,738.71,,,ST01_JKT_Central,
SHPM002438,AWB260002438,2026-03-06 09:44:48.022060,2026-03-06 10:26:48.022060,2026-03-06 10:58:48.022060,2026-03-06 15:15:32.483864,2026-03-06 16:19:32.483864,2026-03-06 16:57:32.483864,2026-03-06 19:06:41.162909,2026-03-06 22:56:00.869243,2026-03-07 09:32:09.090652,2026-03-07 18:50:59.990217,2026-03-08 02:07:29.054248,2026-03-09 09:44:48.022060,Delivered,Closed,SHP051,Shipper 051,Marketplace,Outer Java,ST19_Denpasar,HB06_EASTERN_GATEWAY,East Java,ST13_Malang,HB03_SBY_GATEWAY,Inter-Region,Regular,Prepaid,CR175,Van,1.36,1.5,1.5,1305212,18750,14228,8,1,0,,64.0,72,1,0,,1,0,,0,,40.38,2.15,10.6,ST13_Malang,
SHPM002439,AWB260002439,2026-03-11 18:21:34.944647,2026-03-11 19:03:34.944647,2026-03-11 19:21:34.944647,2026-03-11 20:53:17.402275,2026-03-11 21:07:17.402275,2026-03-11 21:27:17.402275,2026-03-12 00:54:23.266989,2026-03-12 02:40:02.521345,2026-03-12 06:05:19.114228,2026-03-12 10:43:57.359153,2026-03-12 14:06:05.576729,2026-03-12 18:21:34.944647,Delivered,Closed,SHP002,Shipper 002,Enterprise,Jabodetabek,ST01_JKT_Central,HB01_JKT_GATEWAY,Jabodetabek,ST05_Tangerang,HB01_JKT_GATEWAY,Intra-Region,Next Day,Prepaid,CR003,Bike,0.52,0.75,0.75,81949,23375,15768,4,1,0,,14.0,24,1,0,,1,0,,0,,19.74,3.45,3.42,ST05_Tangerang,
SHPM002440,AWB260002440,2026-02-20 16:13:38.862953,2026-02-20 16:25:38.862953,2026-02-20 17:00:38.862953,2026-02-20 17:46:12.235490,2026-02-20 18:50:12.235490,2026-02-20 20:49:12.235490,2026-02-21 02:01:47.748160,2026-02-21 07:42:26.684353,2026-02-21 19:37:01.522070,2026-02-22 05:15:19.747904,2026-02-22 15:47:28.556967,2026-02-22 04:13:38.862953,Delivered,Closed,SHP015,Shipper 015,Marketplace,West Java,ST06_Bandung,HB01_JKT_GATEWAY,East Java,ST14_Kediri,HB03_SBY_GATEWAY,Inter-Region,Next Day,COD,CR057,Bike,0.94,1.0,1.0,367837,28500,17028,4,1,0,,64.0,36,0,0,,1,0,,0,,47.56,5.21,11.91,ST14_Kediri,Hub Bottleneck
SHPM002441,AWB260002441,2026-03-21 15:34:13.352101,2026-03-21 16:08:13.352101,2026-03-21 16:29:13.352101,2026-03-21 20:08:03.513991,2026-03-21 21:07:03.513991,2026-03-21 21:42:03.513991,2026-03-22 03:15:01.129500,2026-03-22 06:18:29.689118,2026-03-22 12:47:30.927838,2026-03-22 19:44:06.972606,2026-03-23 10:49:05.854862,2026-03-23 03:34:13.352101,Delivered,Closed,SHP095,Shipper 095,Enterprise,Central Java,ST11_Yogyakarta,HB04_CTG_NATIONAL,Outer Java,ST18_Balikpapan,HB06_EASTERN_GATEWAY,Inter-Region,Next Day,Prepaid,CR105,Bike,1.02,1.04,1.04,2349769,24680,19724,4,1,0,,59.0,36,0,0,,1,0,,0,,43.25,5.55,6.48,ST18_Balikpapan,Remote Area
SHPM002442,AWB260002442,2026-03-20 00:43:16.396512,2026-03-20 00:50:16.396512,2026-03-20 01:24:16.396512,2026-03-20 09:35:42.640971,2026-03-20 09:58:42.640971,2026-03-20 10:42:42.640971,2026-03-20 16:31:55.042285,2026-03-20 22:58:09.639365,2026-03-21 03:16:22.461230,2026-03-21 10:25:43.803950,2026-03-22 04:21:13.264863,2026-03-23 00:43:16.396512,Delivered,Closed,SHP057,Shipper 057,SME,Central Java,ST09_Semarang,HB04_CTG_NATIONAL,Outer Java,ST15_Medan,HB05_SUMATRA_GATEWAY,Inter-Region,Regular,Prepaid,CR087,Bike,3.17,2.86,3.17,1589783,26265,23830,8,0,0,,23.0,72,1,0,,1,0,,0,,51.63,5.82,4.3,ST15_Medan,
SHPM002443,AWB260002443,2026-03-15 22:39:52.310923,2026-03-15 23:11:52.310923,2026-03-15 23:35:52.310923,2026-03-16 06:13:49.221557,2026-03-16 06:54:49.221557,2026-03-16 07:24:49.221557,2026-03-16 12:36:10.581092,2026-03-16 16:34:15.056408,2026-03-17 00:38:35.444784,2026-03-17 05:54:03.933414,2026-03-17 22:56:34.009099,2026-03-17 22:39:52.310923,Delivered,Closed,SHP095,Shipper 095,Enterprise,Central Java,ST11_Yogyakarta,HB04_CTG_NATIONAL,Central Java,ST11_Yogyakarta,HB04_CTG_NATIONAL,Intra-Region,Regular,Prepaid,CR101,Bike,1.8,1.7,1.8,2552055,20100,15632,8,1,0,,41.0,48,0,0,,1,0,,0,,48.28,5.19,8.07,ST11_Yogyakarta,Last Mile Delay
SHPM002444,AWB260002444,2026-03-28 17:06:10.471649,2026-03-28 17:38:10.471649,2026-03-28 18:32:10.471649,2026-03-28 22:11:18.018750,2026-03-28 23:01:18.018750,2026-03-29 00:12:18.018750,2026-03-29 02:14:12.343960,2026-03-29 11:22:52.423760,2026-03-30 03:46:49.831569,2026-03-30 13:01:52.136136,,2026-03-30 05:06:10.471649,Delivery Exception,Exception,SHP089,Shipper 089,Enterprise,Central Java,ST10_Solo,HB04_CTG_NATIONAL,Outer Java,ST20_Banjarmasin,HB06_EASTERN_GATEWAY,Inter-Region,Next Day,COD,CR095,Bike,0.46,0.45,0.46,1975022,26070,21296,4,0,0,,50.0,36,0,1,Cash Issue,1,0,,0,,210.9,2.03,16.4,ST20_Banjarmasin,Hub Bottleneck
SHPM002445,AWB260002445,2026-03-24 03:26:19.163468,2026-03-24 04:11:19.163468,2026-03-24 04:33:19.163468,2026-03-24 08:04:23.014662,2026-03-24 09:04:23.014662,2026-03-24 10:56:23.014662,2026-03-24 16:55:32.811788,2026-03-24 22:56:16.405106,2026-03-25 05:49:44.240010,2026-03-25 17:32:01.113850,2026-03-25 22:50:42.571782,2026-03-25 15:26:19.163468,Delivered,Closed,SHP002,Shipper 002,Enterprise,Jabodetabek,ST01_JKT_Central,HB01_JKT_GATEWAY,Outer Java,ST16_Palembang,HB05_SUMATRA_GATEWAY,Inter-Region,Next Day,Prepaid,CR003,Bike,1.55,1.61,1.61,1329597,27245,23115,4,1,0,,60.0,36,0,0,,1,0,,0,,43.41,5.99,6.89,ST16_Palembang,Remote Area
SHPM002446,AWB260002446,2026-02-28 15:26:05.114353,2026-02-28 15:39:05.114353,2026-02-28 16:06:05.114353,2026-02-28 20:15:28.753401,2026-02-28 20:56:28.753401,2026-02-28 22:33:28.753401,2026-03-01 00:58:26.792944,2026-03-01 04:54:12.901829,2026-03-01 13:57:35.700925,2026-03-01 22:56:27.556126,2026-03-02 04:13:21.967054,2026-03-02 03:26:05.114353,Delivered,Closed,SHP026,Shipper 026,Marketplace,Outer Java,ST15_Medan,HB05_SUMATRA_GATEWAY,East Java,ST14_Kediri,HB03_SBY_GATEWAY,Inter-Region,Next Day,Prepaid,CR137,Truck,2.7,3.68,3.68,750216,36560,23852,4,0,0,,41.0,36,0,0,,1,0,,0,,36.79,2.42,9.06,ST14_Kediri,First Mile Delay
SHPM002447,AWB260002447,2026-03-26 20:20:14.839982,2026-03-26 20:30:14.839982,2026-03-26 21:02:14.839982,2026-03-27 01:24:11.242316,2026-03-27 02:19:11.242316,2026-03-27 02:34:11.242316,2026-03-27 03:41:53.803552,2026-03-27 10:28:30.929713,2026-03-27 21:50:44.812419,2026-03-28 07:01:44.796397,2026-03-29 05:42:55.747244,2026-03-29 20:20:14.839982,Delivered,Closed,SHP090,Shipper 090,Enterprise,East Java,ST14_Kediri,HB03_SBY_GATEWAY,Outer Java,ST16_Palembang,HB05_SUMATRA_GATEWAY,Inter-Region,Regular,Prepaid,CR134,Van,1.83,2.92,2.92,1524616,25140,17013,8,1,0,,55.0,72,1,0,,1,0,,0,,57.38,1.13,11.37,ST16_Palembang,
SHPM002448,AWB260002448,2026-03-05 21:04:21.546313,2026-03-05 21:37:21.546313,2026-03-05 21:42:21.546313,2026-03-06 01:46:57.154371,2026-03-06 02:34:57.154371,2026-03-06 04:30:57.154371,2026-03-06 08:27:24.176557,2026-03-06 11:06:50.248920,2026-03-06 22:14:45.468743,2026-03-07 11:41:37.947587,2026-03-07 20:56:55.481983,2026-03-07 09:04:21.546313,Delivered,Closed,SHP020,Shipper 020,SME,East Java,ST14_Kediri,HB03_SBY_GATEWAY,Jabodetabek,ST01_JKT_Central,HB01_JKT_GATEWAY,Inter-Region,Next Day,COD,CR130,Bike,1.41,1.79,1.79,1638931,32055,18849,4,0,0,,48.0,36,0,0,,1,0,,0,,47.88,3.94,11.13,ST01_JKT_Central,First Mile Delay
SHPM002449,AWB260002449,2026-02-18 12:52:56.081388,2026-02-18 13:22:56.081388,2026-02-18 14:17:56.081388,2026-02-18 18:57:04.765765,2026-02-18 20:00:04.765765,2026-02-18 21:25:04.765765,2026-02-19 01:19:32.521039,2026-02-19 04:16:36.563804,2026-02-19 20:12:10.914063,2026-02-20 09:07:52.233748,2026-02-21 11:19:21.505005,2026-02-21 12:52:56.081388,Delivered,Closed,SHP037,Shipper 037,Marketplace,Central Java,ST11_Yogyakarta,HB04_CTG_NATIONAL,Outer Java,ST15_Medan,HB05_SUMATRA_GATEWAY,Inter-Region,Regular,Prepaid,CR104,Truck,2.35,2.22,2.35,1247728,22575,15704,8,1,0,,63.0,72,1,0,,1,0,,0,,70.44,3.91,15.93,ST15_Medan,
SHPM002450,AWB260002450,2026-03-10 09:48:15.751854,2026-03-10 10:12:15.751854,2026-03-10 10:42:15.751854,2026-03-10 18:23:46.346078,2026-03-10 19:09:46.346078,2026-03-10 19:37:46.346078,2026-03-10 20:59:01.078869,2026-03-11 03:14:26.009945,2026-03-11 06:01:30.772641,2026-03-11 22:43:52.037585,2026-03-12 13:40:03.577062,2026-03-13 09:48:15.751854,Delivered,Closed,SHP087,Shipper 087,Enterprise,Jabodetabek,ST02_JKT_West,HB01_JKT_GATEWAY,East Java,ST13_Malang,HB03_SBY_GATEWAY,Inter-Region,Regular,COD,CR014,Bike,0.65,0.64,0.65,516826,18925,15702,8,0,0,,46.0,72,1,0,,1,0,,0,,51.86,1.35,2.78,ST13_Malang,
SHPM002451,AWB260002451,2026-02-16 07:38:06.448784,2026-02-16 08:23:06.448784,2026-02-16 08:40:06.448784,2026-02-16 12:33:09.798783,2026-02-16 13:32:09.798783,2026-02-16 14:23:09.798783,2026-02-16 17:20:37.090856,2026-02-16 19:32:16.359156,2026-02-16 22:45:57.729607,2026-02-17 12:56:48.750409,2026-02-17 15:55:03.143190,2026-02-17 19:38:06.448784,Delivered,Closed,SHP074,Shipper 074,Enterprise,Outer Java,ST15_Medan,HB05_SUMATRA_GATEWAY,Jabodetabek,ST03_JKT_East,HB01_JKT_GATEWAY,Inter-Region,Next Day,Prepaid,CR142,Van,1.03,1.11,1.11,2440752,24995,21527,4,0,0,,59.0,36,1,0,,1,0,,0,,32.28,2.96,3.23,ST03_JKT_East,
SHPM002452,AWB260002452,2026-03-07 06:47:02.564398,2026-03-07 07:00:02.564398,2026-03-07 07:29:02.564398,2026-03-07 11:51:32.405882,2026-03-07 12:57:32.405882,2026-03-07 14:46:32.405882,2026-03-07 16:59:35.587621,2026-03-07 18:04:28.906168,2026-03-07 20:57:31.829504,2026-03-08 21:10:14.502664,2026-03-09 01:40:16.553973,2026-03-09 06:47:02.564398,Delivered,Closed,SHP056,Shipper 056,Enterprise,Jabodetabek,ST03_JKT_East,HB01_JKT_GATEWAY,Jabodetabek,ST04_Bekasi,HB01_JKT_GATEWAY,Intra-Region,Regular,Prepaid,CR021,Van,0.61,0.67,0.67,112995,15015,8847,8,1,0,,66.0,48,1,0,,1,1,Capacity Delay,0,,42.89,2.22,2.88,ST04_Bekasi,
SHPM002453,AWB260002453,2026-03-20 18:56:34.363739,2026-03-20 19:34:34.363739,2026-03-20 20:07:34.363739,2026-03-20 21:18:15.255392,2026-03-20 22:18:15.255392,2026-03-20 23:28:15.255392,2026-03-21 04:16:43.406659,2026-03-21 06:46:34.249865,2026-03-21 12:47:27.863177,2026-03-21 19:56:56.776414,2026-03-21 23:02:17.900385,2026-03-22 06:56:34.363739,Delivered,Closed,SHP071,Shipper 071,Enterprise,Jabodetabek,ST04_Bekasi,HB01_JKT_GATEWAY,West Java,ST08_Bogor,HB01_JKT_GATEWAY,Inter-Region,Next Day,Prepaid,CR040,Bike,2.86,2.82,2.86,1276720,32870,19034,4,1,0,,60.0,36,1,0,,1,0,,0,,28.1,4.81,6.01,ST08_Bogor,
SHPM002454,AWB260002454,2026-03-14 09:33:56.566515,2026-03-14 09:51:56.566515,2026-03-14 10:22:56.566515,2026-03-14 17:00:05.163200,2026-03-14 17:40:05.163200,2026-03-14 18:42:05.163200,2026-03-14 21:37:27.147460,2026-03-15 02:16:44.417591,2026-03-15 05:25:23.573018,2026-03-15 09:03:54.963644,2026-03-15 21:45:20.925886,2026-03-16 09:33:56.566515,Delivered,Closed,SHP093,Shipper 093,SME,East Java,ST14_Kediri,HB03_SBY_GATEWAY,East Java,ST13_Malang,HB03_SBY_GATEWAY,Intra-Region,Regular,COD,CR128,Bike,0.73,1.15,1.15,1144463,21175,15258,8,1,0,,40.0,48,1,0,,1,0,,0,,36.19,2.92,3.14,ST13_Malang,
SHPM002455,AWB260002455,2026-03-19 03:31:40.353316,2026-03-19 03:43:40.353316,2026-03-19 04:22:40.353316,2026-03-19 05:47:34.271523,2026-03-19 05:56:34.271523,2026-03-19 07:37:34.271523,2026-03-19 11:12:00.985060,2026-03-19 14:15:30.536526,2026-03-19 22:55:48.889978,2026-03-20 06:40:52.786534,2026-03-20 07:55:34.243799,2026-03-19 19:31:40.353316,Delivered,Closed,SHP057,Shipper 057,SME,Central Java,ST09_Semarang,HB04_CTG_NATIONAL,Jabodetabek,ST01_JKT_Central,HB01_JKT_GATEWAY,Inter-Region,Same Day,COD,CR087,Bike,1.29,1.19,1.29,295844,36805,33549,2,0,0,,9.0,16,0,0,,1,0,,0,,28.4,3.57,8.67,ST01_JKT_Central,First Mile Delay
SHPM002456,AWB260002456,2026-03-31 15:15:02.510434,2026-03-31 15:41:02.510434,2026-03-31 15:56:02.510434,2026-03-31 21:10:15.518570,2026-03-31 21:47:15.518570,2026-03-31 23:10:15.518570,2026-04-01 01:42:53.778205,2026-04-01 09:31:51.679642,2026-04-01 13:52:17.557683,2026-04-02 03:16:56.711044,2026-04-02 08:06:18.630141,2026-04-03 15:15:02.510434,Delivered,Closed,SHP023,Shipper 023,Enterprise,West Java,ST08_Bogor,HB01_JKT_GATEWAY,East Java,ST12_Surabaya,HB03_SBY_GATEWAY,Inter-Region,Regular,COD,CR081,Truck,1.96,1.77,1.96,711653,24820,18345,8,1,0,,37.0,72,1,0,,1,0,,0,,40.85,2.54,4.34,ST12_Surabaya,
SHPM002457,AWB260002457,2026-03-06 19:05:10.529494,2026-03-06 19:41:10.529494,2026-03-06 20:05:10.529494,2026-03-06 21:08:42.399707,2026-03-06 22:00:42.399707,2026-03-06 23:18:42.399707,2026-03-07 04:37:31.575683,2026-03-07 09:37:08.975308,2026-03-07 19:01:47.056673,2026-03-08 01:25:20.132074,2026-03-08 12:09:48.995732,2026-03-08 07:05:10.529494,Delivered,Closed,SHP089,Shipper 089,Enterprise,Central Java,ST11_Yogyakarta,HB04_CTG_NATIONAL,Jabodetabek,ST02_JKT_West,HB01_JKT_GATEWAY,Inter-Region,Next Day,Prepaid,CR102,Bike,1.38,1.4,1.4,2254457,26300,23003,4,1,0,,52.0,36,0,0,,1,0,,0,,41.08,5.31,9.41,ST02_JKT_West,Last Mile Delay
SHPM002458,AWB260002458,2026-03-27 23:37:34.046638,2026-03-27 23:50:34.046638,2026-03-28 00:27:34.046638,2026-03-28 05:04:32.721293,2026-03-28 05:54:32.721293,2026-03-28 06:54:32.721293,2026-03-28 10:13:10.300571,2026-03-28 20:11:41.720053,2026-03-29 06:06:44.346781,2026-03-29 15:39:42.200098,2026-03-29 23:01:02.590519,2026-03-30 23:37:34.046638,Delivered,Closed,SHP085,Shipper 085,Marketplace,Central Java,ST11_Yogyakarta,HB04_CTG_NATIONAL,Jabodetabek,ST03_JKT_East,HB01_JKT_GATEWAY,Inter-Region,Regular,COD,CR101,Truck,0.65,0.94,0.94,956632,20230,18332,8,1,0,,50.0,72,1,0,,1,0,,0,,47.39,3.31,9.92,ST03_JKT_East,
SHPM002459,AWB260002459,2026-02-16 01:47:55.690477,2026-02-16 02:31:55.690477,2026-02-16 03:06:55.690477,2026-02-16 05:40:18.328137,2026-02-16 06:40:18.328137,2026-02-16 07:58:18.328137,2026-02-16 12:56:43.492322,2026-02-16 21:59:08.373380,2026-02-17 08:23:53.723831,2026-02-17 19:59:31.367947,2026-02-18 05:45:21.800701,2026-02-19 01:47:55.690477,Delivered,Closed,SHP084,Shipper 084,Enterprise,Central Java,ST11_Yogyakarta,HB04_CTG_NATIONAL,Jabodetabek,ST02_JKT_West,HB01_JKT_GATEWAY,Inter-Region,Regular,COD,CR100,Bike,0.98,1.14,1.14,1358847,21130,18950,8,1,0,,60.0,72,1,0,,1,0,,0,,51.96,4.97,10.41,ST02_JKT_West,
SHPM002460,AWB260002460,2026-03-24 22:06:08.816893,2026-03-24 22:42:08.816893,2026-03-24 23:10:08.816893,2026-03-25 03:14:43.199408,2026-03-25 03:49:43.199408,2026-03-25 04:06:43.199408,2026-03-25 05:13:16.085649,2026-03-25 07:25:10.910466,2026-03-25 12:50:58.112103,2026-03-25 20:27:51.097528,,2026-03-25 22:06:08.816893,Delivery Exception,Exception,SHP021,Shipper 021,Marketplace,East Java,ST14_Kediri,HB03_SBY_GATEWAY,East Java,ST14_Kediri,HB03_SBY_GATEWAY,Intra-Region,Next Day,Prepaid,CR132,Bike,1.2,1.31,1.31,2040179,25895,17514,4,0,0,,35.0,24,0,1,Invalid Address,2,0,,0,,301.9,1.11,5.43,ST14_Kediri,Delivery Exception
SHPM002461,AWB260002461,2026-03-27 09:21:20.850538,2026-03-27 10:05:20.850538,2026-03-27 10:20:20.850538,2026-03-27 13:38:07.868413,2026-03-27 14:05:07.868413,2026-03-27 15:15:07.868413,2026-03-27 18:48:55.934869,2026-03-28 04:29:48.850575,2026-03-28 11:27:04.385842,2026-03-28 23:57:14.476973,2026-03-29 14:44:21.432517,2026-03-28 21:21:20.850538,Delivered,Closed,SHP033,Shipper 033,Marketplace,Jabodetabek,ST04_Bekasi,HB01_JKT_GATEWAY,Outer Java,ST20_Banjarmasin,HB06_EASTERN_GATEWAY,Inter-Region,Next Day,Prepaid,CR036,Bike,1.48,1.72,1.72,714151,27740,21561,4,1,0,,27.0,36,0,0,,1,0,,0,,53.38,3.56,6.95,ST20_Banjarmasin,Remote Area
SHPM002462,AWB260002462,2026-02-17 15:42:17.916937,2026-02-17 15:56:17.916937,2026-02-17 16:37:17.916937,2026-02-17 18:37:29.464139,2026-02-17 19:05:29.464139,2026-02-17 19:44:29.464139,2026-02-18 00:46:40.719549,2026-02-18 08:23:57.008200,2026-02-18 18:11:40.985578,2026-02-19 04:06:21.566569,2026-02-19 11:48:18.906105,2026-02-19 03:42:17.916937,Delivered,Closed,SHP090,Shipper 090,Enterprise,East Java,ST14_Kediri,HB03_SBY_GATEWAY,Jabodetabek,ST04_Bekasi,HB01_JKT_GATEWAY,Inter-Region,Next Day,Prepaid,CR135,Bike,1.33,1.43,1.43,768214,26435,20235,4,1,0,,28.0,36,0,0,,1,0,,0,,44.1,5.04,9.8,ST04_Bekasi,Last Mile Delay
SHPM002463,AWB260002463,2026-02-24 19:33:46.583155,2026-02-24 19:55:46.583155,2026-02-24 20:19:46.583155,,,,,,,,,2026-02-26 07:33:46.583155,Failed Pickup,Exception,SHP039,Shipper 039,Marketplace,Central Java,ST10_Solo,HB04_CTG_NATIONAL,Jabodetabek,ST02_JKT_West,HB01_JKT_GATEWAY,Inter-Region,Next Day,Prepaid,CR091,Van,1.64,1.69,1.69,304938,27605,22342,4,0,1,Shipper Not Ready,,36,0,0,,0,0,,0,,976.44,,,ST10_Solo,
SHPM002464,AWB260002464,2026-03-28 03:16:09.557600,2026-03-28 03:49:09.557600,2026-03-28 04:38:09.557600,2026-03-28 08:17:04.673883,2026-03-28 08:32:04.673883,2026-03-28 09:21:04.673883,2026-03-28 11:12:31.619819,2026-03-28 17:10:27.848059,2026-03-28 23:25:00.332776,2026-03-29 04:48:57.020253,2026-03-29 09:02:22.108440,2026-03-31 03:16:09.557600,Delivered,Closed,SHP005,Shipper 005,Enterprise,Central Java,ST09_Semarang,HB04_CTG_NATIONAL,West Java,ST06_Bandung,HB01_JKT_GATEWAY,Inter-Region,Regular,COD,CR088,Bike,0.64,0.92,0.92,1633439,20140,12641,8,1,0,,15.0,72,1,0,,1,0,,0,,29.77,1.86,6.24,ST06_Bandung,
SHPM002465,AWB260002465,2026-03-15 02:45:10.543589,2026-03-15 03:15:10.543589,2026-03-15 03:28:10.543589,2026-03-15 09:31:21.319923,2026-03-15 10:39:21.319923,2026-03-15 12:29:21.319923,2026-03-15 18:05:15.632197,2026-03-16 00:55:22.149762,2026-03-16 06:57:51.303738,2026-03-16 23:31:40.288546,2026-03-17 16:52:06.215933,2026-03-18 02:45:10.543589,Delivered,Closed,SHP061,Shipper 061,Enterprise,Outer Java,ST17_Makassar,HB06_EASTERN_GATEWAY,Central Java,ST10_Solo,HB04_CTG_NATIONAL,Inter-Region,Regular,COD,CR157,Bike,8.71,14.07,14.07,1066898,79315,55238,8,1,0,,68.0,72,1,0,,1,0,,0,,62.12,5.6,6.04,ST10_Solo,
SHPM002466,AWB260002466,2026-03-29 12:47:28.730444,2026-03-29 13:08:28.730444,2026-03-29 13:32:28.730444,2026-03-29 16:44:07.876865,2026-03-29 17:26:07.876865,2026-03-29 17:43:07.876865,2026-03-29 20:29:03.346326,2026-03-29 22:30:13.978423,2026-03-30 03:50:19.675977,2026-03-30 20:05:48.018220,2026-03-31 03:31:48.859571,2026-04-01 12:47:28.730444,Delivered,Closed,SHP058,Shipper 058,Enterprise,Jabodetabek,ST01_JKT_Central,HB01_JKT_GATEWAY,West Java,ST06_Bandung,HB01_JKT_GATEWAY,Inter-Region,Regular,Prepaid,CR003,Bike,1.47,1.95,1.95,862345,20775,17215,8,1,0,,42.0,72,1,0,,1,0,,0,,38.74,2.77,5.33,ST06_Bandung,
SHPM002467,AWB260002467,2026-03-27 00:27:03.912201,2026-03-27 00:47:03.912201,2026-03-27 01:30:03.912201,,,,,,,,,2026-03-30 00:27:03.912201,Failed Pickup,Exception,SHP065,Shipper 065,Marketplace,Jabodetabek,ST01_JKT_Central,HB01_JKT_GATEWAY,West Java,ST08_Bogor,HB01_JKT_GATEWAY,Inter-Region,Regular,COD,CR011,Van,2.25,2.12,2.25,355923,26125,15761,8,0,1,Shipper Not Ready,,72,0,0,,0,0,,0,,251.55,,,ST01_JKT_Central,
SHPM002468,AWB260002468,2026-03-06 13:41:44.081176,2026-03-06 14:11:44.081176,2026-03-06 15:04:44.081176,,,,,,,,,2026-03-08 01:41:44.081176,Failed Pickup,Exception,SHP036,Shipper 036,Marketplace,West Java,ST07_Cirebon,HB02_BDG_TRANSIT,Outer Java,ST17_Makassar,HB06_EASTERN_GATEWAY,Inter-Region,Next Day,COD,CR074,Bike,0.74,0.77,0.77,294684,27465,24102,4,0,1,Shipper Not Ready,,36,0,0,,0,0,,0,,742.3,,,ST07_Cirebon,
SHPM002469,AWB260002469,2026-03-03 12:35:06.444888,2026-03-03 13:06:06.444888,2026-03-03 13:19:06.444888,2026-03-03 17:13:20.874188,2026-03-03 17:57:20.874188,2026-03-03 18:59:20.874188,2026-03-04 00:02:54.611889,2026-03-04 03:49:23.138861,2026-03-04 08:47:18.953256,2026-03-04 14:37:49.747161,2026-03-05 08:31:53.611723,2026-03-06 12:35:06.444888,Delivered,Closed,SHP082,Shipper 082,SME,Outer Java,ST17_Makassar,HB06_EASTERN_GATEWAY,Jabodetabek,ST01_JKT_Central,HB01_JKT_GATEWAY,Inter-Region,Regular,Prepaid,CR154,Van,1.84,2.81,2.81,518520,24645,23165,8,1,0,,44.0,72,1,0,,1,0,,0,,43.95,5.06,4.97,ST01_JKT_Central,
SHPM002470,AWB260002470,2026-03-27 04:59:45.662974,2026-03-27 05:32:45.662974,2026-03-27 06:25:45.662974,2026-03-27 07:31:43.715112,2026-03-27 07:55:43.715112,2026-03-27 09:30:43.715112,2026-03-27 12:11:53.906336,2026-03-27 16:58:58.133475,2026-03-27 22:19:38.602479,2026-03-28 02:56:25.861446,2026-03-28 11:23:57.457508,2026-03-28 04:59:45.662974,Delivered,Closed,SHP058,Shipper 058,Enterprise,Jabodetabek,ST01_JKT_Central,HB01_JKT_GATEWAY,Jabodetabek,ST03_JKT_East,HB01_JKT_GATEWAY,Intra-Region,Next Day,Prepaid,CR003,Bike,1.64,1.67,1.67,1168061,27515,19126,4,1,0,,24.0,24,0,0,,1,0,,0,,30.4,2.69,5.34,ST03_JKT_East,Last Mile Delay
SHPM002471,AWB260002471,2026-03-11 05:16:08.318583,2026-03-11 05:42:08.318583,2026-03-11 06:19:08.318583,2026-03-11 13:08:06.787654,2026-03-11 14:03:06.787654,2026-03-11 15:13:06.787654,2026-03-11 18:34:43.545861,2026-03-12 01:45:49.869258,2026-03-12 07:08:50.525931,2026-03-12 22:37:41.747764,2026-03-13 09:08:02.052263,2026-03-14 05:16:08.318583,Delivered,Closed,SHP035,Shipper 035,Enterprise,Jabodetabek,ST05_Tangerang,HB01_JKT_GATEWAY,Central Java,ST11_Yogyakarta,HB04_CTG_NATIONAL,Inter-Region,Regular,Prepaid,CR054,Van,2.1,2.26,2.26,261693,22170,13556,8,1,0,,55.0,72,1,0,,1,0,,0,,51.86,3.36,5.38,ST11_Yogyakarta,
SHPM002472,AWB260002472,2026-03-24 05:20:33.040701,2026-03-24 05:58:33.040701,2026-03-24 06:15:33.040701,2026-03-24 08:58:45.986550,2026-03-24 09:47:45.986550,2026-03-24 10:35:45.986550,2026-03-24 12:01:27.990541,2026-03-24 20:30:37.881134,2026-03-25 01:51:42.650494,2026-03-25 18:15:27.240529,2026-03-26 04:10:02.644303,2026-03-25 17:20:33.040701,Delivered,Closed,SHP034,Shipper 034,Enterprise,Jabodetabek,ST01_JKT_Central,HB01_JKT_GATEWAY,East Java,ST13_Malang,HB03_SBY_GATEWAY,Inter-Region,Next Day,Prepaid,CR004,Van,0.32,0.49,0.49,709035,22205,21055,4,1,0,,49.0,36,0,0,,1,0,,0,,46.82,1.43,5.35,ST13_Malang,Last Mile Delay
SHPM002473,AWB260002473,2026-03-18 04:40:35.878559,2026-03-18 05:07:35.878559,2026-03-18 05:12:35.878559,2026-03-18 05:54:12.257323,2026-03-18 06:08:12.257323,2026-03-18 06:29:12.257323,2026-03-18 08:11:45.578829,2026-03-18 15:06:03.176929,2026-03-19 01:02:28.900244,2026-03-21 02:19:56.804631,2026-03-21 04:05:15.313187,2026-03-18 20:40:35.878559,Delivered,Closed,SHP041,Shipper 041,SME,West Java,ST08_Bogor,HB01_JKT_GATEWAY,Jabodetabek,ST05_Tangerang,HB01_JKT_GATEWAY,Inter-Region,Same Day,COD,CR080,Bike,1.01,0.96,1.01,1648300,35545,27959,2,1,0,,14.0,16,0,0,,1,1,Capacity Delay,0,,71.41,1.71,9.94,ST05_Tangerang,Last Mile Delay
SHPM002474,AWB260002474,2026-03-10 10:12:07.909157,2026-03-10 10:52:07.909157,2026-03-10 11:19:07.909157,2026-03-10 13:14:26.807223,2026-03-10 14:27:26.807223,2026-03-10 15:02:26.807223,2026-03-10 20:39:35.798939,2026-03-11 05:26:56.800415,2026-03-11 09:49:42.324697,2026-03-12 03:44:18.461339,2026-03-12 11:19:48.701644,2026-03-11 22:12:07.909157,Delivered,Closed,SHP094,Shipper 094,SME,Outer Java,ST15_Medan,HB05_SUMATRA_GATEWAY,Jabodetabek,ST04_Bekasi,HB01_JKT_GATEWAY,Inter-Region,Next Day,Prepaid,CR144,Bike,3.73,5.08,5.08,1588225,42860,23707,4,1,0,,73.0,36,0,0,,1,0,,0,,49.13,5.62,4.38,ST04_Bekasi,Last Mile Delay
SHPM002475,AWB260002475,2026-02-25 18:01:45.888996,2026-02-25 18:43:45.888996,2026-02-25 18:59:45.888996,2026-02-25 20:43:53.624234,2026-02-25 21:25:53.624234,2026-02-25 21:44:53.624234,2026-02-26 00:11:59.218042,2026-02-26 06:51:20.797710,2026-02-26 08:44:00.242500,2026-02-26 16:26:32.058287,2026-02-26 21:52:43.673299,2026-02-28 18:01:45.888996,Delivered,Closed,SHP072,Shipper 072,Enterprise,Outer Java,ST17_Makassar,HB06_EASTERN_GATEWAY,Central Java,ST11_Yogyakarta,HB04_CTG_NATIONAL,Inter-Region,Regular,Prepaid,CR160,Bike,0.8,0.74,0.8,1596985,15600,11766,8,1,0,,42.0,72,1,0,,1,0,,0,,27.85,2.45,1.88,ST11_Yogyakarta,
SHPM002476,AWB260002476,2026-03-23 09:28:51.314957,2026-03-23 09:36:51.314957,2026-03-23 09:54:51.314957,2026-03-23 11:04:11.991578,2026-03-23 11:40:11.991578,2026-03-23 12:56:11.991578,2026-03-23 14:53:52.116723,2026-03-23 17:22:10.139919,2026-03-23 20:26:10.316754,2026-03-24 04:15:45.845629,2026-03-24 09:10:25.796725,2026-03-24 09:28:51.314957,Delivered,Closed,SHP034,Shipper 034,Enterprise,Jabodetabek,ST01_JKT_Central,HB01_JKT_GATEWAY,Jabodetabek,ST04_Bekasi,HB01_JKT_GATEWAY,Intra-Region,Next Day,Prepaid,CR009,Bike,0.7,0.65,0.7,2067548,23150,18071,4,1,0,,36.0,24,1,0,,1,0,,0,,23.69,1.96,3.07,ST04_Bekasi,
SHPM002477,AWB260002477,2026-02-17 22:35:41.438408,2026-02-17 23:07:41.438408,2026-02-17 23:32:41.438408,2026-02-18 02:50:21.626233,2026-02-18 03:27:21.626233,2026-02-18 03:57:21.626233,2026-02-18 05:04:03.820719,2026-02-18 14:13:16.470330,2026-02-18 23:19:18.429676,2026-02-19 05:00:51.816510,2026-02-19 22:07:40.204944,2026-02-20 22:35:41.438408,Delivered,Closed,SHP093,Shipper 093,SME,East Java,ST13_Malang,HB03_SBY_GATEWAY,West Java,ST08_Bogor,HB01_JKT_GATEWAY,Inter-Region,Regular,Prepaid,CR122,Bike,0.9,0.93,0.93,253990,16185,13553,8,1,0,,37.0,72,1,0,,1,0,,0,,47.53,1.11,9.1,ST08_Bogor,
SHPM002478,AWB260002478,2026-03-16 05:59:39.704300,2026-03-16 06:12:39.704300,2026-03-16 06:40:39.704300,,,,,,,,,2026-03-18 05:59:39.704300,Failed Pickup,Exception,SHP027,Shipper 027,SME,Jabodetabek,ST05_Tangerang,HB01_JKT_GATEWAY,Jabodetabek,ST03_JKT_East,HB01_JKT_GATEWAY,Intra-Region,Regular,COD,CR054,Bike,1.24,1.66,1.66,468920,23470,21631,8,0,1,Shipper Not Ready,,48,0,0,,0,0,,0,,510.01,,,ST05_Tangerang,
SHPM002479,AWB260002479,2026-02-20 15:59:12.955888,2026-02-20 16:30:12.955888,2026-02-20 16:57:12.955888,2026-02-20 19:59:15.546382,2026-02-20 21:15:15.546382,2026-02-20 22:55:15.546382,2026-02-21 00:07:38.330739,2026-02-21 05:27:20.834236,2026-02-21 10:08:29.196212,2026-02-21 20:04:42.405977,2026-02-21 22:16:06.151611,2026-02-22 03:59:12.955888,Delivered,Closed,SHP002,Shipper 002,Enterprise,Jabodetabek,ST01_JKT_Central,HB01_JKT_GATEWAY,West Java,ST08_Bogor,HB01_JKT_GATEWAY,Inter-Region,Next Day,COD,CR005,Van,1.3,1.24,1.3,303903,29850,21164,4,1,0,,76.0,36,1,0,,1,0,,0,,30.28,1.21,4.69,ST08_Bogor,
SHPM002480,AWB260002480,2026-03-10 07:11:21.259146,2026-03-10 07:16:21.259146,2026-03-10 07:32:21.259146,2026-03-10 08:45:10.303594,2026-03-10 09:12:10.303594,2026-03-10 10:32:10.303594,2026-03-10 11:43:32.478104,2026-03-10 19:09:18.881274,2026-03-10 23:00:14.126489,2026-03-11 07:09:57.842413,2026-03-11 09:57:04.342203,2026-03-11 19:11:21.259146,Delivered,Closed,SHP038,Shipper 038,Marketplace,Jabodetabek,ST03_JKT_East,HB01_JKT_GATEWAY,East Java,ST14_Kediri,HB03_SBY_GATEWAY,Inter-Region,Next Day,Prepaid,CR028,Bike,2.22,2.69,2.69,1193010,32105,24402,4,1,0,,27.0,36,1,0,,1,0,,0,,26.76,1.19,3.85,ST14_Kediri,
SHPM002481,AWB260002481,2026-02-20 07:41:41.149610,2026-02-20 07:49:41.149610,2026-02-20 08:17:41.149610,2026-02-20 16:02:59.569918,2026-02-20 17:20:59.569918,2026-02-20 18:23:59.569918,2026-02-20 21:13:54.858482,2026-02-21 07:04:00.334688,2026-02-22 04:29:34.045530,2026-02-22 14:07:34.988712,2026-02-23 10:10:11.419218,2026-02-23 07:41:41.149610,Delivered,Closed,SHP060,Shipper 060,Enterprise,East Java,ST12_Surabaya,HB03_SBY_GATEWAY,Outer Java,ST17_Makassar,HB06_EASTERN_GATEWAY,Inter-Region,Regular,Prepaid,CR107,Bike,1.71,1.68,1.71,472922,19695,16565,8,0,0,,78.0,72,0,0,,1,0,,0,,74.48,2.83,21.43,ST17_Makassar,First Mile Delay
SHPM002482,AWB260002482,2026-02-28 13:08:51.287101,2026-02-28 13:29:51.287101,2026-02-28 13:58:51.287101,2026-02-28 17:52:30.850803,2026-02-28 18:23:30.850803,2026-02-28 19:10:30.850803,2026-03-01 00:26:59.097071,2026-03-01 06:30:48.192889,2026-03-01 10:46:31.320524,2026-03-01 23:08:35.898726,2026-03-02 14:25:56.563391,2026-03-03 13:08:51.287101,Delivered,Closed,SHP049,Shipper 049,Enterprise,Jabodetabek,ST05_Tangerang,HB01_JKT_GATEWAY,West Java,ST06_Bandung,HB01_JKT_GATEWAY,Inter-Region,Regular,Prepaid,CR046,Truck,0.77,0.8,0.8,2377699,15600,8706,8,1,0,,31.0,72,1,0,,1,0,,0,,49.28,5.27,4.26,ST06_Bandung,
SHPM002483,AWB260002483,2026-03-31 00:23:33.740443,2026-03-31 00:50:33.740443,2026-03-31 01:09:33.740443,2026-03-31 05:10:17.229759,2026-03-31 05:29:17.229759,2026-03-31 06:16:17.229759,2026-03-31 10:40:24.887754,2026-03-31 16:44:29.329060,2026-03-31 22:52:53.296196,2026-04-01 14:37:15.917512,2026-04-01 23:57:43.008895,2026-04-01 12:23:33.740443,Delivered,Closed,SHP072,Shipper 072,Enterprise,Outer Java,ST18_Balikpapan,HB06_EASTERN_GATEWAY,Jabodetabek,ST03_JKT_East,HB01_JKT_GATEWAY,Inter-Region,Next Day,COD,CR172,Bike,2.27,2.12,2.27,358070,34215,21114,4,0,0,,19.0,36,0,0,,1,0,,0,,47.57,4.4,6.14,ST03_JKT_East,First Mile Delay
SHPM002484,AWB260002484,2026-03-31 14:16:59.120130,2026-03-31 14:43:59.120130,2026-03-31 15:14:59.120130,2026-03-31 17:22:56.918085,2026-03-31 17:30:56.918085,2026-03-31 18:22:56.918085,2026-03-31 20:40:26.835719,2026-04-01 00:43:25.615714,2026-04-01 09:02:43.424834,2026-04-01 17:23:39.165459,2026-04-02 04:10:38.163090,2026-04-03 14:16:59.120130,Delivered,Closed,SHP063,Shipper 063,Enterprise,Jabodetabek,ST04_Bekasi,HB01_JKT_GATEWAY,East Java,ST13_Malang,HB03_SBY_GATEWAY,Inter-Region,Regular,Prepaid,CR037,Truck,1.49,1.44,1.49,413923,18705,17532,8,1,0,,8.0,72,1,0,,1,0,,0,,37.89,2.29,8.32,ST13_Malang,
SHPM002485,AWB260002485,2026-02-28 04:38:16.594354,2026-02-28 05:21:16.594354,2026-02-28 05:32:16.594354,2026-02-28 09:48:55.301980,2026-02-28 10:56:55.301980,2026-02-28 12:32:55.301980,2026-02-28 14:15:26.683181,2026-02-28 18:20:44.718834,2026-03-01 00:52:27.466387,2026-03-01 09:14:08.198896,2026-03-01 19:11:53.418051,2026-03-03 04:38:16.594354,Delivered,Closed,SHP076,Shipper 076,Enterprise,West Java,ST06_Bandung,HB01_JKT_GATEWAY,Jabodetabek,ST02_JKT_West,HB01_JKT_GATEWAY,Inter-Region,Regular,COD,CR062,Bike,0.35,0.32,0.35,196489,17575,14902,8,1,0,,68.0,72,1,0,,1,0,,0,,38.56,1.71,6.53,ST02_JKT_West,
SHPM002486,AWB260002486,2026-03-05 00:51:22.433149,2026-03-05 01:04:22.433149,2026-03-05 01:09:22.433149,2026-03-05 03:30:10.517281,2026-03-05 03:38:10.517281,2026-03-05 05:06:10.517281,2026-03-05 08:51:40.690825,2026-03-05 13:19:10.864449,2026-03-05 21:28:51.895179,2026-03-06 02:51:03.595687,2026-03-06 05:52:48.876480,2026-03-06 12:51:22.433149,Delivered,Closed,SHP048,Shipper 048,Enterprise,Outer Java,ST17_Makassar,HB06_EASTERN_GATEWAY,East Java,ST12_Surabaya,HB03_SBY_GATEWAY,Inter-Region,Next Day,Prepaid,CR162,Bike,0.32,0.52,0.52,473508,22340,20014,4,1,0,,8.0,36,1,0,,1,0,,0,,29.02,3.76,8.16,ST12_Surabaya,
SHPM002487,AWB260002487,2026-03-18 12:07:51.427392,2026-03-18 12:39:51.427392,2026-03-18 12:46:51.427392,2026-03-18 16:07:25.778869,2026-03-18 16:53:25.778869,2026-03-18 17:35:25.778869,2026-03-18 19:55:45.589341,2026-03-19 05:16:19.876718,2026-03-19 07:51:23.997460,2026-03-19 23:10:25.814644,2026-03-20 06:40:12.050101,2026-03-21 12:07:51.427392,Delivered,Closed,SHP094,Shipper 094,SME,Outer Java,ST16_Palembang,HB05_SUMATRA_GATEWAY,West Java,ST07_Cirebon,HB02_BDG_TRANSIT,Inter-Region,Regular,COD,CR151,Bike,2.04,3.33,3.33,1236415,30985,19396,8,1,0,,46.0,72,1,0,,1,0,,0,,42.54,2.34,2.58,ST07_Cirebon,
SHPM002488,AWB260002488,2026-03-20 10:44:39.751924,2026-03-20 11:27:39.751924,2026-03-20 11:35:39.751924,2026-03-20 16:38:00.228653,2026-03-20 17:12:00.228653,2026-03-20 18:12:00.228653,2026-03-21 00:08:15.091295,2026-03-21 09:46:58.283784,2026-03-21 15:02:20.526592,2026-03-22 07:13:33.434456,2026-03-22 15:39:00.628613,2026-03-23 10:44:39.751924,Delivered,Closed,SHP025,Shipper 025,Marketplace,East Java,ST14_Kediri,HB03_SBY_GATEWAY,West Java,ST07_Cirebon,HB02_BDG_TRANSIT,Inter-Region,Regular,Prepaid,CR136,Bike,0.89,0.83,0.89,1844560,16005,13094,8,1,0,,34.0,72,1,0,,1,0,,0,,52.91,5.94,5.26,ST07_Cirebon,
SHPM002489,AWB260002489,2026-03-22 15:12:04.181150,2026-03-22 15:54:04.181150,2026-03-22 16:22:04.181150,,,,,,,,,2026-03-24 03:12:04.181150,Failed Pickup,Exception,SHP055,Shipper 055,Marketplace,East Java,ST14_Kediri,HB03_SBY_GATEWAY,Jabodetabek,ST04_Bekasi,HB01_JKT_GATEWAY,Inter-Region,Next Day,Prepaid,CR126,Bike,3.5,4.43,4.43,2359413,39935,33036,4,0,1,Schedule Miss,,36,0,0,,0,0,,0,,356.8,,,ST14_Kediri,
SHPM002490,AWB260002490,2026-03-02 05:13:24.945690,2026-03-02 05:55:24.945690,2026-03-02 06:18:24.945690,2026-03-02 08:03:10.070862,2026-03-02 09:01:10.070862,2026-03-02 10:06:10.070862,2026-03-02 13:12:54.934515,2026-03-02 15:32:20.755650,2026-03-02 20:35:54.980429,2026-03-03 12:53:33.818325,2026-03-03 21:26:52.589531,2026-03-03 17:13:24.945690,Delivered,Closed,SHP017,Shipper 017,Marketplace,Outer Java,ST16_Palembang,HB05_SUMATRA_GATEWAY,Central Java,ST09_Semarang,HB04_CTG_NATIONAL,Inter-Region,Next Day,Prepaid,CR153,Bike,0.92,0.88,0.92,1099601,24140,22213,4,1,0,,58.0,36,0,0,,1,0,,0,,40.22,3.11,5.06,ST09_Semarang,Last Mile Delay
SHPM002491,AWB260002491,2026-02-25 08:12:55.922137,2026-02-25 08:38:55.922137,2026-02-25 09:08:55.922137,2026-02-25 10:46:24.398592,2026-02-25 12:01:24.398592,2026-02-25 13:58:24.398592,2026-02-25 17:05:08.473410,2026-02-25 23:07:26.846452,2026-02-26 13:03:38.109907,2026-02-26 21:39:52.254918,2026-02-27 11:36:20.576255,2026-02-28 08:12:55.922137,Delivered,Closed,SHP076,Shipper 076,Enterprise,West Java,ST06_Bandung,HB01_JKT_GATEWAY,Outer Java,ST17_Makassar,HB06_EASTERN_GATEWAY,Inter-Region,Regular,Prepaid,CR055,Van,0.51,0.5,0.51,1632782,14295,13390,8,1,0,,75.0,72,1,0,,1,0,,0,,51.39,3.11,13.94,ST17_Makassar,
SHPM002492,AWB260002492,2026-03-22 04:17:00.403257,2026-03-22 04:50:00.403257,2026-03-22 05:19:00.403257,2026-03-22 06:38:03.236111,2026-03-22 07:45:03.236111,2026-03-22 09:37:03.236111,2026-03-22 14:01:09.351547,2026-03-22 16:36:46.103282,2026-03-23 09:52:27.442785,2026-03-23 21:03:04.591172,2026-03-24 05:46:40.867660,2026-03-23 16:17:00.403257,Delivered,Closed,SHP093,Shipper 093,SME,East Java,ST13_Malang,HB03_SBY_GATEWAY,West Java,ST06_Bandung,HB01_JKT_GATEWAY,Inter-Region,Next Day,Prepaid,CR117,Van,0.59,0.98,0.98,1167782,24410,19735,4,1,0,,67.0,36,0,0,,1,0,,0,,49.49,4.4,17.26,ST06_Bandung,Hub Bottleneck
SHPM002493,AWB260002493,2026-03-16 18:23:11.862230,2026-03-16 18:59:11.862230,2026-03-16 19:24:11.862230,2026-03-17 02:08:11.275442,2026-03-17 02:52:11.275442,2026-03-17 03:35:11.275442,2026-03-17 04:59:57.174090,2026-03-17 12:59:32.753891,2026-03-17 15:59:01.055071,2026-03-18 02:14:34.896278,2026-03-18 06:24:02.415306,2026-03-19 18:23:11.862230,Delivered,Closed,SHP023,Shipper 023,Enterprise,West Java,ST08_Bogor,HB01_JKT_GATEWAY,East Java,ST12_Surabaya,HB03_SBY_GATEWAY,Inter-Region,Regular,Prepaid,CR079,Truck,1.38,1.5,1.5,2664578,18750,15241,8,1,0,,44.0,72,1,0,,1,0,,0,,36.01,1.41,2.99,ST12_Surabaya,
SHPM002494,AWB260002494,2026-03-08 09:02:48.265467,2026-03-08 09:15:48.265467,2026-03-08 09:27:48.265467,2026-03-08 10:34:40.994340,2026-03-08 11:02:40.994340,2026-03-08 11:18:40.994340,2026-03-08 16:34:23.129380,2026-03-08 23:48:33.127474,2026-03-09 01:23:42.913045,2026-03-09 18:22:38.562512,2026-03-09 19:56:56.666809,2026-03-09 01:02:48.265467,Delivered,Closed,SHP088,Shipper 088,SME,Outer Java,ST19_Denpasar,HB06_EASTERN_GATEWAY,West Java,ST06_Bandung,HB01_JKT_GATEWAY,Inter-Region,Same Day,COD,CR178,Van,0.54,0.59,0.59,1047184,33655,23626,2,1,0,,28.0,16,0,0,,1,0,,0,,34.9,5.26,1.59,ST06_Bandung,Last Mile Delay
SHPM002495,AWB260002495,2026-03-05 04:34:46.056819,2026-03-05 04:55:46.056819,2026-03-05 05:07:46.056819,2026-03-05 10:56:42.716798,2026-03-05 11:39:42.716798,2026-03-05 13:12:42.716798,2026-03-05 16:41:25.603254,2026-03-05 21:39:40.103287,2026-03-06 09:34:58.806615,2026-03-07 00:03:57.740713,2026-03-07 13:14:51.241152,2026-03-08 04:34:46.056819,Delivered,Closed,SHP073,Shipper 073,Marketplace,Outer Java,ST15_Medan,HB05_SUMATRA_GATEWAY,East Java,ST12_Surabaya,HB03_SBY_GATEWAY,Inter-Region,Regular,Prepaid,CR139,Bike,0.65,0.67,0.67,615365,15015,13099,8,1,0,,43.0,72,1,0,,1,0,,0,,56.67,3.48,11.92,ST12_Surabaya,
SHPM002496,AWB260002496,2026-03-11 03:58:21.564467,2026-03-11 04:31:21.564467,2026-03-11 05:19:21.564467,2026-03-11 13:29:47.666052,2026-03-11 13:57:47.666052,2026-03-11 15:54:47.666052,2026-03-11 19:03:40.306927,2026-03-12 01:42:24.145415,2026-03-12 04:20:03.674592,2026-03-12 21:49:27.950717,2026-03-13 13:40:30.541992,2026-03-14 03:58:21.564467,Delivered,Closed,SHP043,Shipper 043,Marketplace,Central Java,ST09_Semarang,HB04_CTG_NATIONAL,West Java,ST08_Bogor,HB01_JKT_GATEWAY,Inter-Region,Regular,Prepaid,CR090,Bike,0.9,0.97,0.97,1236059,16365,9546,8,0,0,,28.0,72,1,0,,1,0,,0,,57.7,3.15,2.63,ST08_Bogor,
SHPM002497,AWB260002497,2026-02-24 05:23:16.193896,2026-02-24 05:46:16.193896,2026-02-24 06:12:16.193896,2026-02-24 11:39:55.961209,2026-02-24 12:13:55.961209,2026-02-24 12:46:55.961209,2026-02-24 16:30:42.755592,2026-02-24 20:27:15.266371,2026-02-25 06:36:19.677664,2026-02-25 18:49:21.475562,,2026-02-27 05:23:16.193896,Return To Sender,RTS,SHP083,Shipper 083,Marketplace,Jabodetabek,ST03_JKT_East,HB01_JKT_GATEWAY,Central Java,ST09_Semarang,HB04_CTG_NATIONAL,Inter-Region,Regular,Prepaid,CR030,Bike,1.6,2.18,2.18,1820353,21810,20523,8,1,0,,34.0,72,0,1,Invalid Address,2,0,,1,Invalid Address,990.61,3.73,10.15,ST09_Semarang,Hub Bottleneck
SHPM002498,AWB260002498,2026-03-31 03:32:41.565455,2026-03-31 04:10:41.565455,2026-03-31 04:39:41.565455,2026-03-31 05:48:36.172419,2026-03-31 05:59:36.172419,2026-03-31 06:16:36.172419,2026-03-31 10:28:24.671831,2026-03-31 19:21:40.084696,2026-04-01 04:25:02.707070,2026-04-01 20:30:17.952108,2026-04-02 00:40:57.704483,2026-04-01 15:32:41.565455,Delivered,Closed,SHP062,Shipper 062,Enterprise,Jabodetabek,ST04_Bekasi,HB01_JKT_GATEWAY,East Java,ST13_Malang,HB03_SBY_GATEWAY,Inter-Region,Next Day,COD,CR031,Bike,1.49,1.95,1.95,569003,32775,28080,4,1,0,,11.0,36,0,0,,1,0,,0,,45.14,4.2,9.06,ST13_Malang,Last Mile Delay
SHPM002499,AWB260002499,2026-03-08 07:30:56.734875,2026-03-08 07:50:56.734875,2026-03-08 08:09:56.734875,2026-03-08 12:39:50.167248,2026-03-08 13:29:50.167248,2026-03-08 15:09:50.167248,2026-03-08 16:10:14.302601,2026-03-08 20:43:15.474845,2026-03-09 01:47:22.474369,2026-03-09 13:28:56.518405,2026-03-10 12:11:47.837236,2026-03-11 07:30:56.734875,Delivered,Closed,SHP063,Shipper 063,Enterprise,Jabodetabek,ST05_Tangerang,HB01_JKT_GATEWAY,Outer Java,ST17_Makassar,HB06_EASTERN_GATEWAY,Inter-Region,Regular,Prepaid,CR048,Bike,2.01,2.19,2.19,1791452,21855,18840,8,1,0,,50.0,72,1,0,,1,0,,0,,52.68,1.01,5.07,ST17_Makassar,
SHPM002500,AWB260002500,2026-03-26 11:50:21.535791,2026-03-26 12:04:21.535791,2026-03-26 12:14:21.535791,2026-03-26 13:03:44.066851,2026-03-26 13:11:44.066851,2026-03-26 14:55:44.066851,2026-03-26 20:40:37.387815,2026-03-27 03:08:22.000362,2026-03-27 09:55:27.978729,2026-03-28 03:13:37.727847,2026-03-28 08:10:17.291170,2026-03-27 03:50:21.535791,Delivered,Closed,SHP064,Shipper 064,Marketplace,Jabodetabek,ST04_Bekasi,HB01_JKT_GATEWAY,East Java,ST12_Surabaya,HB03_SBY_GATEWAY,Inter-Region,Same Day,Prepaid,CR038,Bike,1.64,1.55,1.64,2509122,34380,30759,2,1,0,,8.0,16,0,0,,1,0,,0,,44.33,5.75,6.78,ST12_Surabaya,Last Mile Delay
SHPM002501,AWB260002501,2026-03-22 09:54:31.391652,2026-03-22 10:27:31.391652,2026-03-22 11:10:31.391652,2026-03-22 14:27:28.884502,2026-03-22 15:23:28.884502,2026-03-22 15:59:28.884502,2026-03-22 21:26:18.520612,2026-03-23 05:37:09.768744,2026-03-23 15:24:20.441815,2026-03-24 05:53:32.340843,2026-03-24 14:05:07.950738,2026-03-23 21:54:31.391652,Delivered,Closed,SHP082,Shipper 082,SME,Outer Java,ST19_Denpasar,HB06_EASTERN_GATEWAY,Jabodetabek,ST02_JKT_West,HB01_JKT_GATEWAY,Inter-Region,Next Day,COD,CR178,Bike,0.37,0.39,0.39,1482221,25755,15739,4,1,0,,56.0,36,0,0,,1,0,,0,,52.18,5.45,9.79,ST02_JKT_West,Last Mile Delay
SHPM002502,AWB260002502,2026-03-19 19:07:41.314529,2026-03-19 19:39:41.314529,2026-03-19 20:36:41.314529,2026-03-19 23:32:36.051400,2026-03-20 00:40:36.051400,2026-03-20 02:30:36.051400,2026-03-20 07:44:09.441879,2026-03-20 12:13:00.405562,2026-03-20 22:21:43.288188,2026-03-21 08:18:18.104848,2026-03-21 14:03:07.617938,2026-03-21 07:07:41.314529,Delivered,Closed,SHP070,Shipper 070,Enterprise,Jabodetabek,ST04_Bekasi,HB01_JKT_GATEWAY,Central Java,ST11_Yogyakarta,HB04_CTG_NATIONAL,Inter-Region,Next Day,Prepaid,CR034,Truck,0.38,0.36,0.38,1362797,21710,12020,4,1,0,,68.0,36,0,0,,1,0,,0,,42.92,5.23,10.15,ST11_Yogyakarta,Hub Bottleneck
SHPM002503,AWB260002503,2026-03-09 01:39:19.981084,2026-03-09 01:48:19.981084,2026-03-09 02:03:19.981084,2026-03-09 03:34:55.433761,2026-03-09 04:11:55.433761,2026-03-09 04:29:55.433761,2026-03-09 09:15:03.362364,2026-03-09 18:31:40.293203,2026-03-10 01:08:46.982764,2026-03-10 08:28:36.448914,2026-03-10 15:23:31.080823,2026-03-10 13:39:19.981084,Delivered,Closed,SHP077,Shipper 077,Marketplace,Outer Java,ST17_Makassar,HB06_EASTERN_GATEWAY,West Java,ST08_Bogor,HB01_JKT_GATEWAY,Inter-Region,Next Day,Prepaid,CR154,Bike,2.26,3.67,3.67,897763,36515,32519,4,1,0,,37.0,36,0,0,,1,0,,0,,37.74,4.75,6.62,ST08_Bogor,Last Mile Delay
SHPM002504,AWB260002504,2026-03-17 21:04:40.188049,2026-03-17 21:44:40.188049,2026-03-17 22:08:40.188049,2026-03-18 02:28:32.821054,2026-03-18 03:23:32.821054,2026-03-18 04:24:32.821054,2026-03-18 09:21:33.196702,2026-03-18 15:51:19.725204,2026-03-18 19:40:52.232951,2026-03-19 02:39:23.236668,2026-03-19 06:41:54.023065,2026-03-19 09:04:40.188049,Delivered,Closed,SHP030,Shipper 030,Enterprise,Jabodetabek,ST05_Tangerang,HB01_JKT_GATEWAY,Central Java,ST10_Solo,HB04_CTG_NATIONAL,Inter-Region,Next Day,COD,CR044,Bike,1.31,1.29,1.31,2667486,29895,18940,4,0,0,,55.0,36,1,0,,1,0,,0,,33.62,4.95,3.83,ST10_Solo,
SHPM002505,AWB260002505,2026-02-17 02:28:05.542925,2026-02-17 02:38:05.542925,2026-02-17 03:25:05.542925,2026-02-17 12:35:07.293792,2026-02-17 13:50:07.293792,2026-02-17 15:17:07.293792,2026-02-17 21:54:56.156272,2026-02-18 05:59:10.385475,2026-02-18 22:56:03.480776,2026-02-19 12:38:40.490503,2026-02-20 02:37:27.526890,2026-02-20 02:28:05.542925,Delivered,Closed,SHP018,Shipper 018,Enterprise,West Java,ST07_Cirebon,HB02_BDG_TRANSIT,Outer Java,ST20_Banjarmasin,HB06_EASTERN_GATEWAY,Inter-Region,Regular,Prepaid,CR067,Van,0.36,0.39,0.39,471595,13755,12521,8,0,0,,75.0,72,0,0,,1,0,,0,,72.16,6.63,16.95,ST20_Banjarmasin,First Mile Delay
SHPM002506,AWB260002506,2026-03-22 01:40:46.572790,2026-03-22 01:56:46.572790,2026-03-22 02:28:46.572790,2026-03-22 03:34:35.174488,2026-03-22 04:05:35.174488,2026-03-22 05:45:35.174488,2026-03-22 11:41:22.730592,2026-03-22 17:49:21.543413,2026-03-23 03:29:22.613782,2026-03-23 15:52:48.658972,2026-03-23 16:50:49.222281,2026-03-22 17:40:46.572790,Delivered,Closed,SHP071,Shipper 071,Enterprise,Jabodetabek,ST03_JKT_East,HB01_JKT_GATEWAY,West Java,ST06_Bandung,HB01_JKT_GATEWAY,Inter-Region,Same Day,Prepaid,CR027,Van,1.07,1.14,1.14,1034783,32130,18641,2,1,0,,31.0,16,0,0,,1,0,,0,,39.17,5.93,9.67,ST06_Bandung,Last Mile Delay
SHPM002507,AWB260002507,2026-03-16 13:10:40.646692,2026-03-16 13:45:40.646692,2026-03-16 14:11:40.646692,2026-03-16 15:17:34.713504,2026-03-16 15:56:34.713504,2026-03-16 16:32:34.713504,2026-03-16 19:39:18.514480,2026-03-17 05:11:45.952068,2026-03-18 08:00:16.596787,2026-03-18 21:00:51.167585,2026-03-19 04:18:04.673131,2026-03-18 01:10:40.646692,Delivered,Closed,SHP055,Shipper 055,Marketplace,East Java,ST14_Kediri,HB03_SBY_GATEWAY,Central Java,ST10_Solo,HB04_CTG_NATIONAL,Inter-Region,Next Day,Prepaid,CR131,Bike,2.27,2.11,2.27,278227,30215,23342,4,1,0,,39.0,36,0,0,,1,0,,0,,63.12,3.11,26.81,ST10_Solo,Hub Bottleneck
SHPM002508,AWB260002508,2026-03-07 08:17:09.081615,2026-03-07 08:54:09.081615,2026-03-07 09:37:09.081615,2026-03-07 16:43:11.581074,2026-03-07 17:16:11.581074,2026-03-07 18:14:11.581074,2026-03-07 21:59:09.036699,2026-03-08 00:23:19.953335,2026-03-08 04:25:50.350416,2026-03-08 13:54:47.162610,2026-03-08 21:54:22.828350,2026-03-10 08:17:09.081615,Delivered,Closed,SHP008,Shipper 008,SME,Outer Java,ST16_Palembang,HB05_SUMATRA_GATEWAY,Jabodetabek,ST02_JKT_West,HB01_JKT_GATEWAY,Inter-Region,Regular,Prepaid,CR151,Truck,0.7,0.95,0.95,480262,16275,9234,8,1,0,,33.0,72,1,0,,1,0,,0,,37.62,3.75,4.04,ST02_JKT_West,
SHPM002509,AWB260002509,2026-03-06 03:18:34.948087,2026-03-06 03:51:34.948087,2026-03-06 04:21:34.948087,2026-03-06 05:43:51.283953,2026-03-06 06:10:51.283953,2026-03-06 07:24:51.283953,2026-03-06 11:30:38.858943,2026-03-06 20:33:41.863239,2026-03-07 05:02:49.542933,2026-03-07 10:39:38.591302,2026-03-07 11:47:24.053448,2026-03-06 19:18:34.948087,Delivered,Closed,SHP096,Shipper 096,Marketplace,Jabodetabek,ST02_JKT_West,HB01_JKT_GATEWAY,Central Java,ST11_Yogyakarta,HB04_CTG_NATIONAL,Inter-Region,Same Day,Prepaid,CR012,Bike,4.56,6.85,6.85,866750,57825,42333,2,1,0,,27.0,16,0,0,,1,0,,0,,32.48,4.1,8.49,ST11_Yogyakarta,Last Mile Delay
SHPM002510,AWB260002510,2026-03-06 12:03:57.862162,2026-03-06 12:40:57.862162,2026-03-06 13:01:57.862162,2026-03-06 14:12:53.411298,2026-03-06 14:28:53.411298,2026-03-06 15:58:53.411298,2026-03-06 19:03:30.663222,2026-03-06 22:18:02.953228,2026-03-07 19:46:35.403527,2026-03-08 03:23:08.982337,2026-03-08 11:00:32.387607,2026-03-07 12:03:57.862162,Delivered,Closed,SHP055,Shipper 055,Marketplace,East Java,ST14_Kediri,HB03_SBY_GATEWAY,East Java,ST12_Surabaya,HB03_SBY_GATEWAY,Intra-Region,Next Day,Prepaid,CR131,Van,2.57,2.48,2.57,1569492,31565,19615,4,1,0,,16.0,24,0,0,,1,0,,0,,46.94,3.08,21.48,ST12_Surabaya,Hub Bottleneck
SHPM002511,AWB260002511,2026-03-07 05:21:46.347289,2026-03-07 05:31:46.347289,2026-03-07 06:12:46.347289,2026-03-07 11:21:58.722509,2026-03-07 12:30:58.722509,2026-03-07 14:25:58.722509,2026-03-07 17:40:37.286133,2026-03-07 21:26:42.357183,2026-03-08 02:28:53.329792,2026-03-08 12:53:06.105220,2026-03-08 18:02:03.855387,2026-03-10 05:21:46.347289,Delivered,Closed,SHP026,Shipper 026,Marketplace,Outer Java,ST18_Balikpapan,HB06_EASTERN_GATEWAY,Central Java,ST09_Semarang,HB04_CTG_NATIONAL,Inter-Region,Regular,Prepaid,CR168,Bike,1.32,1.2,1.32,1899140,17940,10538,8,1,0,,69.0,72,1,0,,1,0,,0,,36.67,3.24,5.04,ST09_Semarang,
SHPM002512,AWB260002512,2026-02-22 14:20:00.517732,2026-02-22 14:26:00.517732,2026-02-22 14:45:00.517732,2026-02-22 15:55:17.816240,2026-02-22 16:38:17.816240,2026-02-22 18:01:17.816240,2026-02-22 20:13:41.020482,2026-02-23 00:41:44.906425,2026-02-23 09:21:05.323327,2026-02-23 21:16:26.407020,2026-02-24 08:03:07.862359,2026-02-24 02:20:00.517732,Delivered,Closed,SHP089,Shipper 089,Enterprise,Central Java,ST11_Yogyakarta,HB04_CTG_NATIONAL,West Java,ST06_Bandung,HB01_JKT_GATEWAY,Inter-Region,Next Day,Prepaid,CR105,Van,2.05,2.25,2.25,427410,30125,21753,4,1,0,,43.0,36,0,0,,1,0,,0,,41.72,2.21,8.66,ST06_Bandung,Last Mile Delay
SHPM002513,AWB260002513,2026-02-27 08:25:50.917537,2026-02-27 09:00:50.917537,2026-02-27 09:19:50.917537,2026-02-27 11:22:19.590241,2026-02-27 12:11:19.590241,2026-02-27 12:54:19.590241,2026-02-27 14:32:50.790082,2026-02-27 16:46:48.281413,2026-02-28 00:53:27.160135,2026-02-28 15:29:55.490949,2026-03-01 05:11:16.453597,2026-03-02 08:25:50.917537,Delivered,Closed,SHP089,Shipper 089,Enterprise,Central Java,ST11_Yogyakarta,HB04_CTG_NATIONAL,East Java,ST14_Kediri,HB03_SBY_GATEWAY,Inter-Region,Regular,Prepaid,CR106,Bike,0.49,0.46,0.49,583240,14205,10477,8,1,0,,49.0,72,1,0,,1,0,,0,,44.76,1.64,8.11,ST14_Kediri,
SHPM002514,AWB260002514,2026-03-23 06:05:25.266546,2026-03-23 06:26:25.266546,2026-03-23 06:38:25.266546,2026-03-23 09:51:48.862997,2026-03-23 10:39:48.862997,2026-03-23 12:30:48.862997,2026-03-23 18:19:21.501701,2026-03-24 02:42:09.762934,2026-03-24 14:07:48.564731,2026-03-25 05:37:37.190378,2026-03-25 22:47:27.955460,2026-03-26 06:05:25.266546,Delivered,Closed,SHP093,Shipper 093,SME,East Java,ST13_Malang,HB03_SBY_GATEWAY,Central Java,ST09_Semarang,HB04_CTG_NATIONAL,Inter-Region,Regular,Prepaid,CR119,Bike,1.01,1.01,1.01,1090312,16545,15448,8,1,0,,48.0,72,1,0,,1,0,,0,,64.7,5.81,11.43,ST09_Semarang,
SHPM002515,AWB260002515,2026-03-31 13:34:59.115921,2026-03-31 13:54:59.115921,2026-03-31 14:16:59.115921,2026-03-31 16:18:58.935302,2026-03-31 16:35:58.935302,2026-03-31 18:21:58.935302,2026-03-31 20:57:59.731332,2026-04-01 06:21:05.505746,2026-04-01 18:56:55.741929,2026-04-02 08:59:18.392041,2026-04-02 22:56:39.077680,2026-04-02 01:34:59.115921,Delivered,Closed,SHP089,Shipper 089,Enterprise,Central Java,ST09_Semarang,HB04_CTG_NATIONAL,Outer Java,ST20_Banjarmasin,HB06_EASTERN_GATEWAY,Inter-Region,Next Day,COD,CR083,Bike,1.84,2.76,2.76,1562836,36420,26997,4,1,0,,17.0,36,0,0,,1,0,,0,,57.36,2.6,12.6,ST20_Banjarmasin,Hub Bottleneck
SHPM002516,AWB260002516,2026-02-20 06:13:30.867673,2026-02-20 06:55:30.867673,2026-02-20 07:07:30.867673,2026-02-20 09:50:57.033856,2026-02-20 10:57:57.033856,2026-02-20 12:57:57.033856,2026-02-20 17:06:57.478960,2026-02-20 21:32:38.741589,2026-02-21 00:37:00.821287,2026-02-21 14:11:10.156172,2026-02-21 23:26:03.367323,2026-02-21 18:13:30.867673,Delivered,Closed,SHP044,Shipper 044,Marketplace,Jabodetabek,ST05_Tangerang,HB01_JKT_GATEWAY,West Java,ST06_Bandung,HB01_JKT_GATEWAY,Inter-Region,Next Day,Prepaid,CR050,Bike,2.23,3.34,3.34,237212,35030,21442,4,1,0,,67.0,36,0,0,,1,0,,0,,41.21,4.15,3.07,ST06_Bandung,Last Mile Delay
SHPM002517,AWB260002517,2026-02-20 17:08:25.014134,2026-02-20 17:31:25.014134,2026-02-20 17:56:25.014134,2026-02-20 22:29:48.594964,2026-02-20 23:34:48.594964,2026-02-21 01:06:48.594964,2026-02-21 04:33:11.763273,2026-02-21 11:15:54.153406,2026-02-21 16:32:48.961295,2026-02-21 23:10:39.711424,2026-02-22 08:01:49.250047,2026-02-23 17:08:25.014134,Delivered,Closed,SHP070,Shipper 070,Enterprise,Jabodetabek,ST04_Bekasi,HB01_JKT_GATEWAY,East Java,ST12_Surabaya,HB03_SBY_GATEWAY,Inter-Region,Regular,COD,CR034,Van,1.03,1.02,1.03,778229,20635,15018,8,1,0,,65.0,72,1,0,,1,0,,0,,38.89,3.44,5.28,ST12_Surabaya,
SHPM002518,AWB260002518,2026-03-01 16:59:35.165960,2026-03-01 17:10:35.165960,2026-03-01 17:28:35.165960,2026-03-01 19:19:42.502795,2026-03-01 19:56:42.502795,2026-03-01 21:37:42.502795,2026-03-02 00:16:13.602181,2026-03-02 01:20:23.645138,2026-03-02 08:20:25.266541,2026-03-02 12:08:47.245955,2026-03-02 16:34:15.490072,2026-03-03 16:59:35.165960,Delivered,Closed,SHP062,Shipper 062,Enterprise,Jabodetabek,ST02_JKT_West,HB01_JKT_GATEWAY,Jabodetabek,ST01_JKT_Central,HB01_JKT_GATEWAY,Intra-Region,Regular,COD,CR013,Bike,2.31,2.47,2.47,1149562,27115,20034,8,1,0,,37.0,48,1,0,,1,0,,0,,23.58,2.64,7.0,ST01_JKT_Central,
SHPM002519,AWB260002519,2026-04-01 09:13:15.531313,2026-04-01 09:31:15.531313,2026-04-01 10:26:15.531313,2026-04-01 10:56:35.523507,2026-04-01 11:10:35.523507,2026-04-01 12:28:35.523507,2026-04-01 16:38:47.741645,2026-04-02 00:43:07.758499,2026-04-02 14:19:15.791632,2026-04-03 05:25:17.725303,2026-04-03 08:54:15.025963,2026-04-02 21:13:15.531313,Delivered,Closed,SHP006,Shipper 006,Marketplace,East Java,ST14_Kediri,HB03_SBY_GATEWAY,Jabodetabek,ST05_Tangerang,HB01_JKT_GATEWAY,Inter-Region,Next Day,Prepaid,CR131,Van,0.85,0.89,0.89,452434,24005,22774,4,1,0,,14.0,36,0,0,,1,0,,0,,47.68,4.17,13.6,ST05_Tangerang,Hub Bottleneck
SHPM002520,AWB260002520,2026-03-26 09:07:58.370068,2026-03-26 09:18:58.370068,2026-03-26 09:37:58.370068,2026-03-26 16:50:57.698734,2026-03-26 17:33:57.698734,2026-03-26 19:06:57.698734,2026-03-26 20:43:19.299488,2026-03-27 04:02:24.936708,2026-03-27 09:13:12.346756,2026-03-27 23:48:08.348492,2026-03-28 07:18:28.259812,2026-03-29 09:07:58.370068,Delivered,Closed,SHP009,Shipper 009,Marketplace,West Java,ST06_Bandung,HB01_JKT_GATEWAY,Jabodetabek,ST02_JKT_West,HB01_JKT_GATEWAY,Inter-Region,Regular,Prepaid,CR061,Bike,2.09,1.99,2.09,2860336,21405,17454,8,1,0,,43.0,72,1,0,,1,0,,0,,46.17,1.61,5.18,ST02_JKT_West,
SHPM002521,AWB260002521,2026-02-16 20:23:37.097824,2026-02-16 20:41:37.097824,2026-02-16 21:07:37.097824,2026-02-16 21:58:09.661967,2026-02-16 22:50:09.661967,2026-02-17 00:28:09.661967,2026-02-17 06:09:05.740246,2026-02-17 14:34:43.519352,2026-02-17 17:36:00.868607,2026-02-18 03:59:03.653391,2026-02-18 07:19:49.755053,2026-02-18 08:23:37.097824,Delivered,Closed,SHP073,Shipper 073,Marketplace,Outer Java,ST15_Medan,HB05_SUMATRA_GATEWAY,Central Java,ST10_Solo,HB04_CTG_NATIONAL,Inter-Region,Next Day,Prepaid,CR139,Van,1.82,1.98,1.98,1441987,28910,16716,4,1,0,,52.0,36,1,0,,1,0,,0,,34.94,5.68,3.02,ST10_Solo,
SHPM002522,AWB260002522,2026-03-15 09:15:46.365307,2026-03-15 09:52:46.365307,2026-03-15 10:08:46.365307,2026-03-15 12:20:35.910425,2026-03-15 13:13:35.910425,2026-03-15 13:53:35.910425,2026-03-15 15:05:23.071236,2026-03-15 19:24:36.404756,2026-03-16 05:08:29.889698,2026-03-16 16:23:25.448640,,2026-03-18 09:15:46.365307,Delivery Exception,Exception,SHP007,Shipper 007,SME,Jabodetabek,ST05_Tangerang,HB01_JKT_GATEWAY,Outer Java,ST17_Makassar,HB06_EASTERN_GATEWAY,Inter-Region,Regular,COD,CR044,Truck,0.61,0.66,0.66,1325732,18970,10728,8,1,0,,53.0,72,0,1,Customer Reschedule,1,0,,0,,530.74,1.2,9.73,ST17_Makassar,Delivery Exception
SHPM002523,AWB260002523,2026-03-17 03:47:56.827386,2026-03-17 04:30:56.827386,2026-03-17 05:24:56.827386,2026-03-17 09:39:56.148619,2026-03-17 09:53:56.148619,2026-03-17 10:09:56.148619,2026-03-17 14:03:11.514385,2026-03-17 16:47:38.779706,2026-03-18 05:16:05.798445,2026-03-18 11:37:45.189895,2026-03-19 04:28:47.786219,2026-03-20 03:47:56.827386,Delivered,Closed,SHP063,Shipper 063,Enterprise,Jabodetabek,ST01_JKT_Central,HB01_JKT_GATEWAY,Outer Java,ST17_Makassar,HB06_EASTERN_GATEWAY,Inter-Region,Regular,Prepaid,CR008,Bike,2.86,2.95,2.95,1211350,25275,14926,8,1,0,,14.0,72,1,0,,1,0,,0,,48.68,3.89,12.47,ST17_Makassar,
SHPM002524,AWB260002524,2026-02-23 11:32:41.295351,2026-02-23 11:44:41.295351,2026-02-23 12:11:41.295351,2026-02-23 12:54:17.148177,2026-02-23 13:26:17.148177,2026-02-23 15:17:17.148177,2026-02-23 19:45:31.613792,2026-02-23 22:41:53.316660,2026-02-24 01:26:38.242314,2026-02-24 08:34:38.320443,2026-02-24 13:51:12.878340,2026-02-24 23:32:41.295351,Delivered,Closed,SHP059,Shipper 059,Marketplace,Jabodetabek,ST02_JKT_West,HB01_JKT_GATEWAY,Outer Java,ST20_Banjarmasin,HB06_EASTERN_GATEWAY,Inter-Region,Next Day,COD,CR014,Bike,0.88,0.88,0.88,388562,27960,20874,4,1,0,,32.0,36,1,0,,1,0,,0,,26.31,4.47,2.75,ST20_Banjarmasin,
SHPM002525,AWB260002525,2026-03-21 19:07:45.000014,2026-03-21 19:18:45.000014,2026-03-21 19:44:45.000014,2026-03-21 23:26:54.138301,2026-03-22 00:36:54.138301,2026-03-22 01:03:54.138301,2026-03-22 06:14:38.683176,2026-03-22 14:38:11.400720,2026-03-22 21:51:25.276996,2026-03-23 06:41:52.899117,2026-03-24 00:09:15.985830,2026-03-24 19:07:45.000014,Delivered,Closed,SHP070,Shipper 070,Enterprise,Jabodetabek,ST04_Bekasi,HB01_JKT_GATEWAY,Outer Java,ST18_Balikpapan,HB06_EASTERN_GATEWAY,Inter-Region,Regular,Prepaid,CR042,Bike,1.89,1.78,1.89,980950,20505,17113,8,1,0,,70.0,72,1,0,,1,0,,0,,53.03,5.18,7.22,ST18_Balikpapan,
SHPM002526,AWB260002526,2026-03-17 13:15:08.987288,2026-03-17 13:51:08.987288,2026-03-17 14:38:08.987288,2026-03-17 15:57:36.424865,2026-03-17 16:18:36.424865,2026-03-17 16:51:36.424865,2026-03-17 22:07:11.351473,2026-03-18 03:17:49.577620,2026-03-18 12:09:29.026691,2026-03-18 22:30:30.498922,,2026-03-18 05:15:08.987288,Delivery Exception,Exception,SHP025,Shipper 025,Marketplace,East Java,ST14_Kediri,HB03_SBY_GATEWAY,Central Java,ST11_Yogyakarta,HB04_CTG_NATIONAL,Inter-Region,Same Day,COD,CR136,Truck,0.89,0.93,0.93,370389,35185,29598,2,0,0,,21.0,16,0,1,Cash Issue,2,0,,0,,478.75,5.26,8.86,ST11_Yogyakarta,Delivery Exception
SHPM002527,AWB260002527,2026-03-01 04:47:14.738265,2026-03-01 05:24:14.738265,2026-03-01 05:43:14.738265,2026-03-01 11:58:37.575152,2026-03-01 12:29:37.575152,2026-03-01 14:28:37.575152,2026-03-01 17:08:22.214476,2026-03-02 02:28:35.919791,2026-03-02 06:40:25.489402,2026-03-02 18:32:43.637346,2026-03-03 04:10:44.228025,2026-03-04 04:47:14.738265,Delivered,Closed,SHP029,Shipper 029,SME,Outer Java,ST18_Balikpapan,HB06_EASTERN_GATEWAY,West Java,ST07_Cirebon,HB02_BDG_TRANSIT,Inter-Region,Regular,Prepaid,CR172,Bike,1.07,1.02,1.07,754849,16815,10095,8,1,0,,31.0,72,1,0,,1,0,,0,,47.39,2.66,4.2,ST07_Cirebon,
SHPM002528,AWB260002528,2026-02-19 12:39:47.787109,2026-02-19 13:01:47.787109,2026-02-19 13:44:47.787109,2026-02-19 19:49:43.197377,2026-02-19 20:13:43.197377,2026-02-19 21:09:43.197377,2026-02-20 01:07:14.139655,2026-02-20 09:41:03.229328,2026-02-20 20:57:17.078789,2026-02-21 09:23:53.197318,2026-02-21 21:37:26.823394,2026-02-22 12:39:47.787109,Delivered,Closed,SHP007,Shipper 007,SME,Jabodetabek,ST05_Tangerang,HB01_JKT_GATEWAY,West Java,ST06_Bandung,HB01_JKT_GATEWAY,Inter-Region,Regular,COD,CR054,Bike,0.74,1.01,1.01,751923,20545,16813,8,1,0,,24.0,72,1,0,,1,0,,0,,56.96,3.96,11.27,ST06_Bandung,
SHPM002529,AWB260002529,2026-03-10 12:47:52.375733,2026-03-10 13:31:52.375733,2026-03-10 14:33:52.375733,2026-03-10 15:27:26.180849,2026-03-10 16:11:26.180849,2026-03-10 17:47:26.180849,2026-03-10 19:50:58.967189,2026-03-11 02:12:18.650887,2026-03-11 10:02:49.979379,2026-03-11 19:11:09.697771,2026-03-12 00:37:45.760517,2026-03-11 04:47:52.375733,Delivered,Closed,SHP075,Shipper 075,Marketplace,Outer Java,ST16_Palembang,HB05_SUMATRA_GATEWAY,West Java,ST08_Bogor,HB01_JKT_GATEWAY,Inter-Region,Same Day,Prepaid,CR147,Truck,1.11,1.21,1.21,289630,32445,27594,2,1,0,,44.0,16,0,0,,1,0,,0,,35.83,2.06,7.84,ST08_Bogor,Last Mile Delay
SHPM002530,AWB260002530,2026-03-28 19:57:24.276940,2026-03-28 20:23:24.276940,2026-03-28 20:30:24.276940,2026-03-29 00:31:46.337276,2026-03-29 01:30:46.337276,2026-03-29 02:55:46.337276,2026-03-29 05:48:06.374940,2026-03-29 08:21:29.328197,2026-03-30 05:10:54.422904,2026-03-30 09:38:51.911507,2026-03-31 00:12:55.169670,2026-03-30 19:57:24.276940,Delivered,Closed,SHP055,Shipper 055,Marketplace,East Java,ST14_Kediri,HB03_SBY_GATEWAY,East Java,ST13_Malang,HB03_SBY_GATEWAY,Intra-Region,Regular,Prepaid,CR133,Bike,1.03,1.43,1.43,412904,18435,10702,8,1,0,,59.0,48,0,0,,1,0,,0,,52.26,2.87,20.82,ST13_Malang,Hub Bottleneck
SHPM002531,AWB260002531,2026-03-14 20:33:47.948309,2026-03-14 20:59:47.948309,2026-03-14 21:39:47.948309,2026-03-14 23:19:42.542890,2026-03-14 23:37:42.542890,2026-03-15 01:19:42.542890,2026-03-15 04:17:57.375689,2026-03-15 09:37:27.595298,2026-03-16 08:33:58.114886,2026-03-16 19:20:02.177448,2026-03-17 09:17:33.432025,2026-03-17 20:33:47.948309,Delivered,Closed,SHP068,Shipper 068,Marketplace,East Java,ST13_Malang,HB03_SBY_GATEWAY,Jabodetabek,ST04_Bekasi,HB01_JKT_GATEWAY,Inter-Region,Regular,Prepaid,CR124,Bike,0.75,0.76,0.76,635312,15420,9003,8,1,0,,18.0,72,1,0,,1,0,,0,,60.73,2.97,22.94,ST04_Bekasi,
SHPM002532,AWB260002532,2026-03-08 16:49:48.891290,2026-03-08 17:12:48.891290,2026-03-08 17:41:48.891290,2026-03-08 21:29:55.261706,2026-03-08 22:13:55.261706,2026-03-08 23:23:55.261706,2026-03-09 01:23:02.017544,2026-03-09 07:19:09.265637,2026-03-09 10:27:04.849581,2026-03-09 22:15:03.845151,2026-03-10 05:38:58.121814,2026-03-11 16:49:48.891290,Delivered,Closed,SHP048,Shipper 048,Enterprise,Outer Java,ST17_Makassar,HB06_EASTERN_GATEWAY,West Java,ST08_Bogor,HB01_JKT_GATEWAY,Inter-Region,Regular,Prepaid,CR159,Van,0.54,0.59,0.59,1233249,14655,9983,8,1,0,,44.0,72,1,0,,1,0,,0,,36.82,1.99,3.13,ST08_Bogor,
SHPM002533,AWB260002533,2026-02-19 00:24:57.195363,2026-02-19 00:57:57.195363,2026-02-19 01:11:57.195363,2026-02-19 02:31:27.591023,2026-02-19 02:39:27.591023,2026-02-19 03:25:27.591023,2026-02-19 04:42:00.402248,2026-02-19 08:42:41.532639,2026-02-19 15:13:58.739228,2026-02-19 19:25:41.956209,2026-02-19 20:38:23.616344,2026-02-19 10:24:57.195363,Delivered,Closed,SHP070,Shipper 070,Enterprise,Jabodetabek,ST04_Bekasi,HB01_JKT_GATEWAY,Jabodetabek,ST02_JKT_West,HB01_JKT_GATEWAY,Intra-Region,Same Day,Prepaid,CR033,Van,3.38,3.39,3.39,2467358,42255,25970,2,1,0,,8.0,10,0,0,,1,0,,0,,20.22,1.28,6.52,ST02_JKT_West,Last Mile Delay
SHPM002534,AWB260002534,2026-02-22 18:57:52.928895,2026-02-22 19:11:52.928895,2026-02-22 19:25:52.928895,2026-02-22 20:15:57.854338,2026-02-22 20:55:57.854338,2026-02-22 21:15:57.854338,2026-02-22 23:27:59.181815,2026-02-23 04:51:10.665151,2026-02-23 06:44:39.378999,2026-02-23 21:48:09.388156,2026-02-24 01:46:48.173882,2026-02-24 06:57:52.928895,Delivered,Closed,SHP084,Shipper 084,Enterprise,Central Java,ST10_Solo,HB04_CTG_NATIONAL,Jabodetabek,ST03_JKT_East,HB01_JKT_GATEWAY,Inter-Region,Next Day,Prepaid,CR093,Van,0.96,0.93,0.96,587085,24320,20771,4,1,0,,40.0,36,1,0,,1,0,,0,,30.82,2.2,1.89,ST03_JKT_East,
SHPM002535,AWB260002535,2026-03-19 12:04:36.895161,2026-03-19 12:16:36.895161,2026-03-19 12:47:36.895161,2026-03-19 15:07:01.941844,2026-03-19 15:47:01.941844,2026-03-19 16:14:01.941844,2026-03-19 20:45:06.708084,2026-03-20 04:07:46.613930,2026-03-20 20:24:11.226327,2026-03-21 05:57:18.455293,2026-03-21 11:16:54.969775,2026-03-21 00:04:36.895161,Delivered,Closed,SHP076,Shipper 076,Enterprise,West Java,ST06_Bandung,HB01_JKT_GATEWAY,Outer Java,ST20_Banjarmasin,HB06_EASTERN_GATEWAY,Inter-Region,Next Day,Prepaid,CR056,Truck,1.97,2.32,2.32,2071456,30440,18896,4,1,0,,40.0,36,0,0,,1,0,,0,,47.21,4.52,16.27,ST20_Banjarmasin,Hub Bottleneck
SHPM002536,AWB260002536,2026-02-27 11:31:36.192823,2026-02-27 11:39:36.192823,2026-02-27 12:14:36.192823,2026-02-27 14:59:02.244489,2026-02-27 16:08:02.244489,2026-02-27 17:26:02.244489,2026-02-27 18:36:57.784065,2026-02-28 04:08:44.696793,2026-02-28 10:44:32.416104,2026-02-28 22:25:43.900097,,2026-02-28 23:31:36.192823,Delivery Exception,Exception,SHP091,Shipper 091,SME,Outer Java,ST16_Palembang,HB05_SUMATRA_GATEWAY,Central Java,ST10_Solo,HB04_CTG_NATIONAL,Inter-Region,Next Day,Prepaid,CR147,Bike,2.56,3.99,3.99,1935325,37955,33847,4,1,0,,69.0,36,0,1,Customer Not Home,2,0,,0,,912.47,1.18,6.6,ST10_Solo,Delivery Exception
SHPM002537,AWB260002537,2026-02-19 08:15:55.841255,2026-02-19 08:34:55.841255,2026-02-19 09:07:55.841255,2026-02-19 12:47:26.717706,2026-02-19 13:08:26.717706,2026-02-19 14:56:26.717706,2026-02-19 17:31:36.881022,2026-02-19 22:42:45.352668,2026-02-20 07:04:09.983468,2026-02-21 09:39:50.689214,2026-02-22 01:01:37.859065,2026-02-22 08:15:55.841255,Delivered,Closed,SHP089,Shipper 089,Enterprise,Central Java,ST11_Yogyakarta,HB04_CTG_NATIONAL,Outer Java,ST19_Denpasar,HB06_EASTERN_GATEWAY,Inter-Region,Regular,COD,CR101,Van,0.89,0.81,0.89,1536779,20005,18235,8,1,0,,21.0,72,1,0,,1,1,Invalid Address,0,,64.76,2.59,8.36,ST19_Denpasar,
SHPM002538,AWB260002538,2026-02-27 13:56:32.972774,2026-02-27 14:07:32.972774,2026-02-27 14:36:32.972774,2026-02-27 22:11:20.541077,2026-02-27 23:03:20.541077,2026-02-28 00:28:20.541077,2026-02-28 06:15:47.236626,2026-02-28 10:24:17.072669,2026-02-28 20:10:54.626101,2026-03-01 11:53:57.099942,2026-03-01 21:28:36.688247,2026-03-02 13:56:32.972774,Delivered,Closed,SHP002,Shipper 002,Enterprise,Jabodetabek,ST05_Tangerang,HB01_JKT_GATEWAY,East Java,ST12_Surabaya,HB03_SBY_GATEWAY,Inter-Region,Regular,Prepaid,CR048,Bike,1.5,2.13,2.13,2091249,21585,16623,8,0,0,,52.0,72,1,0,,1,0,,0,,55.53,5.79,9.78,ST12_Surabaya,
SHPM002539,AWB260002539,2026-03-02 10:10:38.020649,2026-03-02 10:20:38.020649,2026-03-02 10:37:38.020649,2026-03-02 17:42:41.260265,2026-03-02 18:27:41.260265,2026-03-02 18:52:41.260265,2026-03-02 21:48:13.093162,2026-03-03 02:36:18.864299,2026-03-03 05:34:01.314297,2026-03-03 23:27:01.145896,2026-03-04 13:06:17.279755,2026-03-05 10:10:38.020649,Delivered,Closed,SHP027,Shipper 027,SME,Jabodetabek,ST05_Tangerang,HB01_JKT_GATEWAY,West Java,ST07_Cirebon,HB02_BDG_TRANSIT,Inter-Region,Regular,COD,CR053,Van,1.09,1.06,1.09,588728,20905,15264,8,1,0,,45.0,72,1,0,,1,0,,0,,50.93,2.93,2.96,ST07_Cirebon,
SHPM002540,AWB260002540,2026-03-27 15:13:27.337222,2026-03-27 15:48:27.337222,2026-03-27 16:02:27.337222,2026-03-27 19:04:21.061167,2026-03-27 19:41:21.061167,2026-03-27 20:21:21.061167,2026-03-27 22:03:15.395575,2026-03-28 05:56:06.936232,2026-03-28 14:34:10.084660,2026-03-29 02:12:22.495189,2026-03-29 07:31:07.772348,2026-03-30 15:13:27.337222,Delivered,Closed,SHP061,Shipper 061,Enterprise,Outer Java,ST18_Balikpapan,HB06_EASTERN_GATEWAY,Jabodetabek,ST02_JKT_West,HB01_JKT_GATEWAY,Inter-Region,Regular,Prepaid,CR164,Van,0.8,1.28,1.28,980828,17760,12120,8,1,0,,37.0,72,1,0,,1,0,,0,,40.29,1.7,8.63,ST02_JKT_West,
SHPM002541,AWB260002541,2026-03-13 05:37:56.803542,2026-03-13 05:47:56.803542,2026-03-13 06:18:56.803542,2026-03-13 08:11:55.878491,2026-03-13 09:13:55.878491,2026-03-13 10:50:55.878491,2026-03-13 16:44:01.727776,2026-03-13 23:09:41.970160,2026-03-14 18:04:51.103163,2026-03-15 05:41:25.948408,2026-03-15 09:52:01.645141,2026-03-14 17:37:56.803542,Delivered,Closed,SHP070,Shipper 070,Enterprise,Jabodetabek,ST01_JKT_Central,HB01_JKT_GATEWAY,Outer Java,ST17_Makassar,HB06_EASTERN_GATEWAY,Inter-Region,Next Day,COD,CR001,Bike,2.06,1.93,2.06,506567,33270,27844,4,1,0,,62.0,36,0,0,,1,0,,0,,52.23,5.88,18.92,ST17_Makassar,Hub Bottleneck
SHPM002542,AWB260002542,2026-03-14 16:13:10.295035,2026-03-14 16:31:10.295035,2026-03-14 17:08:10.295035,2026-03-14 20:46:43.753682,2026-03-14 21:51:43.753682,2026-03-14 22:37:43.753682,2026-03-15 00:05:53.104074,2026-03-15 08:15:00.774578,2026-03-15 13:50:21.991807,2026-03-16 04:05:23.499133,2026-03-16 10:05:00.782435,2026-03-16 04:13:10.295035,Delivered,Closed,SHP002,Shipper 002,Enterprise,Jabodetabek,ST01_JKT_Central,HB01_JKT_GATEWAY,Outer Java,ST20_Banjarmasin,HB06_EASTERN_GATEWAY,Inter-Region,Next Day,Prepaid,CR004,Bike,3.91,4.14,4.14,966261,38630,28756,4,0,0,,65.0,36,0,0,,1,0,,0,,41.86,1.47,5.59,ST20_Banjarmasin,First Mile Delay
SHPM002543,AWB260002543,2026-03-12 10:06:19.492942,2026-03-12 10:19:19.492942,2026-03-12 10:53:19.492942,2026-03-12 11:27:39.736810,2026-03-12 12:24:39.736810,2026-03-12 13:19:39.736810,2026-03-12 16:22:32.311118,2026-03-12 21:03:07.782428,2026-03-13 07:52:31.576530,2026-03-13 18:11:43.800144,2026-03-13 21:17:51.050887,2026-03-13 02:06:19.492942,Delivered,Closed,SHP087,Shipper 087,Enterprise,Jabodetabek,ST02_JKT_West,HB01_JKT_GATEWAY,Outer Java,ST15_Medan,HB05_SUMATRA_GATEWAY,Inter-Region,Same Day,Prepaid,CR012,Bike,0.93,0.93,0.93,345701,31185,28104,2,1,0,,57.0,16,0,0,,1,0,,0,,35.19,3.05,10.82,ST15_Medan,Hub Bottleneck
SHPM002544,AWB260002544,2026-03-01 22:03:33.343761,2026-03-01 22:40:33.343761,2026-03-01 23:13:33.343761,2026-03-02 01:47:00.440195,2026-03-02 02:23:00.440195,2026-03-02 03:05:00.440195,2026-03-02 06:48:40.428749,2026-03-02 15:56:14.461926,2026-03-02 19:01:55.814029,2026-03-03 06:55:54.421445,2026-03-03 12:40:02.957514,2026-03-04 22:03:33.343761,Delivered,Closed,SHP003,Shipper 003,Marketplace,Outer Java,ST19_Denpasar,HB06_EASTERN_GATEWAY,Central Java,ST09_Semarang,HB04_CTG_NATIONAL,Inter-Region,Regular,Prepaid,CR176,Van,0.53,0.74,0.74,1176137,15330,12664,8,1,0,,36.0,72,1,0,,1,0,,0,,38.61,3.73,3.09,ST09_Semarang,
SHPM002545,AWB260002545,2026-02-25 19:19:49.271484,2026-02-25 19:53:49.271484,2026-02-25 20:42:49.271484,2026-02-26 03:29:40.018113,2026-02-26 05:26:40.018113,2026-02-26 06:07:40.018113,2026-02-26 10:11:42.547126,2026-02-26 17:34:23.122583,2026-02-26 21:37:09.023730,2026-02-27 12:59:02.040677,,2026-02-28 19:19:49.271484,Damaged,Exception,SHP023,Shipper 023,Enterprise,West Java,ST07_Cirebon,HB02_BDG_TRANSIT,Jabodetabek,ST03_JKT_East,HB01_JKT_GATEWAY,Inter-Region,Regular,Prepaid,CR068,Van,0.53,0.53,0.53,844232,14385,7923,8,1,0,,117.0,72,0,0,,1,1,Damaged,0,,952.67,4.07,4.05,HB02_BDG_TRANSIT,
SHPM002546,AWB260002546,2026-03-21 23:31:54.271580,2026-03-21 23:37:54.271580,2026-03-22 00:07:54.271580,2026-03-22 02:04:04.545528,2026-03-22 02:24:04.545528,2026-03-22 03:02:04.545528,2026-03-22 04:17:27.534771,2026-03-22 06:21:12.975390,2026-03-22 13:46:07.747347,2026-03-22 20:41:24.385649,2026-03-23 00:36:24.778314,2026-03-23 11:31:54.271580,Delivered,Closed,SHP013,Shipper 013,SME,Jabodetabek,ST04_Bekasi,HB01_JKT_GATEWAY,West Java,ST07_Cirebon,HB02_BDG_TRANSIT,Inter-Region,Next Day,Prepaid,CR040,Truck,0.41,0.62,0.62,1659118,22790,12658,4,1,0,,20.0,36,1,0,,1,0,,0,,25.08,1.26,7.42,ST07_Cirebon,
SHPM002547,AWB260002547,2026-02-25 02:05:04.898490,2026-02-25 02:36:04.898490,2026-02-25 02:53:04.898490,2026-02-25 05:39:30.103974,2026-02-25 06:23:30.103974,2026-02-25 07:19:30.103974,2026-02-25 10:42:29.738869,2026-02-25 18:46:26.012243,2026-02-26 03:41:24.699266,2026-02-26 15:17:25.771978,2026-02-27 01:11:15.481578,2026-02-26 14:05:04.898490,Delivered,Closed,SHP087,Shipper 087,Enterprise,Jabodetabek,ST05_Tangerang,HB01_JKT_GATEWAY,Central Java,ST10_Solo,HB04_CTG_NATIONAL,Inter-Region,Next Day,Prepaid,CR046,Bike,2.21,2.44,2.44,373020,30980,18336,4,1,0,,44.0,36,0,0,,1,0,,0,,47.1,3.38,8.92,ST10_Solo,Last Mile Delay
SHPM002548,AWB260002548,2026-03-19 13:00:33.034058,2026-03-19 13:07:33.034058,2026-03-19 13:38:33.034058,2026-03-19 20:50:36.658986,2026-03-19 20:58:36.658986,2026-03-19 21:32:36.658986,2026-03-20 01:07:48.015518,2026-03-20 09:48:08.720392,2026-03-21 06:22:18.101880,2026-03-21 21:32:49.370710,2026-03-22 08:44:37.601586,2026-03-22 13:00:33.034058,Delivered,Closed,SHP079,Shipper 079,Marketplace,East Java,ST14_Kediri,HB03_SBY_GATEWAY,Jabodetabek,ST03_JKT_East,HB01_JKT_GATEWAY,Inter-Region,Regular,Prepaid,CR129,Bike,0.74,0.76,0.76,495187,15420,11072,8,1,0,,8.0,72,1,0,,1,0,,0,,67.73,3.59,20.57,ST03_JKT_East,
SHPM002549,AWB260002549,2026-03-04 12:18:23.650167,2026-03-04 12:57:23.650167,2026-03-04 13:48:23.650167,2026-03-04 21:38:42.787307,2026-03-04 22:39:42.787307,2026-03-04 23:28:42.787307,2026-03-05 03:14:38.378439,2026-03-05 09:30:57.339644,2026-03-05 22:34:15.597081,2026-03-06 04:24:39.536370,2026-03-07 07:19:36.384056,2026-03-07 12:18:23.650167,Delivered,Closed,SHP089,Shipper 089,Enterprise,Central Java,ST11_Yogyakarta,HB04_CTG_NATIONAL,Outer Java,ST19_Denpasar,HB06_EASTERN_GATEWAY,Inter-Region,Regular,COD,CR106,Van,1.8,1.62,1.8,1209667,24100,14187,8,0,0,,61.0,72,1,0,,1,0,,0,,67.02,3.77,13.06,ST19_Denpasar,
SHPM002550,AWB260002550,2026-04-01 06:55:54.625769,2026-04-01 07:01:54.625769,2026-04-01 07:37:54.625769,2026-04-01 12:49:47.941793,2026-04-01 14:08:47.941793,2026-04-01 15:26:47.941793,2026-04-01 20:29:54.972196,2026-04-02 04:10:27.624726,2026-04-02 21:51:45.800261,2026-04-03 06:03:55.073293,2026-04-03 13:32:48.266218,2026-04-04 06:55:54.625769,Delivered,Closed,SHP055,Shipper 055,Marketplace,East Java,ST14_Kediri,HB03_SBY_GATEWAY,Jabodetabek,ST05_Tangerang,HB01_JKT_GATEWAY,Inter-Region,Regular,Prepaid,CR128,Bike,3.33,3.39,3.39,639397,27255,23310,8,1,0,,79.0,72,1,0,,1,0,,0,,54.61,5.05,17.69,ST05_Tangerang,
SHPM002551,AWB260002551,2026-03-23 17:03:58.115364,2026-03-23 17:15:58.115364,2026-03-23 18:14:58.115364,2026-03-24 02:56:26.722048,2026-03-24 04:06:26.722048,2026-03-24 05:48:26.722048,2026-03-24 12:59:39.271956,2026-03-24 17:09:19.319715,2026-03-25 10:19:13.223570,2026-03-26 03:08:21.733353,2026-03-26 14:12:38.986046,2026-03-26 17:03:58.115364,Delivered,Closed,SHP079,Shipper 079,Marketplace,East Java,ST12_Surabaya,HB03_SBY_GATEWAY,West Java,ST06_Bandung,HB01_JKT_GATEWAY,Inter-Region,Regular,Prepaid,CR109,Bike,0.86,1.1,1.1,1373901,16950,12860,8,0,0,,70.0,72,1,0,,1,0,,0,,69.14,7.19,17.16,ST06_Bandung,
SHPM002552,AWB260002552,2026-02-21 12:18:55.753714,2026-02-21 12:58:55.753714,2026-02-21 13:36:55.753714,2026-02-21 19:40:43.531771,2026-02-21 20:33:43.531771,2026-02-21 21:28:43.531771,2026-02-21 23:17:56.332047,2026-02-22 07:16:55.320107,2026-02-22 10:32:02.547427,2026-02-22 22:00:38.222288,2026-02-23 10:20:17.248029,2026-02-24 12:18:55.753714,Delivered,Closed,SHP011,Shipper 011,Enterprise,Jabodetabek,ST03_JKT_East,HB01_JKT_GATEWAY,Outer Java,ST18_Balikpapan,HB06_EASTERN_GATEWAY,Inter-Region,Regular,Prepaid,CR029,Bike,1.76,2.75,2.75,1355427,24375,17514,8,1,0,,53.0,72,1,0,,1,0,,0,,46.02,1.82,3.25,ST18_Balikpapan,
SHPM002553,AWB260002553,2026-03-24 10:36:21.123049,2026-03-24 11:12:21.123049,2026-03-24 11:50:21.123049,2026-03-24 23:56:14.616712,2026-03-25 01:03:14.616712,2026-03-25 02:14:14.616712,2026-03-25 04:19:37.934215,2026-03-25 07:00:43.176081,2026-03-25 09:52:44.140956,2026-03-25 18:32:49.324783,2026-03-25 23:29:49.258194,2026-03-27 10:36:21.123049,Delivered,Closed,SHP041,Shipper 041,SME,West Java,ST07_Cirebon,HB02_BDG_TRANSIT,East Java,ST12_Surabaya,HB03_SBY_GATEWAY,Inter-Region,Regular,Prepaid,CR074,Van,2.01,2.0,2.01,214016,21045,14717,8,0,0,,67.0,72,1,0,,1,0,,0,,36.89,2.09,2.87,ST12_Surabaya,
SHPM002554,AWB260002554,2026-03-29 13:10:09.776162,2026-03-29 13:50:09.776162,2026-03-29 14:10:09.776162,2026-03-29 18:17:14.807762,2026-03-29 18:38:14.807762,2026-03-29 20:14:14.807762,2026-03-30 00:02:32.496047,2026-03-30 03:33:04.244422,2026-03-30 05:27:00.451658,2026-03-30 10:44:44.687613,2026-03-30 19:13:10.977754,2026-03-31 01:10:09.776162,Delivered,Closed,SHP054,Shipper 054,Marketplace,West Java,ST06_Bandung,HB01_JKT_GATEWAY,Outer Java,ST16_Palembang,HB05_SUMATRA_GATEWAY,Inter-Region,Next Day,Prepaid,CR057,Van,0.96,0.95,0.96,441871,24320,17789,4,0,0,,21.0,36,1,0,,1,0,,0,,30.05,3.8,1.9,ST16_Palembang,
SHPM002555,AWB260002555,2026-03-20 07:28:54.814795,2026-03-20 07:52:54.814795,2026-03-20 08:38:54.814795,2026-03-20 09:07:25.207288,2026-03-20 10:26:25.207288,2026-03-20 12:25:25.207288,2026-03-20 15:31:35.656437,2026-03-20 21:12:51.369151,2026-03-21 08:39:54.532864,2026-03-21 18:54:52.218173,2026-03-21 23:10:33.646418,2026-03-21 19:28:54.814795,Delivered,Closed,SHP045,Shipper 045,Marketplace,Jabodetabek,ST02_JKT_West,HB01_JKT_GATEWAY,East Java,ST13_Malang,HB03_SBY_GATEWAY,Inter-Region,Next Day,Prepaid,CR018,Van,1.16,1.25,1.25,927495,25625,21823,4,1,0,,79.0,36,0,0,,1,0,,0,,39.69,3.1,11.45,ST13_Malang,Hub Bottleneck
SHPM002556,AWB260002556,2026-03-30 04:43:24.531565,2026-03-30 05:00:24.531565,2026-03-30 05:48:24.531565,2026-03-30 09:20:51.287942,2026-03-30 10:36:51.287942,2026-03-30 12:26:51.287942,2026-03-30 16:59:05.135820,2026-03-30 21:33:10.917101,2026-03-31 07:13:07.527293,2026-03-31 16:06:32.359017,2026-04-01 00:18:28.987373,2026-03-31 16:43:24.531565,Delivered,Closed,SHP072,Shipper 072,Enterprise,Outer Java,ST18_Balikpapan,HB06_EASTERN_GATEWAY,Central Java,ST11_Yogyakarta,HB04_CTG_NATIONAL,Inter-Region,Next Day,COD,CR165,Bike,2.44,3.27,3.27,487562,38715,30770,4,0,0,,76.0,36,0,0,,1,0,,0,,43.58,4.54,9.67,ST11_Yogyakarta,First Mile Delay
SHPM002557,AWB260002557,2026-03-10 13:36:10.160207,2026-03-10 13:44:10.160207,2026-03-10 13:49:10.160207,2026-03-10 21:26:29.164002,2026-03-10 22:03:29.164002,2026-03-10 23:48:29.164002,2026-03-11 03:11:05.376329,2026-03-11 10:16:38.607900,2026-03-11 13:12:49.158596,2026-03-12 00:30:51.115562,2026-03-12 06:10:45.702382,2026-03-13 13:36:10.160207,Delivered,Closed,SHP059,Shipper 059,Marketplace,Jabodetabek,ST02_JKT_West,HB01_JKT_GATEWAY,East Java,ST14_Kediri,HB03_SBY_GATEWAY,Inter-Region,Regular,Prepaid,CR017,Bike,0.9,0.98,0.98,1546986,16410,9468,8,1,0,,37.0,72,1,0,,1,0,,0,,40.58,3.38,2.94,ST14_Kediri,
SHPM002558,AWB260002558,2026-03-20 23:39:50.061345,2026-03-21 00:14:50.061345,2026-03-21 00:46:50.061345,2026-03-21 09:16:51.898820,2026-03-21 10:35:51.898820,2026-03-21 11:38:51.898820,2026-03-21 19:13:07.061150,2026-03-21 23:13:36.288078,2026-03-22 22:07:17.828571,2026-03-23 13:09:03.730809,2026-03-23 18:12:20.449877,2026-03-23 23:39:50.061345,Delivered,Closed,SHP060,Shipper 060,Enterprise,East Java,ST12_Surabaya,HB03_SBY_GATEWAY,Central Java,ST09_Semarang,HB04_CTG_NATIONAL,Inter-Region,Regular,Prepaid,CR109,Bike,1.06,1.48,1.48,701397,18660,16351,8,0,0,,79.0,72,1,0,,1,0,,0,,66.54,7.57,22.89,ST09_Semarang,
SHPM002559,AWB260002559,2026-03-13 13:48:40.412077,2026-03-13 14:07:40.412077,2026-03-13 14:31:40.412077,2026-03-13 18:35:22.857517,2026-03-13 19:25:22.857517,2026-03-13 20:57:22.857517,2026-03-13 22:13:58.316604,2026-03-14 00:22:33.909704,2026-03-14 12:02:28.316478,2026-03-14 20:21:06.527174,2026-03-15 00:38:47.963343,2026-03-15 01:48:40.412077,Delivered,Closed,SHP041,Shipper 041,SME,West Java,ST08_Bogor,HB01_JKT_GATEWAY,Jabodetabek,ST04_Bekasi,HB01_JKT_GATEWAY,Inter-Region,Next Day,Prepaid,CR081,Truck,1.06,1.15,1.15,450161,25175,17035,4,0,0,,50.0,36,1,0,,1,0,,0,,34.84,1.28,11.67,ST04_Bekasi,
SHPM002560,AWB260002560,2026-03-23 09:28:29.922613,2026-03-23 09:55:29.922613,2026-03-23 10:15:29.922613,2026-03-23 12:02:55.239708,2026-03-23 12:52:55.239708,2026-03-23 14:01:55.239708,2026-03-23 15:26:20.503461,2026-03-23 19:34:25.239511,2026-03-24 11:58:25.930881,2026-03-24 17:44:45.267434,2026-03-24 23:44:14.019110,2026-03-24 01:28:29.922613,Delivered,Closed,SHP056,Shipper 056,Enterprise,Jabodetabek,ST03_JKT_East,HB01_JKT_GATEWAY,Outer Java,ST16_Palembang,HB05_SUMATRA_GATEWAY,Inter-Region,Same Day,Prepaid,CR024,Bike,0.65,0.77,0.77,857373,30465,28218,2,0,0,,50.0,16,0,0,,1,0,,0,,38.26,1.41,16.4,ST16_Palembang,First Mile Delay
SHPM002561,AWB260002561,2026-02-15 20:34:20.408398,2026-02-15 21:15:20.408398,2026-02-15 21:46:20.408398,2026-02-16 05:11:44.556741,2026-02-16 05:19:44.556741,2026-02-16 05:41:44.556741,2026-02-16 10:00:10.531046,2026-02-16 18:48:04.018017,2026-02-17 06:16:35.609956,2026-02-17 22:49:59.266144,2026-02-18 15:21:02.201559,2026-02-18 20:34:20.408398,Delivered,Closed,SHP012,Shipper 012,Marketplace,Outer Java,ST20_Banjarmasin,HB06_EASTERN_GATEWAY,Central Java,ST10_Solo,HB04_CTG_NATIONAL,Inter-Region,Regular,Prepaid,CR182,Bike,1.06,1.26,1.26,1064462,17670,16010,8,1,0,,8.0,72,1,0,,1,0,,0,,66.78,4.31,11.48,ST10_Solo,
SHPM002562,AWB260002562,2026-03-27 19:13:38.673860,2026-03-27 19:43:38.673860,2026-03-27 20:20:38.673860,2026-03-28 00:21:45.644559,2026-03-28 01:17:45.644559,2026-03-28 01:47:45.644559,2026-03-28 03:56:55.810651,2026-03-28 12:33:46.743841,2026-03-28 20:20:28.348169,2026-03-29 12:22:39.504622,2026-03-29 21:52:17.197668,2026-03-30 19:13:38.673860,Delivered,Closed,SHP002,Shipper 002,Enterprise,Jabodetabek,ST01_JKT_Central,HB01_JKT_GATEWAY,West Java,ST08_Bogor,HB01_JKT_GATEWAY,Inter-Region,Regular,Prepaid,CR007,Bike,1.04,1.6,1.6,1083244,19200,17055,8,1,0,,56.0,72,1,0,,1,0,,0,,50.64,2.15,7.78,ST08_Bogor,
SHPM002563,AWB260002563,2026-03-22 19:45:10.652475,2026-03-22 20:13:10.652475,2026-03-22 20:48:10.652475,2026-03-23 02:46:54.107447,2026-03-23 03:52:54.107447,2026-03-23 05:01:54.107447,2026-03-23 06:43:29.140232,2026-03-23 15:23:33.985763,2026-03-24 02:47:30.583620,2026-03-24 09:38:40.776034,2026-03-24 19:14:32.222832,2026-03-25 19:45:10.652475,Delivered,Closed,SHP071,Shipper 071,Enterprise,Jabodetabek,ST04_Bekasi,HB01_JKT_GATEWAY,East Java,ST13_Malang,HB03_SBY_GATEWAY,Inter-Region,Regular,Prepaid,CR038,Bike,0.56,0.56,0.56,1148660,14520,11718,8,1,0,,66.0,72,1,0,,1,0,,0,,47.49,1.69,11.4,ST13_Malang,
SHPM002564,AWB260002564,2026-03-23 07:31:13.255237,2026-03-23 07:36:13.255237,2026-03-23 08:12:13.255237,2026-03-23 08:29:19.033235,2026-03-23 08:52:19.033235,2026-03-23 09:56:19.033235,2026-03-23 14:43:04.844619,2026-03-23 19:21:09.008322,2026-03-24 03:53:48.760247,2026-03-24 11:58:33.788782,2026-03-24 17:02:38.458630,2026-03-23 23:31:13.255237,Delivered,Closed,SHP054,Shipper 054,Marketplace,West Java,ST06_Bandung,HB01_JKT_GATEWAY,Jabodetabek,ST02_JKT_West,HB01_JKT_GATEWAY,Inter-Region,Same Day,Prepaid,CR058,Bike,1.71,1.92,1.92,359879,35640,32861,2,1,0,,23.0,16,0,0,,1,0,,0,,33.52,4.78,8.54,ST02_JKT_West,Last Mile Delay
SHPM002565,AWB260002565,2026-02-24 12:23:23.794364,2026-02-24 13:06:23.794364,2026-02-24 13:33:23.794364,2026-02-24 16:45:40.920073,2026-02-24 16:53:40.920073,2026-02-24 17:48:40.920073,2026-02-24 22:04:46.304833,2026-02-25 05:37:26.549155,2026-02-25 15:03:26.962191,2026-02-27 11:52:22.068274,2026-02-27 22:50:11.751626,2026-02-26 00:23:23.794364,Delivered,Closed,SHP014,Shipper 014,Enterprise,Jabodetabek,ST05_Tangerang,HB01_JKT_GATEWAY,East Java,ST13_Malang,HB03_SBY_GATEWAY,Inter-Region,Next Day,COD,CR053,Van,0.77,1.16,1.16,805217,29220,19825,4,1,0,,8.0,36,0,0,,1,1,Missed Cut-Off,0,,82.45,4.27,9.43,ST13_Malang,Last Mile Delay
SHPM002566,AWB260002566,2026-03-03 05:59:42.093050,2026-03-03 06:41:42.093050,2026-03-03 07:03:42.093050,2026-03-03 10:42:52.942250,2026-03-03 11:39:52.942250,2026-03-03 12:12:52.942250,2026-03-03 14:32:45.602433,2026-03-03 20:50:55.047843,2026-03-04 03:43:08.818290,2026-03-04 21:27:17.251233,2026-03-05 02:32:29.749774,2026-03-04 17:59:42.093050,Delivered,Closed,SHP090,Shipper 090,Enterprise,East Java,ST14_Kediri,HB03_SBY_GATEWAY,Jabodetabek,ST03_JKT_East,HB01_JKT_GATEWAY,Inter-Region,Next Day,Prepaid,CR136,Bike,0.74,0.7,0.74,538825,23330,20826,4,0,0,,57.0,36,0,0,,1,0,,0,,44.55,2.33,6.87,ST03_JKT_East,First Mile Delay
SHPM002567,AWB260002567,2026-02-28 14:20:22.227945,2026-02-28 15:04:22.227945,2026-02-28 15:19:22.227945,2026-02-28 19:50:37.521690,2026-02-28 21:16:37.521690,2026-02-28 22:09:37.521690,2026-03-01 01:35:12.952511,2026-03-01 11:18:10.401268,2026-03-01 18:56:57.881112,2026-03-02 07:05:29.097285,2026-03-02 11:39:34.495183,2026-03-02 02:20:22.227945,Delivered,Closed,SHP008,Shipper 008,SME,Outer Java,ST16_Palembang,HB05_SUMATRA_GATEWAY,West Java,ST08_Bogor,HB01_JKT_GATEWAY,Inter-Region,Next Day,COD,CR153,Bike,1.93,1.86,1.93,697918,32685,30942,4,0,0,,86.0,36,0,0,,1,0,,0,,45.32,3.43,7.65,ST08_Bogor,First Mile Delay
SHPM002568,AWB260002568,2026-03-28 10:11:00.603528,2026-03-28 10:19:00.603528,2026-03-28 10:47:00.603528,2026-03-28 12:16:22.077064,2026-03-28 13:02:22.077064,2026-03-28 13:20:22.077064,2026-03-28 15:45:40.598901,2026-03-29 00:03:41.388056,2026-03-29 08:39:09.153324,2026-03-30 01:32:17.796469,2026-03-30 05:45:07.913477,2026-03-29 22:11:00.603528,Delivered,Closed,SHP037,Shipper 037,Marketplace,Central Java,ST09_Semarang,HB04_CTG_NATIONAL,Jabodetabek,ST03_JKT_East,HB01_JKT_GATEWAY,Inter-Region,Next Day,Prepaid,CR083,Bike,2.32,2.18,2.32,824388,30440,20940,4,1,0,,46.0,36,0,0,,1,0,,0,,43.57,2.42,8.59,ST03_JKT_East,Last Mile Delay
SHPM002569,AWB260002569,2026-03-10 00:15:09.524213,2026-03-10 00:36:09.524213,2026-03-10 01:20:09.524213,2026-03-10 02:14:37.548538,2026-03-10 03:09:37.548538,2026-03-10 04:04:37.548538,2026-03-10 06:09:27.419738,2026-03-10 14:45:05.548882,2026-03-11 01:49:56.146676,2026-03-11 17:31:39.866590,2026-03-12 03:59:25.197755,2026-03-11 12:15:09.524213,Delivered,Closed,SHP041,Shipper 041,SME,West Java,ST08_Bogor,HB01_JKT_GATEWAY,Central Java,ST09_Semarang,HB04_CTG_NATIONAL,Inter-Region,Next Day,COD,CR078,Van,0.41,0.68,0.68,319014,27060,18585,4,1,0,,55.0,36,0,0,,1,0,,0,,51.74,2.08,11.08,ST09_Semarang,Hub Bottleneck
SHPM002570,AWB260002570,2026-03-30 07:02:34.376891,2026-03-30 07:20:34.376891,2026-03-30 07:26:34.376891,2026-03-30 08:57:10.758700,2026-03-30 09:41:10.758700,2026-03-30 10:17:10.758700,2026-03-30 12:03:00.879795,2026-03-30 19:52:47.293921,2026-03-31 01:12:59.969813,2026-03-31 14:15:47.408449,2026-03-31 16:20:25.030655,2026-03-30 23:02:34.376891,Delivered,Closed,SHP076,Shipper 076,Enterprise,West Java,ST06_Bandung,HB01_JKT_GATEWAY,Jabodetabek,ST05_Tangerang,HB01_JKT_GATEWAY,Inter-Region,Same Day,COD,CR055,Bike,1.39,1.35,1.39,927222,37255,22187,2,1,0,,44.0,16,0,0,,1,0,,0,,33.3,1.76,5.34,ST05_Tangerang,Last Mile Delay
SHPM002571,AWB260002571,2026-03-06 19:47:20.648139,2026-03-06 20:17:20.648139,2026-03-06 20:47:20.648139,2026-03-06 23:53:10.213305,2026-03-07 00:55:10.213305,2026-03-07 02:31:10.213305,2026-03-07 08:14:14.366906,2026-03-07 15:16:35.418615,2026-03-08 02:58:12.748276,2026-03-08 09:51:25.618546,2026-03-08 20:31:23.572809,2026-03-08 07:47:20.648139,Delivered,Closed,SHP030,Shipper 030,Enterprise,Jabodetabek,ST01_JKT_Central,HB01_JKT_GATEWAY,Outer Java,ST19_Denpasar,HB06_EASTERN_GATEWAY,Inter-Region,Next Day,Prepaid,CR003,Bike,1.01,1.64,1.64,619484,27380,22347,4,1,0,,62.0,36,0,0,,1,0,,0,,48.73,5.72,11.69,ST19_Denpasar,Hub Bottleneck
SHPM002572,AWB260002572,2026-03-23 21:11:37.333475,2026-03-23 21:44:37.333475,2026-03-23 21:58:37.333475,2026-03-24 01:16:56.157918,2026-03-24 01:41:56.157918,2026-03-24 02:07:56.157918,2026-03-24 06:11:09.862949,2026-03-24 13:39:58.828784,2026-03-24 20:33:49.848096,2026-03-25 11:39:24.193029,2026-03-25 22:00:53.202237,2026-03-26 21:11:37.333475,Delivered,Closed,SHP004,Shipper 004,Marketplace,Jabodetabek,ST01_JKT_Central,HB01_JKT_GATEWAY,East Java,ST13_Malang,HB03_SBY_GATEWAY,Inter-Region,Regular,Prepaid,CR003,Bike,2.62,3.84,3.84,833227,29280,16465,8,1,0,,25.0,72,1,0,,1,0,,0,,48.82,4.05,6.9,ST13_Malang,
SHPM002573,AWB260002573,2026-03-06 08:57:24.426872,2026-03-06 09:20:24.426872,2026-03-06 09:49:24.426872,2026-03-06 12:37:43.840047,2026-03-06 13:11:43.840047,2026-03-06 13:49:43.840047,2026-03-06 16:03:38.790347,2026-03-06 19:26:41.000816,2026-03-07 03:49:09.242265,2026-03-07 20:49:46.262878,2026-03-08 02:38:15.290030,2026-03-09 08:57:24.426872,Delivered,Closed,SHP087,Shipper 087,Enterprise,Jabodetabek,ST04_Bekasi,HB01_JKT_GATEWAY,Central Java,ST09_Semarang,HB04_CTG_NATIONAL,Inter-Region,Regular,Prepaid,CR031,Bike,3.22,4.98,4.98,1240351,34410,28418,8,1,0,,34.0,72,1,0,,1,0,,0,,41.68,2.23,8.37,ST09_Semarang,
SHPM002574,AWB260002574,2026-03-27 15:49:04.071377,2026-03-27 16:00:04.071377,2026-03-27 16:16:04.071377,2026-03-27 18:39:45.531075,2026-03-27 19:19:45.531075,2026-03-27 20:29:45.531075,2026-03-27 21:59:36.209078,2026-03-28 01:10:43.995961,2026-03-28 03:39:58.195891,2026-03-28 11:43:11.780346,2026-03-28 21:45:05.955305,2026-03-30 15:49:04.071377,Delivered,Closed,SHP061,Shipper 061,Enterprise,Outer Java,ST17_Makassar,HB06_EASTERN_GATEWAY,West Java,ST08_Bogor,HB01_JKT_GATEWAY,Inter-Region,Regular,Prepaid,CR154,Bike,1.09,1.11,1.11,475687,16995,12249,8,1,0,,40.0,72,1,0,,1,0,,0,,29.93,1.5,2.49,ST08_Bogor,
SHPM002575,AWB260002575,2026-03-07 05:03:51.037310,2026-03-07 05:17:51.037310,2026-03-07 05:46:51.037310,2026-03-07 13:47:20.401257,2026-03-07 14:23:20.401257,2026-03-07 15:32:20.401257,2026-03-07 21:07:39.787544,2026-03-08 01:32:33.537141,2026-03-08 07:09:59.683272,2026-03-08 09:17:14.878856,2026-03-08 19:59:30.076415,2026-03-09 05:03:51.037310,Delivered,Closed,SHP009,Shipper 009,Marketplace,West Java,ST06_Bandung,HB01_JKT_GATEWAY,West Java,ST08_Bogor,HB01_JKT_GATEWAY,Intra-Region,Regular,Prepaid,CR061,Bike,0.87,0.88,0.88,1331572,15960,11272,8,0,0,,36.0,48,1,0,,1,0,,0,,38.93,5.59,5.62,ST08_Bogor,
SHPM002576,AWB260002576,2026-02-27 05:21:08.815206,2026-02-27 05:28:08.815206,2026-02-27 05:54:08.815206,,,,,,,,,2026-02-28 17:21:08.815206,Failed Pickup,Exception,SHP008,Shipper 008,SME,Outer Java,ST17_Makassar,HB06_EASTERN_GATEWAY,Jabodetabek,ST01_JKT_Central,HB01_JKT_GATEWAY,Inter-Region,Next Day,Prepaid,CR154,Van,2.02,2.18,2.18,1721219,29810,25328,4,0,1,Address Not Found,,36,0,0,,0,0,,0,,918.65,,,ST17_Makassar,
SHPM002577,AWB260002577,2026-03-11 00:47:56.564317,2026-03-11 01:02:56.564317,2026-03-11 01:42:56.564317,2026-03-11 05:41:29.054366,2026-03-11 06:31:29.054366,2026-03-11 07:35:29.054366,2026-03-11 12:44:02.805585,2026-03-11 18:08:16.435410,2026-03-11 23:09:24.452365,2026-03-12 16:07:18.157465,2026-03-12 21:59:59.508549,2026-03-12 12:47:56.564317,Delivered,Closed,SHP042,Shipper 042,Marketplace,Jabodetabek,ST05_Tangerang,HB01_JKT_GATEWAY,Central Java,ST10_Solo,HB04_CTG_NATIONAL,Inter-Region,Next Day,Prepaid,CR048,Van,1.83,1.9,1.9,263585,28550,19669,4,0,0,,50.0,36,0,0,,1,0,,0,,45.2,5.14,5.02,ST10_Solo,First Mile Delay
SHPM002578,AWB260002578,2026-02-23 17:34:38.212064,2026-02-23 17:41:38.212064,2026-02-23 18:09:38.212064,2026-02-23 20:47:31.742379,2026-02-23 20:55:31.742379,2026-02-23 21:38:31.742379,2026-02-24 01:22:06.539613,2026-02-24 08:18:22.081808,2026-02-24 15:54:37.819598,2026-02-24 22:26:49.654020,,2026-02-25 05:34:38.212064,Delivery Exception,Exception,SHP039,Shipper 039,Marketplace,Central Java,ST10_Solo,HB04_CTG_NATIONAL,Outer Java,ST16_Palembang,HB05_SUMATRA_GATEWAY,Inter-Region,Next Day,Prepaid,CR099,Bike,4.87,7.77,7.77,319609,54965,45063,4,1,0,,8.0,36,0,1,Customer Reschedule,2,0,,0,,1002.42,3.73,7.6,ST16_Palembang,Delivery Exception
SHPM002579,AWB260002579,2026-02-16 00:41:30.947047,2026-02-16 01:08:30.947047,2026-02-16 01:23:30.947047,2026-02-16 01:45:27.343273,2026-02-16 02:27:27.343273,2026-02-16 04:12:27.343273,2026-02-16 09:20:13.795878,2026-02-16 16:12:33.603219,2026-02-17 00:25:48.656236,2026-02-17 10:54:09.617797,2026-02-17 14:06:00.259029,2026-02-16 16:41:30.947047,Delivered,Closed,SHP011,Shipper 011,Enterprise,Jabodetabek,ST01_JKT_Central,HB01_JKT_GATEWAY,Central Java,ST09_Semarang,HB04_CTG_NATIONAL,Inter-Region,Same Day,Prepaid,CR003,Bike,0.91,1.14,1.14,1478366,32130,19439,2,1,0,,42.0,16,0,0,,1,0,,0,,37.41,5.13,8.22,ST09_Semarang,Last Mile Delay
SHPM002580,AWB260002580,2026-03-24 23:40:05.817233,2026-03-25 00:02:05.817233,2026-03-25 00:50:05.817233,2026-03-25 04:18:31.628154,2026-03-25 04:37:31.628154,2026-03-25 05:09:31.628154,2026-03-25 10:24:00.735283,2026-03-25 13:29:01.645683,2026-03-26 00:00:10.458639,2026-03-26 09:48:28.856926,2026-03-26 14:12:13.044246,2026-03-27 23:40:05.817233,Delivered,Closed,SHP014,Shipper 014,Enterprise,Jabodetabek,ST05_Tangerang,HB01_JKT_GATEWAY,Central Java,ST09_Semarang,HB04_CTG_NATIONAL,Inter-Region,Regular,COD,CR054,Bike,1.09,1.1,1.1,263829,20950,17011,8,1,0,,19.0,72,1,0,,1,0,,0,,38.54,5.24,10.52,ST09_Semarang,
SHPM002581,AWB260002581,2026-03-02 00:54:36.845301,2026-03-02 01:36:36.845301,2026-03-02 02:15:36.845301,2026-03-02 05:23:30.079162,2026-03-02 05:55:30.079162,2026-03-02 07:54:30.079162,2026-03-02 09:23:23.662206,2026-03-02 10:36:53.736700,2026-03-02 23:04:57.768996,2026-03-03 02:35:31.740002,2026-03-03 09:30:09.492546,2026-03-03 00:54:36.845301,Delivered,Closed,SHP082,Shipper 082,SME,Outer Java,ST19_Denpasar,HB06_EASTERN_GATEWAY,Outer Java,ST18_Balikpapan,HB06_EASTERN_GATEWAY,Intra-Region,Next Day,Prepaid,CR175,Bike,1.05,1.17,1.17,2645067,25265,15364,4,1,0,,32.0,24,0,0,,1,0,,0,,32.59,1.48,12.47,ST18_Balikpapan,Hub Bottleneck
SHPM002582,AWB260002582,2026-03-30 05:08:39.188108,2026-03-30 05:25:39.188108,2026-03-30 06:01:39.188108,2026-03-30 11:50:08.135582,2026-03-30 12:30:08.135582,2026-03-30 13:28:08.135582,2026-03-30 14:32:11.234238,2026-03-30 19:44:02.345626,2026-03-31 02:10:33.199867,2026-04-01 08:40:59.410493,2026-04-01 22:28:08.399451,2026-04-02 05:08:39.188108,Delivered,Closed,SHP048,Shipper 048,Enterprise,Outer Java,ST17_Makassar,HB06_EASTERN_GATEWAY,Central Java,ST10_Solo,HB04_CTG_NATIONAL,Inter-Region,Regular,Prepaid,CR155,Bike,1.73,2.74,2.74,853673,24330,22517,8,1,0,,40.0,72,1,0,,1,1,Missed Cut-Off,0,,65.32,1.07,6.44,ST10_Solo,
SHPM002583,AWB260002583,2026-03-28 16:12:50.091140,2026-03-28 16:30:50.091140,2026-03-28 17:05:50.091140,2026-03-28 22:47:35.968529,2026-03-28 23:03:35.968529,2026-03-29 00:13:35.968529,2026-03-29 03:57:34.181129,2026-03-29 11:33:11.839313,2026-03-29 18:22:20.552805,2026-03-30 05:32:01.723489,2026-03-30 10:03:29.654845,2026-03-31 16:12:50.091140,Delivered,Closed,SHP074,Shipper 074,Enterprise,Outer Java,ST15_Medan,HB05_SUMATRA_GATEWAY,Jabodetabek,ST04_Bekasi,HB01_JKT_GATEWAY,Inter-Region,Regular,COD,CR139,Bike,2.09,2.03,2.09,534418,25405,18843,8,1,0,,16.0,72,1,0,,1,0,,0,,41.84,3.73,6.82,ST04_Bekasi,
SHPM002584,AWB260002584,2026-03-26 01:10:19.442527,2026-03-26 01:21:19.442527,2026-03-26 01:48:19.442527,2026-03-26 03:28:08.645389,2026-03-26 04:39:08.645389,2026-03-26 06:14:08.645389,2026-03-26 14:09:19.890713,2026-03-26 18:37:05.087930,2026-03-27 02:53:13.216051,2026-03-27 16:39:47.068461,2026-03-27 20:02:38.579205,2026-03-27 01:10:19.442527,Delivered,Closed,SHP060,Shipper 060,Enterprise,East Java,ST12_Surabaya,HB03_SBY_GATEWAY,East Java,ST12_Surabaya,HB03_SBY_GATEWAY,Intra-Region,Next Day,Prepaid,CR113,Bike,1.08,1.51,1.51,556046,26795,19912,4,1,0,,71.0,24,0,0,,1,1,Invalid Address,0,,42.87,7.92,8.27,ST12_Surabaya,Last Mile Delay
SHPM002585,AWB260002585,2026-03-19 15:09:54.008648,2026-03-19 15:14:54.008648,2026-03-19 15:50:54.008648,2026-03-19 17:15:31.173324,2026-03-19 18:25:31.173324,2026-03-19 20:04:31.173324,2026-03-19 21:36:49.881294,2026-03-20 01:36:37.632963,2026-03-21 02:12:29.196503,2026-03-21 04:34:17.240233,2026-03-21 18:49:23.961717,2026-03-21 15:09:54.008648,Delivered,Closed,SHP090,Shipper 090,Enterprise,East Java,ST14_Kediri,HB03_SBY_GATEWAY,East Java,ST14_Kediri,HB03_SBY_GATEWAY,Intra-Region,Regular,Prepaid,CR126,Bike,1.1,1.13,1.13,938357,17085,14740,8,1,0,,70.0,48,0,0,,1,0,,0,,51.66,1.54,24.6,ST14_Kediri,Hub Bottleneck
SHPM002586,AWB260002586,2026-03-27 16:05:20.126165,2026-03-27 16:28:20.126165,2026-03-27 16:43:20.126165,2026-03-27 17:24:07.340207,2026-03-27 18:35:07.340207,2026-03-27 19:28:07.340207,2026-03-27 21:17:36.485580,2026-03-28 06:49:45.558942,2026-03-28 17:00:53.529483,2026-03-29 00:35:50.689649,2026-03-29 05:53:12.959740,2026-03-28 08:05:20.126165,Delivered,Closed,SHP011,Shipper 011,Enterprise,Jabodetabek,ST03_JKT_East,HB01_JKT_GATEWAY,West Java,ST08_Bogor,HB01_JKT_GATEWAY,Inter-Region,Same Day,Prepaid,CR025,Bike,3.9,3.73,3.9,457745,44550,30071,2,1,0,,71.0,16,0,0,,1,0,,0,,37.8,1.82,10.19,ST08_Bogor,Hub Bottleneck
SHPM002587,AWB260002587,2026-03-01 08:26:18.197785,2026-03-01 08:56:18.197785,2026-03-01 09:27:18.197785,2026-03-01 17:52:50.940822,2026-03-01 18:26:50.940822,2026-03-01 19:16:50.940822,2026-03-01 20:31:42.544682,2026-03-02 00:22:41.208896,2026-03-02 10:32:00.297893,2026-03-02 16:59:17.077153,2026-03-02 23:56:47.952267,2026-03-04 08:26:18.197785,Delivered,Closed,SHP030,Shipper 030,Enterprise,Jabodetabek,ST05_Tangerang,HB01_JKT_GATEWAY,Outer Java,ST17_Makassar,HB06_EASTERN_GATEWAY,Inter-Region,Regular,Prepaid,CR053,Van,0.75,0.75,0.75,517976,15375,13120,8,0,0,,34.0,72,1,0,,1,0,,0,,39.51,1.25,10.16,ST17_Makassar,
SHPM002588,AWB260002588,2026-02-24 06:50:27.232670,2026-02-24 07:18:27.232670,2026-02-24 07:42:27.232670,2026-02-24 15:30:10.336574,2026-02-24 15:50:10.336574,2026-02-24 17:50:10.336574,2026-02-24 22:15:20.511128,2026-02-25 03:03:43.871775,2026-02-25 14:07:19.344028,2026-02-25 22:42:01.498475,2026-02-26 12:04:57.318710,2026-02-27 06:50:27.232670,Delivered,Closed,SHP049,Shipper 049,Enterprise,Jabodetabek,ST05_Tangerang,HB01_JKT_GATEWAY,West Java,ST06_Bandung,HB01_JKT_GATEWAY,Inter-Region,Regular,COD,CR045,Bike,1.28,1.24,1.28,655257,21760,18168,8,0,0,,20.0,72,1,0,,1,0,,0,,53.24,4.42,11.06,ST06_Bandung,
SHPM002589,AWB260002589,2026-02-19 09:55:46.770306,2026-02-19 10:28:46.770306,2026-02-19 11:01:46.770306,2026-02-19 12:30:07.781278,2026-02-19 13:13:07.781278,2026-02-19 14:16:07.781278,2026-02-19 19:24:28.052071,2026-02-20 02:47:40.743592,2026-02-20 07:09:35.963148,2026-02-20 13:27:55.105610,2026-02-20 15:47:05.230964,2026-02-20 21:55:46.770306,Delivered,Closed,SHP075,Shipper 075,Marketplace,Outer Java,ST16_Palembang,HB05_SUMATRA_GATEWAY,West Java,ST07_Cirebon,HB02_BDG_TRANSIT,Inter-Region,Next Day,Prepaid,CR149,Bike,0.78,0.71,0.78,268284,23510,16966,4,1,0,,43.0,36,1,0,,1,0,,0,,29.86,5.14,4.37,ST07_Cirebon,
SHPM002590,AWB260002590,2026-03-04 13:57:32.490581,2026-03-04 14:28:32.490581,2026-03-04 14:58:32.490581,2026-03-04 18:05:53.291347,2026-03-04 18:41:53.291347,2026-03-04 19:12:53.291347,2026-03-05 01:03:31.511471,2026-03-05 03:29:36.437373,2026-03-05 09:00:48.853857,2026-03-05 22:20:18.555110,2026-03-06 12:39:08.952228,2026-03-07 13:57:32.490581,Delivered,Closed,SHP005,Shipper 005,Enterprise,Central Java,ST09_Semarang,HB04_CTG_NATIONAL,Outer Java,ST15_Medan,HB05_SUMATRA_GATEWAY,Inter-Region,Regular,Prepaid,CR083,Bike,4.43,4.82,4.82,1101035,33690,27277,8,1,0,,36.0,72,1,0,,1,0,,0,,46.69,5.84,5.52,ST15_Medan,
SHPM002591,AWB260002591,2026-03-19 18:58:20.285994,2026-03-19 19:09:20.285994,2026-03-19 20:04:20.285994,2026-03-19 23:49:41.499667,2026-03-20 00:21:41.499667,2026-03-20 01:47:41.499667,2026-03-20 03:26:45.939161,2026-03-20 13:18:41.856630,2026-03-21 02:20:18.207971,2026-03-21 15:47:15.333110,2026-03-21 22:56:10.149971,2026-03-21 06:58:20.285994,Delivered,Closed,SHP014,Shipper 014,Enterprise,Jabodetabek,ST05_Tangerang,HB01_JKT_GATEWAY,Outer Java,ST18_Balikpapan,HB06_EASTERN_GATEWAY,Inter-Region,Next Day,COD,CR053,Truck,0.4,0.37,0.4,301700,25800,17962,4,0,0,,32.0,36,0,0,,1,0,,0,,51.96,1.65,13.03,ST18_Balikpapan,First Mile Delay
SHPM002592,AWB260002592,2026-03-29 23:41:41.762478,2026-03-30 00:12:41.762478,2026-03-30 00:49:41.762478,2026-03-30 02:10:00.966985,2026-03-30 02:31:00.966985,2026-03-30 04:02:00.966985,2026-03-30 07:25:36.580713,2026-03-30 12:57:37.418640,2026-03-30 23:01:15.290762,2026-03-31 08:35:48.980875,2026-03-31 16:11:10.360786,2026-03-31 11:41:41.762478,Delivered,Closed,SHP046,Shipper 046,SME,East Java,ST14_Kediri,HB03_SBY_GATEWAY,West Java,ST06_Bandung,HB01_JKT_GATEWAY,Inter-Region,Next Day,Prepaid,CR134,Van,1.21,1.3,1.3,2125772,25850,19878,4,1,0,,21.0,36,0,0,,1,0,,0,,40.49,3.39,10.06,ST06_Bandung,Hub Bottleneck
SHPM002593,AWB260002593,2026-02-19 04:39:11.018604,2026-02-19 04:59:11.018604,2026-02-19 05:31:11.018604,2026-02-19 07:49:31.299764,2026-02-19 08:20:31.299764,2026-02-19 09:57:31.299764,2026-02-19 12:25:39.261736,2026-02-19 20:40:59.741420,2026-02-20 06:42:10.990034,2026-02-20 23:07:52.086607,2026-02-20 23:56:30.219083,2026-02-19 20:39:11.018604,Delivered,Closed,SHP018,Shipper 018,Enterprise,West Java,ST08_Bogor,HB01_JKT_GATEWAY,Central Java,ST10_Solo,HB04_CTG_NATIONAL,Inter-Region,Same Day,Prepaid,CR080,Bike,1.62,1.86,1.86,210014,35370,30884,2,0,0,,31.0,16,0,0,,1,0,,0,,43.29,2.47,10.02,ST10_Solo,First Mile Delay
SHPM002594,AWB260002594,2026-03-05 04:50:23.296323,2026-03-05 05:29:23.296323,2026-03-05 05:52:23.296323,2026-03-05 08:06:50.161448,2026-03-05 09:30:50.161448,2026-03-05 09:45:50.161448,2026-03-05 11:12:22.894418,2026-03-05 13:43:30.875362,2026-03-05 22:56:41.772754,2026-03-06 07:17:50.745834,2026-03-06 16:26:14.468581,2026-03-06 16:50:23.296323,Delivered,Closed,SHP023,Shipper 023,Enterprise,West Java,ST07_Cirebon,HB02_BDG_TRANSIT,Central Java,ST10_Solo,HB04_CTG_NATIONAL,Inter-Region,Next Day,Prepaid,CR068,Bike,1.14,1.44,1.44,443140,26480,22069,4,1,0,,84.0,36,1,0,,1,0,,0,,35.6,1.44,9.22,ST10_Solo,
SHPM002595,AWB260002595,2026-03-03 14:52:21.855961,2026-03-03 15:08:21.855961,2026-03-03 15:34:21.855961,2026-03-03 19:35:31.123242,2026-03-03 20:20:31.123242,2026-03-03 21:03:31.123242,2026-03-03 23:55:08.141818,2026-03-04 03:02:41.422356,2026-03-04 05:52:00.218420,2026-03-04 12:58:09.090841,2026-03-05 04:55:05.279469,2026-03-06 14:52:21.855961,Delivered,Closed,SHP030,Shipper 030,Enterprise,Jabodetabek,ST05_Tangerang,HB01_JKT_GATEWAY,West Java,ST06_Bandung,HB01_JKT_GATEWAY,Inter-Region,Regular,Prepaid,CR052,Bike,0.57,0.66,0.66,1106587,14970,12830,8,1,0,,45.0,72,1,0,,1,0,,0,,38.05,2.86,2.82,ST06_Bandung,
SHPM002596,AWB260002596,2026-02-17 03:59:52.135067,2026-02-17 04:13:52.135067,2026-02-17 04:46:52.135067,2026-02-17 06:21:30.710260,2026-02-17 07:10:30.710260,2026-02-17 08:29:30.710260,2026-02-17 10:47:40.266057,2026-02-17 20:37:31.539017,2026-02-18 03:10:28.336430,2026-02-18 19:25:57.363260,2026-02-18 23:13:13.552195,2026-02-18 15:59:52.135067,Delivered,Closed,SHP097,Shipper 097,SME,Jabodetabek,ST03_JKT_East,HB01_JKT_GATEWAY,East Java,ST13_Malang,HB03_SBY_GATEWAY,Inter-Region,Next Day,Prepaid,CR026,Truck,1.21,1.84,1.84,1358086,28280,21613,4,1,0,,49.0,36,0,0,,1,0,,0,,43.22,2.3,6.55,ST13_Malang,Last Mile Delay
SHPM002597,AWB260002597,2026-02-15 18:28:42.218051,2026-02-15 18:42:42.218051,2026-02-15 19:24:42.218051,2026-02-15 21:45:57.953404,2026-02-15 22:56:57.953404,2026-02-15 23:37:57.953404,2026-02-16 04:02:11.671226,2026-02-16 11:52:16.851101,2026-02-16 14:48:43.488271,2026-02-17 05:17:58.550591,2026-02-17 08:34:53.318593,2026-02-17 06:28:42.218051,Delivered,Closed,SHP030,Shipper 030,Enterprise,Jabodetabek,ST05_Tangerang,HB01_JKT_GATEWAY,West Java,ST07_Cirebon,HB02_BDG_TRANSIT,Inter-Region,Next Day,Prepaid,CR045,Van,0.89,1.21,1.21,1310251,25445,17170,4,1,0,,71.0,36,0,0,,1,0,,0,,38.1,4.4,2.94,ST07_Cirebon,Last Mile Delay
SHPM002598,AWB260002598,2026-02-20 09:15:45.862503,2026-02-20 09:51:45.862503,2026-02-20 10:23:45.862503,2026-02-20 11:13:26.696711,2026-02-20 11:39:26.696711,2026-02-20 12:18:26.696711,2026-02-20 15:46:54.131515,2026-02-21 01:34:54.681467,2026-02-21 13:48:00.733122,2026-02-22 00:35:36.687349,2026-02-22 06:52:12.934174,2026-02-21 01:15:45.862503,Delivered,Closed,SHP031,Shipper 031,SME,East Java,ST13_Malang,HB03_SBY_GATEWAY,Outer Java,ST20_Banjarmasin,HB06_EASTERN_GATEWAY,Inter-Region,Same Day,COD,CR120,Truck,0.7,0.67,0.7,445844,34150,30404,2,1,0,,26.0,16,0,0,,1,0,,0,,45.61,3.47,12.22,ST20_Banjarmasin,Hub Bottleneck
SHPM002599,AWB260002599,2026-03-19 19:06:20.003471,2026-03-19 19:23:20.003471,2026-03-19 20:07:20.003471,2026-03-20 03:21:38.563596,2026-03-20 03:57:38.563596,2026-03-20 04:12:38.563596,2026-03-20 08:51:56.044562,2026-03-20 14:59:02.146593,2026-03-20 18:26:59.639476,2026-03-21 11:19:17.169653,2026-03-21 16:03:56.315531,2026-03-22 19:06:20.003471,Delivered,Closed,SHP055,Shipper 055,Marketplace,East Java,ST14_Kediri,HB03_SBY_GATEWAY,Jabodetabek,ST02_JKT_West,HB01_JKT_GATEWAY,Inter-Region,Regular,Prepaid,CR127,Van,2.11,1.93,2.11,2666148,21495,14078,8,1,0,,36.0,72,1,0,,1,0,,0,,44.96,4.65,3.47,ST02_JKT_West,
SHPM002600,AWB260002600,2026-03-13 22:25:34.196303,2026-03-13 22:49:34.196303,2026-03-13 23:19:34.196303,2026-03-14 02:04:17.417153,2026-03-14 02:57:17.417153,2026-03-14 03:58:17.417153,2026-03-14 09:07:16.057193,2026-03-14 11:56:29.242260,2026-03-14 23:48:49.601966,2026-03-15 08:27:02.705176,2026-03-15 14:47:24.290821,2026-03-16 22:25:34.196303,Delivered,Closed,SHP007,Shipper 007,SME,Jabodetabek,ST05_Tangerang,HB01_JKT_GATEWAY,East Java,ST13_Malang,HB03_SBY_GATEWAY,Inter-Region,Regular,Prepaid,CR047,Bike,1.62,2.29,2.29,1549209,22305,19364,8,1,0,,53.0,72,1,0,,1,0,,0,,40.36,5.15,11.87,ST13_Malang,
SHPM002601,AWB260002601,2026-03-13 22:21:19.806809,2026-03-13 22:50:19.806809,2026-03-13 23:21:19.806809,2026-03-14 04:34:17.451873,2026-03-14 05:03:17.451873,2026-03-14 06:49:17.451873,2026-03-14 10:37:24.978443,2026-03-14 11:46:58.755493,2026-03-14 18:18:02.877823,2026-03-15 00:33:58.686689,2026-03-15 09:48:32.430547,2026-03-15 22:21:19.806809,Delivered,Closed,SHP024,Shipper 024,Marketplace,Jabodetabek,ST03_JKT_East,HB01_JKT_GATEWAY,Jabodetabek,ST01_JKT_Central,HB01_JKT_GATEWAY,Intra-Region,Regular,Prepaid,CR024,Bike,0.63,0.65,0.65,2229630,14925,9342,8,1,0,,29.0,48,1,0,,1,0,,0,,35.45,3.8,6.52,ST01_JKT_Central,
SHPM002602,AWB260002602,2026-03-11 01:21:16.142301,2026-03-11 01:55:16.142301,2026-03-11 02:30:16.142301,2026-03-11 05:06:08.893292,2026-03-11 06:28:08.893292,2026-03-11 06:47:08.893292,2026-03-11 11:00:36.448334,2026-03-11 18:03:29.214228,2026-03-12 05:16:00.490982,2026-03-12 11:35:29.980767,2026-03-13 05:25:46.911530,2026-03-14 01:21:16.142301,Delivered,Closed,SHP008,Shipper 008,SME,Outer Java,ST16_Palembang,HB05_SUMATRA_GATEWAY,Jabodetabek,ST03_JKT_East,HB01_JKT_GATEWAY,Inter-Region,Regular,Prepaid,CR151,Bike,2.11,2.08,2.11,905954,21495,17348,8,1,0,,82.0,72,1,0,,1,0,,0,,52.08,4.22,11.21,ST03_JKT_East,
SHPM002603,AWB260002603,2026-02-23 00:11:58.486089,2026-02-23 00:17:58.486089,2026-02-23 01:06:58.486089,2026-02-23 02:24:48.120406,2026-02-23 03:01:48.120406,2026-02-23 03:40:48.120406,2026-02-23 06:18:34.382182,2026-02-23 10:55:59.163503,2026-02-23 14:18:46.313150,2026-02-23 23:19:39.755912,2026-02-24 12:34:42.639517,2026-02-26 00:11:58.486089,Delivered,Closed,SHP057,Shipper 057,SME,Central Java,ST09_Semarang,HB04_CTG_NATIONAL,East Java,ST12_Surabaya,HB03_SBY_GATEWAY,Inter-Region,Regular,Prepaid,CR087,Bike,2.92,4.38,4.38,999198,31710,24484,8,1,0,,37.0,72,1,0,,1,0,,0,,36.38,2.63,3.38,ST12_Surabaya,
SHPM002604,AWB260002604,2026-03-28 17:48:35.037861,2026-03-28 18:24:35.037861,2026-03-28 18:47:35.037861,,,,,,,,,2026-03-29 09:48:35.037861,Failed Pickup,Exception,SHP059,Shipper 059,Marketplace,Jabodetabek,ST02_JKT_West,HB01_JKT_GATEWAY,Outer Java,ST18_Balikpapan,HB06_EASTERN_GATEWAY,Inter-Region,Same Day,Prepaid,CR015,Van,0.75,0.73,0.75,392102,30375,20048,2,0,1,Shipper Closed,,16,0,0,,0,0,,0,,210.19,,,ST02_JKT_West,
SHPM002605,AWB260002605,2026-02-22 08:44:45.634294,2026-02-22 08:52:45.634294,2026-02-22 09:14:45.634294,2026-02-22 13:24:50.756871,2026-02-22 13:32:50.756871,2026-02-22 14:37:50.756871,2026-02-22 19:01:41.127924,2026-02-23 00:06:43.369191,2026-02-23 09:37:21.717052,2026-02-23 19:42:49.465495,2026-02-24 03:57:21.807413,2026-02-23 20:44:45.634294,Delivered,Closed,SHP047,Shipper 047,Marketplace,Central Java,ST10_Solo,HB04_CTG_NATIONAL,East Java,ST13_Malang,HB03_SBY_GATEWAY,Inter-Region,Next Day,Prepaid,CR091,Van,1.67,1.65,1.67,238593,27515,25783,4,0,0,,8.0,36,0,0,,1,0,,0,,43.21,4.4,9.51,ST13_Malang,First Mile Delay
SHPM002606,AWB260002606,2026-03-10 08:16:45.283379,2026-03-10 08:26:45.283379,2026-03-10 09:21:45.283379,2026-03-10 15:18:50.858670,2026-03-10 15:33:50.858670,2026-03-10 17:32:50.858670,2026-03-10 22:03:43.840445,2026-03-11 06:29:43.155310,2026-03-11 13:16:53.742843,2026-03-12 07:08:59.837398,,2026-03-13 08:16:45.283379,Delivery Exception,Exception,SHP064,Shipper 064,Marketplace,Jabodetabek,ST04_Bekasi,HB01_JKT_GATEWAY,West Java,ST07_Cirebon,HB02_BDG_TRANSIT,Inter-Region,Regular,Prepaid,CR031,Bike,3.32,3.62,3.62,637216,28290,20829,8,1,0,,15.0,72,0,1,Customer Not Home,2,0,,0,,651.72,4.51,6.79,ST07_Cirebon,Delivery Exception
SHPM002607,AWB260002607,2026-03-11 23:14:28.415778,2026-03-11 23:31:28.415778,2026-03-11 23:58:28.415778,2026-03-12 01:45:27.214422,2026-03-12 01:53:27.214422,2026-03-12 03:37:27.214422,2026-03-12 07:02:13.779806,2026-03-12 15:14:20.242750,2026-03-12 21:35:51.678123,2026-03-13 11:42:41.035340,2026-03-13 14:30:58.306688,2026-03-12 15:14:28.415778,Delivered,Closed,SHP097,Shipper 097,SME,Jabodetabek,ST04_Bekasi,HB01_JKT_GATEWAY,Central Java,ST11_Yogyakarta,HB04_CTG_NATIONAL,Inter-Region,Same Day,COD,CR043,Van,2.78,2.85,2.85,892993,43825,31665,2,0,0,,8.0,16,0,0,,1,0,,0,,39.27,3.41,6.36,ST11_Yogyakarta,First Mile Delay
SHPM002608,AWB260002608,2026-03-02 04:38:36.316053,2026-03-02 04:54:36.316053,2026-03-02 05:07:36.316053,2026-03-02 06:49:14.031279,2026-03-02 07:26:14.031279,2026-03-02 08:17:14.031279,2026-03-02 11:04:39.071783,2026-03-02 19:57:22.338537,2026-03-03 05:33:28.968875,2026-03-03 21:20:30.716789,2026-03-04 07:18:27.661142,2026-03-03 16:38:36.316053,Delivered,Closed,SHP002,Shipper 002,Enterprise,Jabodetabek,ST03_JKT_East,HB01_JKT_GATEWAY,Outer Java,ST17_Makassar,HB06_EASTERN_GATEWAY,Inter-Region,Next Day,Prepaid,CR019,Bike,0.89,1.18,1.18,306766,25310,17101,4,1,0,,37.0,36,0,0,,1,0,,0,,50.66,2.79,9.6,ST17_Makassar,Remote Area
SHPM002609,AWB260002609,2026-03-26 12:43:27.198701,2026-03-26 13:17:27.198701,2026-03-26 13:37:27.198701,2026-03-26 20:07:25.828893,2026-03-26 20:39:25.828893,2026-03-26 21:29:25.828893,2026-03-26 22:54:55.846471,2026-03-27 04:56:02.430705,2026-03-27 16:20:28.846929,2026-03-27 22:29:44.031998,2026-03-28 12:57:13.750773,2026-03-29 12:43:27.198701,Delivered,Closed,SHP017,Shipper 017,Marketplace,Outer Java,ST16_Palembang,HB05_SUMATRA_GATEWAY,Jabodetabek,ST02_JKT_West,HB01_JKT_GATEWAY,Inter-Region,Regular,Prepaid,CR149,Van,3.95,3.6,3.95,514265,29775,18250,8,1,0,,32.0,72,1,0,,1,0,,0,,48.23,1.43,11.41,ST02_JKT_West,
SHPM002610,AWB260002610,2026-03-25 18:13:12.441619,2026-03-25 18:31:12.441619,2026-03-25 18:50:12.441619,2026-03-25 22:27:51.160186,2026-03-25 23:34:51.160186,2026-03-26 01:06:51.160186,2026-03-26 09:34:54.913388,2026-03-26 16:26:00.842904,2026-03-27 08:44:40.996703,2026-03-28 00:00:07.061514,2026-03-28 07:12:30.544554,2026-03-28 18:13:12.441619,Delivered,Closed,SHP090,Shipper 090,Enterprise,East Java,ST12_Surabaya,HB03_SBY_GATEWAY,Outer Java,ST17_Makassar,HB06_EASTERN_GATEWAY,Inter-Region,Regular,Prepaid,CR109,Van,1.23,1.3,1.3,495989,17850,10744,8,1,0,,67.0,72,1,0,,1,0,,0,,60.99,8.47,16.31,ST17_Makassar,
SHPM002611,AWB260002611,2026-03-22 23:48:28.953677,2026-03-23 00:33:28.953677,2026-03-23 00:56:28.953677,2026-03-23 06:24:27.636045,2026-03-23 06:39:27.636045,2026-03-23 07:03:27.636045,2026-03-23 08:12:23.167254,2026-03-23 11:13:34.782761,2026-03-24 01:27:39.508610,2026-03-24 13:24:04.883103,2026-03-25 06:02:01.828910,2026-03-25 23:48:28.953677,Delivered,Closed,SHP083,Shipper 083,Marketplace,Jabodetabek,ST03_JKT_East,HB01_JKT_GATEWAY,Outer Java,ST20_Banjarmasin,HB06_EASTERN_GATEWAY,Inter-Region,Regular,Prepaid,CR023,Bike,0.25,0.26,0.26,2454189,13170,8912,8,1,0,,15.0,72,1,0,,1,0,,0,,54.23,1.15,14.23,ST20_Banjarmasin,
SHPM002612,AWB260002612,2026-02-16 11:29:11.759342,2026-02-16 12:02:11.759342,2026-02-16 12:37:11.759342,2026-02-16 13:10:38.647856,2026-02-16 14:10:38.647856,2026-02-16 14:48:38.647856,2026-02-16 16:39:05.475694,2026-02-16 20:56:44.006249,2026-02-17 01:14:09.850682,2026-02-17 08:05:33.632387,2026-02-17 12:50:56.257021,2026-02-17 03:29:11.759342,Delivered,Closed,SHP011,Shipper 011,Enterprise,Jabodetabek,ST03_JKT_East,HB01_JKT_GATEWAY,Outer Java,ST15_Medan,HB05_SUMATRA_GATEWAY,Inter-Region,Same Day,Prepaid,CR025,Bike,1.05,1.11,1.11,1585905,31995,27614,2,1,0,,60.0,16,0,0,,1,0,,0,,25.36,1.84,4.29,ST15_Medan,Remote Area
SHPM002613,AWB260002613,2026-02-23 17:21:54.861467,2026-02-23 17:56:54.861467,2026-02-23 18:35:54.861467,2026-02-23 19:59:45.207202,2026-02-23 20:43:45.207202,2026-02-23 21:19:45.207202,2026-02-24 02:43:39.286712,2026-02-24 05:48:50.310773,2026-02-24 11:55:05.774357,2026-02-24 19:22:43.202229,2026-02-24 21:43:56.148004,2026-02-25 05:21:54.861467,Delivered,Closed,SHP082,Shipper 082,SME,Outer Java,ST16_Palembang,HB05_SUMATRA_GATEWAY,Jabodetabek,ST02_JKT_West,HB01_JKT_GATEWAY,Inter-Region,Next Day,COD,CR153,Truck,0.25,0.23,0.25,1619115,25125,15786,4,1,0,,44.0,36,1,0,,1,0,,0,,28.37,5.4,6.1,ST02_JKT_West,
SHPM002614,AWB260002614,2026-03-28 08:29:33.784782,2026-03-28 08:37:33.784782,2026-03-28 09:03:33.784782,2026-03-28 11:16:15.551203,2026-03-28 12:10:15.551203,2026-03-28 13:46:15.551203,2026-03-28 15:58:47.614094,2026-03-29 00:57:29.524130,2026-03-29 14:17:44.154952,2026-03-29 20:59:58.074495,2026-03-30 14:31:43.378065,2026-03-29 20:29:33.784782,Delivered,Closed,SHP053,Shipper 053,Marketplace,Jabodetabek,ST05_Tangerang,HB01_JKT_GATEWAY,Outer Java,ST17_Makassar,HB06_EASTERN_GATEWAY,Inter-Region,Next Day,Prepaid,CR052,Bike,0.63,0.9,0.9,267371,24050,14430,4,1,0,,54.0,36,0,0,,1,0,,0,,54.04,2.21,13.34,ST17_Makassar,Hub Bottleneck
SHPM002615,AWB260002615,2026-03-19 11:26:15.606949,2026-03-19 11:47:15.606949,2026-03-19 12:07:15.606949,2026-03-19 19:11:58.086516,2026-03-19 19:32:58.086516,2026-03-19 20:09:58.086516,2026-03-19 23:57:19.845369,2026-03-20 05:38:50.220211,2026-03-20 12:07:21.747769,2026-03-21 04:14:53.136914,2026-03-21 22:26:32.366816,2026-03-22 11:26:15.606949,Delivered,Closed,SHP052,Shipper 052,Marketplace,Jabodetabek,ST04_Bekasi,HB01_JKT_GATEWAY,Outer Java,ST19_Denpasar,HB06_EASTERN_GATEWAY,Inter-Region,Regular,Prepaid,CR034,Bike,1.8,2.08,2.08,870924,21360,18678,8,1,0,,21.0,72,1,0,,1,0,,0,,59.0,3.79,6.48,ST19_Denpasar,
SHPM002616,AWB260002616,2026-03-23 21:39:05.143189,2026-03-23 21:47:05.143189,2026-03-23 22:34:05.143189,2026-03-24 03:18:42.249320,2026-03-24 04:42:42.249320,2026-03-24 06:36:42.249320,2026-03-24 13:11:08.353932,2026-03-24 20:59:01.273282,2026-03-25 16:09:58.113592,2026-03-26 08:11:50.595224,2026-03-26 21:02:01.252337,2026-03-26 21:39:05.143189,Delivered,Closed,SHP060,Shipper 060,Enterprise,East Java,ST12_Surabaya,HB03_SBY_GATEWAY,Jabodetabek,ST01_JKT_Central,HB01_JKT_GATEWAY,Inter-Region,Regular,Prepaid,CR113,Truck,2.36,2.23,2.36,379950,22620,15135,8,1,0,,84.0,72,1,0,,1,0,,0,,71.38,6.57,19.18,ST01_JKT_Central,
SHPM002617,AWB260002617,2026-03-06 07:54:42.171823,2026-03-06 08:22:42.171823,2026-03-06 08:42:42.171823,2026-03-06 12:56:20.799264,2026-03-06 14:07:20.799264,2026-03-06 16:00:20.799264,2026-03-06 18:34:46.964809,2026-03-07 02:40:23.323151,2026-03-07 22:17:01.374012,2026-03-08 03:39:06.327308,2026-03-08 06:00:30.877679,2026-03-07 19:54:42.171823,Delivered,Closed,SHP060,Shipper 060,Enterprise,East Java,ST14_Kediri,HB03_SBY_GATEWAY,West Java,ST07_Cirebon,HB02_BDG_TRANSIT,Inter-Region,Next Day,Prepaid,CR135,Bike,1.96,1.98,1.98,1023959,28910,19753,4,0,0,,71.0,36,0,0,,1,0,,0,,46.1,2.57,19.61,ST07_Cirebon,First Mile Delay
SHPM002618,AWB260002618,2026-03-24 09:54:04.989444,2026-03-24 10:31:04.989444,2026-03-24 11:25:04.989444,2026-03-24 14:19:25.184111,2026-03-24 14:47:25.184111,2026-03-24 15:35:25.184111,2026-03-24 19:03:38.845898,2026-03-24 23:11:55.597210,2026-03-25 10:30:17.236511,2026-03-26 02:34:37.640526,2026-03-26 12:27:46.997146,2026-03-27 09:54:04.989444,Delivered,Closed,SHP099,Shipper 099,SME,West Java,ST08_Bogor,HB01_JKT_GATEWAY,Jabodetabek,ST02_JKT_West,HB01_JKT_GATEWAY,Inter-Region,Regular,Prepaid,CR082,Bike,0.33,0.55,0.55,1114417,14475,12210,8,1,0,,28.0,72,1,0,,1,0,,0,,50.56,3.47,11.31,ST02_JKT_West,
SHPM002619,AWB260002619,2026-03-26 08:19:25.697048,2026-03-26 09:01:25.697048,2026-03-26 09:26:25.697048,2026-03-26 13:52:56.803650,2026-03-26 14:01:56.803650,2026-03-26 15:11:56.803650,2026-03-26 18:38:54.346847,2026-03-26 23:14:34.317710,2026-03-27 05:19:35.064233,2026-03-27 19:51:29.753681,2026-03-28 02:17:34.550556,2026-03-29 08:19:25.697048,Delivered,Closed,SHP034,Shipper 034,Enterprise,Jabodetabek,ST02_JKT_West,HB01_JKT_GATEWAY,Central Java,ST11_Yogyakarta,HB04_CTG_NATIONAL,Inter-Region,Regular,Prepaid,CR014,Truck,1.18,1.24,1.24,1278741,17580,13812,8,1,0,,9.0,72,1,0,,1,0,,0,,41.97,3.45,6.08,ST11_Yogyakarta,
SHPM002620,AWB260002620,2026-03-28 21:21:57.371479,2026-03-28 21:42:57.371479,2026-03-28 22:02:57.371479,2026-03-29 02:21:00.281276,2026-03-29 02:34:00.281276,2026-03-29 03:52:00.281276,2026-03-29 08:08:35.190144,2026-03-29 10:41:23.311419,2026-03-29 18:45:47.793535,2026-03-30 12:25:39.927527,2026-03-31 13:11:34.642538,2026-03-31 21:21:57.371479,Delivered,Closed,SHP028,Shipper 028,Marketplace,Jabodetabek,ST03_JKT_East,HB01_JKT_GATEWAY,Outer Java,ST20_Banjarmasin,HB06_EASTERN_GATEWAY,Inter-Region,Regular,Prepaid,CR026,Bike,3.33,4.65,4.65,494123,32925,23230,8,1,0,,13.0,72,1,0,,1,0,,0,,63.83,4.28,8.07,ST20_Banjarmasin,
SHPM002621,AWB260002621,2026-02-18 09:38:32.966834,2026-02-18 10:06:32.966834,2026-02-18 10:35:32.966834,2026-02-18 13:18:14.199699,2026-02-18 13:59:14.199699,2026-02-18 14:22:14.199699,2026-02-18 19:15:36.737188,2026-02-18 23:46:34.627440,2026-02-19 07:39:27.271976,2026-02-19 14:44:26.189693,2026-02-19 17:36:02.959141,2026-02-19 21:38:32.966834,Delivered,Closed,SHP072,Shipper 072,Enterprise,Outer Java,ST18_Balikpapan,HB06_EASTERN_GATEWAY,West Java,ST07_Cirebon,HB02_BDG_TRANSIT,Inter-Region,Next Day,Prepaid,CR169,Van,0.92,0.99,0.99,930396,24455,20219,4,1,0,,41.0,36,1,0,,1,0,,0,,31.96,4.89,7.88,ST07_Cirebon,
SHPM002622,AWB260002622,2026-03-11 21:51:51.705506,2026-03-11 22:01:51.705506,2026-03-11 22:08:51.705506,2026-03-12 01:07:19.935601,2026-03-12 01:30:19.935601,2026-03-12 02:43:19.935601,2026-03-12 04:48:55.463639,2026-03-12 07:26:18.993909,2026-03-12 10:06:34.201960,2026-03-12 17:08:50.582011,2026-03-12 23:49:21.266637,2026-03-13 09:51:51.705506,Delivered,Closed,SHP015,Shipper 015,Marketplace,West Java,ST06_Bandung,HB01_JKT_GATEWAY,Jabodetabek,ST03_JKT_East,HB01_JKT_GATEWAY,Inter-Region,Next Day,COD,CR061,Bike,5.45,5.23,5.45,1807761,48525,43045,4,1,0,,23.0,36,1,0,,1,0,,0,,25.96,2.09,2.67,ST03_JKT_East,
SHPM002623,AWB260002623,2026-03-21 19:58:05.597114,2026-03-21 20:34:05.597114,2026-03-21 20:59:05.597114,2026-03-22 00:35:40.526186,2026-03-22 00:58:40.526186,2026-03-22 01:45:40.526186,2026-03-22 07:20:02.812402,2026-03-22 15:45:52.112359,2026-03-22 23:52:28.599700,2026-03-23 13:01:01.183640,2026-03-23 17:11:42.811359,2026-03-23 07:58:05.597114,Delivered,Closed,SHP045,Shipper 045,Marketplace,Jabodetabek,ST02_JKT_West,HB01_JKT_GATEWAY,West Java,ST08_Bogor,HB01_JKT_GATEWAY,Inter-Region,Next Day,Prepaid,CR012,Van,0.6,0.6,0.6,1135912,22700,17769,4,0,0,,23.0,36,0,0,,1,0,,0,,45.23,5.57,8.11,ST08_Bogor,First Mile Delay
SHPM002624,AWB260002624,2026-04-01 12:52:14.031899,2026-04-01 13:37:14.031899,2026-04-01 14:24:14.031899,2026-04-01 20:34:48.812648,2026-04-01 21:13:48.812648,2026-04-01 22:50:48.812648,2026-04-02 02:06:03.772065,2026-04-02 08:59:36.888788,2026-04-02 13:23:38.537363,2026-04-03 02:56:32.504603,2026-04-03 14:23:40.232110,2026-04-04 12:52:14.031899,Delivered,Closed,SHP077,Shipper 077,Marketplace,Outer Java,ST16_Palembang,HB05_SUMATRA_GATEWAY,Central Java,ST10_Solo,HB04_CTG_NATIONAL,Inter-Region,Regular,COD,CR148,Van,1.39,1.33,1.39,2195030,22255,15805,8,1,0,,39.0,72,1,0,,1,0,,0,,49.52,3.25,4.4,ST10_Solo,
SHPM002625,AWB260002625,2026-02-21 12:30:03.937448,2026-02-21 12:38:03.937448,2026-02-21 13:39:03.937448,2026-02-22 00:00:34.455460,2026-02-22 01:19:34.455460,2026-02-22 01:35:34.455460,2026-02-22 04:30:59.082197,2026-02-22 10:57:06.510361,2026-02-22 16:47:56.656729,2026-02-23 05:25:26.570731,2026-02-23 09:40:26.927526,2026-02-24 12:30:03.937448,Delivered,Closed,SHP018,Shipper 018,Enterprise,West Java,ST07_Cirebon,HB02_BDG_TRANSIT,Jabodetabek,ST04_Bekasi,HB01_JKT_GATEWAY,Inter-Region,Regular,COD,CR065,Van,0.37,0.37,0.37,635353,17665,15965,8,0,0,,79.0,72,1,0,,1,0,,0,,45.17,2.92,5.85,ST04_Bekasi,
SHPM002626,AWB260002626,2026-03-03 17:34:08.537689,2026-03-03 18:18:08.537689,2026-03-03 19:05:08.537689,2026-03-04 00:21:55.108874,2026-03-04 01:44:55.108874,2026-03-04 03:23:55.108874,2026-03-04 12:03:03.078451,2026-03-04 19:57:26.682655,2026-03-05 02:32:54.423301,2026-03-05 15:05:44.390280,2026-03-05 17:09:43.676002,2026-03-05 05:34:08.537689,Delivered,Closed,SHP040,Shipper 040,Marketplace,West Java,ST07_Cirebon,HB02_BDG_TRANSIT,Jabodetabek,ST01_JKT_Central,HB01_JKT_GATEWAY,Inter-Region,Next Day,Prepaid,CR064,Van,0.97,0.92,0.97,1475302,24365,18531,4,0,0,,83.0,36,0,0,,1,0,,0,,47.59,8.65,6.59,ST01_JKT_Central,First Mile Delay
SHPM002627,AWB260002627,2026-02-22 19:17:16.743697,2026-02-22 20:00:16.743697,2026-02-22 20:15:16.743697,2026-02-23 03:57:58.992652,2026-02-23 04:28:58.992652,2026-02-23 05:36:58.992652,2026-02-23 08:49:36.491095,2026-02-23 09:57:39.643273,2026-02-23 15:29:15.777742,2026-02-23 17:03:46.098223,2026-02-24 08:41:08.950011,2026-02-24 19:17:16.743697,Delivered,Closed,SHP061,Shipper 061,Enterprise,Outer Java,ST17_Makassar,HB06_EASTERN_GATEWAY,Outer Java,ST18_Balikpapan,HB06_EASTERN_GATEWAY,Intra-Region,Regular,COD,CR160,Bike,0.74,0.74,0.74,826656,19330,17499,8,1,0,,31.0,48,1,0,,1,0,,0,,37.4,3.21,5.53,ST18_Balikpapan,
SHPM002628,AWB260002628,2026-03-05 11:57:03.425930,2026-03-05 12:04:03.425930,2026-03-05 12:18:03.425930,2026-03-05 14:24:51.777770,2026-03-05 15:04:51.777770,2026-03-05 15:42:51.777770,2026-03-05 19:56:46.487177,2026-03-06 00:27:26.595982,2026-03-06 12:26:32.262710,2026-03-06 20:18:08.346993,2026-03-06 22:51:42.645272,2026-03-05 21:57:03.425930,Delivered,Closed,SHP049,Shipper 049,Enterprise,Jabodetabek,ST05_Tangerang,HB01_JKT_GATEWAY,Jabodetabek,ST02_JKT_West,HB01_JKT_GATEWAY,Intra-Region,Same Day,COD,CR044,Bike,1.28,1.72,1.72,1164717,38740,26344,2,0,0,,40.0,10,0,0,,1,0,,0,,34.91,4.23,11.98,ST02_JKT_West,First Mile Delay
SHPM002629,AWB260002629,2026-03-05 08:58:47.380194,2026-03-05 09:13:47.380194,2026-03-05 09:44:47.380194,2026-03-05 13:59:05.698216,2026-03-05 14:39:05.698216,2026-03-05 15:59:05.698216,2026-03-05 19:05:16.981522,2026-03-06 02:35:11.373529,2026-03-06 11:16:29.421777,2026-03-06 21:06:54.478557,2026-03-07 07:29:24.336664,2026-03-06 20:58:47.380194,Delivered,Closed,SHP061,Shipper 061,Enterprise,Outer Java,ST17_Makassar,HB06_EASTERN_GATEWAY,Jabodetabek,ST02_JKT_West,HB01_JKT_GATEWAY,Inter-Region,Next Day,Prepaid,CR156,Bike,2.31,2.61,2.61,367656,31745,28041,4,0,0,,40.0,36,0,0,,1,0,,0,,46.51,3.1,8.69,ST02_JKT_West,First Mile Delay
SHPM002630,AWB260002630,2026-03-01 12:14:02.860116,2026-03-01 12:56:02.860116,2026-03-01 13:31:02.860116,2026-03-01 13:52:33.454279,2026-03-01 14:01:33.454279,2026-03-01 15:51:33.454279,2026-03-01 20:35:37.385506,2026-03-02 03:43:39.962306,2026-03-02 11:39:13.918340,2026-03-03 04:27:32.925632,2026-03-03 07:24:06.411928,2026-03-02 04:14:02.860116,Delivered,Closed,SHP064,Shipper 064,Marketplace,Jabodetabek,ST02_JKT_West,HB01_JKT_GATEWAY,Outer Java,ST17_Makassar,HB06_EASTERN_GATEWAY,Inter-Region,Same Day,Prepaid,CR017,Truck,1.6,2.42,2.42,1746862,37890,34595,2,1,0,,9.0,16,0,0,,1,0,,0,,43.17,4.73,7.93,ST17_Makassar,Remote Area
SHPM002631,AWB260002631,2026-03-20 23:58:08.556458,2026-03-21 00:23:08.556458,2026-03-21 00:59:08.556458,2026-03-21 03:46:24.628529,2026-03-21 04:13:24.628529,2026-03-21 05:38:24.628529,2026-03-21 06:41:14.080592,2026-03-21 16:07:52.317605,2026-03-21 20:18:43.088574,2026-03-22 07:24:07.495094,2026-03-22 15:47:38.288915,2026-03-23 23:58:08.556458,Delivered,Closed,SHP073,Shipper 073,Marketplace,Outer Java,ST15_Medan,HB05_SUMATRA_GATEWAY,Jabodetabek,ST01_JKT_Central,HB01_JKT_GATEWAY,Inter-Region,Regular,COD,CR142,Bike,0.72,0.93,0.93,1611402,20185,15884,8,1,0,,27.0,72,1,0,,1,0,,0,,39.82,1.05,4.18,ST01_JKT_Central,
SHPM002632,AWB260002632,2026-02-21 04:40:41.800411,2026-02-21 05:23:41.800411,2026-02-21 05:44:41.800411,2026-02-21 11:50:49.046405,2026-02-21 12:35:49.046405,2026-02-21 14:12:49.046405,2026-02-21 15:14:26.991841,2026-02-21 18:43:09.580973,2026-02-22 04:11:56.551829,2026-02-22 19:57:06.014186,2026-02-23 05:23:04.916218,2026-02-24 04:40:41.800411,Delivered,Closed,SHP078,Shipper 078,SME,Outer Java,ST17_Makassar,HB06_EASTERN_GATEWAY,West Java,ST06_Bandung,HB01_JKT_GATEWAY,Inter-Region,Regular,Prepaid,CR159,Bike,3.28,2.99,3.28,1392759,26760,22727,8,1,0,,45.0,72,1,0,,1,0,,0,,48.71,1.03,9.48,ST06_Bandung,
SHPM002633,AWB260002633,2026-03-05 09:12:38.187840,2026-03-05 09:52:38.187840,2026-03-05 10:37:38.187840,2026-03-05 14:15:23.268851,2026-03-05 15:18:23.268851,2026-03-05 16:00:23.268851,2026-03-05 18:08:46.169499,2026-03-06 00:18:26.887188,2026-03-06 07:03:04.010078,2026-03-06 14:18:04.022411,2026-03-07 00:16:05.540202,2026-03-06 21:12:38.187840,Delivered,Closed,SHP035,Shipper 035,Enterprise,Jabodetabek,ST04_Bekasi,HB01_JKT_GATEWAY,East Java,ST13_Malang,HB03_SBY_GATEWAY,Inter-Region,Next Day,Prepaid,CR037,Van,0.77,0.76,0.77,1541239,23465,17638,4,0,0,,63.0,36,0,0,,1,0,,0,,39.06,2.14,6.74,ST13_Malang,First Mile Delay
SHPM002634,AWB260002634,2026-02-18 17:49:28.548081,2026-02-18 18:28:28.548081,2026-02-18 19:00:28.548081,2026-02-18 22:32:52.930849,2026-02-18 23:28:52.930849,2026-02-19 01:21:52.930849,2026-02-19 02:25:07.198416,2026-02-19 10:11:19.623900,2026-02-19 14:35:05.292228,2026-02-20 08:19:11.217135,2026-02-20 15:09:43.757484,2026-02-20 05:49:28.548081,Delivered,Closed,SHP099,Shipper 099,SME,West Java,ST08_Bogor,HB01_JKT_GATEWAY,Outer Java,ST17_Makassar,HB06_EASTERN_GATEWAY,Inter-Region,Next Day,Prepaid,CR077,Truck,1.07,1.72,1.72,1610378,27740,15715,4,0,0,,56.0,36,0,0,,1,0,,0,,45.34,1.05,4.4,ST17_Makassar,First Mile Delay
SHPM002635,AWB260002635,2026-02-21 02:09:08.135213,2026-02-21 02:24:08.135213,2026-02-21 03:05:08.135213,2026-02-21 05:46:31.357721,2026-02-21 06:25:31.357721,2026-02-21 07:46:31.357721,2026-02-21 11:04:56.016610,2026-02-21 14:01:50.304057,2026-02-21 17:12:34.326104,2026-02-22 08:33:01.464624,2026-02-22 14:06:02.894500,2026-02-24 02:09:08.135213,Delivered,Closed,SHP015,Shipper 015,Marketplace,West Java,ST06_Bandung,HB01_JKT_GATEWAY,Jabodetabek,ST05_Tangerang,HB01_JKT_GATEWAY,Inter-Region,Regular,Prepaid,CR057,Bike,0.77,0.8,0.8,1315812,15600,11591,8,1,0,,39.0,72,1,0,,1,0,,0,,35.95,3.31,3.18,ST05_Tangerang,
SHPM002636,AWB260002636,2026-03-16 07:47:27.889949,2026-03-16 08:15:27.889949,2026-03-16 09:00:27.889949,,,,,,,,,2026-03-19 07:47:27.889949,Failed Pickup,Exception,SHP076,Shipper 076,Enterprise,West Java,ST07_Cirebon,HB02_BDG_TRANSIT,Central Java,ST09_Semarang,HB04_CTG_NATIONAL,Inter-Region,Regular,Prepaid,CR075,Bike,1.28,1.24,1.28,938885,17760,10377,8,0,1,Schedule Miss,,72,0,0,,0,0,,0,,508.21,,,ST07_Cirebon,
SHPM002637,AWB260002637,2026-02-28 11:56:19.111924,2026-02-28 12:19:19.111924,2026-02-28 12:49:19.111924,2026-02-28 15:06:38.075446,2026-02-28 15:39:38.075446,2026-02-28 16:08:38.075446,2026-02-28 20:10:50.838732,2026-03-01 02:15:08.317622,2026-03-01 04:58:41.852919,2026-03-01 11:51:48.216043,2026-03-02 05:06:32.535313,2026-03-03 11:56:19.111924,Delivered,Closed,SHP023,Shipper 023,Enterprise,West Java,ST08_Bogor,HB01_JKT_GATEWAY,Outer Java,ST19_Denpasar,HB06_EASTERN_GATEWAY,Inter-Region,Regular,COD,CR076,Van,0.44,0.58,0.58,1821612,18610,15156,8,1,0,,33.0,72,1,0,,1,0,,0,,41.17,4.04,2.73,ST19_Denpasar,
SHPM002638,AWB260002638,2026-03-31 19:12:00.226556,2026-03-31 19:46:00.226556,2026-03-31 20:09:00.226556,2026-03-31 23:35:55.555649,2026-03-31 23:50:55.555649,2026-04-01 00:57:55.555649,2026-04-01 04:29:39.169952,2026-04-01 13:32:30.508874,2026-04-01 16:43:39.803273,2026-04-02 06:47:10.113746,2026-04-02 12:36:59.789068,2026-04-02 07:12:00.226556,Delivered,Closed,SHP062,Shipper 062,Enterprise,Jabodetabek,ST04_Bekasi,HB01_JKT_GATEWAY,West Java,ST06_Bandung,HB01_JKT_GATEWAY,Inter-Region,Next Day,Prepaid,CR032,Bike,1.37,1.47,1.47,1278807,26615,18819,4,1,0,,15.0,36,0,0,,1,0,,0,,41.42,3.53,3.19,ST06_Bandung,Last Mile Delay
SHPM002639,AWB260002639,2026-02-17 18:08:38.355054,2026-02-17 18:52:38.355054,2026-02-17 19:35:38.355054,2026-02-18 02:34:53.422725,2026-02-18 02:59:53.422725,2026-02-18 04:53:53.422725,2026-02-18 07:07:19.138267,2026-02-18 16:10:08.047597,2026-02-19 01:53:05.219531,2026-02-19 13:52:29.387227,,2026-02-20 18:08:38.355054,Delivery Exception,Exception,SHP056,Shipper 056,Enterprise,Jabodetabek,ST03_JKT_East,HB01_JKT_GATEWAY,Outer Java,ST19_Denpasar,HB06_EASTERN_GATEWAY,Inter-Region,Regular,COD,CR026,Bike,3.6,4.59,4.59,2107823,36655,20247,8,1,0,,25.0,72,0,1,Customer Not Home,3,0,,0,,1145.86,2.22,9.72,ST19_Denpasar,Delivery Exception
SHPM002640,AWB260002640,2026-03-17 04:05:06.593930,2026-03-17 04:20:06.593930,2026-03-17 04:43:06.593930,2026-03-17 11:50:00.171163,2026-03-17 12:54:00.171163,2026-03-17 14:53:00.171163,2026-03-17 20:28:34.932834,2026-03-18 00:55:19.865769,2026-03-18 07:56:19.208750,2026-03-18 18:31:45.831424,2026-03-19 05:38:06.220600,2026-03-20 04:05:06.593930,Delivered,Closed,SHP070,Shipper 070,Enterprise,Jabodetabek,ST04_Bekasi,HB01_JKT_GATEWAY,Outer Java,ST15_Medan,HB05_SUMATRA_GATEWAY,Inter-Region,Regular,Prepaid,CR041,Bike,3.97,4.36,4.36,211060,31620,27834,8,1,0,,64.0,72,1,0,,1,0,,0,,49.55,5.59,7.02,ST15_Medan,
SHPM002641,AWB260002641,2026-02-28 23:59:41.383347,2026-03-01 00:04:41.383347,2026-03-01 00:37:41.383347,2026-03-01 03:30:00.395790,2026-03-01 03:55:00.395790,2026-03-01 05:34:00.395790,2026-03-01 11:19:00.086045,2026-03-01 13:48:09.601270,2026-03-01 19:37:05.541598,2026-03-02 06:33:52.608530,2026-03-02 12:03:19.385365,2026-03-02 11:59:41.383347,Delivered,Closed,SHP082,Shipper 082,SME,Outer Java,ST19_Denpasar,HB06_EASTERN_GATEWAY,Jabodetabek,ST05_Tangerang,HB01_JKT_GATEWAY,Inter-Region,Next Day,Prepaid,CR175,Truck,0.33,0.35,0.35,2032980,21575,16150,4,1,0,,25.0,36,0,0,,1,0,,0,,36.06,5.75,5.82,ST05_Tangerang,Last Mile Delay
SHPM002642,AWB260002642,2026-03-03 03:54:52.688433,2026-03-03 04:03:52.688433,2026-03-03 05:23:52.688433,2026-03-03 07:35:35.367973,2026-03-03 09:22:35.367973,2026-03-03 11:16:35.367973,2026-03-03 21:38:06.463870,2026-03-04 05:15:52.157966,2026-03-04 09:42:17.894146,2026-03-04 20:23:40.876199,2026-03-05 05:43:36.271816,2026-03-04 15:54:52.688433,Delivered,Closed,SHP018,Shipper 018,Enterprise,West Java,ST07_Cirebon,HB02_BDG_TRANSIT,Jabodetabek,ST04_Bekasi,HB01_JKT_GATEWAY,Inter-Region,Next Day,Prepaid,CR064,Van,1.47,1.42,1.47,200421,26615,23233,4,1,0,,107.0,36,0,0,,1,0,,0,,49.81,10.36,4.44,ST04_Bekasi,Last Mile Delay
SHPM002643,AWB260002643,2026-02-20 16:48:28.460479,2026-02-20 17:25:28.460479,2026-02-20 17:33:28.460479,2026-02-20 21:59:45.775375,2026-02-20 22:22:45.775375,2026-02-21 00:10:45.775375,2026-02-21 01:50:56.324591,2026-02-21 09:41:31.687013,2026-02-21 21:26:46.271617,2026-02-22 06:03:43.209345,2026-02-22 22:51:04.220065,2026-02-23 16:48:28.460479,Delivered,Closed,SHP038,Shipper 038,Marketplace,Jabodetabek,ST02_JKT_West,HB01_JKT_GATEWAY,Outer Java,ST18_Balikpapan,HB06_EASTERN_GATEWAY,Inter-Region,Regular,Prepaid,CR013,Bike,0.96,1.03,1.03,923788,16635,12194,8,1,0,,23.0,72,1,0,,1,0,,0,,54.04,1.67,11.75,ST18_Balikpapan,
SHPM002644,AWB260002644,2026-03-31 14:03:23.189167,2026-03-31 14:18:23.189167,2026-03-31 14:33:23.189167,2026-03-31 16:45:18.067535,2026-03-31 17:29:18.067535,2026-03-31 18:49:18.067535,2026-03-31 20:10:14.465251,2026-03-31 23:06:22.028923,2026-04-01 10:22:56.447631,2026-04-01 20:23:35.602211,2026-04-02 12:40:57.241512,2026-04-03 14:03:23.189167,Delivered,Closed,SHP074,Shipper 074,Enterprise,Outer Java,ST17_Makassar,HB06_EASTERN_GATEWAY,East Java,ST12_Surabaya,HB03_SBY_GATEWAY,Inter-Region,Regular,Prepaid,CR154,Van,1.02,0.95,1.02,769930,16590,14005,8,1,0,,44.0,72,1,0,,1,0,,0,,46.63,1.35,11.28,ST12_Surabaya,
SHPM002645,AWB260002645,2026-02-17 10:44:46.839925,2026-02-17 11:09:46.839925,2026-02-17 11:34:46.839925,2026-02-17 13:30:30.679400,2026-02-17 14:28:30.679400,2026-02-17 16:19:30.679400,2026-02-17 19:09:16.966317,2026-02-18 02:33:25.513721,2026-02-18 08:09:33.075652,2026-02-18 14:27:25.986761,2026-02-18 17:46:44.014971,2026-02-18 02:44:46.839925,Delivered,Closed,SHP048,Shipper 048,Enterprise,Outer Java,ST17_Makassar,HB06_EASTERN_GATEWAY,West Java,ST06_Bandung,HB01_JKT_GATEWAY,Inter-Region,Same Day,Prepaid,CR155,Van,4.52,4.13,4.52,572453,47340,29340,2,0,0,,58.0,16,0,0,,1,0,,0,,31.03,2.83,5.6,ST06_Bandung,First Mile Delay
SHPM002646,AWB260002646,2026-03-08 19:38:46.856217,2026-03-08 20:03:46.856217,2026-03-08 20:39:46.856217,2026-03-08 22:18:47.286934,2026-03-08 23:35:47.286934,2026-03-09 00:28:47.286934,2026-03-09 06:28:22.528943,2026-03-09 11:38:07.056124,2026-03-09 17:11:04.398525,2026-03-10 00:51:21.084283,2026-03-10 10:52:57.471472,2026-03-10 07:38:46.856217,Delivered,Closed,SHP049,Shipper 049,Enterprise,Jabodetabek,ST03_JKT_East,HB01_JKT_GATEWAY,East Java,ST12_Surabaya,HB03_SBY_GATEWAY,Inter-Region,Next Day,COD,CR020,Bike,0.37,0.34,0.37,233896,25665,15207,4,1,0,,77.0,36,0,0,,1,0,,0,,39.24,5.99,5.55,ST12_Surabaya,Last Mile Delay
SHPM002647,AWB260002647,2026-03-06 02:10:58.867508,2026-03-06 02:38:58.867508,2026-03-06 03:27:58.867508,2026-03-06 05:41:23.830433,2026-03-06 05:51:23.830433,2026-03-06 07:31:23.830433,2026-03-06 12:46:03.618804,2026-03-06 17:27:45.999663,2026-03-06 22:14:02.666205,2026-03-07 00:12:54.056076,2026-03-07 16:45:27.012717,2026-03-08 02:10:58.867508,Delivered,Closed,SHP038,Shipper 038,Marketplace,Jabodetabek,ST04_Bekasi,HB01_JKT_GATEWAY,Jabodetabek,ST03_JKT_East,HB01_JKT_GATEWAY,Intra-Region,Regular,Prepaid,CR037,Bike,1.58,1.65,1.65,1135573,19425,15942,8,1,0,,10.0,48,1,0,,1,0,,0,,38.57,5.24,4.77,ST03_JKT_East,
SHPM002648,AWB260002648,2026-03-21 23:02:56.275834,2026-03-21 23:09:56.275834,2026-03-21 23:29:56.275834,2026-03-22 00:23:01.599947,2026-03-22 01:18:01.599947,2026-03-22 02:34:01.599947,2026-03-22 05:05:45.231807,2026-03-22 09:02:03.482859,2026-03-22 20:53:46.781289,2026-03-23 08:08:35.871556,,2026-03-22 15:02:56.275834,Return To Sender,RTS,SHP014,Shipper 014,Enterprise,Jabodetabek,ST05_Tangerang,HB01_JKT_GATEWAY,Outer Java,ST18_Balikpapan,HB06_EASTERN_GATEWAY,Inter-Region,Same Day,Prepaid,CR049,Van,1.71,2.89,2.89,2808255,40005,29076,2,1,0,,55.0,16,0,1,Customer Not Home,3,0,,1,Customer Not Home,372.95,2.53,11.86,ST18_Balikpapan,Hub Bottleneck
SHPM002649,AWB260002649,2026-03-28 09:42:19.115652,2026-03-28 10:15:19.115652,2026-03-28 10:30:19.115652,2026-03-28 14:45:20.989913,2026-03-28 15:32:20.989913,2026-03-28 16:32:20.989913,2026-03-28 18:31:58.704589,2026-03-29 00:12:13.173001,2026-03-29 07:54:00.940434,2026-03-29 15:47:20.283707,2026-03-29 20:39:33.935014,2026-03-31 09:42:19.115652,Delivered,Closed,SHP056,Shipper 056,Enterprise,Jabodetabek,ST03_JKT_East,HB01_JKT_GATEWAY,Central Java,ST10_Solo,HB04_CTG_NATIONAL,Inter-Region,Regular,Prepaid,CR020,Bike,7.51,7.45,7.51,1900487,45795,40996,8,1,0,,47.0,72,1,0,,1,0,,0,,34.95,1.99,7.7,ST10_Solo,
SHPM002650,AWB260002650,2026-03-22 05:15:54.812332,2026-03-22 05:21:54.812332,2026-03-22 05:39:54.812332,2026-03-22 14:04:13.797179,2026-03-22 14:23:13.797179,2026-03-22 15:10:13.797179,2026-03-22 17:15:41.045801,2026-03-22 23:46:26.634411,2026-03-23 08:08:10.030612,2026-03-23 17:35:09.277444,2026-03-24 05:42:53.696147,2026-03-25 05:15:54.812332,Delivered,Closed,SHP082,Shipper 082,SME,Outer Java,ST18_Balikpapan,HB06_EASTERN_GATEWAY,Central Java,ST10_Solo,HB04_CTG_NATIONAL,Inter-Region,Regular,Prepaid,CR167,Van,1.25,1.7,1.7,1081150,19650,17119,8,0,0,,19.0,72,1,0,,1,0,,0,,48.45,2.09,8.36,ST10_Solo,
SHPM002651,AWB260002651,2026-02-17 13:08:24.336413,2026-02-17 13:37:24.336413,2026-02-17 13:49:24.336413,2026-02-17 19:09:16.667992,2026-02-17 19:28:16.667992,2026-02-17 19:53:16.667992,2026-02-17 21:54:41.026970,2026-02-18 03:00:05.779814,2026-02-18 10:13:25.134498,2026-02-19 01:23:36.831268,2026-02-19 15:17:53.395384,2026-02-20 13:08:24.336413,Delivered,Closed,SHP050,Shipper 050,Marketplace,Jabodetabek,ST04_Bekasi,HB01_JKT_GATEWAY,Outer Java,ST16_Palembang,HB05_SUMATRA_GATEWAY,Inter-Region,Regular,Prepaid,CR035,Van,0.54,0.58,0.58,471407,14610,12021,8,1,0,,19.0,72,1,0,,1,0,,0,,50.16,2.02,7.22,ST16_Palembang,
SHPM002652,AWB260002652,2026-02-23 17:36:22.441675,2026-02-23 17:56:22.441675,2026-02-23 18:48:22.441675,2026-02-23 21:26:17.428354,2026-02-23 22:13:17.428354,2026-02-23 23:08:17.428354,2026-02-24 02:31:18.697160,2026-02-24 12:04:07.899623,2026-02-24 20:48:06.306069,2026-02-25 02:06:14.599689,2026-02-25 14:08:30.202107,2026-02-25 05:36:22.441675,Delivered,Closed,SHP062,Shipper 062,Enterprise,Jabodetabek,ST04_Bekasi,HB01_JKT_GATEWAY,Outer Java,ST17_Makassar,HB06_EASTERN_GATEWAY,Inter-Region,Next Day,Prepaid,CR043,Bike,0.82,0.86,0.86,1188202,23870,18482,4,1,0,,47.0,36,0,0,,1,0,,0,,44.54,3.38,8.73,ST17_Makassar,Remote Area
SHPM002653,AWB260002653,2026-03-30 12:06:03.155591,2026-03-30 12:41:03.155591,2026-03-30 12:56:03.155591,2026-03-30 17:22:07.533480,2026-03-30 18:35:07.533480,2026-03-30 19:40:07.533480,2026-03-31 00:57:50.107012,2026-03-31 09:41:06.885910,2026-03-31 13:58:24.495219,2026-04-01 06:54:29.860125,2026-04-01 17:45:20.260454,2026-04-01 00:06:03.155591,Delivered,Closed,SHP095,Shipper 095,Enterprise,Central Java,ST11_Yogyakarta,HB04_CTG_NATIONAL,Jabodetabek,ST05_Tangerang,HB01_JKT_GATEWAY,Inter-Region,Next Day,Prepaid,CR106,Bike,1.3,1.19,1.3,374628,25850,20390,4,0,0,,73.0,36,0,0,,1,0,,0,,53.65,5.3,4.29,ST05_Tangerang,First Mile Delay
SHPM002654,AWB260002654,2026-03-04 13:22:21.375990,2026-03-04 13:33:21.375990,2026-03-04 13:53:21.375990,2026-03-04 17:07:48.922137,2026-03-04 17:55:48.922137,2026-03-04 18:17:48.922137,2026-03-04 19:29:55.645318,2026-03-04 21:48:55.758515,2026-03-05 04:59:57.776008,2026-03-05 08:37:26.053576,2026-03-05 18:46:56.671446,2026-03-05 13:22:21.375990,Delivered,Closed,SHP072,Shipper 072,Enterprise,Outer Java,ST18_Balikpapan,HB06_EASTERN_GATEWAY,Outer Java,ST20_Banjarmasin,HB06_EASTERN_GATEWAY,Intra-Region,Next Day,COD,CR167,Bike,0.9,0.96,0.96,277435,28320,21603,4,1,0,,48.0,24,0,0,,1,0,,0,,29.41,1.2,7.18,ST20_Banjarmasin,Remote Area
SHPM002655,AWB260002655,2026-03-12 18:27:23.261213,2026-03-12 19:04:23.261213,2026-03-12 19:31:23.261213,2026-03-12 20:27:38.728347,2026-03-12 21:11:38.728347,2026-03-12 22:03:38.728347,2026-03-13 03:23:06.930519,2026-03-13 11:49:38.620801,2026-03-13 20:22:55.324894,2026-03-14 07:24:51.527350,2026-03-14 11:29:15.335695,2026-03-13 10:27:23.261213,Delivered,Closed,SHP049,Shipper 049,Enterprise,Jabodetabek,ST05_Tangerang,HB01_JKT_GATEWAY,East Java,ST14_Kediri,HB03_SBY_GATEWAY,Inter-Region,Same Day,Prepaid,CR051,Van,3.53,3.31,3.53,1193229,42885,32216,2,1,0,,44.0,16,0,0,,1,0,,0,,41.03,5.32,8.55,ST14_Kediri,Last Mile Delay
SHPM002656,AWB260002656,2026-03-24 07:55:29.848429,2026-03-24 08:37:29.848429,2026-03-24 09:07:29.848429,2026-03-24 16:39:21.153470,2026-03-24 17:16:21.153470,2026-03-24 18:43:21.153470,2026-03-24 21:49:11.658049,2026-03-25 05:20:14.136099,2026-03-25 15:43:08.036836,2026-03-25 22:47:56.057695,2026-03-26 10:01:00.190190,2026-03-27 07:55:29.848429,Delivered,Closed,SHP012,Shipper 012,Marketplace,Outer Java,ST20_Banjarmasin,HB06_EASTERN_GATEWAY,Jabodetabek,ST02_JKT_West,HB01_JKT_GATEWAY,Inter-Region,Regular,Prepaid,CR185,Truck,0.64,0.63,0.64,2107586,14880,9296,8,0,0,,37.0,72,1,0,,1,0,,0,,50.09,3.1,10.38,ST02_JKT_West,
SHPM002657,AWB260002657,2026-03-31 05:23:18.941864,2026-03-31 05:43:18.941864,2026-03-31 05:57:18.941864,2026-03-31 10:15:44.219826,2026-03-31 10:23:44.219826,2026-03-31 12:17:44.219826,2026-03-31 14:32:49.070104,2026-03-31 23:07:22.179020,2026-04-01 00:56:13.771695,2026-04-01 15:30:48.786307,,2026-04-01 17:23:18.941864,Damaged,Exception,SHP057,Shipper 057,SME,Central Java,ST09_Semarang,HB04_CTG_NATIONAL,Jabodetabek,ST03_JKT_East,HB01_JKT_GATEWAY,Inter-Region,Next Day,Prepaid,CR089,Truck,1.15,1.19,1.19,215370,25355,15842,4,0,0,,8.0,36,0,0,,1,1,Damaged,0,,150.61,2.25,1.81,ST09_Semarang,
SHPM002658,AWB260002658,2026-03-31 07:15:11.596046,2026-03-31 07:59:11.596046,2026-03-31 08:56:11.596046,2026-03-31 16:09:35.308206,2026-03-31 16:31:35.308206,2026-03-31 17:06:35.308206,2026-03-31 22:24:47.069539,2026-04-01 06:13:21.101746,2026-04-01 14:18:18.118375,2026-04-01 20:35:20.609087,,2026-04-03 07:15:11.596046,Delivery Exception,Exception,SHP022,Shipper 022,Marketplace,Central Java,ST11_Yogyakarta,HB04_CTG_NATIONAL,Outer Java,ST20_Banjarmasin,HB06_EASTERN_GATEWAY,Inter-Region,Regular,COD,CR104,Bike,4.1,3.89,4.1,340050,34450,21706,8,0,0,,22.0,72,0,1,Customer Not Home,1,0,,0,,148.75,5.3,8.08,ST20_Banjarmasin,Delivery Exception
SHPM002659,AWB260002659,2026-02-18 01:45:15.414632,2026-02-18 02:05:15.414632,2026-02-18 02:48:15.414632,2026-02-18 03:43:53.656519,2026-02-18 04:32:53.656519,2026-02-18 06:10:53.656519,2026-02-18 10:10:10.953055,2026-02-18 14:36:25.562147,2026-02-18 22:20:34.416679,2026-02-19 05:07:24.431027,2026-02-19 08:11:08.011600,2026-02-18 17:45:15.414632,Delivered,Closed,SHP069,Shipper 069,SME,West Java,ST06_Bandung,HB01_JKT_GATEWAY,Outer Java,ST20_Banjarmasin,HB06_EASTERN_GATEWAY,Inter-Region,Same Day,Prepaid,CR058,Van,1.55,2.45,2.45,2013555,38025,34781,2,1,0,,49.0,16,0,0,,1,0,,0,,30.43,3.99,7.74,ST20_Banjarmasin,Remote Area
SHPM002660,AWB260002660,2026-03-02 17:34:34.404597,2026-03-02 18:19:34.404597,2026-03-02 18:45:34.404597,2026-03-03 02:53:50.744727,2026-03-03 04:01:50.744727,2026-03-03 04:52:50.744727,2026-03-03 09:13:54.818728,2026-03-03 11:54:42.842294,2026-03-03 15:23:01.563111,2026-03-04 06:59:53.405798,2026-03-04 11:32:47.184446,2026-03-05 17:34:34.404597,Delivered,Closed,SHP087,Shipper 087,Enterprise,Jabodetabek,ST02_JKT_West,HB01_JKT_GATEWAY,West Java,ST08_Bogor,HB01_JKT_GATEWAY,Inter-Region,Regular,COD,CR014,Bike,1.96,1.86,1.96,374809,24820,21930,8,0,0,,68.0,72,1,0,,1,0,,0,,41.97,4.35,3.47,ST08_Bogor,
SHPM002661,AWB260002661,2026-03-21 21:16:15.618312,2026-03-21 21:30:15.618312,2026-03-21 21:58:15.618312,2026-03-22 03:08:04.641636,2026-03-22 03:38:04.641636,2026-03-22 05:21:04.641636,2026-03-22 10:10:08.630579,2026-03-22 14:15:36.430653,2026-03-22 22:20:26.606657,2026-03-23 15:37:39.835051,,2026-03-24 21:16:15.618312,Delivery Exception,Exception,SHP041,Shipper 041,SME,West Java,ST08_Bogor,HB01_JKT_GATEWAY,Outer Java,ST17_Makassar,HB06_EASTERN_GATEWAY,Inter-Region,Regular,COD,CR077,Van,5.3,4.83,5.3,899801,39850,22920,8,1,0,,30.0,72,0,1,Customer Reschedule,3,0,,0,,374.73,4.82,8.08,ST17_Makassar,Delivery Exception
SHPM002662,AWB260002662,2026-03-29 11:02:17.943173,2026-03-29 11:44:17.943173,2026-03-29 12:45:17.943173,2026-03-30 01:28:14.865389,2026-03-30 02:56:14.865389,2026-03-30 03:56:14.865389,2026-03-30 08:03:05.270020,2026-03-30 16:37:05.146838,2026-03-31 11:32:44.019326,2026-03-31 20:08:38.194216,,2026-04-01 11:02:17.943173,Lost,Exception,SHP010,Shipper 010,Enterprise,East Java,ST12_Surabaya,HB03_SBY_GATEWAY,West Java,ST07_Cirebon,HB02_BDG_TRANSIT,Inter-Region,Regular,Prepaid,CR111,Bike,3.03,4.07,4.07,2563992,30315,23362,8,0,0,,88.0,72,0,0,,1,1,Lost,0,,192.96,4.11,18.93,ST12_Surabaya,
SHPM002663,AWB260002663,2026-02-20 09:26:13.149262,2026-02-20 09:59:13.149262,2026-02-20 10:18:13.149262,2026-02-20 17:43:31.513107,2026-02-20 18:02:31.513107,2026-02-20 19:25:31.513107,2026-02-21 00:15:54.880543,2026-02-21 06:22:27.466981,2026-02-21 10:44:40.488176,2026-02-21 18:04:58.693500,2026-02-21 22:35:26.105986,2026-02-23 09:26:13.149262,Delivered,Closed,SHP078,Shipper 078,SME,Outer Java,ST17_Makassar,HB06_EASTERN_GATEWAY,Jabodetabek,ST02_JKT_West,HB01_JKT_GATEWAY,Inter-Region,Regular,Prepaid,CR156,Bike,0.63,0.76,0.76,2208884,15420,9869,8,1,0,,19.0,72,1,0,,1,0,,0,,37.15,4.84,4.37,ST02_JKT_West,
SHPM002664,AWB260002664,2026-03-04 11:13:23.089978,2026-03-04 11:26:23.089978,2026-03-04 11:41:23.089978,2026-03-04 13:37:38.656091,2026-03-04 13:45:38.656091,2026-03-04 14:46:38.656091,2026-03-04 17:27:33.705043,2026-03-04 23:58:05.162062,2026-03-05 09:26:26.396897,2026-03-05 19:15:52.373912,2026-03-05 21:45:28.189876,2026-03-05 03:13:23.089978,Delivered,Closed,SHP089,Shipper 089,Enterprise,Central Java,ST11_Yogyakarta,HB04_CTG_NATIONAL,West Java,ST06_Bandung,HB01_JKT_GATEWAY,Inter-Region,Same Day,Prepaid,CR101,Bike,0.67,0.95,0.95,989168,31275,17495,2,0,0,,8.0,16,0,0,,1,0,,0,,34.53,2.68,9.47,ST06_Bandung,First Mile Delay
SHPM002665,AWB260002665,2026-03-26 14:31:07.635214,2026-03-26 14:45:07.635214,2026-03-26 15:34:07.635214,2026-03-26 19:24:10.775370,2026-03-26 19:55:10.775370,2026-03-26 20:12:10.775370,2026-03-27 01:21:37.980003,2026-03-27 07:30:31.812080,2026-03-27 17:11:59.018451,2026-03-28 10:33:07.105098,2026-03-29 09:58:32.077870,2026-03-29 14:31:07.635214,Delivered,Closed,SHP005,Shipper 005,Enterprise,Central Java,ST09_Semarang,HB04_CTG_NATIONAL,Outer Java,ST18_Balikpapan,HB06_EASTERN_GATEWAY,Inter-Region,Regular,Prepaid,CR083,Van,1.97,2.0,2.0,499280,21000,18214,8,1,0,,31.0,72,1,0,,1,0,,0,,67.46,5.16,9.69,ST18_Balikpapan,
SHPM002666,AWB260002666,2026-03-01 12:50:27.609809,2026-03-01 13:35:27.609809,2026-03-01 14:37:27.609809,2026-03-02 02:10:59.546843,2026-03-02 03:03:59.546843,2026-03-02 04:20:59.546843,2026-03-02 11:13:46.688426,2026-03-02 13:21:28.819362,2026-03-02 14:55:42.425968,2026-03-02 16:57:45.028484,2026-03-03 00:33:26.512874,2026-03-03 12:50:27.609809,Delivered,Closed,SHP019,Shipper 019,Marketplace,West Java,ST07_Cirebon,HB02_BDG_TRANSIT,West Java,ST08_Bogor,HB01_JKT_GATEWAY,Intra-Region,Regular,Prepaid,CR067,Van,0.62,0.62,0.62,851695,14790,9708,8,0,0,,53.0,48,1,0,,1,0,,0,,35.72,6.88,1.57,ST08_Bogor,
SHPM002667,AWB260002667,2026-03-08 20:38:30.420474,2026-03-08 20:44:30.420474,2026-03-08 21:05:30.420474,2026-03-09 02:37:11.569243,2026-03-09 03:46:11.569243,2026-03-09 04:25:11.569243,2026-03-09 06:04:06.856812,2026-03-09 14:06:48.416521,2026-03-09 17:02:41.521364,2026-03-10 00:42:59.010421,2026-03-10 10:47:51.804453,2026-03-11 20:38:30.420474,Delivered,Closed,SHP034,Shipper 034,Enterprise,Jabodetabek,ST01_JKT_Central,HB01_JKT_GATEWAY,Outer Java,ST20_Banjarmasin,HB06_EASTERN_GATEWAY,Inter-Region,Regular,Prepaid,CR011,Van,1.99,1.9,1.99,2799593,20955,19088,8,1,0,,69.0,72,1,0,,1,0,,0,,38.16,1.65,2.93,ST20_Banjarmasin,
SHPM002668,AWB260002668,2026-03-04 00:10:44.702085,2026-03-04 00:42:44.702085,2026-03-04 00:52:44.702085,2026-03-04 07:57:31.152222,2026-03-04 08:18:31.152222,2026-03-04 09:55:31.152222,2026-03-04 13:54:36.348047,2026-03-04 20:45:05.472997,2026-03-05 01:11:35.695349,2026-03-05 11:16:17.034569,2026-03-06 03:02:24.736517,2026-03-07 00:10:44.702085,Delivered,Closed,SHP071,Shipper 071,Enterprise,Jabodetabek,ST04_Bekasi,HB01_JKT_GATEWAY,Central Java,ST09_Semarang,HB04_CTG_NATIONAL,Inter-Region,Regular,COD,CR041,Truck,2.16,2.16,2.16,1942817,25720,20550,8,1,0,,21.0,72,1,0,,1,0,,0,,50.86,3.98,4.44,ST09_Semarang,
SHPM002669,AWB260002669,2026-03-30 07:11:21.160294,2026-03-30 07:25:21.160294,2026-03-30 07:59:21.160294,2026-03-30 12:06:25.025200,2026-03-30 12:17:25.025200,2026-03-30 13:03:25.025200,2026-03-30 15:33:59.742225,2026-03-30 19:05:55.101627,2026-03-30 21:16:21.828407,2026-03-31 03:49:44.022258,2026-03-31 11:06:39.522028,2026-03-31 19:11:21.160294,Delivered,Closed,SHP003,Shipper 003,Marketplace,Outer Java,ST15_Medan,HB05_SUMATRA_GATEWAY,Jabodetabek,ST02_JKT_West,HB01_JKT_GATEWAY,Inter-Region,Next Day,COD,CR142,Bike,1.61,1.78,1.78,1643911,32010,24747,4,0,0,,11.0,36,1,0,,1,0,,0,,27.92,2.51,2.17,ST02_JKT_West,
SHPM002670,AWB260002670,2026-02-24 09:55:52.411547,2026-02-24 10:26:52.411547,2026-02-24 10:56:52.411547,2026-02-24 13:00:22.785596,2026-02-24 13:46:22.785596,2026-02-24 14:21:22.785596,2026-02-24 17:08:29.133233,2026-02-24 23:58:00.806736,2026-02-25 11:31:44.312176,2026-02-25 22:56:33.843677,2026-02-26 15:20:38.591287,2026-02-27 09:55:52.411547,Delivered,Closed,SHP042,Shipper 042,Marketplace,Jabodetabek,ST05_Tangerang,HB01_JKT_GATEWAY,Outer Java,ST18_Balikpapan,HB06_EASTERN_GATEWAY,Inter-Region,Regular,Prepaid,CR049,Van,3.57,3.22,3.57,1453141,28065,19853,8,1,0,,46.0,72,1,0,,1,0,,0,,53.41,2.79,11.56,ST18_Balikpapan,
SHPM002671,AWB260002671,2026-02-24 20:11:37.719501,2026-02-24 20:51:37.719501,2026-02-24 21:50:37.719501,2026-02-24 23:39:39.068218,2026-02-25 00:04:39.068218,2026-02-25 01:47:39.068218,2026-02-25 03:02:20.743371,2026-02-25 06:02:03.656343,2026-02-25 14:21:34.716060,2026-02-25 17:06:46.118067,2026-02-26 06:17:40.954776,2026-02-26 20:11:37.719501,Delivered,Closed,SHP062,Shipper 062,Enterprise,Jabodetabek,ST04_Bekasi,HB01_JKT_GATEWAY,Jabodetabek,ST02_JKT_West,HB01_JKT_GATEWAY,Intra-Region,Regular,Prepaid,CR043,Truck,0.85,0.93,0.93,487235,16185,14762,8,1,0,,25.0,48,1,0,,1,0,,0,,34.1,1.24,8.33,ST02_JKT_West,
SHPM002672,AWB260002672,2026-02-20 12:52:21.566245,2026-02-20 13:02:21.566245,2026-02-20 13:35:21.566245,2026-02-20 17:57:25.773818,2026-02-20 18:48:25.773818,2026-02-20 20:35:25.773818,2026-02-20 23:24:20.562282,2026-02-21 06:46:08.513282,2026-02-21 09:50:22.238856,2026-02-21 14:53:06.240574,2026-02-21 19:30:23.970585,2026-02-23 12:52:21.566245,Delivered,Closed,SHP074,Shipper 074,Enterprise,Outer Java,ST15_Medan,HB05_SUMATRA_GATEWAY,Jabodetabek,ST05_Tangerang,HB01_JKT_GATEWAY,Inter-Region,Regular,Prepaid,CR138,Truck,0.52,0.69,0.69,274527,15105,9795,8,1,0,,51.0,72,1,0,,1,0,,0,,30.63,2.82,3.07,ST05_Tangerang,
SHPM002673,AWB260002673,2026-03-03 13:26:53.274488,2026-03-03 13:33:53.274488,2026-03-03 13:50:53.274488,2026-03-03 19:52:20.110771,2026-03-03 20:33:20.110771,2026-03-03 21:33:20.110771,2026-03-03 23:51:01.437317,2026-03-04 06:50:14.534619,2026-03-04 09:16:15.855937,2026-03-05 02:00:27.918509,2026-03-05 13:58:27.250645,2026-03-06 13:26:53.274488,Delivered,Closed,SHP030,Shipper 030,Enterprise,Jabodetabek,ST05_Tangerang,HB01_JKT_GATEWAY,Central Java,ST11_Yogyakarta,HB04_CTG_NATIONAL,Inter-Region,Regular,Prepaid,CR044,Bike,1.4,1.78,1.78,829369,20010,14325,8,1,0,,41.0,72,1,0,,1,0,,0,,48.53,2.29,2.43,ST11_Yogyakarta,
SHPM002674,AWB260002674,2026-03-26 08:43:14.255701,2026-03-26 09:20:14.255701,2026-03-26 09:55:14.255701,2026-03-26 13:58:07.854268,2026-03-26 14:39:07.854268,2026-03-26 15:58:07.854268,2026-03-26 19:44:24.899755,2026-03-27 01:32:02.656648,2026-03-27 08:20:55.097219,2026-03-27 14:57:27.388769,2026-03-28 08:55:32.736912,2026-03-29 08:43:14.255701,Delivered,Closed,SHP051,Shipper 051,Marketplace,Outer Java,ST19_Denpasar,HB06_EASTERN_GATEWAY,East Java,ST13_Malang,HB03_SBY_GATEWAY,Inter-Region,Regular,COD,CR179,Bike,0.97,0.97,0.97,842108,20365,13466,8,1,0,,41.0,72,1,0,,1,0,,0,,48.21,3.77,6.81,ST13_Malang,
SHPM002675,AWB260002675,2026-02-17 13:47:13.103743,2026-02-17 14:01:13.103743,2026-02-17 14:25:13.103743,2026-02-17 18:12:47.578050,2026-02-17 18:49:47.578050,2026-02-17 19:46:47.578050,2026-02-17 20:56:24.821998,2026-02-18 05:24:03.006568,2026-02-18 06:56:25.540375,2026-02-18 22:06:26.158887,2026-02-19 01:37:04.015097,2026-02-19 01:47:13.103743,Delivered,Closed,SHP082,Shipper 082,SME,Outer Java,ST19_Denpasar,HB06_EASTERN_GATEWAY,Central Java,ST10_Solo,HB04_CTG_NATIONAL,Inter-Region,Next Day,COD,CR180,Bike,0.52,0.55,0.55,1022538,26475,18503,4,0,0,,37.0,36,1,0,,1,0,,0,,35.83,1.16,1.54,ST10_Solo,
SHPM002676,AWB260002676,2026-03-14 16:06:34.334759,2026-03-14 16:48:34.334759,2026-03-14 17:12:34.334759,2026-03-15 00:34:56.723169,2026-03-15 01:42:56.723169,2026-03-15 03:35:56.723169,2026-03-15 07:19:36.975767,2026-03-15 16:32:19.783991,2026-03-16 01:02:00.400680,2026-03-16 18:20:21.458713,2026-03-17 13:15:26.833046,2026-03-17 16:06:34.334759,Delivered,Closed,SHP014,Shipper 014,Enterprise,Jabodetabek,ST04_Bekasi,HB01_JKT_GATEWAY,Outer Java,ST20_Banjarmasin,HB06_EASTERN_GATEWAY,Inter-Region,Regular,Prepaid,CR040,Bike,1.84,1.96,1.96,562496,20820,12734,8,1,0,,68.0,72,1,0,,1,0,,0,,69.15,3.73,8.49,ST20_Banjarmasin,
SHPM002677,AWB260002677,2026-03-18 23:16:57.705580,2026-03-18 23:33:57.705580,2026-03-18 23:45:57.705580,2026-03-19 06:01:41.074641,2026-03-19 06:45:41.074641,2026-03-19 07:47:41.074641,2026-03-19 08:54:40.518182,2026-03-19 16:02:49.526806,2026-03-20 01:57:21.737424,2026-03-20 13:08:57.405071,2026-03-21 05:02:46.342104,2026-03-21 23:16:57.705580,Delivered,Closed,SHP049,Shipper 049,Enterprise,Jabodetabek,ST02_JKT_West,HB01_JKT_GATEWAY,West Java,ST06_Bandung,HB01_JKT_GATEWAY,Inter-Region,Regular,COD,CR012,Bike,0.92,1.0,1.0,2503913,20500,15032,8,1,0,,44.0,72,1,0,,1,0,,0,,53.76,1.12,9.91,ST06_Bandung,
SHPM002678,AWB260002678,2026-02-17 00:45:09.558878,2026-02-17 00:53:09.558878,2026-02-17 01:51:09.558878,2026-02-17 05:32:41.918298,2026-02-17 06:21:41.918298,2026-02-17 07:15:41.918298,2026-02-17 09:17:25.401366,2026-02-17 18:43:59.448580,2026-02-17 22:43:47.046105,2026-02-18 06:25:51.596701,2026-02-19 05:14:05.197231,2026-02-20 00:45:09.558878,Delivered,Closed,SHP057,Shipper 057,SME,Central Java,ST09_Semarang,HB04_CTG_NATIONAL,Outer Java,ST20_Banjarmasin,HB06_EASTERN_GATEWAY,Inter-Region,Regular,Prepaid,CR089,Van,2.66,3.71,3.71,1640775,28695,25913,8,1,0,,49.0,72,1,0,,1,0,,0,,52.48,2.03,4.0,ST20_Banjarmasin,
SHPM002679,AWB260002679,2026-03-09 18:16:57.272179,2026-03-09 18:40:57.272179,2026-03-09 19:11:57.272179,2026-03-09 23:55:55.522590,2026-03-10 00:24:55.522590,2026-03-10 01:21:55.522590,2026-03-10 04:49:24.928329,2026-03-10 08:03:34.889104,2026-03-10 17:31:24.899589,2026-03-11 10:42:04.468371,2026-03-11 20:08:15.438326,2026-03-12 18:16:57.272179,Delivered,Closed,SHP027,Shipper 027,SME,Jabodetabek,ST05_Tangerang,HB01_JKT_GATEWAY,West Java,ST07_Cirebon,HB02_BDG_TRANSIT,Inter-Region,Regular,COD,CR053,Bike,1.14,1.05,1.14,2341982,21130,11802,8,1,0,,29.0,72,1,0,,1,0,,0,,49.86,3.46,9.46,ST07_Cirebon,
SHPM002680,AWB260002680,2026-03-27 19:29:50.627722,2026-03-27 20:08:50.627722,2026-03-27 20:39:50.627722,2026-03-27 21:20:46.236933,2026-03-27 22:05:46.236933,2026-03-27 22:25:46.236933,2026-03-28 03:31:11.560023,2026-03-28 08:56:56.013316,2026-03-28 11:20:09.069522,2026-03-28 21:56:26.013313,2026-03-29 02:29:35.220447,2026-03-28 11:29:50.627722,Delivered,Closed,SHP073,Shipper 073,Marketplace,Outer Java,ST15_Medan,HB05_SUMATRA_GATEWAY,Central Java,ST10_Solo,HB04_CTG_NATIONAL,Inter-Region,Same Day,COD,CR144,Bike,1.47,2.15,2.15,1280015,40675,23488,2,1,0,,45.0,16,0,0,,1,0,,0,,31.0,5.09,2.39,ST10_Solo,Last Mile Delay
SHPM002681,AWB260002681,2026-03-28 05:21:00.663236,2026-03-28 06:04:00.663236,2026-03-28 06:27:00.663236,2026-03-28 09:12:45.815912,2026-03-28 09:40:45.815912,2026-03-28 11:13:45.815912,2026-03-28 14:21:24.430380,2026-03-28 16:44:46.507837,2026-03-28 19:43:24.637064,2026-03-29 00:14:35.178941,2026-03-29 09:52:41.167847,2026-03-29 05:21:00.663236,Delivered,Closed,SHP041,Shipper 041,SME,West Java,ST08_Bogor,HB01_JKT_GATEWAY,West Java,ST08_Bogor,HB01_JKT_GATEWAY,Intra-Region,Next Day,Prepaid,CR077,Bike,1.0,1.37,1.37,565849,26165,19414,4,1,0,,28.0,24,0,0,,1,0,,0,,28.53,3.13,2.98,ST08_Bogor,Last Mile Delay
SHPM002682,AWB260002682,2026-03-25 18:31:54.572010,2026-03-25 18:50:54.572010,2026-03-25 19:29:54.572010,2026-03-25 21:09:00.169111,2026-03-25 21:44:00.169111,2026-03-25 23:03:00.169111,2026-03-26 02:42:54.909119,2026-03-26 10:40:23.565760,2026-03-26 21:01:59.017450,2026-03-27 04:45:34.471142,2026-03-27 07:54:19.740014,2026-03-26 10:31:54.572010,Delivered,Closed,SHP027,Shipper 027,SME,Jabodetabek,ST05_Tangerang,HB01_JKT_GATEWAY,Central Java,ST10_Solo,HB04_CTG_NATIONAL,Inter-Region,Same Day,Prepaid,CR044,Van,1.57,1.58,1.58,613220,34110,19193,2,0,0,,35.0,16,0,0,,1,0,,0,,37.37,3.67,10.36,ST10_Solo,First Mile Delay
SHPM002683,AWB260002683,2026-03-27 23:28:46.324917,2026-03-27 23:59:46.324917,2026-03-28 00:13:46.324917,2026-03-28 06:44:42.012751,2026-03-28 07:23:42.012751,2026-03-28 07:56:42.012751,2026-03-28 10:03:33.527257,2026-03-28 13:46:29.445875,2026-03-28 17:01:59.540928,2026-03-29 05:28:56.156314,,2026-03-30 23:28:46.324917,Delivery Exception,Exception,SHP080,Shipper 080,SME,Outer Java,ST19_Denpasar,HB06_EASTERN_GATEWAY,East Java,ST14_Kediri,HB03_SBY_GATEWAY,Inter-Region,Regular,Prepaid,CR176,Truck,1.16,1.17,1.17,1352660,17265,11097,8,1,0,,39.0,72,0,1,Customer Not Home,3,0,,0,,228.52,2.11,3.26,ST14_Kediri,Delivery Exception
SHPM002684,AWB260002684,2026-03-12 15:10:45.304018,2026-03-12 15:24:45.304018,2026-03-12 15:56:45.304018,2026-03-13 00:01:26.716884,2026-03-13 01:47:26.716884,2026-03-13 03:08:26.716884,2026-03-13 08:47:34.084593,2026-03-13 11:35:12.554521,2026-03-13 21:32:23.354389,2026-03-14 12:26:57.887332,2026-03-14 18:56:10.561890,2026-03-15 15:10:45.304018,Delivered,Closed,SHP036,Shipper 036,Marketplace,West Java,ST07_Cirebon,HB02_BDG_TRANSIT,Jabodetabek,ST04_Bekasi,HB01_JKT_GATEWAY,Inter-Region,Regular,Prepaid,CR064,Van,1.09,1.56,1.56,1098633,19020,15967,8,0,0,,106.0,72,1,0,,1,0,,0,,51.76,5.65,9.95,ST04_Bekasi,
SHPM002685,AWB260002685,2026-02-19 15:08:05.739767,2026-02-19 15:37:05.739767,2026-02-19 15:54:05.739767,2026-02-19 18:51:28.542457,2026-02-19 20:01:28.542457,2026-02-19 21:09:28.542457,2026-02-20 01:25:46.288981,2026-02-20 10:29:36.752076,2026-02-20 19:44:34.657914,2026-02-21 11:43:26.708424,2026-02-21 17:13:55.244239,2026-02-21 03:08:05.739767,Delivered,Closed,SHP035,Shipper 035,Enterprise,Jabodetabek,ST02_JKT_West,HB01_JKT_GATEWAY,East Java,ST14_Kediri,HB03_SBY_GATEWAY,Inter-Region,Next Day,Prepaid,CR016,Van,1.79,1.78,1.79,1100820,28055,21804,4,1,0,,70.0,36,0,0,,1,0,,0,,50.1,4.27,9.25,ST14_Kediri,Last Mile Delay
SHPM002686,AWB260002686,2026-03-26 18:07:22.275387,2026-03-26 18:25:22.275387,2026-03-26 18:50:22.275387,2026-03-26 22:50:13.556601,2026-03-26 23:26:13.556601,2026-03-27 00:51:13.556601,2026-03-27 02:25:18.025467,2026-03-27 11:50:59.468986,2026-03-27 17:47:28.379229,2026-03-28 06:07:41.921094,2026-03-28 12:21:44.838278,2026-03-28 06:07:22.275387,Delivered,Closed,SHP078,Shipper 078,SME,Outer Java,ST17_Makassar,HB06_EASTERN_GATEWAY,Jabodetabek,ST03_JKT_East,HB01_JKT_GATEWAY,Inter-Region,Next Day,Prepaid,CR154,Van,0.63,0.58,0.63,1524424,22835,20859,4,0,0,,36.0,36,0,0,,1,0,,0,,42.24,1.57,5.94,ST03_JKT_East,First Mile Delay
SHPM002687,AWB260002687,2026-02-17 15:35:49.311567,2026-02-17 15:49:49.311567,2026-02-17 15:56:49.311567,2026-02-17 17:44:24.506456,2026-02-17 17:58:24.506456,2026-02-17 19:38:24.506456,2026-02-18 01:05:41.140716,2026-02-18 05:34:45.293295,2026-02-18 12:31:58.085580,2026-02-18 20:46:05.247476,2026-02-19 06:34:32.645224,2026-02-19 03:35:49.311567,Delivered,Closed,SHP056,Shipper 056,Enterprise,Jabodetabek,ST03_JKT_East,HB01_JKT_GATEWAY,East Java,ST12_Surabaya,HB03_SBY_GATEWAY,Inter-Region,Next Day,COD,CR028,Truck,1.37,1.39,1.39,1781486,30255,23720,4,1,0,,14.0,36,0,0,,1,0,,0,,38.98,5.45,6.95,ST12_Surabaya,Last Mile Delay
SHPM002688,AWB260002688,2026-03-27 11:48:56.841747,2026-03-27 12:01:56.841747,2026-03-27 12:18:56.841747,2026-03-27 14:15:55.323231,2026-03-27 15:34:55.323231,2026-03-27 17:05:55.323231,2026-03-27 21:01:36.611613,2026-03-28 05:21:45.423283,2026-03-28 15:34:45.461377,2026-03-29 03:20:46.870694,2026-03-29 07:08:38.440867,2026-03-28 23:48:56.841747,Delivered,Closed,SHP056,Shipper 056,Enterprise,Jabodetabek,ST05_Tangerang,HB01_JKT_GATEWAY,West Java,ST07_Cirebon,HB02_BDG_TRANSIT,Inter-Region,Next Day,Prepaid,CR053,Bike,0.41,0.42,0.42,815123,21890,20729,4,1,0,,79.0,36,0,0,,1,0,,0,,43.33,3.93,10.22,ST07_Cirebon,Hub Bottleneck
SHPM002689,AWB260002689,2026-03-27 16:02:59.320883,2026-03-27 16:19:59.320883,2026-03-27 17:08:59.320883,2026-03-27 18:40:10.892971,2026-03-27 19:52:10.892971,2026-03-27 21:01:10.892971,2026-03-27 23:27:49.306208,2026-03-28 08:10:21.969328,2026-03-28 12:42:41.300594,2026-03-28 21:13:13.680729,2026-03-29 07:25:46.813852,2026-03-29 04:02:59.320883,Delivered,Closed,SHP066,Shipper 066,Marketplace,West Java,ST07_Cirebon,HB02_BDG_TRANSIT,Central Java,ST11_Yogyakarta,HB04_CTG_NATIONAL,Inter-Region,Next Day,Prepaid,CR069,Van,1.25,1.42,1.42,837329,26390,18014,4,1,0,,72.0,36,0,0,,1,0,,0,,39.38,2.44,4.54,ST11_Yogyakarta,Last Mile Delay
SHPM002690,AWB260002690,2026-03-03 13:55:28.397447,2026-03-03 14:34:28.397447,2026-03-03 15:05:28.397447,2026-03-03 21:30:21.691154,2026-03-03 22:08:21.691154,2026-03-03 22:25:21.691154,2026-03-04 00:59:02.266604,2026-03-04 05:46:19.249920,2026-03-05 04:19:44.581667,2026-03-05 18:23:53.143044,2026-03-06 01:05:20.671797,2026-03-06 13:55:28.397447,Delivered,Closed,SHP068,Shipper 068,Marketplace,East Java,ST13_Malang,HB03_SBY_GATEWAY,Jabodetabek,ST03_JKT_East,HB01_JKT_GATEWAY,Inter-Region,Regular,Prepaid,CR116,Bike,1.02,1.0,1.02,1229529,16590,9792,8,1,0,,38.0,72,1,0,,1,0,,0,,59.16,2.56,22.56,ST03_JKT_East,
SHPM002691,AWB260002691,2026-03-02 14:43:36.375566,2026-03-02 14:53:36.375566,2026-03-02 15:27:36.375566,2026-03-02 18:57:22.994803,2026-03-02 19:09:22.994803,2026-03-02 20:47:22.994803,2026-03-02 23:17:55.617216,2026-03-03 03:32:42.155442,2026-03-03 19:43:24.434593,2026-03-04 03:06:03.959717,2026-03-04 13:21:11.770916,2026-03-03 14:43:36.375566,Delivered,Closed,SHP006,Shipper 006,Marketplace,East Java,ST14_Kediri,HB03_SBY_GATEWAY,East Java,ST14_Kediri,HB03_SBY_GATEWAY,Intra-Region,Next Day,COD,CR131,Bike,1.74,2.41,2.41,2368649,34845,26686,4,0,0,,12.0,24,0,0,,1,0,,0,,46.63,2.51,16.18,ST14_Kediri,First Mile Delay
SHPM002692,AWB260002692,2026-03-27 18:59:38.391433,2026-03-27 19:05:38.391433,2026-03-27 20:02:38.391433,2026-03-27 21:23:18.639888,2026-03-27 22:14:18.639888,2026-03-27 22:47:18.639888,2026-03-28 03:26:50.179413,2026-03-28 10:19:22.000514,2026-03-28 21:33:24.520122,2026-03-29 07:28:22.951223,2026-03-29 21:10:06.249805,2026-03-30 18:59:38.391433,Delivered,Closed,SHP009,Shipper 009,Marketplace,West Java,ST06_Bandung,HB01_JKT_GATEWAY,Jabodetabek,ST03_JKT_East,HB01_JKT_GATEWAY,Inter-Region,Regular,COD,CR063,Bike,0.39,0.41,0.41,888557,17845,11674,8,1,0,,51.0,72,1,0,,1,0,,0,,50.17,4.66,11.23,ST03_JKT_East,
SHPM002693,AWB260002693,2026-03-30 12:41:50.973086,2026-03-30 13:07:50.973086,2026-03-30 13:35:50.973086,2026-03-30 21:55:44.112443,2026-03-30 22:33:44.112443,2026-03-30 22:51:44.112443,2026-03-31 04:23:06.253314,2026-03-31 08:49:45.567098,2026-03-31 17:46:19.295146,2026-04-01 08:10:54.355874,2026-04-01 16:33:30.341863,2026-04-02 12:41:50.973086,Delivered,Closed,SHP099,Shipper 099,SME,West Java,ST08_Bogor,HB01_JKT_GATEWAY,East Java,ST12_Surabaya,HB03_SBY_GATEWAY,Inter-Region,Regular,Prepaid,CR082,Van,2.39,2.3,2.39,801256,22755,20283,8,0,0,,38.0,72,1,0,,1,0,,0,,51.86,5.52,8.94,ST12_Surabaya,
SHPM002694,AWB260002694,2026-03-05 22:28:19.603844,2026-03-05 22:48:19.603844,2026-03-05 23:12:19.603844,2026-03-06 02:46:30.142605,2026-03-06 03:18:30.142605,2026-03-06 04:02:30.142605,2026-03-06 08:29:26.954057,2026-03-06 15:28:42.917776,2026-03-06 18:35:23.971242,2026-03-07 03:26:52.778118,2026-03-07 10:20:15.931739,2026-03-08 22:28:19.603844,Delivered,Closed,SHP057,Shipper 057,SME,Central Java,ST10_Solo,HB04_CTG_NATIONAL,Outer Java,ST16_Palembang,HB05_SUMATRA_GATEWAY,Inter-Region,Regular,Prepaid,CR098,Van,0.59,0.96,0.96,852665,16320,14464,8,1,0,,32.0,72,1,0,,1,0,,0,,35.87,4.45,3.11,ST16_Palembang,
SHPM002695,AWB260002695,2026-03-25 14:55:21.778075,2026-03-25 15:05:21.778075,2026-03-25 15:48:21.778075,2026-03-25 21:28:42.135885,2026-03-25 22:33:42.135885,2026-03-26 00:11:42.135885,2026-03-26 02:43:48.966307,2026-03-26 10:18:08.034165,2026-03-26 16:10:22.088978,2026-03-27 06:51:32.455768,2026-03-27 23:35:38.881113,2026-03-28 14:55:21.778075,Delivered,Closed,SHP093,Shipper 093,SME,East Java,ST13_Malang,HB03_SBY_GATEWAY,Jabodetabek,ST03_JKT_East,HB01_JKT_GATEWAY,Inter-Region,Regular,COD,CR115,Bike,0.72,0.68,0.72,1041858,19240,14952,8,1,0,,65.0,72,1,0,,1,0,,0,,56.67,2.54,5.87,ST03_JKT_East,
SHPM002696,AWB260002696,2026-02-28 16:18:22.798022,2026-02-28 16:38:22.798022,2026-02-28 17:27:22.798022,2026-02-28 17:45:01.999648,2026-02-28 18:23:01.999648,2026-02-28 19:49:01.999648,2026-03-01 01:12:44.636516,2026-03-01 06:32:52.222704,2026-03-01 18:44:33.087864,2026-03-02 02:37:40.071609,2026-03-02 06:51:29.080941,2026-03-01 08:18:22.798022,Delivered,Closed,SHP046,Shipper 046,SME,East Java,ST14_Kediri,HB03_SBY_GATEWAY,Central Java,ST09_Semarang,HB04_CTG_NATIONAL,Inter-Region,Same Day,Prepaid,CR132,Bike,1.98,1.96,1.98,2192643,35910,25828,2,1,0,,38.0,16,0,0,,1,0,,0,,38.55,5.4,12.19,ST09_Semarang,Hub Bottleneck
SHPM002697,AWB260002697,2026-03-18 23:12:25.591243,2026-03-18 23:22:25.591243,2026-03-18 23:44:25.591243,2026-03-19 04:05:59.929210,2026-03-19 04:13:59.929210,2026-03-19 05:28:59.929210,2026-03-19 07:58:46.090118,2026-03-19 14:21:11.681565,2026-03-20 01:55:18.425384,2026-03-20 18:22:49.839288,2026-03-21 05:42:58.883917,2026-03-21 23:12:25.591243,Delivered,Closed,SHP006,Shipper 006,Marketplace,East Java,ST14_Kediri,HB03_SBY_GATEWAY,Jabodetabek,ST02_JKT_West,HB01_JKT_GATEWAY,Inter-Region,Regular,Prepaid,CR129,Van,0.52,0.8,0.8,1162193,15600,12358,8,1,0,,8.0,72,1,0,,1,0,,0,,54.51,2.5,11.57,ST02_JKT_West,
SHPM002698,AWB260002698,2026-03-02 10:51:05.910543,2026-03-02 10:58:05.910543,2026-03-02 11:39:05.910543,2026-03-02 12:45:49.544147,2026-03-02 13:42:49.544147,2026-03-02 14:18:49.544147,2026-03-02 16:17:54.537188,2026-03-03 00:04:19.899605,2026-03-03 02:14:23.343359,2026-03-03 07:53:43.238499,2026-03-03 14:15:44.846039,2026-03-03 22:51:05.910543,Delivered,Closed,SHP002,Shipper 002,Enterprise,Jabodetabek,ST01_JKT_Central,HB01_JKT_GATEWAY,West Java,ST07_Cirebon,HB02_BDG_TRANSIT,Inter-Region,Next Day,Prepaid,CR009,Van,0.7,0.76,0.76,1605042,23420,16882,4,1,0,,57.0,36,1,0,,1,0,,0,,27.41,1.98,2.17,ST07_Cirebon,
SHPM002699,AWB260002699,2026-03-25 01:02:40.379216,2026-03-25 01:11:40.379216,2026-03-25 01:45:40.379216,2026-03-25 04:00:04.698806,2026-03-25 04:11:04.698806,2026-03-25 05:53:04.698806,2026-03-25 07:32:51.552860,2026-03-25 09:09:26.103549,2026-03-26 01:02:07.038524,2026-03-26 04:45:46.922344,2026-03-26 13:51:28.060312,2026-03-26 01:02:40.379216,Delivered,Closed,SHP074,Shipper 074,Enterprise,Outer Java,ST15_Medan,HB05_SUMATRA_GATEWAY,Outer Java,ST18_Balikpapan,HB06_EASTERN_GATEWAY,Intra-Region,Next Day,Prepaid,CR143,Truck,1.26,1.3,1.3,1682514,25850,14542,4,1,0,,11.0,24,0,0,,1,0,,0,,36.81,1.66,15.88,ST18_Balikpapan,Hub Bottleneck
SHPM002700,AWB260002700,2026-02-17 15:26:24.268796,2026-02-17 15:59:24.268796,2026-02-17 16:12:24.268796,2026-02-17 17:58:18.937806,2026-02-17 18:39:18.937806,2026-02-17 19:19:18.937806,2026-02-18 00:44:35.869807,2026-02-18 04:17:54.919843,2026-02-18 07:19:30.390200,2026-02-18 15:48:01.661793,2026-02-19 00:57:02.035394,2026-02-19 03:26:24.268796,Delivered,Closed,SHP054,Shipper 054,Marketplace,West Java,ST06_Bandung,HB01_JKT_GATEWAY,East Java,ST14_Kediri,HB03_SBY_GATEWAY,Inter-Region,Next Day,Prepaid,CR057,Van,0.77,0.82,0.82,540019,23690,20839,4,1,0,,41.0,36,1,0,,1,0,,0,,33.51,5.42,3.03,ST14_Kediri,
SHPM002701,AWB260002701,2026-02-19 23:29:28.207149,2026-02-19 23:46:28.207149,2026-02-19 23:56:28.207149,,,,,,,,,2026-02-22 23:29:28.207149,Failed Pickup,Exception,SHP061,Shipper 061,Enterprise,Outer Java,ST17_Makassar,HB06_EASTERN_GATEWAY,West Java,ST08_Bogor,HB01_JKT_GATEWAY,Inter-Region,Regular,Prepaid,CR154,Van,1.59,1.82,1.82,2807201,20190,16763,8,0,1,Schedule Miss,,72,0,0,,0,0,,0,,1092.51,,,ST17_Makassar,
SHPM002702,AWB260002702,2026-03-21 04:17:40.543949,2026-03-21 04:30:40.543949,2026-03-21 05:06:40.543949,2026-03-21 05:12:34.478670,2026-03-21 05:27:34.478670,2026-03-21 07:24:34.478670,2026-03-21 10:34:38.832547,2026-03-21 15:33:47.966356,2026-03-21 17:26:25.359328,2026-03-22 02:11:10.435371,2026-03-22 07:23:27.431222,2026-03-21 20:17:40.543949,Delivered,Closed,SHP036,Shipper 036,Marketplace,West Java,ST08_Bogor,HB01_JKT_GATEWAY,East Java,ST12_Surabaya,HB03_SBY_GATEWAY,Inter-Region,Same Day,COD,CR076,Bike,0.44,0.46,0.46,1304818,33070,31177,2,1,0,,15.0,16,0,0,,1,0,,0,,27.1,3.17,1.88,ST12_Surabaya,Last Mile Delay
SHPM002703,AWB260002703,2026-03-24 13:30:01.705458,2026-03-24 13:38:01.705458,2026-03-24 14:41:01.705458,2026-03-24 19:05:27.515366,2026-03-24 20:23:27.515366,2026-03-24 21:43:27.515366,2026-03-25 03:00:06.665507,2026-03-25 09:34:51.864930,2026-03-25 23:27:34.318134,2026-03-26 16:57:00.858556,2026-03-27 08:27:08.137138,2026-03-26 01:30:01.705458,Delivered,Closed,SHP019,Shipper 019,Marketplace,West Java,ST07_Cirebon,HB02_BDG_TRANSIT,Outer Java,ST20_Banjarmasin,HB06_EASTERN_GATEWAY,Inter-Region,Next Day,COD,CR064,Bike,2.97,3.1,3.1,1958320,37950,23693,4,0,0,,78.0,36,0,0,,1,0,,0,,66.95,5.28,13.88,ST20_Banjarmasin,First Mile Delay
SHPM002704,AWB260002704,2026-03-29 16:27:33.988960,2026-03-29 16:34:33.988960,2026-03-29 16:39:33.988960,2026-03-29 18:00:08.951842,2026-03-29 18:47:08.951842,2026-03-29 20:35:08.951842,2026-03-29 21:38:57.981086,2026-03-30 04:48:32.577314,2026-03-31 05:20:10.021386,2026-03-31 14:46:43.743320,2026-03-31 16:30:28.517608,2026-03-30 08:27:33.988960,Delivered,Closed,SHP079,Shipper 079,Marketplace,East Java,ST13_Malang,HB03_SBY_GATEWAY,Jabodetabek,ST03_JKT_East,HB01_JKT_GATEWAY,Inter-Region,Same Day,Prepaid,CR123,Van,1.78,1.81,1.81,2257473,35145,29098,2,1,0,,47.0,16,0,0,,1,0,,0,,48.05,1.06,24.53,ST03_JKT_East,Hub Bottleneck
SHPM002705,AWB260002705,2026-04-01 02:23:02.079993,2026-04-01 02:37:02.079993,2026-04-01 03:21:02.079993,2026-04-01 03:27:36.096888,2026-04-01 04:22:36.096888,2026-04-01 04:59:36.096888,2026-04-01 09:58:16.974593,2026-04-01 16:21:08.787059,2026-04-02 00:02:17.109268,2026-04-02 17:48:56.764241,2026-04-02 19:44:22.337632,2026-04-01 18:23:02.079993,Delivered,Closed,SHP061,Shipper 061,Enterprise,Outer Java,ST17_Makassar,HB06_EASTERN_GATEWAY,Jabodetabek,ST03_JKT_East,HB01_JKT_GATEWAY,Inter-Region,Same Day,Prepaid,CR162,Van,0.67,0.84,0.84,1167951,30780,27588,2,1,0,,55.0,16,0,0,,1,0,,0,,41.36,4.98,7.69,ST03_JKT_East,Last Mile Delay
SHPM002706,AWB260002706,2026-03-14 15:26:36.951038,2026-03-14 15:34:36.951038,2026-03-14 15:56:36.951038,2026-03-14 19:57:09.837536,2026-03-14 20:25:09.837536,2026-03-14 22:11:09.837536,2026-03-14 23:51:20.769623,2026-03-15 09:34:09.293762,2026-03-15 12:31:58.347422,2026-03-16 02:49:28.479591,2026-03-16 10:56:28.750663,2026-03-16 03:26:36.951038,Delivered,Closed,SHP013,Shipper 013,SME,Jabodetabek,ST04_Bekasi,HB01_JKT_GATEWAY,West Java,ST07_Cirebon,HB02_BDG_TRANSIT,Inter-Region,Next Day,Prepaid,CR037,Bike,0.66,0.76,0.76,1649478,23420,18186,4,0,0,,28.0,36,0,0,,1,0,,0,,43.5,1.67,2.96,ST07_Cirebon,First Mile Delay
SHPM002707,AWB260002707,2026-03-26 20:37:58.829349,2026-03-26 20:59:58.829349,2026-03-26 21:22:58.829349,2026-03-26 23:18:36.266297,2026-03-26 23:26:36.266297,2026-03-27 00:16:36.266297,2026-03-27 04:27:45.019722,2026-03-27 12:31:53.140938,2026-03-28 01:58:53.525424,2026-03-28 13:43:54.217083,,2026-03-27 12:37:58.829349,Delivery Exception,Exception,SHP014,Shipper 014,Enterprise,Jabodetabek,ST05_Tangerang,HB01_JKT_GATEWAY,Outer Java,ST15_Medan,HB05_SUMATRA_GATEWAY,Inter-Region,Same Day,Prepaid,CR048,Bike,2.45,2.34,2.45,1076030,38025,35790,2,0,0,,8.0,16,0,1,Customer Reschedule,3,0,,0,,255.37,4.19,13.45,ST15_Medan,Hub Bottleneck
SHPM002708,AWB260002708,2026-03-14 08:23:02.505882,2026-03-14 08:45:02.505882,2026-03-14 08:57:02.505882,,,,,,,,,2026-03-17 08:23:02.505882,Failed Pickup,Exception,SHP095,Shipper 095,Enterprise,Central Java,ST11_Yogyakarta,HB04_CTG_NATIONAL,Jabodetabek,ST03_JKT_East,HB01_JKT_GATEWAY,Inter-Region,Regular,Prepaid,CR100,Bike,0.61,0.58,0.61,1828173,14745,10882,8,0,1,Schedule Miss,,72,0,0,,0,0,,0,,555.62,,,ST11_Yogyakarta,
SHPM002709,AWB260002709,2026-03-14 00:38:38.854471,2026-03-14 01:08:38.854471,2026-03-14 01:43:38.854471,2026-03-14 03:08:42.970808,2026-03-14 04:26:42.970808,2026-03-14 06:19:42.970808,2026-03-14 10:12:07.409992,2026-03-14 14:31:55.711420,2026-03-14 17:31:46.889433,2026-03-14 21:29:44.495196,2026-03-15 02:13:31.787859,2026-03-14 10:38:38.854471,Delivered,Closed,SHP081,Shipper 081,Marketplace,West Java,ST06_Bandung,HB01_JKT_GATEWAY,West Java,ST06_Bandung,HB01_JKT_GATEWAY,Intra-Region,Same Day,Prepaid,CR055,Van,1.06,1.14,1.14,620901,32130,20521,2,0,0,,78.0,10,0,0,,1,0,,0,,25.58,3.87,3.0,ST06_Bandung,First Mile Delay
SHPM002710,AWB260002710,2026-03-29 21:59:19.338094,2026-03-29 22:09:19.338094,2026-03-29 22:28:19.338094,2026-03-29 23:28:40.986938,2026-03-30 00:38:40.986938,2026-03-30 01:50:40.986938,2026-03-30 05:28:40.769283,2026-03-30 10:05:13.497887,2026-03-30 15:02:32.427477,2026-03-30 17:32:06.767361,2026-03-30 21:08:50.525912,2026-03-30 21:59:19.338094,Delivered,Closed,SHP070,Shipper 070,Enterprise,Jabodetabek,ST04_Bekasi,HB01_JKT_GATEWAY,Jabodetabek,ST01_JKT_Central,HB01_JKT_GATEWAY,Intra-Region,Next Day,Prepaid,CR043,Truck,1.96,1.81,1.96,472324,28820,26070,4,1,0,,70.0,24,1,0,,1,0,,0,,23.16,3.63,4.96,ST01_JKT_Central,
SHPM002711,AWB260002711,2026-02-20 07:53:20.075891,2026-02-20 08:21:20.075891,2026-02-20 08:55:20.075891,2026-02-20 15:35:24.556014,2026-02-20 16:54:24.556014,2026-02-20 17:57:24.556014,2026-02-20 22:20:02.965481,2026-02-21 05:35:35.187420,2026-02-21 15:09:00.088851,2026-02-21 21:49:04.975943,2026-02-22 03:44:55.557805,2026-02-23 07:53:20.075891,Delivered,Closed,SHP051,Shipper 051,Marketplace,Outer Java,ST19_Denpasar,HB06_EASTERN_GATEWAY,Jabodetabek,ST03_JKT_East,HB01_JKT_GATEWAY,Inter-Region,Regular,Prepaid,CR174,Van,1.56,1.61,1.61,327984,19245,16848,8,1,0,,79.0,72,1,0,,1,0,,0,,43.86,4.38,9.56,ST03_JKT_East,
SHPM002712,AWB260002712,2026-03-17 02:15:24.329869,2026-03-17 02:48:24.329869,2026-03-17 03:06:24.329869,2026-03-17 07:12:27.007745,2026-03-17 07:38:27.007745,2026-03-17 08:43:27.007745,2026-03-17 10:54:10.114984,2026-03-17 19:45:44.900735,2026-03-18 01:59:53.266779,2026-03-18 17:09:00.663462,2026-03-19 03:19:30.870389,2026-03-18 14:15:24.329869,Delivered,Closed,SHP095,Shipper 095,Enterprise,Central Java,ST11_Yogyakarta,HB04_CTG_NATIONAL,West Java,ST06_Bandung,HB01_JKT_GATEWAY,Inter-Region,Next Day,Prepaid,CR101,Bike,1.15,1.05,1.15,700462,25175,18540,4,0,0,,26.0,36,0,0,,1,0,,0,,49.07,2.18,6.24,ST06_Bandung,First Mile Delay
SHPM002713,AWB260002713,2026-03-20 09:56:05.539834,2026-03-20 10:13:05.539834,2026-03-20 10:39:05.539834,2026-03-20 17:19:44.043003,2026-03-20 18:04:44.043003,2026-03-20 18:26:44.043003,2026-03-20 21:44:46.124735,2026-03-21 03:03:38.718924,2026-03-21 10:47:47.894710,2026-03-22 00:48:40.211030,2026-03-22 16:09:14.872189,2026-03-23 09:56:05.539834,Delivered,Closed,SHP058,Shipper 058,Enterprise,Jabodetabek,ST01_JKT_Central,HB01_JKT_GATEWAY,Central Java,ST09_Semarang,HB04_CTG_NATIONAL,Inter-Region,Regular,Prepaid,CR006,Bike,0.84,0.89,0.89,801146,16005,9527,8,1,0,,45.0,72,1,0,,1,0,,0,,54.22,3.3,7.74,ST09_Semarang,
SHPM002714,AWB260002714,2026-03-09 20:10:56.337249,2026-03-09 20:45:56.337249,2026-03-09 21:52:56.337249,2026-03-09 22:47:18.238383,2026-03-10 00:04:18.238383,2026-03-10 00:37:18.238383,2026-03-10 06:19:12.524077,2026-03-10 10:00:52.681287,2026-03-10 16:24:08.525343,2026-03-12 08:41:59.378783,2026-03-12 11:08:17.927813,2026-03-11 08:10:56.337249,Delivered,Closed,SHP060,Shipper 060,Enterprise,East Java,ST12_Surabaya,HB03_SBY_GATEWAY,Central Java,ST11_Yogyakarta,HB04_CTG_NATIONAL,Inter-Region,Next Day,Prepaid,CR107,Van,2.14,2.34,2.34,1113029,30530,21523,4,1,0,,77.0,36,0,0,,1,1,Invalid Address,0,,62.96,5.7,6.39,ST11_Yogyakarta,Last Mile Delay
SHPM002715,AWB260002715,2026-03-14 12:12:34.614446,2026-03-14 12:20:34.614446,2026-03-14 12:47:34.614446,2026-03-14 15:14:12.762240,2026-03-14 16:07:12.762240,2026-03-14 17:38:12.762240,2026-03-14 21:02:49.471044,2026-03-15 05:53:19.116879,2026-03-15 11:38:09.744183,2026-03-15 22:56:35.435713,2026-03-16 03:30:31.505143,2026-03-16 00:12:34.614446,Delivered,Closed,SHP062,Shipper 062,Enterprise,Jabodetabek,ST04_Bekasi,HB01_JKT_GATEWAY,East Java,ST14_Kediri,HB03_SBY_GATEWAY,Inter-Region,Next Day,Prepaid,CR036,Bike,3.08,2.79,3.08,2007298,33860,21839,4,1,0,,53.0,36,0,0,,1,0,,0,,39.3,3.41,5.75,ST14_Kediri,Last Mile Delay
SHPM002716,AWB260002716,2026-02-21 23:50:55.946355,2026-02-21 23:57:55.946355,2026-02-22 00:23:55.946355,2026-02-22 04:04:10.204058,2026-02-22 04:43:10.204058,2026-02-22 06:21:10.204058,2026-02-22 10:33:17.141907,2026-02-22 18:36:26.058372,2026-02-22 20:27:37.535734,2026-02-23 08:11:32.669906,2026-02-23 11:08:50.787323,2026-02-23 11:50:55.946355,Delivered,Closed,SHP005,Shipper 005,Enterprise,Central Java,ST09_Semarang,HB04_CTG_NATIONAL,Jabodetabek,ST01_JKT_Central,HB01_JKT_GATEWAY,Inter-Region,Next Day,COD,CR086,Truck,1.65,1.58,1.65,886240,31425,20239,4,0,0,,39.0,36,1,0,,1,0,,0,,35.3,4.2,1.85,ST01_JKT_Central,
SHPM002717,AWB260002717,2026-03-01 20:57:24.439238,2026-03-01 21:36:24.439238,2026-03-01 22:07:24.439238,2026-03-01 22:23:04.173846,2026-03-01 23:12:04.173846,2026-03-02 00:17:04.173846,2026-03-02 01:48:42.417985,2026-03-02 07:03:09.279363,2026-03-02 20:52:21.015530,2026-03-03 13:55:10.137504,2026-03-03 17:17:30.611109,2026-03-02 12:57:24.439238,Delivered,Closed,SHP076,Shipper 076,Enterprise,West Java,ST08_Bogor,HB01_JKT_GATEWAY,Outer Java,ST17_Makassar,HB06_EASTERN_GATEWAY,Inter-Region,Same Day,Prepaid,CR078,Truck,2.69,2.83,2.83,439522,39735,22676,2,1,0,,49.0,16,0,0,,1,0,,0,,44.34,1.53,13.82,ST17_Makassar,Hub Bottleneck
SHPM002718,AWB260002718,2026-03-14 22:36:05.617323,2026-03-14 23:11:05.617323,2026-03-15 00:04:05.617323,2026-03-15 07:40:05.646918,2026-03-15 08:48:05.646918,2026-03-15 09:52:05.646918,2026-03-15 14:37:06.160462,2026-03-15 22:59:50.407065,2026-03-16 12:44:12.458217,2026-03-16 18:01:18.988072,2026-03-17 06:54:08.847092,2026-03-17 22:36:05.617323,Delivered,Closed,SHP060,Shipper 060,Enterprise,East Java,ST12_Surabaya,HB03_SBY_GATEWAY,Jabodetabek,ST02_JKT_West,HB01_JKT_GATEWAY,Inter-Region,Regular,COD,CR112,Van,1.09,1.85,1.85,469019,24325,22971,8,0,0,,68.0,72,1,0,,1,0,,0,,56.3,4.75,13.74,ST02_JKT_West,
SHPM002719,AWB260002719,2026-03-18 06:17:09.392585,2026-03-18 06:43:09.392585,2026-03-18 07:20:09.392585,2026-03-18 08:36:56.516228,2026-03-18 09:38:56.516228,2026-03-18 10:37:56.516228,2026-03-18 15:02:51.805763,2026-03-19 00:57:20.416875,2026-03-19 04:08:10.320779,2026-03-19 12:33:43.894160,2026-03-19 14:19:30.345371,2026-03-18 22:17:09.392585,Delivered,Closed,SHP009,Shipper 009,Marketplace,West Java,ST06_Bandung,HB01_JKT_GATEWAY,East Java,ST13_Malang,HB03_SBY_GATEWAY,Inter-Region,Same Day,COD,CR062,Bike,3.99,5.66,5.66,2015957,56470,33665,2,1,0,,62.0,16,0,0,,1,0,,0,,32.04,4.42,3.18,ST13_Malang,Last Mile Delay
SHPM002720,AWB260002720,2026-03-30 23:52:06.420620,2026-03-31 00:36:06.420620,2026-03-31 01:14:06.420620,2026-03-31 04:39:42.585891,2026-03-31 04:52:42.585891,2026-03-31 06:48:42.585891,2026-03-31 11:30:08.411615,2026-03-31 15:19:16.006745,2026-03-31 21:54:37.886022,2026-04-01 04:35:15.987090,2026-04-01 10:55:08.252784,2026-04-01 23:52:06.420620,Delivered,Closed,SHP027,Shipper 027,SME,Jabodetabek,ST05_Tangerang,HB01_JKT_GATEWAY,Jabodetabek,ST03_JKT_East,HB01_JKT_GATEWAY,Intra-Region,Regular,Prepaid,CR048,Truck,0.84,0.81,0.84,1808082,15780,13013,8,1,0,,13.0,48,1,0,,1,0,,0,,35.05,4.69,6.59,ST03_JKT_East,
SHPM002721,AWB260002721,2026-03-09 21:12:49.924833,2026-03-09 21:38:49.924833,2026-03-09 22:13:49.924833,2026-03-10 01:29:50.759588,2026-03-10 02:12:50.759588,2026-03-10 03:02:50.759588,2026-03-10 04:28:16.202349,2026-03-10 10:23:48.527626,2026-03-10 12:37:40.135024,2026-03-11 04:01:54.940192,2026-03-11 08:00:43.333019,2026-03-11 09:12:49.924833,Delivered,Closed,SHP011,Shipper 011,Enterprise,Jabodetabek,ST03_JKT_East,HB01_JKT_GATEWAY,Outer Java,ST15_Medan,HB05_SUMATRA_GATEWAY,Inter-Region,Next Day,Prepaid,CR021,Truck,1.73,1.68,1.73,644957,27785,16328,4,1,0,,43.0,36,1,0,,1,0,,0,,34.8,1.42,2.23,ST15_Medan,
SHPM002722,AWB260002722,2026-03-29 16:49:51.326508,2026-03-29 17:27:51.326508,2026-03-29 18:07:51.326508,2026-03-30 01:11:14.442443,2026-03-30 01:35:14.442443,2026-03-30 02:12:14.442443,2026-03-30 05:35:45.732958,2026-03-30 09:00:06.068956,2026-03-30 16:41:12.976593,2026-03-31 09:57:29.960545,2026-04-01 02:12:36.113496,2026-04-01 16:49:51.326508,Delivered,Closed,SHP062,Shipper 062,Enterprise,Jabodetabek,ST04_Bekasi,HB01_JKT_GATEWAY,Central Java,ST09_Semarang,HB04_CTG_NATIONAL,Inter-Region,Regular,COD,CR032,Bike,0.73,0.72,0.73,1430964,19285,16462,8,1,0,,24.0,72,1,0,,1,0,,0,,57.38,3.39,7.69,ST09_Semarang,
SHPM002723,AWB260002723,2026-03-12 19:49:55.162398,2026-03-12 20:13:55.162398,2026-03-12 20:55:55.162398,2026-03-12 23:54:39.529295,2026-03-13 00:02:39.529295,2026-03-13 01:15:39.529295,2026-03-13 05:34:12.027446,2026-03-13 14:02:29.045069,2026-03-13 15:52:45.688083,2026-03-13 22:24:41.906207,2026-03-14 05:31:09.006347,2026-03-14 07:49:55.162398,Delivered,Closed,SHP095,Shipper 095,Enterprise,Central Java,ST11_Yogyakarta,HB04_CTG_NATIONAL,Jabodetabek,ST05_Tangerang,HB01_JKT_GATEWAY,Inter-Region,Next Day,Prepaid,CR100,Van,1.26,1.2,1.26,1582601,25670,18139,4,1,0,,8.0,36,1,0,,1,0,,0,,33.69,4.31,1.84,ST05_Tangerang,
SHPM002724,AWB260002724,2026-03-08 17:54:28.994606,2026-03-08 18:21:28.994606,2026-03-08 19:02:28.994606,2026-03-09 02:18:06.199268,2026-03-09 03:07:06.199268,2026-03-09 03:27:06.199268,2026-03-09 07:29:07.038489,2026-03-09 10:51:38.571088,2026-03-09 14:33:22.137498,2026-03-10 05:40:21.048694,2026-03-10 12:41:30.324093,2026-03-11 17:54:28.994606,Delivered,Closed,SHP080,Shipper 080,SME,Outer Java,ST19_Denpasar,HB06_EASTERN_GATEWAY,Jabodetabek,ST02_JKT_West,HB01_JKT_GATEWAY,Inter-Region,Regular,Prepaid,CR177,Bike,1.04,1.24,1.24,2638696,17580,13368,8,1,0,,49.0,72,1,0,,1,0,,0,,42.78,4.03,3.7,ST02_JKT_West,
SHPM002725,AWB260002725,2026-03-06 09:42:15.587132,2026-03-06 10:20:15.587132,2026-03-06 10:41:15.587132,2026-03-06 13:26:46.081994,2026-03-06 14:12:46.081994,2026-03-06 16:10:46.081994,2026-03-06 20:22:58.814960,2026-03-07 01:45:38.244768,2026-03-07 12:54:27.821208,2026-03-07 21:56:42.531882,2026-03-08 09:17:18.178367,2026-03-09 09:42:15.587132,Delivered,Closed,SHP003,Shipper 003,Marketplace,Outer Java,ST19_Denpasar,HB06_EASTERN_GATEWAY,Central Java,ST11_Yogyakarta,HB04_CTG_NATIONAL,Inter-Region,Regular,Prepaid,CR179,Truck,3.46,3.42,3.46,1777244,27570,20154,8,1,0,,46.0,72,1,0,,1,0,,0,,47.58,4.2,11.15,ST11_Yogyakarta,
SHPM002726,AWB260002726,2026-03-09 03:49:55.425574,2026-03-09 04:17:55.425574,2026-03-09 04:46:55.425574,2026-03-09 07:32:20.863161,2026-03-09 08:17:20.863161,2026-03-09 09:54:20.863161,2026-03-09 15:24:50.228434,2026-03-09 20:40:10.642351,2026-03-11 04:33:33.215256,2026-03-11 18:32:53.047951,2026-03-12 05:43:43.194020,2026-03-10 15:49:55.425574,Delivered,Closed,SHP031,Shipper 031,SME,East Java,ST13_Malang,HB03_SBY_GATEWAY,Outer Java,ST18_Balikpapan,HB06_EASTERN_GATEWAY,Inter-Region,Next Day,Prepaid,CR123,Bike,0.92,0.97,0.97,124447,24365,14292,4,1,0,,45.0,36,0,0,,1,0,,0,,73.9,5.51,31.89,ST18_Balikpapan,Hub Bottleneck
SHPM002727,AWB260002727,2026-02-28 22:51:02.026371,2026-02-28 22:58:02.026371,2026-02-28 23:33:02.026371,2026-03-01 01:09:20.028110,2026-03-01 02:00:20.028110,2026-03-01 02:59:20.028110,2026-03-01 04:18:06.535644,2026-03-01 09:35:50.525070,2026-03-01 12:36:32.346197,2026-03-02 01:10:29.989833,2026-03-02 07:14:17.780523,2026-03-02 10:51:02.026371,Delivered,Closed,SHP070,Shipper 070,Enterprise,Jabodetabek,ST04_Bekasi,HB01_JKT_GATEWAY,Central Java,ST11_Yogyakarta,HB04_CTG_NATIONAL,Inter-Region,Next Day,Prepaid,CR037,Van,1.84,1.71,1.84,620053,28280,17925,4,1,0,,51.0,36,1,0,,1,0,,0,,32.39,1.31,3.01,ST11_Yogyakarta,
SHPM002728,AWB260002728,2026-03-03 19:30:45.055643,2026-03-03 19:49:45.055643,2026-03-03 20:29:45.055643,2026-03-03 20:54:07.501743,2026-03-03 21:26:07.501743,2026-03-03 21:50:07.501743,2026-03-04 00:05:19.363658,2026-03-04 08:09:51.654969,2026-03-04 14:29:40.662274,2026-03-04 19:52:12.152698,2026-03-05 00:46:30.178163,2026-03-04 11:30:45.055643,Delivered,Closed,SHP084,Shipper 084,Enterprise,Central Java,ST11_Yogyakarta,HB04_CTG_NATIONAL,Jabodetabek,ST04_Bekasi,HB01_JKT_GATEWAY,Inter-Region,Same Day,Prepaid,CR101,Bike,0.58,0.55,0.58,1260909,29610,24836,2,1,0,,32.0,16,0,0,,1,0,,0,,29.26,2.25,6.33,ST04_Bekasi,Last Mile Delay
SHPM002729,AWB260002729,2026-02-20 06:57:27.283232,2026-02-20 07:27:27.283232,2026-02-20 08:33:27.283232,,,,,,,,,2026-02-23 06:57:27.283232,Failed Pickup,Exception,SHP057,Shipper 057,SME,Central Java,ST09_Semarang,HB04_CTG_NATIONAL,Jabodetabek,ST05_Tangerang,HB01_JKT_GATEWAY,Inter-Region,Regular,Prepaid,CR086,Truck,0.69,0.73,0.73,1470592,15285,14037,8,0,1,Capacity Full,,72,0,0,,0,0,,0,,1085.04,,,ST09_Semarang,
SHPM002730,AWB260002730,2026-03-09 21:56:32.876970,2026-03-09 22:34:32.876970,2026-03-09 23:05:32.876970,2026-03-10 01:48:45.530427,2026-03-10 01:56:45.530427,2026-03-10 03:06:45.530427,2026-03-10 05:11:27.479930,2026-03-10 11:02:08.177776,2026-03-10 19:32:04.849403,2026-03-11 06:59:52.155444,2026-03-11 16:23:25.733482,2026-03-11 09:56:32.876970,Delivered,Closed,SHP070,Shipper 070,Enterprise,Jabodetabek,ST04_Bekasi,HB01_JKT_GATEWAY,East Java,ST14_Kediri,HB03_SBY_GATEWAY,Inter-Region,Next Day,Prepaid,CR043,Bike,0.77,1.17,1.17,1148494,25265,23448,4,1,0,,8.0,36,0,0,,1,0,,0,,42.45,2.08,8.5,ST14_Kediri,Last Mile Delay
SHPM002731,AWB260002731,2026-04-01 07:58:39.685478,2026-04-01 08:15:39.685478,2026-04-01 08:23:39.685478,2026-04-01 13:33:47.863905,2026-04-01 14:04:47.863905,2026-04-01 14:28:47.863905,2026-04-01 17:45:35.956900,2026-04-01 22:18:26.911506,2026-04-02 08:29:03.731973,2026-04-02 19:39:25.813088,2026-04-03 03:47:48.054229,2026-04-04 07:58:39.685478,Delivered,Closed,SHP004,Shipper 004,Marketplace,Jabodetabek,ST01_JKT_Central,HB01_JKT_GATEWAY,Central Java,ST09_Semarang,HB04_CTG_NATIONAL,Inter-Region,Regular,COD,CR009,Bike,0.88,0.89,0.89,1967013,20005,18199,8,1,0,,31.0,72,1,0,,1,0,,0,,43.82,3.28,10.18,ST09_Semarang,
SHPM002732,AWB260002732,2026-02-18 17:02:48.298197,2026-02-18 17:27:48.298197,2026-02-18 17:50:48.298197,2026-02-18 19:31:05.895064,2026-02-18 20:37:05.895064,2026-02-18 21:40:05.895064,2026-02-19 02:20:49.096374,2026-02-19 05:01:16.222885,2026-02-19 13:03:47.877076,2026-02-20 03:33:48.373979,2026-02-20 09:03:38.244937,2026-02-19 09:02:48.298197,Delivered,Closed,SHP067,Shipper 067,SME,East Java,ST13_Malang,HB03_SBY_GATEWAY,Central Java,ST09_Semarang,HB04_CTG_NATIONAL,Inter-Region,Same Day,COD,CR121,Bike,1.58,2.44,2.44,1856053,41980,30862,2,0,0,,66.0,16,0,0,,1,0,,0,,40.01,4.68,8.04,ST09_Semarang,First Mile Delay
SHPM002733,AWB260002733,2026-03-28 03:46:47.408956,2026-03-28 03:55:47.408956,2026-03-28 04:17:47.408956,2026-03-28 08:28:31.240443,2026-03-28 08:53:31.240443,2026-03-28 09:21:31.240443,2026-03-28 10:22:36.434221,2026-03-28 17:11:00.142565,2026-03-28 22:18:24.782744,2026-03-29 10:11:59.274852,2026-03-29 13:00:01.799879,2026-03-29 15:46:47.408956,Delivered,Closed,SHP059,Shipper 059,Marketplace,Jabodetabek,ST02_JKT_West,HB01_JKT_GATEWAY,West Java,ST06_Bandung,HB01_JKT_GATEWAY,Inter-Region,Next Day,Prepaid,CR018,Bike,1.86,2.57,2.57,1622821,31565,23728,4,0,0,,25.0,36,1,0,,1,0,,0,,33.22,1.02,5.12,ST06_Bandung,
SHPM002734,AWB260002734,2026-03-23 06:01:09.895985,2026-03-23 06:07:09.895985,2026-03-23 06:43:09.895985,2026-03-23 14:29:35.270681,2026-03-23 15:21:35.270681,2026-03-23 16:25:35.270681,2026-03-23 21:06:37.800887,2026-03-24 01:10:18.774262,2026-03-24 04:17:33.596972,2026-03-24 11:29:13.436467,2026-03-25 05:14:29.600365,2026-03-26 06:01:09.895985,Delivered,Closed,SHP084,Shipper 084,Enterprise,Central Java,ST11_Yogyakarta,HB04_CTG_NATIONAL,West Java,ST06_Bandung,HB01_JKT_GATEWAY,Inter-Region,Regular,Prepaid,CR105,Bike,1.15,1.19,1.19,483519,17355,13972,8,0,0,,52.0,72,1,0,,1,0,,0,,47.22,4.68,3.12,ST06_Bandung,
SHPM002735,AWB260002735,2026-02-17 06:38:39.419920,2026-02-17 07:13:39.419920,2026-02-17 07:54:39.419920,2026-02-17 10:45:34.290874,2026-02-17 11:02:34.290874,2026-02-17 12:20:34.290874,2026-02-17 14:32:44.455786,2026-02-17 16:41:28.304653,2026-02-17 20:06:35.986904,2026-02-18 05:44:35.839602,2026-02-18 13:01:41.580845,2026-02-18 18:38:39.419920,Delivered,Closed,SHP096,Shipper 096,Marketplace,Jabodetabek,ST02_JKT_West,HB01_JKT_GATEWAY,Central Java,ST09_Semarang,HB04_CTG_NATIONAL,Inter-Region,Next Day,Prepaid,CR018,Truck,1.56,1.61,1.61,1372627,27245,23161,4,1,0,,17.0,36,1,0,,1,0,,0,,30.38,2.2,3.42,ST09_Semarang,
SHPM002736,AWB260002736,2026-03-24 09:02:24.070260,2026-03-24 09:35:24.070260,2026-03-24 10:05:24.070260,2026-03-24 13:51:17.005465,2026-03-24 13:59:17.005465,2026-03-24 14:23:17.005465,2026-03-24 18:52:04.758354,2026-03-25 03:12:40.308683,2026-03-25 14:49:50.034615,2026-03-25 20:05:55.864160,2026-03-26 00:47:46.212776,2026-03-27 09:02:24.070260,Delivered,Closed,SHP035,Shipper 035,Enterprise,Jabodetabek,ST04_Bekasi,HB01_JKT_GATEWAY,West Java,ST06_Bandung,HB01_JKT_GATEWAY,Inter-Region,Regular,Prepaid,CR032,Bike,1.12,1.73,1.73,868218,19785,17368,8,1,0,,8.0,72,1,0,,1,0,,0,,39.76,4.48,11.62,ST06_Bandung,
SHPM002737,AWB260002737,2026-03-08 11:52:20.051957,2026-03-08 12:06:20.051957,2026-03-08 12:48:20.051957,2026-03-08 19:18:14.518292,2026-03-08 19:39:14.518292,2026-03-08 21:27:14.518292,2026-03-08 23:50:50.856260,2026-03-09 03:56:47.926525,2026-03-09 14:10:44.208403,2026-03-10 05:52:34.870780,2026-03-10 19:29:58.931828,2026-03-11 11:52:20.051957,Delivered,Closed,SHP061,Shipper 061,Enterprise,Outer Java,ST16_Palembang,HB05_SUMATRA_GATEWAY,East Java,ST12_Surabaya,HB03_SBY_GATEWAY,Inter-Region,Regular,Prepaid,CR148,Bike,1.89,1.93,1.93,370903,20685,15436,8,1,0,,21.0,72,1,0,,1,0,,0,,55.63,2.39,10.23,ST12_Surabaya,
SHPM002738,AWB260002738,2026-03-12 03:27:06.975796,2026-03-12 03:47:06.975796,2026-03-12 04:16:06.975796,2026-03-12 05:35:38.835398,2026-03-12 06:36:38.835398,2026-03-12 07:34:38.835398,2026-03-12 10:44:41.239207,2026-03-12 19:38:44.169582,2026-03-13 05:19:21.162830,2026-03-13 15:19:54.298578,2026-03-13 22:47:10.061932,2026-03-13 15:27:06.975796,Delivered,Closed,SHP076,Shipper 076,Enterprise,West Java,ST06_Bandung,HB01_JKT_GATEWAY,Jabodetabek,ST04_Bekasi,HB01_JKT_GATEWAY,Inter-Region,Next Day,Prepaid,CR061,Van,1.1,1.86,1.86,748279,28370,25846,4,1,0,,61.0,36,0,0,,1,0,,0,,43.33,3.17,9.68,ST04_Bekasi,Last Mile Delay
SHPM002739,AWB260002739,2026-02-20 16:04:00.952172,2026-02-20 16:43:00.952172,2026-02-20 16:59:00.952172,2026-02-20 18:44:58.159787,2026-02-20 19:04:58.159787,2026-02-20 20:53:58.159787,2026-02-20 23:13:02.532917,2026-02-21 05:37:51.078782,2026-02-21 08:07:31.069154,2026-02-22 00:23:53.959320,2026-02-22 02:38:51.799335,2026-02-21 08:04:00.952172,Delivered,Closed,SHP098,Shipper 098,Marketplace,Outer Java,ST17_Makassar,HB06_EASTERN_GATEWAY,West Java,ST08_Bogor,HB01_JKT_GATEWAY,Inter-Region,Same Day,Prepaid,CR162,Truck,0.55,0.52,0.55,1521303,29475,16265,2,0,0,,20.0,16,0,0,,1,0,,0,,34.58,2.32,2.49,ST08_Bogor,First Mile Delay
SHPM002740,AWB260002740,2026-03-18 06:31:37.745104,2026-03-18 07:14:37.745104,2026-03-18 07:33:37.745104,2026-03-18 09:06:26.648338,2026-03-18 09:41:26.648338,2026-03-18 10:19:26.648338,2026-03-18 13:06:55.702101,2026-03-18 22:59:46.543365,2026-03-19 02:55:21.649005,2026-03-19 20:11:32.778520,2026-03-19 22:14:56.556334,2026-03-19 18:31:37.745104,Delivered,Closed,SHP072,Shipper 072,Enterprise,Outer Java,ST18_Balikpapan,HB06_EASTERN_GATEWAY,Jabodetabek,ST04_Bekasi,HB01_JKT_GATEWAY,Inter-Region,Next Day,Prepaid,CR170,Bike,1.05,1.35,1.35,2671217,26075,19722,4,1,0,,35.0,36,0,0,,1,0,,0,,39.72,2.79,3.93,ST04_Bekasi,Last Mile Delay
SHPM002741,AWB260002741,2026-03-27 16:56:58.306731,2026-03-27 17:36:58.306731,2026-03-27 18:08:58.306731,2026-03-27 19:51:19.891531,2026-03-27 20:12:19.891531,2026-03-27 21:53:19.891531,2026-03-28 02:54:53.625784,2026-03-28 08:49:29.711353,2026-03-28 20:11:17.084982,2026-03-29 01:55:18.134942,2026-03-29 05:27:01.227182,2026-03-28 08:56:58.306731,Delivered,Closed,SHP086,Shipper 086,Marketplace,Jabodetabek,ST02_JKT_West,HB01_JKT_GATEWAY,East Java,ST13_Malang,HB03_SBY_GATEWAY,Inter-Region,Same Day,Prepaid,CR012,Van,1.3,1.56,1.56,851548,34020,25757,2,0,0,,21.0,16,0,0,,1,0,,0,,36.5,5.03,11.36,ST13_Malang,First Mile Delay
SHPM002742,AWB260002742,2026-02-27 05:57:39.018079,2026-02-27 06:40:39.018079,2026-02-27 07:13:39.018079,2026-02-27 08:33:54.022948,2026-02-27 09:47:54.022948,2026-02-27 10:41:54.022948,2026-02-27 13:17:29.159610,2026-02-27 18:08:21.670149,2026-02-28 03:01:34.560670,2026-02-28 17:25:29.968242,2026-03-01 01:10:31.346755,2026-02-28 17:57:39.018079,Delivered,Closed,SHP002,Shipper 002,Enterprise,Jabodetabek,ST01_JKT_Central,HB01_JKT_GATEWAY,Central Java,ST09_Semarang,HB04_CTG_NATIONAL,Inter-Region,Next Day,Prepaid,CR006,Van,2.05,3.13,3.13,659094,34085,26447,4,1,0,,74.0,36,0,0,,1,0,,0,,43.21,2.59,8.89,ST09_Semarang,Last Mile Delay
SHPM002743,AWB260002743,2026-02-25 03:50:32.142934,2026-02-25 04:13:32.142934,2026-02-25 04:45:32.142934,2026-02-25 05:03:01.964935,2026-02-25 05:20:01.964935,2026-02-25 06:03:01.964935,2026-02-25 11:31:16.918703,2026-02-25 21:27:34.441284,2026-02-26 09:07:14.636997,2026-02-26 23:17:51.445451,2026-02-27 01:57:19.017185,2026-02-25 19:50:32.142934,Delivered,Closed,SHP070,Shipper 070,Enterprise,Jabodetabek,ST04_Bekasi,HB01_JKT_GATEWAY,Central Java,ST09_Semarang,HB04_CTG_NATIONAL,Inter-Region,Same Day,Prepaid,CR043,Van,0.83,0.77,0.83,1233657,30735,18091,2,1,0,,17.0,16,0,0,,1,0,,0,,46.11,5.47,11.66,ST09_Semarang,Hub Bottleneck
SHPM002744,AWB260002744,2026-03-01 11:33:48.334892,2026-03-01 12:01:48.334892,2026-03-01 12:33:48.334892,2026-03-01 19:04:33.878025,2026-03-01 19:40:33.878025,2026-03-01 20:54:33.878025,2026-03-02 02:22:59.446363,2026-03-02 05:44:18.513926,2026-03-02 15:22:40.949366,2026-03-04 16:10:22.856698,2026-03-04 22:51:37.539233,2026-03-04 11:33:48.334892,Delivered,Closed,SHP092,Shipper 092,Marketplace,Jabodetabek,ST03_JKT_East,HB01_JKT_GATEWAY,East Java,ST12_Surabaya,HB03_SBY_GATEWAY,Inter-Region,Regular,Prepaid,CR022,Van,1.3,1.18,1.3,1385553,17850,13979,8,1,0,,36.0,72,0,0,,1,1,Missed Cut-Off,0,,83.3,5.47,9.64,ST12_Surabaya,Last Mile Delay
SHPM002745,AWB260002745,2026-02-23 06:45:39.106810,2026-02-23 07:06:39.106810,2026-02-23 07:46:39.106810,2026-02-23 11:09:12.270523,2026-02-23 11:52:12.270523,2026-02-23 12:48:12.270523,2026-02-23 14:25:09.354607,2026-02-23 23:58:23.714636,2026-02-24 10:59:54.911417,2026-02-24 21:29:16.627617,2026-02-25 01:56:17.824020,2026-02-24 18:45:39.106810,Delivered,Closed,SHP003,Shipper 003,Marketplace,Outer Java,ST15_Medan,HB05_SUMATRA_GATEWAY,West Java,ST08_Bogor,HB01_JKT_GATEWAY,Inter-Region,Next Day,Prepaid,CR144,Van,1.96,1.88,1.96,349851,28820,16235,4,0,0,,43.0,36,0,0,,1,0,,0,,43.18,1.62,11.03,ST08_Bogor,First Mile Delay
SHPM002746,AWB260002746,2026-04-01 08:17:41.310909,2026-04-01 08:35:41.310909,2026-04-01 08:54:41.310909,2026-04-01 11:26:41.921786,2026-04-01 12:49:41.921786,2026-04-01 13:21:41.921786,2026-04-01 17:18:51.674105,2026-04-01 20:42:57.868082,2026-04-02 04:03:26.143880,2026-04-02 15:25:25.678655,2026-04-02 17:46:01.554641,2026-04-02 20:17:41.310909,Delivered,Closed,SHP041,Shipper 041,SME,West Java,ST08_Bogor,HB01_JKT_GATEWAY,Central Java,ST11_Yogyakarta,HB04_CTG_NATIONAL,Inter-Region,Next Day,Prepaid,CR076,Van,1.3,1.34,1.34,360054,26030,19758,4,1,0,,83.0,36,1,0,,1,0,,0,,33.47,3.95,7.34,ST11_Yogyakarta,
SHPM002747,AWB260002747,2026-03-12 13:52:01.771436,2026-03-12 14:20:01.771436,2026-03-12 15:08:01.771436,2026-03-12 21:01:23.441663,2026-03-12 22:22:23.441663,2026-03-13 00:06:23.441663,2026-03-13 01:08:48.402613,2026-03-13 10:25:12.101006,2026-03-13 14:47:37.678346,2026-03-14 01:23:38.127511,2026-03-14 08:07:55.432177,2026-03-15 13:52:01.771436,Delivered,Closed,SHP061,Shipper 061,Enterprise,Outer Java,ST20_Banjarmasin,HB06_EASTERN_GATEWAY,Jabodetabek,ST02_JKT_West,HB01_JKT_GATEWAY,Inter-Region,Regular,Prepaid,CR183,Truck,1.57,1.55,1.57,1184974,19065,12445,8,1,0,,81.0,72,1,0,,1,0,,0,,42.26,1.04,4.37,ST02_JKT_West,
SHPM002748,AWB260002748,2026-03-01 14:44:59.910456,2026-03-01 15:03:59.910456,2026-03-01 15:49:59.910456,2026-03-01 16:59:28.998413,2026-03-01 17:29:28.998413,2026-03-01 18:08:28.998413,2026-03-01 21:15:07.107449,2026-03-02 06:22:03.923129,2026-03-02 13:05:18.244221,2026-03-03 05:25:26.138467,2026-03-03 18:03:52.577874,2026-03-03 02:44:59.910456,Delivered,Closed,SHP014,Shipper 014,Enterprise,Jabodetabek,ST05_Tangerang,HB01_JKT_GATEWAY,Outer Java,ST15_Medan,HB05_SUMATRA_GATEWAY,Inter-Region,Next Day,COD,CR048,Bike,0.55,0.89,0.89,1141128,28005,24602,4,1,0,,30.0,36,0,0,,1,0,,0,,51.31,3.11,6.72,ST15_Medan,Remote Area
SHPM002749,AWB260002749,2026-03-10 13:15:56.514196,2026-03-10 13:56:56.514196,2026-03-10 14:30:56.514196,2026-03-10 14:57:07.790457,2026-03-10 15:14:07.790457,2026-03-10 17:14:07.790457,2026-03-10 23:09:10.024109,2026-03-11 06:16:26.165529,2026-03-11 09:00:22.852181,2026-03-11 16:11:01.772672,2026-03-11 18:06:52.541303,2026-03-11 05:15:56.514196,Delivered,Closed,SHP070,Shipper 070,Enterprise,Jabodetabek,ST04_Bekasi,HB01_JKT_GATEWAY,Central Java,ST11_Yogyakarta,HB04_CTG_NATIONAL,Inter-Region,Same Day,COD,CR034,Van,0.89,0.93,0.93,2039493,35185,30667,2,1,0,,17.0,16,0,0,,1,0,,0,,28.85,5.92,2.73,ST11_Yogyakarta,Last Mile Delay
SHPM002750,AWB260002750,2026-03-18 20:56:41.663009,2026-03-18 21:39:41.663009,2026-03-18 21:56:41.663009,,,,,,,,,2026-03-19 12:56:41.663009,Failed Pickup,Exception,SHP010,Shipper 010,Enterprise,East Java,ST12_Surabaya,HB03_SBY_GATEWAY,Outer Java,ST20_Banjarmasin,HB06_EASTERN_GATEWAY,Inter-Region,Same Day,Prepaid,CR107,Van,0.57,0.61,0.61,729328,29745,26274,2,0,1,Shipper Closed,,16,0,0,,0,0,,0,,447.06,,,ST12_Surabaya,
SHPM002751,AWB260002751,2026-03-31 23:28:09.073104,2026-04-01 00:01:09.073104,2026-04-01 00:32:09.073104,2026-04-01 03:35:26.027716,2026-04-01 04:30:26.027716,2026-04-01 05:54:26.027716,2026-04-01 07:23:18.500017,2026-04-01 10:43:18.941108,2026-04-02 01:11:26.499309,2026-04-02 12:38:16.262402,2026-04-03 03:01:18.796574,2026-04-03 23:28:09.073104,Delivered,Closed,SHP046,Shipper 046,SME,East Java,ST14_Kediri,HB03_SBY_GATEWAY,Jabodetabek,ST02_JKT_West,HB01_JKT_GATEWAY,Inter-Region,Regular,Prepaid,CR133,Van,1.13,1.22,1.22,228447,17490,10143,8,1,0,,55.0,72,1,0,,1,0,,0,,51.55,1.48,14.47,ST02_JKT_West,
SHPM002752,AWB260002752,2026-03-30 07:03:37.795993,2026-03-30 07:17:37.795993,2026-03-30 08:03:37.795993,2026-03-30 10:31:57.923709,2026-03-30 11:31:57.923709,2026-03-30 12:03:57.923709,2026-03-30 17:17:21.719256,2026-03-31 00:36:03.054288,2026-03-31 03:38:37.216285,2026-03-31 11:28:46.006833,2026-03-31 16:37:54.410115,2026-03-31 19:03:37.795993,Delivered,Closed,SHP087,Shipper 087,Enterprise,Jabodetabek,ST04_Bekasi,HB01_JKT_GATEWAY,West Java,ST06_Bandung,HB01_JKT_GATEWAY,Inter-Region,Next Day,Prepaid,CR043,Bike,1.31,1.83,1.83,2434731,28235,21440,4,1,0,,60.0,36,1,0,,1,0,,0,,33.57,5.22,3.04,ST06_Bandung,
SHPM002753,AWB260002753,2026-03-26 00:44:49.562606,2026-03-26 01:12:49.562606,2026-03-26 01:32:49.562606,2026-03-26 03:08:27.432452,2026-03-26 03:46:27.432452,2026-03-26 04:25:27.432452,2026-03-26 06:13:42.701610,2026-03-26 10:31:06.886241,2026-03-26 12:47:55.596037,2026-03-27 03:05:24.358564,2026-03-27 05:52:36.925106,2026-03-26 16:44:49.562606,Delivered,Closed,SHP089,Shipper 089,Enterprise,Central Java,ST11_Yogyakarta,HB04_CTG_NATIONAL,East Java,ST13_Malang,HB03_SBY_GATEWAY,Inter-Region,Same Day,Prepaid,CR106,Van,1.88,1.95,1.95,1243826,35775,21030,2,1,0,,38.0,16,0,0,,1,0,,0,,29.13,1.8,2.28,ST13_Malang,Last Mile Delay
SHPM002754,AWB260002754,2026-03-15 01:02:15.675034,2026-03-15 01:17:15.675034,2026-03-15 02:15:15.675034,2026-03-15 06:20:13.113829,2026-03-15 06:53:13.113829,2026-03-15 08:47:13.113829,2026-03-15 11:12:56.363790,2026-03-15 20:21:08.788534,2026-03-16 00:16:05.165648,2026-03-16 05:40:29.596332,2026-03-16 17:39:45.233559,2026-03-18 01:02:15.675034,Delivered,Closed,SHP063,Shipper 063,Enterprise,Jabodetabek,ST01_JKT_Central,HB01_JKT_GATEWAY,Central Java,ST10_Solo,HB04_CTG_NATIONAL,Inter-Region,Regular,Prepaid,CR010,Bike,0.92,0.88,0.92,735405,16140,15148,8,1,0,,33.0,72,1,0,,1,0,,0,,40.62,2.43,3.92,ST10_Solo,
SHPM002755,AWB260002755,2026-03-18 12:22:01.647381,2026-03-18 12:44:01.647381,2026-03-18 13:13:01.647381,2026-03-18 15:37:05.349211,2026-03-18 16:51:05.349211,2026-03-18 18:19:05.349211,2026-03-18 22:56:11.933943,2026-03-19 05:17:57.199435,2026-03-19 13:32:58.266598,2026-03-19 22:18:51.919269,2026-03-20 12:32:45.350805,2026-03-21 12:22:01.647381,Delivered,Closed,SHP031,Shipper 031,SME,East Java,ST13_Malang,HB03_SBY_GATEWAY,Outer Java,ST17_Makassar,HB06_EASTERN_GATEWAY,Inter-Region,Regular,COD,CR125,Bike,0.66,0.7,0.7,1124857,19150,12640,8,1,0,,74.0,72,1,0,,1,0,,0,,48.18,4.62,8.25,ST17_Makassar,
SHPM002756,AWB260002756,2026-03-18 22:35:21.045924,2026-03-18 22:42:21.045924,2026-03-18 23:23:21.045924,2026-03-19 07:25:40.580694,2026-03-19 07:46:40.580694,2026-03-19 09:22:40.580694,2026-03-19 13:33:14.411450,2026-03-19 18:58:27.258781,2026-03-20 04:36:21.679865,2026-03-20 10:30:38.166589,,2026-03-21 22:35:21.045924,Delivery Exception,Exception,SHP084,Shipper 084,Enterprise,Central Java,ST11_Yogyakarta,HB04_CTG_NATIONAL,West Java,ST06_Bandung,HB01_JKT_GATEWAY,Inter-Region,Regular,COD,CR102,Bike,1.46,2.33,2.33,305091,26485,15971,8,0,0,,21.0,72,0,1,Customer Not Home,2,0,,0,,445.41,4.18,9.63,ST06_Bandung,Delivery Exception
SHPM002757,AWB260002757,2026-02-22 02:31:36.668931,2026-02-22 03:03:36.668931,2026-02-22 03:23:36.668931,2026-02-22 09:45:17.952980,2026-02-22 10:25:17.952980,2026-02-22 10:49:17.952980,2026-02-22 16:21:54.462292,2026-02-23 01:25:32.168655,2026-02-23 04:08:48.598362,2026-02-23 16:46:17.184801,2026-02-24 06:20:44.187650,2026-02-25 02:31:36.668931,Delivered,Closed,SHP056,Shipper 056,Enterprise,Jabodetabek,ST05_Tangerang,HB01_JKT_GATEWAY,West Java,ST07_Cirebon,HB02_BDG_TRANSIT,Inter-Region,Regular,Prepaid,CR046,Bike,0.91,0.84,0.91,347089,16095,11628,8,1,0,,40.0,72,1,0,,1,0,,0,,51.82,5.54,2.72,ST07_Cirebon,
SHPM002758,AWB260002758,2026-03-15 22:28:19.372825,2026-03-15 22:57:19.372825,2026-03-15 23:27:19.372825,2026-03-16 02:24:57.540199,2026-03-16 03:12:57.540199,2026-03-16 04:33:57.540199,2026-03-16 09:58:29.789519,2026-03-16 15:32:34.999045,2026-03-17 01:27:26.859876,2026-03-17 14:47:16.219525,2026-03-17 21:01:24.237092,2026-03-18 22:28:19.372825,Delivered,Closed,SHP087,Shipper 087,Enterprise,Jabodetabek,ST02_JKT_West,HB01_JKT_GATEWAY,West Java,ST07_Cirebon,HB02_BDG_TRANSIT,Inter-Region,Regular,Prepaid,CR015,Van,0.88,1.08,1.08,2618806,16860,15910,8,1,0,,48.0,72,1,0,,1,0,,0,,46.55,5.41,9.91,ST07_Cirebon,
SHPM002759,AWB260002759,2026-03-28 09:16:14.993845,2026-03-28 09:36:14.993845,2026-03-28 10:13:14.993845,,,,,,,,,2026-03-29 21:16:14.993845,Failed Pickup,Exception,SHP051,Shipper 051,Marketplace,Outer Java,ST19_Denpasar,HB06_EASTERN_GATEWAY,Jabodetabek,ST05_Tangerang,HB01_JKT_GATEWAY,Inter-Region,Next Day,COD,CR175,Bike,0.49,0.79,0.79,1159983,27555,21903,4,0,1,Shipper Closed,,36,0,0,,0,0,,0,,218.73,,,ST19_Denpasar,
SHPM002760,AWB260002760,2026-02-21 10:58:51.751106,2026-02-21 11:24:51.751106,2026-02-21 12:03:51.751106,2026-02-21 12:45:40.779742,2026-02-21 13:25:40.779742,2026-02-21 14:27:40.779742,2026-02-21 19:15:57.979988,2026-02-22 02:21:07.596353,2026-02-22 06:38:25.847865,2026-02-22 14:03:40.250015,2026-02-22 23:12:28.333163,2026-02-22 22:58:51.751106,Delivered,Closed,SHP097,Shipper 097,SME,Jabodetabek,ST01_JKT_Central,HB01_JKT_GATEWAY,East Java,ST14_Kediri,HB03_SBY_GATEWAY,Inter-Region,Next Day,COD,CR001,Truck,1.33,1.81,1.81,1952811,32145,19348,4,1,0,,40.0,36,0,0,,1,0,,0,,36.23,4.8,4.29,ST14_Kediri,Last Mile Delay
SHPM002761,AWB260002761,2026-02-16 04:51:43.217994,2026-02-16 05:05:43.217994,2026-02-16 05:32:43.217994,,,,,,,,,2026-02-17 04:51:43.217994,Failed Pickup,Exception,SHP009,Shipper 009,Marketplace,West Java,ST06_Bandung,HB01_JKT_GATEWAY,West Java,ST06_Bandung,HB01_JKT_GATEWAY,Intra-Region,Next Day,Prepaid,CR061,Bike,2.5,2.37,2.5,621116,31250,19940,4,0,1,Shipper Not Ready,,24,0,0,,0,0,,0,,1183.14,,,ST06_Bandung,
SHPM002762,AWB260002762,2026-03-31 14:19:59.223727,2026-03-31 14:33:59.223727,2026-03-31 15:16:59.223727,2026-03-31 15:59:09.571602,2026-03-31 17:07:09.571602,2026-03-31 17:58:09.571602,2026-03-31 22:30:00.874227,2026-04-01 03:18:16.092807,2026-04-01 06:22:12.389695,2026-04-01 13:19:06.178558,2026-04-01 20:43:05.459873,2026-04-02 02:19:59.223727,Delivered,Closed,SHP041,Shipper 041,SME,West Java,ST08_Bogor,HB01_JKT_GATEWAY,Jabodetabek,ST04_Bekasi,HB01_JKT_GATEWAY,Inter-Region,Next Day,Prepaid,CR077,Van,1.37,1.43,1.43,2516035,26435,16691,4,1,0,,68.0,36,1,0,,1,0,,0,,30.39,4.53,3.07,ST04_Bekasi,
SHPM002763,AWB260002763,2026-03-19 09:18:25.385677,2026-03-19 09:37:25.385677,2026-03-19 10:02:25.385677,2026-03-19 13:50:42.219545,2026-03-19 14:13:42.219545,2026-03-19 15:25:42.219545,2026-03-19 16:50:14.477590,2026-03-19 20:27:08.012974,2026-03-20 06:41:11.090312,2026-03-20 23:31:17.506406,2026-03-21 10:00:57.649375,2026-03-22 09:18:25.385677,Delivered,Closed,SHP072,Shipper 072,Enterprise,Outer Java,ST18_Balikpapan,HB06_EASTERN_GATEWAY,West Java,ST06_Bandung,HB01_JKT_GATEWAY,Inter-Region,Regular,Prepaid,CR163,Van,0.72,0.75,0.75,327390,15375,9584,8,1,0,,23.0,72,1,0,,1,0,,0,,48.71,1.41,10.23,ST06_Bandung,
SHPM002764,AWB260002764,2026-02-16 01:08:49.354001,2026-02-16 01:28:49.354001,2026-02-16 01:54:49.354001,2026-02-16 09:53:16.005178,2026-02-16 10:31:16.005178,2026-02-16 12:27:16.005178,2026-02-16 13:46:04.094513,2026-02-16 23:45:36.152030,2026-02-17 09:20:00.689527,2026-02-17 19:52:00.482519,2026-02-18 02:50:49.014080,2026-02-19 01:08:49.354001,Delivered,Closed,SHP090,Shipper 090,Enterprise,East Java,ST13_Malang,HB03_SBY_GATEWAY,Jabodetabek,ST05_Tangerang,HB01_JKT_GATEWAY,Inter-Region,Regular,COD,CR119,Bike,0.38,0.36,0.38,1688092,17710,16009,8,0,0,,38.0,72,1,0,,1,0,,0,,49.7,1.31,9.57,ST05_Tangerang,
SHPM002765,AWB260002765,2026-03-10 19:48:37.957886,2026-03-10 20:15:37.957886,2026-03-10 20:49:37.957886,2026-03-10 22:21:18.391222,2026-03-10 22:40:18.391222,2026-03-11 00:24:18.391222,2026-03-11 02:21:44.097980,2026-03-11 07:22:16.859625,2026-03-11 10:49:36.009549,2026-03-12 02:49:12.325332,2026-03-12 10:02:00.115751,2026-03-12 07:48:37.957886,Delivered,Closed,SHP049,Shipper 049,Enterprise,Jabodetabek,ST05_Tangerang,HB01_JKT_GATEWAY,East Java,ST12_Surabaya,HB03_SBY_GATEWAY,Inter-Region,Next Day,Prepaid,CR047,Bike,1.32,1.29,1.32,925296,25940,17772,4,1,0,,19.0,36,0,0,,1,0,,0,,38.22,1.96,3.46,ST12_Surabaya,Last Mile Delay
SHPM002766,AWB260002766,2026-03-28 07:05:40.990443,2026-03-28 07:11:40.990443,2026-03-28 07:36:40.990443,2026-03-28 09:23:26.701432,2026-03-28 10:26:26.701432,2026-03-28 11:42:26.701432,2026-03-28 13:42:38.937954,2026-03-28 22:52:07.919491,2026-03-29 21:15:12.029365,2026-03-30 07:28:01.125198,2026-03-30 14:17:01.152215,2026-03-29 19:05:40.990443,Delivered,Closed,SHP090,Shipper 090,Enterprise,East Java,ST14_Kediri,HB03_SBY_GATEWAY,Jabodetabek,ST05_Tangerang,HB01_JKT_GATEWAY,Inter-Region,Next Day,COD,CR135,Van,0.28,0.29,0.29,1340714,25305,22186,4,1,0,,63.0,36,0,0,,1,0,,0,,55.19,2.0,22.38,ST05_Tangerang,Hub Bottleneck
SHPM002767,AWB260002767,2026-03-28 03:18:18.484705,2026-03-28 03:46:18.484705,2026-03-28 04:05:18.484705,2026-03-28 05:20:55.123426,2026-03-28 05:53:55.123426,2026-03-28 07:50:55.123426,2026-03-28 13:27:44.622315,2026-03-28 18:23:09.821943,2026-03-29 04:17:17.811406,2026-03-29 15:55:07.987049,2026-03-30 00:52:01.951492,2026-03-29 15:18:18.484705,Delivered,Closed,SHP038,Shipper 038,Marketplace,Jabodetabek,ST01_JKT_Central,HB01_JKT_GATEWAY,Central Java,ST09_Semarang,HB04_CTG_NATIONAL,Inter-Region,Next Day,Prepaid,CR001,Bike,5.65,5.93,5.93,597274,46685,33106,4,1,0,,33.0,36,0,0,,1,0,,0,,45.56,5.61,9.9,ST09_Semarang,Last Mile Delay
SHPM002768,AWB260002768,2026-03-18 12:43:29.283036,2026-03-18 13:08:29.283036,2026-03-18 13:48:29.283036,2026-03-18 20:33:47.405615,2026-03-18 21:09:47.405615,2026-03-18 23:05:47.405615,2026-03-19 03:30:51.405556,2026-03-19 12:21:46.628703,2026-03-19 17:34:56.709136,2026-03-20 03:56:50.962725,2026-03-20 19:15:57.524254,2026-03-21 12:43:29.283036,Delivered,Closed,SHP037,Shipper 037,Marketplace,Central Java,ST11_Yogyakarta,HB04_CTG_NATIONAL,East Java,ST13_Malang,HB03_SBY_GATEWAY,Inter-Region,Regular,COD,CR105,Truck,0.92,1.15,1.15,542668,21175,18997,8,1,0,,36.0,72,1,0,,1,0,,0,,54.54,4.42,5.22,ST13_Malang,
SHPM002769,AWB260002769,2026-03-17 03:17:25.743216,2026-03-17 03:40:25.743216,2026-03-17 04:15:25.743216,2026-03-17 07:56:19.549748,2026-03-17 08:27:19.549748,2026-03-17 10:12:19.549748,2026-03-17 12:38:11.711400,2026-03-17 18:53:38.045026,2026-03-18 05:51:03.014038,2026-03-18 17:09:58.464024,2026-03-19 01:56:40.399221,2026-03-20 03:17:25.743216,Delivered,Closed,SHP069,Shipper 069,SME,West Java,ST06_Bandung,HB01_JKT_GATEWAY,Jabodetabek,ST05_Tangerang,HB01_JKT_GATEWAY,Inter-Region,Regular,Prepaid,CR062,Van,1.23,1.3,1.3,1228113,17850,15831,8,1,0,,31.0,72,1,0,,1,0,,0,,46.65,2.43,10.96,ST05_Tangerang,
SHPM002770,AWB260002770,2026-03-21 02:46:55.572549,2026-03-21 03:18:55.572549,2026-03-21 03:55:55.572549,2026-03-21 06:56:24.152579,2026-03-21 07:43:24.152579,2026-03-21 08:58:24.152579,2026-03-21 14:13:02.307234,2026-03-21 21:35:03.297143,2026-03-22 04:52:12.945101,2026-03-22 19:19:13.599139,2026-03-23 05:27:57.614590,2026-03-24 02:46:55.572549,Delivered,Closed,SHP043,Shipper 043,Marketplace,Central Java,ST09_Semarang,HB04_CTG_NATIONAL,Jabodetabek,ST04_Bekasi,HB01_JKT_GATEWAY,Inter-Region,Regular,Prepaid,CR084,Truck,0.86,0.8,0.86,1119074,15870,10920,8,1,0,,47.0,72,1,0,,1,0,,0,,50.68,5.24,7.29,ST04_Bekasi,
SHPM002771,AWB260002771,2026-03-13 01:40:47.645359,2026-03-13 02:08:47.645359,2026-03-13 02:44:47.645359,2026-03-13 05:46:22.837332,2026-03-13 06:50:22.837332,2026-03-13 07:49:22.837332,2026-03-13 09:15:05.124140,2026-03-13 17:40:31.440595,2026-03-13 21:01:17.751335,2026-03-14 02:09:51.428386,2026-03-14 06:52:49.893618,2026-03-14 13:40:47.645359,Delivered,Closed,SHP080,Shipper 080,SME,Outer Java,ST19_Denpasar,HB06_EASTERN_GATEWAY,Jabodetabek,ST02_JKT_West,HB01_JKT_GATEWAY,Inter-Region,Next Day,Prepaid,CR180,Bike,0.57,0.61,0.61,2271365,22745,15706,4,1,0,,64.0,36,1,0,,1,0,,0,,29.2,1.43,3.35,ST02_JKT_West,
SHPM002772,AWB260002772,2026-02-22 09:07:13.595417,2026-02-22 09:35:13.595417,2026-02-22 10:03:13.595417,2026-02-22 11:22:51.638787,2026-02-22 11:33:51.638787,2026-02-22 12:46:51.638787,2026-02-22 14:02:57.866962,2026-02-22 19:50:37.848361,2026-02-23 09:12:22.356166,2026-02-23 14:41:42.102781,2026-02-23 19:12:57.295607,2026-02-23 21:07:13.595417,Delivered,Closed,SHP058,Shipper 058,Enterprise,Jabodetabek,ST01_JKT_Central,HB01_JKT_GATEWAY,Outer Java,ST19_Denpasar,HB06_EASTERN_GATEWAY,Inter-Region,Next Day,Prepaid,CR003,Van,0.7,0.74,0.74,1231601,23330,17142,4,1,0,,11.0,36,1,0,,1,0,,0,,34.1,1.27,13.36,ST19_Denpasar,
SHPM002773,AWB260002773,2026-03-14 06:02:19.626600,2026-03-14 06:10:19.626600,2026-03-14 06:38:19.626600,2026-03-14 08:45:34.874569,2026-03-14 09:28:34.874569,2026-03-14 10:45:34.874569,2026-03-14 15:21:19.229284,2026-03-14 20:50:22.358463,2026-03-14 23:27:27.281770,2026-03-15 11:04:48.879221,2026-03-16 00:13:50.593613,2026-03-17 06:02:19.626600,Delivered,Closed,SHP013,Shipper 013,SME,Jabodetabek,ST04_Bekasi,HB01_JKT_GATEWAY,East Java,ST12_Surabaya,HB03_SBY_GATEWAY,Inter-Region,Regular,COD,CR037,Truck,0.43,0.43,0.43,240108,17935,15704,8,1,0,,43.0,72,1,0,,1,0,,0,,42.19,4.6,2.62,ST12_Surabaya,
SHPM002774,AWB260002774,2026-03-31 11:21:55.562601,2026-03-31 11:52:55.562601,2026-03-31 12:07:55.562601,2026-03-31 14:02:52.259938,2026-03-31 14:47:52.259938,2026-03-31 15:27:52.259938,2026-03-31 19:46:31.725670,2026-03-31 22:57:00.199127,2026-04-01 03:19:34.510797,2026-04-01 20:54:12.733761,2026-04-02 12:22:51.588205,2026-04-03 11:21:55.562601,Delivered,Closed,SHP070,Shipper 070,Enterprise,Jabodetabek,ST04_Bekasi,HB01_JKT_GATEWAY,Central Java,ST10_Solo,HB04_CTG_NATIONAL,Inter-Region,Regular,Prepaid,CR034,Van,0.91,0.9,0.91,785706,16095,14274,8,1,0,,45.0,72,1,0,,1,0,,0,,49.02,4.31,4.38,ST10_Solo,
SHPM002775,AWB260002775,2026-02-20 12:27:27.596244,2026-02-20 13:06:27.596244,2026-02-20 13:59:27.596244,2026-02-21 01:23:13.143672,2026-02-21 03:10:13.143672,2026-02-21 03:25:13.143672,2026-02-21 11:06:22.272316,2026-02-21 17:32:14.314678,2026-02-22 00:49:49.390552,2026-02-22 15:44:08.719947,2026-02-23 13:18:17.415512,2026-02-23 12:27:27.596244,Delivered,Closed,SHP019,Shipper 019,Marketplace,West Java,ST07_Cirebon,HB02_BDG_TRANSIT,Outer Java,ST19_Denpasar,HB06_EASTERN_GATEWAY,Inter-Region,Regular,Prepaid,CR070,Van,1.53,2.09,2.09,442990,21405,16231,8,0,0,,107.0,72,0,0,,1,0,,0,,72.85,7.69,7.29,ST19_Denpasar,First Mile Delay
SHPM002776,AWB260002776,2026-03-15 06:08:19.241099,2026-03-15 06:43:19.241099,2026-03-15 06:48:19.241099,2026-03-15 15:34:30.206321,2026-03-15 16:08:30.206321,2026-03-15 17:34:30.206321,2026-03-15 19:12:46.850291,2026-03-15 21:03:53.156984,2026-03-16 04:59:44.907970,2026-03-16 06:54:40.618571,2026-03-16 13:08:32.161210,2026-03-17 06:08:19.241099,Delivered,Closed,SHP056,Shipper 056,Enterprise,Jabodetabek,ST03_JKT_East,HB01_JKT_GATEWAY,Jabodetabek,ST02_JKT_West,HB01_JKT_GATEWAY,Intra-Region,Regular,Prepaid,CR020,Van,1.01,0.94,1.01,514558,16545,10736,8,0,0,,34.0,48,1,0,,1,0,,0,,31.0,1.64,7.93,ST02_JKT_West,
SHPM002777,AWB260002777,2026-02-28 21:47:44.169288,2026-02-28 22:26:44.169288,2026-02-28 22:51:44.169288,2026-03-01 03:07:10.735634,2026-03-01 03:15:10.735634,2026-03-01 03:45:10.735634,2026-03-01 05:58:19.499379,2026-03-01 13:30:22.727496,2026-03-01 16:38:01.200734,2026-03-03 02:21:48.780450,2026-03-03 10:19:31.851644,2026-03-03 21:47:44.169288,Delivered,Closed,SHP074,Shipper 074,Enterprise,Outer Java,ST15_Medan,HB05_SUMATRA_GATEWAY,West Java,ST07_Cirebon,HB02_BDG_TRANSIT,Inter-Region,Regular,COD,CR137,Van,1.13,1.17,1.17,1323491,21265,18748,8,1,0,,8.0,72,1,0,,1,1,Missed Cut-Off,0,,60.53,2.22,3.13,ST07_Cirebon,
SHPM002778,AWB260002778,2026-03-18 07:27:27.518731,2026-03-18 08:03:27.518731,2026-03-18 08:46:27.518731,2026-03-18 10:35:53.398121,2026-03-18 11:55:53.398121,2026-03-18 13:11:53.398121,2026-03-18 18:53:33.629143,2026-03-18 22:20:09.627880,2026-03-19 05:13:33.023516,2026-03-19 21:10:05.805355,,2026-03-21 07:27:27.518731,Delivery Exception,Exception,SHP061,Shipper 061,Enterprise,Outer Java,ST15_Medan,HB05_SUMATRA_GATEWAY,West Java,ST07_Cirebon,HB02_BDG_TRANSIT,Inter-Region,Regular,COD,CR141,Van,0.83,1.36,1.36,2056264,22120,17559,8,1,0,,80.0,72,0,1,Cash Issue,2,0,,0,,460.54,5.69,6.89,ST07_Cirebon,Delivery Exception
SHPM002779,AWB260002779,2026-03-24 23:24:58.426817,2026-03-24 23:39:58.426817,2026-03-24 23:48:58.426817,2026-03-25 03:06:28.325702,2026-03-25 03:39:28.325702,2026-03-25 05:10:28.325702,2026-03-25 09:52:13.744253,2026-03-25 16:52:16.207089,2026-03-25 20:44:39.600381,2026-03-26 14:14:41.328318,2026-03-27 05:16:57.647620,2026-03-27 23:24:58.426817,Delivered,Closed,SHP070,Shipper 070,Enterprise,Jabodetabek,ST05_Tangerang,HB01_JKT_GATEWAY,Outer Java,ST20_Banjarmasin,HB06_EASTERN_GATEWAY,Inter-Region,Regular,Prepaid,CR052,Bike,1.41,1.45,1.45,831392,18525,16744,8,1,0,,33.0,72,1,0,,1,0,,0,,53.87,4.7,3.87,ST20_Banjarmasin,
SHPM002780,AWB260002780,2026-03-17 03:04:03.927295,2026-03-17 03:10:03.927295,2026-03-17 03:27:03.927295,2026-03-17 06:04:23.319591,2026-03-17 06:23:23.319591,2026-03-17 08:07:23.319591,2026-03-17 12:32:50.633750,2026-03-17 19:33:53.859263,2026-03-18 01:16:58.115723,2026-03-18 09:57:00.313641,2026-03-18 15:48:16.167549,2026-03-18 15:04:03.927295,Delivered,Closed,SHP054,Shipper 054,Marketplace,West Java,ST06_Bandung,HB01_JKT_GATEWAY,Jabodetabek,ST05_Tangerang,HB01_JKT_GATEWAY,Inter-Region,Next Day,COD,CR056,Bike,1.45,2.44,2.44,1544062,34980,22312,4,1,0,,19.0,36,0,0,,1,0,,0,,36.74,4.42,5.72,ST05_Tangerang,Last Mile Delay
SHPM002781,AWB260002781,2026-02-27 01:24:03.116487,2026-02-27 01:31:03.116487,2026-02-27 02:05:03.116487,2026-02-27 03:33:16.205031,2026-02-27 04:36:16.205031,2026-02-27 05:04:16.205031,2026-02-27 06:50:45.369441,2026-02-27 12:19:17.983951,2026-02-27 22:18:34.163414,2026-02-28 08:26:00.161491,2026-03-01 02:23:02.272497,2026-03-02 01:24:03.116487,Delivered,Closed,SHP056,Shipper 056,Enterprise,Jabodetabek,ST03_JKT_East,HB01_JKT_GATEWAY,West Java,ST08_Bogor,HB01_JKT_GATEWAY,Inter-Region,Regular,Prepaid,CR025,Van,0.46,0.42,0.46,1935383,14070,10604,8,1,0,,63.0,72,1,0,,1,0,,0,,48.98,1.77,9.99,ST08_Bogor,
SHPM002782,AWB260002782,2026-02-16 05:23:28.973090,2026-02-16 05:28:28.973090,2026-02-16 05:59:28.973090,2026-02-16 09:37:40.098824,2026-02-16 10:01:40.098824,2026-02-16 11:08:40.098824,2026-02-16 14:57:58.156225,2026-02-16 22:30:36.476417,2026-02-17 02:19:56.206783,2026-02-17 18:10:50.456340,2026-02-17 20:53:06.894764,2026-02-17 17:23:28.973090,Delivered,Closed,SHP033,Shipper 033,Marketplace,Jabodetabek,ST04_Bekasi,HB01_JKT_GATEWAY,West Java,ST07_Cirebon,HB02_BDG_TRANSIT,Inter-Region,Next Day,Prepaid,CR036,Van,0.72,0.87,0.87,713157,23915,17719,4,0,0,,24.0,36,0,0,,1,0,,0,,39.49,3.82,3.82,ST07_Cirebon,First Mile Delay
SHPM002783,AWB260002783,2026-02-20 18:59:07.717266,2026-02-20 19:06:07.717266,2026-02-20 19:15:07.717266,2026-02-20 21:21:14.511465,2026-02-20 21:29:14.511465,2026-02-20 22:25:14.511465,2026-02-21 00:25:05.178070,2026-02-21 06:20:54.507489,2026-02-21 14:39:06.241943,2026-02-21 22:36:45.629373,2026-02-22 11:55:26.012203,2026-02-23 18:59:07.717266,Delivered,Closed,SHP065,Shipper 065,Marketplace,Jabodetabek,ST01_JKT_Central,HB01_JKT_GATEWAY,Central Java,ST09_Semarang,HB04_CTG_NATIONAL,Inter-Region,Regular,Prepaid,CR003,Bike,0.77,0.8,0.8,2369456,15600,11596,8,1,0,,8.0,72,1,0,,1,0,,0,,40.94,2.0,8.3,ST09_Semarang,
SHPM002784,AWB260002784,2026-03-23 17:25:58.385955,2026-03-23 17:50:58.385955,2026-03-23 18:06:58.385955,2026-03-23 19:53:11.626399,2026-03-23 20:10:11.626399,2026-03-23 21:41:11.626399,2026-03-24 00:08:06.584959,2026-03-24 09:51:14.156510,2026-03-24 13:35:25.770589,2026-03-24 19:25:32.323773,2026-03-25 10:04:07.753765,2026-03-26 17:25:58.385955,Delivered,Closed,SHP097,Shipper 097,SME,Jabodetabek,ST03_JKT_East,HB01_JKT_GATEWAY,Central Java,ST10_Solo,HB04_CTG_NATIONAL,Inter-Region,Regular,Prepaid,CR025,Bike,1.19,1.24,1.24,868029,17580,10512,8,1,0,,17.0,72,1,0,,1,0,,0,,40.64,2.45,3.74,ST10_Solo,
SHPM002785,AWB260002785,2026-03-12 00:39:47.567692,2026-03-12 00:55:47.567692,2026-03-12 01:10:47.567692,2026-03-12 04:38:36.645299,2026-03-12 05:34:36.645299,2026-03-12 06:21:36.645299,2026-03-12 09:12:19.558069,2026-03-12 12:39:05.693087,2026-03-12 19:20:50.222625,2026-03-13 05:18:39.714944,2026-03-13 12:18:25.411534,2026-03-13 12:39:47.567692,Delivered,Closed,SHP095,Shipper 095,Enterprise,Central Java,ST11_Yogyakarta,HB04_CTG_NATIONAL,Outer Java,ST19_Denpasar,HB06_EASTERN_GATEWAY,Inter-Region,Next Day,Prepaid,CR104,Van,1.26,1.18,1.26,979274,25670,19655,4,1,0,,56.0,36,1,0,,1,0,,0,,35.64,2.85,6.7,ST19_Denpasar,
SHPM002786,AWB260002786,2026-03-13 05:47:36.708239,2026-03-13 06:05:36.708239,2026-03-13 06:11:36.708239,2026-03-13 10:51:20.035477,2026-03-13 11:42:20.035477,2026-03-13 13:14:20.035477,2026-03-13 16:03:19.836389,2026-03-14 01:11:11.252038,2026-03-14 07:50:22.239027,2026-03-14 20:25:47.418711,2026-03-15 10:02:14.454145,2026-03-16 05:47:36.708239,Delivered,Closed,SHP053,Shipper 053,Marketplace,Jabodetabek,ST05_Tangerang,HB01_JKT_GATEWAY,Central Java,ST10_Solo,HB04_CTG_NATIONAL,Inter-Region,Regular,Prepaid,CR045,Bike,0.37,0.38,0.38,504016,13710,8916,8,1,0,,51.0,72,1,0,,1,0,,0,,52.24,2.82,6.65,ST10_Solo,
SHPM002787,AWB260002787,2026-03-31 19:32:54.632851,2026-03-31 19:50:54.632851,2026-03-31 20:27:54.632851,2026-04-01 00:05:47.120691,2026-04-01 01:21:47.120691,2026-04-01 02:46:47.120691,2026-04-01 07:41:09.432355,2026-04-01 16:21:45.639323,2026-04-01 19:28:50.579799,2026-04-02 06:22:30.952606,2026-04-02 13:11:54.899660,2026-04-03 19:32:54.632851,Delivered,Closed,SHP023,Shipper 023,Enterprise,West Java,ST08_Bogor,HB01_JKT_GATEWAY,Jabodetabek,ST02_JKT_West,HB01_JKT_GATEWAY,Inter-Region,Regular,Prepaid,CR076,Van,0.67,0.78,0.78,889678,15510,12259,8,1,0,,76.0,72,1,0,,1,0,,0,,41.65,4.91,3.12,ST02_JKT_West,
SHPM002788,AWB260002788,2026-03-31 11:45:18.359428,2026-03-31 12:07:18.359428,2026-03-31 12:19:18.359428,2026-03-31 13:47:03.605540,2026-03-31 14:49:03.605540,2026-03-31 15:06:03.605540,2026-03-31 17:57:14.089569,2026-03-31 21:56:16.524847,2026-04-01 03:48:46.247828,2026-04-01 17:06:50.597701,2026-04-02 00:54:06.669564,2026-04-01 23:45:18.359428,Delivered,Closed,SHP078,Shipper 078,SME,Outer Java,ST17_Makassar,HB06_EASTERN_GATEWAY,East Java,ST12_Surabaya,HB03_SBY_GATEWAY,Inter-Region,Next Day,Prepaid,CR160,Van,1.29,1.86,1.86,1220800,28370,26557,4,1,0,,62.0,36,0,0,,1,0,,0,,37.15,2.85,5.87,ST12_Surabaya,Last Mile Delay
SHPM002789,AWB260002789,2026-02-19 20:26:42.622187,2026-02-19 20:46:42.622187,2026-02-19 21:32:42.622187,2026-02-19 23:16:22.871650,2026-02-19 23:47:22.871650,2026-02-20 01:00:22.871650,2026-02-20 06:44:21.537788,2026-02-20 11:24:12.096742,2026-02-20 15:02:21.376511,2026-02-21 02:30:26.631108,2026-02-21 05:51:42.936342,2026-02-21 08:26:42.622187,Delivered,Closed,SHP028,Shipper 028,Marketplace,Jabodetabek,ST04_Bekasi,HB01_JKT_GATEWAY,East Java,ST12_Surabaya,HB03_SBY_GATEWAY,Inter-Region,Next Day,Prepaid,CR041,Van,0.68,0.71,0.71,846534,23195,21192,4,1,0,,31.0,36,1,0,,1,0,,0,,33.42,5.73,3.64,ST12_Surabaya,
SHPM002790,AWB260002790,2026-03-28 02:45:18.740284,2026-03-28 03:27:18.740284,2026-03-28 03:43:18.740284,2026-03-28 06:20:41.022067,2026-03-28 06:37:41.022067,2026-03-28 07:59:41.022067,2026-03-28 12:24:16.169274,2026-03-28 19:59:25.100253,2026-03-29 03:16:13.652674,2026-03-29 14:46:14.397599,2026-03-30 01:16:21.124266,2026-03-29 14:45:18.740284,Delivered,Closed,SHP023,Shipper 023,Enterprise,West Java,ST08_Bogor,HB01_JKT_GATEWAY,East Java,ST14_Kediri,HB03_SBY_GATEWAY,Inter-Region,Next Day,Prepaid,CR080,Bike,0.68,1.15,1.15,1093687,25175,23855,4,1,0,,17.0,36,0,0,,1,0,,0,,46.52,4.41,7.28,ST14_Kediri,Last Mile Delay
SHPM002791,AWB260002791,2026-03-18 08:51:09.225028,2026-03-18 09:25:09.225028,2026-03-18 09:58:09.225028,2026-03-18 13:08:09.882084,2026-03-18 14:04:09.882084,2026-03-18 14:38:09.882084,2026-03-18 20:38:02.361843,2026-03-19 03:36:04.357186,2026-03-19 13:09:16.110043,2026-03-20 01:27:16.283364,2026-03-20 11:07:43.330622,2026-03-19 20:51:09.225028,Delivered,Closed,SHP029,Shipper 029,SME,Outer Java,ST18_Balikpapan,HB06_EASTERN_GATEWAY,West Java,ST08_Bogor,HB01_JKT_GATEWAY,Inter-Region,Next Day,Prepaid,CR167,Van,1.6,2.38,2.38,989525,30710,20971,4,1,0,,56.0,36,0,0,,1,0,,0,,50.28,6.0,9.55,ST08_Bogor,Last Mile Delay
SHPM002792,AWB260002792,2026-02-18 12:44:35.338658,2026-02-18 12:53:35.338658,2026-02-18 13:22:35.338658,2026-02-18 16:20:09.847818,2026-02-18 16:54:09.847818,2026-02-18 17:10:09.847818,2026-02-18 19:03:08.116765,2026-02-18 21:32:18.895618,2026-02-19 00:20:35.489680,2026-02-19 07:01:48.969051,2026-02-19 17:42:51.053120,2026-02-20 12:44:35.338658,Delivered,Closed,SHP083,Shipper 083,Marketplace,Jabodetabek,ST01_JKT_Central,HB01_JKT_GATEWAY,Jabodetabek,ST01_JKT_Central,HB01_JKT_GATEWAY,Intra-Region,Regular,Prepaid,CR011,Van,2.01,2.19,2.19,529281,21855,17382,8,1,0,,34.0,48,1,0,,1,0,,0,,28.97,1.88,2.8,ST01_JKT_Central,
SHPM002793,AWB260002793,2026-03-27 16:37:43.824693,2026-03-27 16:59:43.824693,2026-03-27 17:30:43.824693,2026-03-27 18:02:35.313620,2026-03-27 18:15:35.313620,2026-03-27 18:55:35.313620,2026-03-28 00:44:02.370620,2026-03-28 03:55:33.176257,2026-03-28 07:03:28.576600,2026-03-28 12:52:58.050174,,2026-03-28 16:37:43.824693,Delivery Exception,Exception,SHP033,Shipper 033,Marketplace,Jabodetabek,ST04_Bekasi,HB01_JKT_GATEWAY,Jabodetabek,ST05_Tangerang,HB01_JKT_GATEWAY,Intra-Region,Next Day,COD,CR038,Van,0.7,0.74,0.74,329793,27330,22209,4,1,0,,13.0,24,0,1,Customer Reschedule,3,0,,0,,235.37,5.81,3.13,ST05_Tangerang,Delivery Exception
SHPM002794,AWB260002794,2026-03-17 14:43:16.648258,2026-03-17 14:50:16.648258,2026-03-17 15:07:16.648258,2026-03-17 15:55:13.183588,2026-03-17 17:28:13.183588,2026-03-17 18:19:13.183588,2026-03-17 22:38:30.486377,2026-03-18 06:49:11.444287,2026-03-18 13:40:17.909951,2026-03-19 03:37:04.718644,2026-03-19 10:33:28.596688,2026-03-19 02:43:16.648258,Delivered,Closed,SHP080,Shipper 080,SME,Outer Java,ST19_Denpasar,HB06_EASTERN_GATEWAY,East Java,ST13_Malang,HB03_SBY_GATEWAY,Inter-Region,Next Day,Prepaid,CR177,Van,1.21,1.79,1.79,448477,28055,17346,4,1,0,,93.0,36,0,0,,1,0,,0,,43.84,4.32,6.85,ST13_Malang,Last Mile Delay
SHPM002795,AWB260002795,2026-03-21 10:58:17.141152,2026-03-21 11:32:17.141152,2026-03-21 12:16:17.141152,2026-03-21 15:52:12.598742,2026-03-21 16:23:12.598742,2026-03-21 16:59:12.598742,2026-03-21 22:57:15.480146,2026-03-22 06:35:57.599545,2026-03-22 12:16:03.907714,2026-03-22 23:09:03.142075,2026-03-23 10:13:46.170663,2026-03-24 10:58:17.141152,Delivered,Closed,SHP041,Shipper 041,SME,West Java,ST08_Bogor,HB01_JKT_GATEWAY,Jabodetabek,ST03_JKT_East,HB01_JKT_GATEWAY,Inter-Region,Regular,Prepaid,CR078,Van,0.61,0.65,0.65,1289174,14925,11585,8,1,0,,31.0,72,1,0,,1,0,,0,,47.26,5.97,5.67,ST03_JKT_East,
SHPM002796,AWB260002796,2026-03-10 22:15:45.172469,2026-03-10 22:24:45.172469,2026-03-10 22:54:45.172469,2026-03-11 05:17:02.962440,2026-03-11 06:06:02.962440,2026-03-11 06:30:02.962440,2026-03-11 10:38:02.934177,2026-03-11 13:11:48.974243,2026-03-11 20:16:24.871135,2026-03-12 05:20:48.483700,2026-03-13 11:12:06.073188,2026-03-13 22:15:45.172469,Delivered,Closed,SHP087,Shipper 087,Enterprise,Jabodetabek,ST02_JKT_West,HB01_JKT_GATEWAY,Outer Java,ST18_Balikpapan,HB06_EASTERN_GATEWAY,Inter-Region,Regular,COD,CR014,Van,1.04,1.01,1.04,1039179,20680,19116,8,1,0,,49.0,72,1,0,,1,0,,0,,60.94,4.13,7.08,ST18_Balikpapan,
SHPM002797,AWB260002797,2026-02-26 14:20:52.625177,2026-02-26 14:28:52.625177,2026-02-26 14:54:52.625177,2026-02-26 19:06:27.681155,2026-02-26 19:20:27.681155,2026-02-26 21:11:27.681155,2026-02-26 22:58:12.368434,2026-02-27 01:58:43.683983,2026-02-27 23:53:25.330371,2026-02-28 13:30:24.014505,2026-02-28 19:32:23.301632,2026-02-28 02:20:52.625177,Delivered,Closed,SHP055,Shipper 055,Marketplace,East Java,ST14_Kediri,HB03_SBY_GATEWAY,West Java,ST08_Bogor,HB01_JKT_GATEWAY,Inter-Region,Next Day,Prepaid,CR133,Truck,0.25,0.27,0.27,1414272,21215,12889,4,0,0,,14.0,36,0,0,,1,0,,0,,53.19,1.78,21.91,ST08_Bogor,First Mile Delay
SHPM002798,AWB260002798,2026-02-28 06:35:14.608117,2026-02-28 07:07:14.608117,2026-02-28 07:38:14.608117,2026-02-28 13:37:09.808605,2026-02-28 13:54:09.808605,2026-02-28 15:03:09.808605,2026-02-28 17:27:39.806306,2026-02-28 21:21:57.214031,2026-03-01 02:56:26.528948,2026-03-01 09:36:09.039847,2026-03-01 17:07:17.820295,2026-03-03 06:35:14.608117,Delivered,Closed,SHP033,Shipper 033,Marketplace,Jabodetabek,ST04_Bekasi,HB01_JKT_GATEWAY,West Java,ST06_Bandung,HB01_JKT_GATEWAY,Inter-Region,Regular,Prepaid,CR031,Van,0.86,1.14,1.14,702393,17130,12570,8,1,0,,17.0,72,1,0,,1,0,,0,,34.53,2.41,5.57,ST06_Bandung,
SHPM002799,AWB260002799,2026-03-25 12:25:49.291779,2026-03-25 12:31:49.291779,2026-03-25 12:40:49.291779,2026-03-25 20:33:49.691722,2026-03-25 21:08:49.691722,2026-03-25 22:09:49.691722,2026-03-26 03:45:24.645427,2026-03-26 09:00:01.300482,2026-03-26 20:31:31.023460,2026-03-27 04:04:17.520410,2026-03-28 03:01:53.974222,2026-03-28 12:25:49.291779,Delivered,Closed,SHP027,Shipper 027,SME,Jabodetabek,ST05_Tangerang,HB01_JKT_GATEWAY,Outer Java,ST15_Medan,HB05_SUMATRA_GATEWAY,Inter-Region,Regular,Prepaid,CR047,Van,1.71,2.39,2.39,850863,22755,14700,8,0,0,,35.0,72,1,0,,1,0,,0,,62.6,5.59,11.52,ST15_Medan,
SHPM002800,AWB260002800,2026-02-24 20:31:50.533268,2026-02-24 20:40:50.533268,2026-02-24 20:56:50.533268,2026-02-25 02:08:03.837595,2026-02-25 02:16:03.837595,2026-02-25 03:15:03.837595,2026-02-25 08:50:30.517704,2026-02-25 11:45:22.111070,2026-02-25 14:00:43.833636,2026-02-25 16:58:11.487657,2026-02-26 07:17:52.676472,2026-02-26 20:31:50.533268,Delivered,Closed,SHP011,Shipper 011,Enterprise,Jabodetabek,ST03_JKT_East,HB01_JKT_GATEWAY,Jabodetabek,ST04_Bekasi,HB01_JKT_GATEWAY,Intra-Region,Regular,Prepaid,CR030,Bike,0.8,0.87,0.87,1003161,15915,11907,8,1,0,,8.0,48,1,0,,1,0,,0,,34.77,5.59,2.26,ST04_Bekasi,
SHPM002801,AWB260002801,2026-02-26 15:09:35.651301,2026-02-26 15:32:35.651301,2026-02-26 15:44:35.651301,2026-02-26 18:34:29.571618,2026-02-26 18:47:29.571618,2026-02-26 19:02:29.571618,2026-02-26 22:15:06.135922,2026-02-27 05:45:54.459217,2026-02-27 14:32:59.010966,2026-02-27 23:49:24.025010,2026-02-28 09:02:06.712943,2026-03-01 15:09:35.651301,Delivered,Closed,SHP013,Shipper 013,SME,Jabodetabek,ST04_Bekasi,HB01_JKT_GATEWAY,East Java,ST13_Malang,HB03_SBY_GATEWAY,Inter-Region,Regular,Prepaid,CR043,Bike,1.14,1.18,1.18,1132269,17310,10358,8,1,0,,13.0,72,1,0,,1,0,,0,,41.88,3.21,8.78,ST13_Malang,
SHPM002802,AWB260002802,2026-03-06 08:50:17.597531,2026-03-06 08:59:17.597531,2026-03-06 09:37:17.597531,2026-03-06 12:02:00.628797,2026-03-06 13:02:00.628797,2026-03-06 13:48:00.628797,2026-03-06 15:08:22.075763,2026-03-07 00:47:41.992186,2026-03-07 14:10:55.449861,2026-03-08 02:20:16.623061,2026-03-08 11:55:27.117559,2026-03-09 08:50:17.597531,Delivered,Closed,SHP020,Shipper 020,SME,East Java,ST14_Kediri,HB03_SBY_GATEWAY,Jabodetabek,ST02_JKT_West,HB01_JKT_GATEWAY,Inter-Region,Regular,COD,CR132,Bike,0.57,0.58,0.58,2278783,18610,12245,8,1,0,,60.0,72,1,0,,1,0,,0,,51.09,1.34,13.39,ST02_JKT_West,
SHPM002803,AWB260002803,2026-02-21 04:11:42.757648,2026-02-21 04:43:42.757648,2026-02-21 05:41:42.757648,2026-02-21 11:03:14.545147,2026-02-21 12:20:14.545147,2026-02-21 13:54:14.545147,2026-02-21 16:05:05.437608,2026-02-21 23:13:50.575684,2026-02-22 10:35:47.393451,2026-02-22 17:50:58.741472,2026-02-23 08:43:41.126055,2026-02-24 04:11:42.757648,Delivered,Closed,SHP023,Shipper 023,Enterprise,West Java,ST08_Bogor,HB01_JKT_GATEWAY,Jabodetabek,ST01_JKT_Central,HB01_JKT_GATEWAY,Inter-Region,Regular,Prepaid,CR079,Van,3.07,2.99,3.07,384761,25815,17339,8,1,0,,77.0,72,1,0,,1,0,,0,,52.53,2.18,11.37,ST01_JKT_Central,
SHPM002804,AWB260002804,2026-03-18 08:14:22.214855,2026-03-18 08:24:22.214855,2026-03-18 08:55:22.214855,2026-03-18 14:39:32.866733,2026-03-18 15:47:32.866733,2026-03-18 17:43:32.866733,2026-03-18 23:21:32.627587,2026-03-19 04:29:17.467319,2026-03-19 09:22:20.729858,2026-03-19 19:46:06.167255,2026-03-20 14:55:52.166164,2026-03-21 08:14:22.214855,Delivered,Closed,SHP049,Shipper 049,Enterprise,Jabodetabek,ST05_Tangerang,HB01_JKT_GATEWAY,Outer Java,ST18_Balikpapan,HB06_EASTERN_GATEWAY,Inter-Region,Regular,Prepaid,CR050,Bike,0.82,0.9,0.9,488496,16050,9265,8,1,0,,68.0,72,1,0,,1,0,,0,,54.69,5.63,4.88,ST18_Balikpapan,
SHPM002805,AWB260002805,2026-02-25 23:11:49.839242,2026-02-25 23:31:49.839242,2026-02-26 00:17:49.839242,2026-02-26 04:11:33.226672,2026-02-26 04:36:33.226672,2026-02-26 05:38:33.226672,2026-02-26 10:26:49.362786,2026-02-26 19:24:38.626126,2026-02-27 08:26:08.684888,2026-02-28 13:43:36.887789,2026-03-01 01:29:04.357349,2026-02-28 23:11:49.839242,Delivered,Closed,SHP055,Shipper 055,Marketplace,East Java,ST13_Malang,HB03_SBY_GATEWAY,Jabodetabek,ST05_Tangerang,HB01_JKT_GATEWAY,Inter-Region,Regular,Prepaid,CR121,Bike,1.45,2.06,2.06,1809264,21270,17446,8,1,0,,25.0,72,0,0,,1,1,Missed Cut-Off,0,,74.29,4.8,13.03,ST05_Tangerang,Hub Bottleneck
SHPM002806,AWB260002806,2026-03-17 17:44:58.121899,2026-03-17 18:13:58.121899,2026-03-17 19:14:58.121899,2026-03-17 22:12:18.287726,2026-03-17 23:58:18.287726,2026-03-18 01:05:18.287726,2026-03-18 03:47:50.672174,2026-03-18 07:38:59.875447,2026-03-19 00:07:30.315600,2026-03-19 13:40:17.074100,2026-03-19 19:41:36.204596,2026-03-19 05:44:58.121899,Delivered,Closed,SHP060,Shipper 060,Enterprise,East Java,ST12_Surabaya,HB03_SBY_GATEWAY,Jabodetabek,ST01_JKT_Central,HB01_JKT_GATEWAY,Inter-Region,Next Day,Prepaid,CR107,Van,1.59,2.2,2.2,897307,29900,24721,4,1,0,,106.0,36,0,0,,1,0,,0,,49.94,2.71,16.48,ST01_JKT_Central,Hub Bottleneck
SHPM002807,AWB260002807,2026-03-16 00:27:32.443085,2026-03-16 00:50:32.443085,2026-03-16 01:09:32.443085,2026-03-16 09:44:09.105783,2026-03-16 09:52:09.105783,2026-03-16 11:36:09.105783,2026-03-16 17:20:46.996149,2026-03-16 23:15:08.947642,2026-03-17 10:07:24.441100,2026-03-18 03:59:08.427386,2026-03-18 17:03:32.566848,2026-03-19 00:27:32.443085,Delivered,Closed,SHP053,Shipper 053,Marketplace,Jabodetabek,ST05_Tangerang,HB01_JKT_GATEWAY,Central Java,ST11_Yogyakarta,HB04_CTG_NATIONAL,Inter-Region,Regular,COD,CR052,Van,0.29,0.26,0.29,912220,17305,10693,8,0,0,,8.0,72,1,0,,1,0,,0,,64.6,5.74,10.87,ST11_Yogyakarta,
SHPM002808,AWB260002808,2026-03-11 22:10:08.227271,2026-03-11 22:30:08.227271,2026-03-11 22:48:08.227271,2026-03-12 04:56:17.407704,2026-03-12 05:12:17.407704,2026-03-12 06:13:17.407704,2026-03-12 08:09:16.660548,2026-03-12 17:29:50.869044,2026-03-13 00:52:25.238040,2026-03-13 15:38:55.070454,2026-03-14 05:10:57.174310,2026-03-14 22:10:08.227271,Delivered,Closed,SHP087,Shipper 087,Enterprise,Jabodetabek,ST01_JKT_Central,HB01_JKT_GATEWAY,Central Java,ST11_Yogyakarta,HB04_CTG_NATIONAL,Inter-Region,Regular,Prepaid,CR004,Bike,2.92,4.32,4.32,334639,31440,29031,8,1,0,,16.0,72,1,0,,1,0,,0,,55.01,1.93,7.38,ST11_Yogyakarta,
SHPM002809,AWB260002809,2026-03-19 02:27:24.635444,2026-03-19 02:37:24.635444,2026-03-19 03:17:24.635444,2026-03-19 06:24:32.562754,2026-03-19 07:41:32.562754,2026-03-19 08:11:32.562754,2026-03-19 13:26:11.638065,2026-03-19 19:06:50.251187,2026-03-20 01:54:44.598059,2026-03-20 12:13:06.825533,2026-03-20 15:07:59.027093,2026-03-20 14:27:24.635444,Delivered,Closed,SHP092,Shipper 092,Marketplace,Jabodetabek,ST03_JKT_East,HB01_JKT_GATEWAY,West Java,ST07_Cirebon,HB02_BDG_TRANSIT,Inter-Region,Next Day,Prepaid,CR029,Bike,2.21,2.27,2.27,1046475,30215,17810,4,1,0,,77.0,36,0,0,,1,0,,0,,36.68,5.24,6.8,ST07_Cirebon,Last Mile Delay
SHPM002810,AWB260002810,2026-02-19 16:34:20.042564,2026-02-19 16:43:20.042564,2026-02-19 16:50:20.042564,2026-02-19 21:50:15.463372,2026-02-19 21:58:15.463372,2026-02-19 22:52:15.463372,2026-02-20 02:44:01.008450,2026-02-20 05:01:29.986983,2026-02-20 13:36:43.493520,2026-02-20 22:41:53.666480,2026-02-21 14:16:43.618488,2026-02-22 16:34:20.042564,Delivered,Closed,SHP023,Shipper 023,Enterprise,West Java,ST08_Bogor,HB01_JKT_GATEWAY,Jabodetabek,ST02_JKT_West,HB01_JKT_GATEWAY,Inter-Region,Regular,COD,CR081,Bike,1.89,2.01,2.01,322197,25045,19437,8,1,0,,8.0,72,1,0,,1,0,,0,,45.71,3.86,8.59,ST02_JKT_West,
SHPM002811,AWB260002811,2026-02-28 03:19:58.145211,2026-02-28 03:46:58.145211,2026-02-28 04:24:58.145211,2026-02-28 07:36:00.639333,2026-02-28 08:21:00.639333,2026-02-28 09:36:00.639333,2026-02-28 11:50:45.178553,2026-02-28 18:44:12.939522,2026-03-01 00:33:06.428043,2026-03-01 17:08:41.733894,2026-03-01 19:17:26.429310,2026-03-01 15:19:58.145211,Delivered,Closed,SHP029,Shipper 029,SME,Outer Java,ST18_Balikpapan,HB06_EASTERN_GATEWAY,Jabodetabek,ST04_Bekasi,HB01_JKT_GATEWAY,Inter-Region,Next Day,Prepaid,CR173,Bike,2.14,2.1,2.14,1576936,29630,24938,4,1,0,,45.0,36,0,0,,1,0,,0,,39.96,2.25,5.81,ST04_Bekasi,Last Mile Delay
SHPM002812,AWB260002812,2026-03-18 05:09:07.033663,2026-03-18 05:35:07.033663,2026-03-18 05:40:07.033663,2026-03-18 12:19:26.772816,2026-03-18 12:46:26.772816,2026-03-18 13:27:26.772816,2026-03-18 19:06:12.851449,2026-03-18 21:21:42.824082,2026-03-18 23:49:22.334944,2026-03-19 17:34:18.943577,2026-03-20 13:31:53.537651,2026-03-21 05:09:07.033663,Delivered,Closed,SHP056,Shipper 056,Enterprise,Jabodetabek,ST02_JKT_West,HB01_JKT_GATEWAY,Outer Java,ST16_Palembang,HB05_SUMATRA_GATEWAY,Inter-Region,Regular,COD,CR018,Truck,2.02,2.53,2.53,495506,27385,18836,8,1,0,,27.0,72,1,0,,1,0,,0,,56.38,5.65,2.46,ST16_Palembang,
SHPM002813,AWB260002813,2026-02-25 20:28:22.652938,2026-02-25 20:47:22.652938,2026-02-25 21:36:22.652938,2026-02-26 02:03:51.084799,2026-02-26 02:58:51.084799,2026-02-26 04:18:51.084799,2026-02-26 11:10:23.818098,2026-02-26 17:33:42.441969,2026-02-27 18:45:42.625814,2026-02-28 03:24:46.506203,,2026-02-27 08:28:22.652938,Delivery Exception,Exception,SHP010,Shipper 010,Enterprise,East Java,ST12_Surabaya,HB03_SBY_GATEWAY,Outer Java,ST15_Medan,HB05_SUMATRA_GATEWAY,Inter-Region,Next Day,Prepaid,CR112,Bike,1.42,2.08,2.08,1200254,29360,19040,4,0,0,,55.0,36,0,1,Customer Not Home,2,0,,0,,951.53,6.86,25.2,ST15_Medan,Hub Bottleneck
SHPM002814,AWB260002814,2026-02-27 06:19:04.212780,2026-02-27 06:52:04.212780,2026-02-27 07:35:04.212780,2026-02-27 09:15:47.011093,2026-02-27 09:23:47.011093,2026-02-27 11:14:47.011093,2026-02-27 14:39:10.464371,2026-02-27 20:27:01.746077,2026-02-28 00:36:26.037993,2026-02-28 06:00:35.956624,2026-02-28 16:58:28.514665,2026-02-28 18:19:04.212780,Delivered,Closed,SHP032,Shipper 032,Marketplace,West Java,ST06_Bandung,HB01_JKT_GATEWAY,Central Java,ST11_Yogyakarta,HB04_CTG_NATIONAL,Inter-Region,Next Day,COD,CR062,Van,0.98,1.27,1.27,1223457,29715,27025,4,1,0,,8.0,36,1,0,,1,0,,0,,34.66,3.41,4.16,ST11_Yogyakarta,
SHPM002815,AWB260002815,2026-03-13 10:06:54.470245,2026-03-13 10:12:54.470245,2026-03-13 10:54:54.470245,2026-03-13 14:37:14.336369,2026-03-13 15:21:14.336369,2026-03-13 17:00:14.336369,2026-03-13 20:43:14.812631,2026-03-14 06:30:34.577712,2026-03-14 16:11:47.486823,2026-03-14 23:23:33.860049,2026-03-15 06:10:00.988226,2026-03-14 22:06:54.470245,Delivered,Closed,SHP027,Shipper 027,SME,Jabodetabek,ST01_JKT_Central,HB01_JKT_GATEWAY,West Java,ST08_Bogor,HB01_JKT_GATEWAY,Inter-Region,Next Day,Prepaid,CR002,Bike,1.17,1.07,1.17,2093648,25265,15283,4,0,0,,44.0,36,0,0,,1,0,,0,,44.05,3.72,9.69,ST08_Bogor,First Mile Delay
SHPM002816,AWB260002816,2026-02-17 21:32:58.636579,2026-02-17 22:07:58.636579,2026-02-17 22:22:58.636579,2026-02-18 05:38:19.130204,2026-02-18 06:16:19.130204,2026-02-18 07:24:19.130204,2026-02-18 09:56:58.675763,2026-02-18 16:13:46.806051,2026-02-19 02:13:18.472229,2026-02-19 11:18:15.361041,2026-02-19 21:56:43.134953,2026-02-20 21:32:58.636579,Delivered,Closed,SHP051,Shipper 051,Marketplace,Outer Java,ST19_Denpasar,HB06_EASTERN_GATEWAY,Central Java,ST09_Semarang,HB04_CTG_NATIONAL,Inter-Region,Regular,Prepaid,CR178,Truck,0.51,0.54,0.54,1214686,14430,13436,8,1,0,,38.0,72,1,0,,1,0,,0,,48.4,2.54,9.99,ST09_Semarang,
SHPM002817,AWB260002817,2026-03-30 03:45:52.815911,2026-03-30 04:26:52.815911,2026-03-30 05:01:52.815911,2026-03-30 11:49:31.869927,2026-03-30 12:30:31.869927,2026-03-30 12:45:31.869927,2026-03-30 17:45:29.886012,2026-03-30 21:31:10.044539,2026-03-31 00:12:01.563172,2026-03-31 04:47:43.972569,2026-03-31 17:25:16.866733,2026-04-01 03:45:52.815911,Delivered,Closed,SHP064,Shipper 064,Marketplace,Jabodetabek,ST04_Bekasi,HB01_JKT_GATEWAY,Jabodetabek,ST02_JKT_West,HB01_JKT_GATEWAY,Intra-Region,Regular,Prepaid,CR036,Bike,0.33,0.38,0.38,384521,13710,11381,8,1,0,,41.0,48,1,0,,1,0,,0,,37.66,5.0,2.68,ST02_JKT_West,
SHPM002818,AWB260002818,2026-03-15 05:22:21.188273,2026-03-15 06:04:21.188273,2026-03-15 06:34:21.188273,2026-03-15 08:22:23.872592,2026-03-15 09:13:23.872592,2026-03-15 09:34:23.872592,2026-03-15 12:36:38.078803,2026-03-15 19:17:57.928627,2026-03-15 23:35:19.898671,2026-03-16 07:43:44.927647,2026-03-16 19:45:33.843823,2026-03-18 05:22:21.188273,Delivered,Closed,SHP050,Shipper 050,Marketplace,Jabodetabek,ST04_Bekasi,HB01_JKT_GATEWAY,Outer Java,ST19_Denpasar,HB06_EASTERN_GATEWAY,Inter-Region,Regular,COD,CR032,Truck,0.92,1.45,1.45,1730612,22525,12849,8,1,0,,51.0,72,1,0,,1,0,,0,,38.39,3.04,4.29,ST19_Denpasar,
SHPM002819,AWB260002819,2026-03-31 22:58:54.217756,2026-03-31 23:33:54.217756,2026-04-01 00:05:54.217756,,,,,,,,,2026-04-01 14:58:54.217756,Failed Pickup,Exception,SHP079,Shipper 079,Marketplace,East Java,ST13_Malang,HB03_SBY_GATEWAY,Outer Java,ST17_Makassar,HB06_EASTERN_GATEWAY,Inter-Region,Same Day,COD,CR119,Van,5.03,4.53,5.03,1565115,53635,42819,2,0,1,Shipper Not Ready,,16,0,0,,0,0,,0,,133.02,,,ST13_Malang,
SHPM002820,AWB260002820,2026-03-26 05:26:04.737380,2026-03-26 05:48:04.737380,2026-03-26 06:36:04.737380,2026-03-26 10:46:58.423458,2026-03-26 11:52:58.423458,2026-03-26 13:11:58.423458,2026-03-26 18:50:03.427768,2026-03-27 01:33:38.556029,2026-03-27 09:58:24.650448,2026-03-27 19:40:58.373667,2026-03-28 07:05:07.318850,2026-03-29 05:26:04.737380,Delivered,Closed,SHP041,Shipper 041,SME,West Java,ST08_Bogor,HB01_JKT_GATEWAY,Central Java,ST11_Yogyakarta,HB04_CTG_NATIONAL,Inter-Region,Regular,Prepaid,CR080,Bike,0.55,0.67,0.67,199959,15015,12021,8,1,0,,66.0,72,1,0,,1,0,,0,,49.65,5.63,8.41,ST11_Yogyakarta,
SHPM002821,AWB260002821,2026-03-18 13:56:56.527377,2026-03-18 14:19:56.527377,2026-03-18 15:22:56.527377,2026-03-18 18:47:21.255443,2026-03-18 19:25:21.255443,2026-03-18 20:04:21.255443,2026-03-19 03:30:57.875794,2026-03-19 13:29:54.934253,2026-03-20 08:26:48.014582,2026-03-20 17:27:06.487222,2026-03-21 01:48:04.131415,2026-03-20 01:56:56.527377,Delivered,Closed,SHP010,Shipper 010,Enterprise,East Java,ST12_Surabaya,HB03_SBY_GATEWAY,Jabodetabek,ST03_JKT_East,HB01_JKT_GATEWAY,Inter-Region,Next Day,Prepaid,CR112,Truck,0.98,1.52,1.52,1497150,26840,16414,4,0,0,,38.0,36,0,0,,1,0,,0,,59.85,7.44,18.95,ST03_JKT_East,First Mile Delay
SHPM002822,AWB260002822,2026-02-24 13:19:20.482142,2026-02-24 13:35:20.482142,2026-02-24 13:49:20.482142,2026-02-24 16:01:58.303633,2026-02-24 16:28:58.303633,2026-02-24 18:16:58.303633,2026-02-24 23:44:27.108416,2026-02-25 05:55:47.374977,2026-02-25 10:31:32.843866,2026-02-25 18:02:32.206219,2026-02-26 00:04:25.006825,2026-02-27 13:19:20.482142,Delivered,Closed,SHP027,Shipper 027,SME,Jabodetabek,ST05_Tangerang,HB01_JKT_GATEWAY,East Java,ST14_Kediri,HB03_SBY_GATEWAY,Inter-Region,Regular,Prepaid,CR045,Bike,1.79,2.9,2.9,651881,25050,17175,8,1,0,,27.0,72,1,0,,1,0,,0,,34.75,5.46,4.6,ST14_Kediri,
SHPM002823,AWB260002823,2026-03-10 07:24:48.867814,2026-03-10 07:50:48.867814,2026-03-10 08:34:48.867814,2026-03-10 11:54:50.372106,2026-03-10 12:26:50.372106,2026-03-10 13:52:50.372106,2026-03-10 17:09:25.475839,2026-03-11 00:31:45.633695,2026-03-11 14:52:21.671524,2026-03-12 01:22:22.456056,2026-03-12 05:15:46.861408,2026-03-11 19:24:48.867814,Delivered,Closed,SHP090,Shipper 090,Enterprise,East Java,ST14_Kediri,HB03_SBY_GATEWAY,Jabodetabek,ST02_JKT_West,HB01_JKT_GATEWAY,Inter-Region,Next Day,COD,CR129,Bike,0.72,1.2,1.2,1426171,29400,22157,4,0,0,,32.0,36,0,0,,1,0,,0,,45.85,3.28,14.34,ST02_JKT_West,First Mile Delay
SHPM002824,AWB260002824,2026-03-23 06:28:42.621877,2026-03-23 06:47:42.621877,2026-03-23 06:52:42.621877,2026-03-23 09:33:59.568815,2026-03-23 10:30:59.568815,2026-03-23 11:16:59.568815,2026-03-23 13:32:25.215158,2026-03-23 16:28:53.707573,2026-03-23 18:18:35.911946,2026-03-24 00:39:46.822564,2026-03-24 07:49:01.466612,2026-03-26 06:28:42.621877,Delivered,Closed,SHP084,Shipper 084,Enterprise,Central Java,ST11_Yogyakarta,HB04_CTG_NATIONAL,East Java,ST13_Malang,HB03_SBY_GATEWAY,Inter-Region,Regular,COD,CR105,Bike,0.85,0.86,0.86,625279,19870,15705,8,1,0,,57.0,72,1,0,,1,0,,0,,25.34,2.26,1.83,ST13_Malang,
SHPM002825,AWB260002825,2026-03-13 01:08:38.562882,2026-03-13 01:30:38.562882,2026-03-13 01:52:38.562882,2026-03-13 07:17:29.413891,2026-03-13 07:30:29.413891,2026-03-13 08:33:29.413891,2026-03-13 11:23:10.033029,2026-03-13 13:24:28.578647,2026-03-13 21:44:12.812133,2026-03-14 09:48:15.629523,2026-03-14 16:11:19.083457,2026-03-16 01:08:38.562882,Delivered,Closed,SHP057,Shipper 057,SME,Central Java,ST09_Semarang,HB04_CTG_NATIONAL,West Java,ST07_Cirebon,HB02_BDG_TRANSIT,Inter-Region,Regular,Prepaid,CR085,Van,1.22,1.1,1.22,505437,17490,13595,8,1,0,,13.0,72,1,0,,1,0,,0,,39.04,2.83,8.33,ST07_Cirebon,
SHPM002826,AWB260002826,2026-03-03 20:07:53.001550,2026-03-03 20:29:53.001550,2026-03-03 20:58:53.001550,2026-03-04 00:16:28.533547,2026-03-04 01:26:28.533547,2026-03-04 02:31:28.533547,2026-03-04 05:06:34.078359,2026-03-04 10:10:12.100361,2026-03-05 05:07:38.992385,2026-03-05 12:44:45.415193,2026-03-05 21:19:00.315668,2026-03-05 08:07:53.001550,Delivered,Closed,SHP090,Shipper 090,Enterprise,East Java,ST14_Kediri,HB03_SBY_GATEWAY,Jabodetabek,ST02_JKT_West,HB01_JKT_GATEWAY,Inter-Region,Next Day,COD,CR126,Van,0.79,0.79,0.79,772987,27555,17062,4,1,0,,70.0,36,0,0,,1,0,,0,,49.19,2.58,18.96,ST02_JKT_West,Hub Bottleneck
SHPM002827,AWB260002827,2026-03-18 17:10:27.836853,2026-03-18 17:31:27.836853,2026-03-18 18:12:27.836853,2026-03-18 20:37:01.533208,2026-03-18 20:48:01.533208,2026-03-18 22:16:01.533208,2026-03-19 02:41:33.111147,2026-03-19 05:34:52.548460,2026-03-19 15:46:49.410481,2026-03-20 02:01:17.389819,2026-03-20 07:55:50.752100,2026-03-21 17:10:27.836853,Delivered,Closed,SHP071,Shipper 071,Enterprise,Jabodetabek,ST04_Bekasi,HB01_JKT_GATEWAY,West Java,ST07_Cirebon,HB02_BDG_TRANSIT,Inter-Region,Regular,Prepaid,CR033,Van,5.87,5.65,5.87,1586943,38415,22949,8,1,0,,11.0,72,1,0,,1,0,,0,,38.76,4.43,10.2,ST07_Cirebon,
SHPM002828,AWB260002828,2026-02-23 01:05:28.354618,2026-02-23 01:19:28.354618,2026-02-23 01:25:28.354618,2026-02-23 04:10:14.848579,2026-02-23 05:00:14.848579,2026-02-23 05:24:14.848579,2026-02-23 07:16:56.208039,2026-02-23 12:10:06.246775,2026-02-23 18:52:32.311372,2026-02-23 23:21:24.296214,2026-02-24 12:34:54.602912,2026-02-24 01:05:28.354618,Delivered,Closed,SHP074,Shipper 074,Enterprise,Outer Java,ST15_Medan,HB05_SUMATRA_GATEWAY,Outer Java,ST19_Denpasar,HB06_EASTERN_GATEWAY,Intra-Region,Next Day,COD,CR137,Truck,1.27,1.17,1.27,680450,29715,23817,4,1,0,,50.0,24,0,0,,1,0,,0,,35.49,1.88,6.71,ST19_Denpasar,Remote Area
SHPM002829,AWB260002829,2026-03-29 03:20:45.373517,2026-03-29 03:43:45.373517,2026-03-29 04:27:45.373517,,,,,,,,,2026-04-01 03:20:45.373517,Failed Pickup,Exception,SHP041,Shipper 041,SME,West Java,ST07_Cirebon,HB02_BDG_TRANSIT,Jabodetabek,ST05_Tangerang,HB01_JKT_GATEWAY,Inter-Region,Regular,Prepaid,CR070,Bike,3.0,2.75,3.0,528221,25500,23369,8,0,1,Schedule Miss,,72,0,0,,0,0,,0,,200.65,,,ST07_Cirebon,
SHPM002830,AWB260002830,2026-03-23 03:41:05.593747,2026-03-23 04:07:05.593747,2026-03-23 04:42:05.593747,2026-03-23 06:43:43.049131,2026-03-23 08:00:43.049131,2026-03-23 08:45:43.049131,2026-03-23 10:34:31.065165,2026-03-23 19:18:28.324687,2026-03-24 00:13:22.119999,2026-03-24 15:01:48.753864,2026-03-25 01:44:32.785744,2026-03-26 03:41:05.593747,Delivered,Closed,SHP071,Shipper 071,Enterprise,Jabodetabek,ST04_Bekasi,HB01_JKT_GATEWAY,East Java,ST13_Malang,HB03_SBY_GATEWAY,Inter-Region,Regular,Prepaid,CR033,Bike,0.79,0.74,0.79,2568649,15555,12143,8,1,0,,77.0,72,1,0,,1,0,,0,,46.06,1.81,4.91,ST13_Malang,
SHPM002831,AWB260002831,2026-02-18 18:08:34.408881,2026-02-18 18:35:34.408881,2026-02-18 19:12:34.408881,2026-02-18 20:19:26.616144,2026-02-18 21:10:26.616144,2026-02-18 22:51:26.616144,2026-02-19 02:33:38.047850,2026-02-19 04:37:30.819279,2026-02-19 08:25:53.506827,2026-02-19 18:59:54.052896,2026-02-19 22:36:51.970845,2026-02-19 10:08:34.408881,Delivered,Closed,SHP005,Shipper 005,Enterprise,Central Java,ST09_Semarang,HB04_CTG_NATIONAL,Jabodetabek,ST03_JKT_East,HB01_JKT_GATEWAY,Inter-Region,Same Day,Prepaid,CR090,Bike,3.16,3.25,3.25,2478707,41625,37641,2,1,0,,51.0,16,0,0,,1,0,,0,,28.47,3.7,3.81,ST03_JKT_East,Last Mile Delay
SHPM002832,AWB260002832,2026-02-23 05:13:56.728361,2026-02-23 05:58:56.728361,2026-02-23 06:25:56.728361,2026-02-23 07:21:17.007092,2026-02-23 07:44:17.007092,2026-02-23 09:06:17.007092,2026-02-23 13:44:14.518876,2026-02-23 20:25:55.442638,2026-02-24 02:48:14.361482,2026-02-24 15:39:30.833691,2026-02-24 18:09:49.629049,2026-02-23 21:13:56.728361,Delivered,Closed,SHP015,Shipper 015,Marketplace,West Java,ST06_Bandung,HB01_JKT_GATEWAY,Central Java,ST09_Semarang,HB04_CTG_NATIONAL,Inter-Region,Same Day,COD,CR060,Van,1.64,1.67,1.67,943698,38515,36165,2,1,0,,23.0,16,0,0,,1,0,,0,,36.93,4.63,6.37,ST09_Semarang,Last Mile Delay
SHPM002833,AWB260002833,2026-03-29 22:43:12.706919,2026-03-29 23:12:12.706919,2026-03-29 23:48:12.706919,2026-03-30 03:32:59.992955,2026-03-30 03:51:59.992955,2026-03-30 05:19:59.992955,2026-03-30 11:09:38.637960,2026-03-30 15:10:09.189801,2026-03-31 01:34:51.260747,2026-03-31 09:09:11.984057,2026-03-31 12:31:24.030499,2026-03-31 10:43:12.706919,Delivered,Closed,SHP071,Shipper 071,Enterprise,Jabodetabek,ST04_Bekasi,HB01_JKT_GATEWAY,West Java,ST07_Cirebon,HB02_BDG_TRANSIT,Inter-Region,Next Day,Prepaid,CR032,Bike,0.75,0.72,0.75,1145297,23375,15850,4,0,0,,19.0,36,0,0,,1,0,,0,,37.8,5.83,10.41,ST07_Cirebon,First Mile Delay
SHPM002834,AWB260002834,2026-03-07 19:22:20.672757,2026-03-07 19:28:20.672757,2026-03-07 20:15:20.672757,2026-03-07 21:22:00.684274,2026-03-07 21:53:00.684274,2026-03-07 23:17:00.684274,2026-03-08 00:35:54.975376,2026-03-08 09:47:40.074486,2026-03-08 19:39:27.257932,2026-03-09 09:31:07.663254,2026-03-09 18:51:45.071353,2026-03-09 07:22:20.672757,Delivered,Closed,SHP095,Shipper 095,Enterprise,Central Java,ST11_Yogyakarta,HB04_CTG_NATIONAL,Jabodetabek,ST05_Tangerang,HB01_JKT_GATEWAY,Inter-Region,Next Day,Prepaid,CR105,Bike,2.41,3.1,3.1,448299,33950,30769,4,1,0,,31.0,36,0,0,,1,0,,0,,47.49,1.32,9.86,ST05_Tangerang,Last Mile Delay
SHPM002835,AWB260002835,2026-03-13 14:18:54.361174,2026-03-13 14:31:54.361174,2026-03-13 14:59:54.361174,2026-03-13 16:32:40.379687,2026-03-13 17:32:40.379687,2026-03-13 19:15:40.379687,2026-03-14 01:04:23.334198,2026-03-14 05:23:38.777398,2026-03-14 08:36:17.968336,2026-03-14 23:56:08.452648,2026-03-15 04:21:43.298874,2026-03-16 14:18:54.361174,Delivered,Closed,SHP058,Shipper 058,Enterprise,Jabodetabek,ST01_JKT_Central,HB01_JKT_GATEWAY,East Java,ST12_Surabaya,HB03_SBY_GATEWAY,Inter-Region,Regular,Prepaid,CR009,Van,2.33,2.28,2.33,1736325,22485,13675,8,1,0,,60.0,72,1,0,,1,0,,0,,38.05,5.81,3.21,ST12_Surabaya,
SHPM002836,AWB260002836,2026-02-25 20:08:48.228059,2026-02-25 20:23:48.228059,2026-02-25 20:50:48.228059,2026-02-25 21:43:39.382671,2026-02-25 22:25:39.382671,2026-02-25 23:19:39.382671,2026-02-26 01:07:35.266919,2026-02-26 08:27:10.755750,2026-02-27 01:56:18.758518,2026-02-27 15:50:35.675839,2026-02-27 21:52:56.764817,2026-02-26 12:08:48.228059,Delivered,Closed,SHP093,Shipper 093,SME,East Java,ST13_Malang,HB03_SBY_GATEWAY,Outer Java,ST18_Balikpapan,HB06_EASTERN_GATEWAY,Inter-Region,Same Day,Prepaid,CR120,Bike,3.01,2.89,3.01,1433985,40545,29157,2,1,0,,42.0,16,0,0,,1,0,,0,,49.74,1.8,17.49,ST18_Balikpapan,Hub Bottleneck
SHPM002837,AWB260002837,2026-03-13 08:41:53.886102,2026-03-13 08:56:53.886102,2026-03-13 09:39:53.886102,2026-03-13 16:54:53.458693,2026-03-13 18:00:53.458693,2026-03-13 18:53:53.458693,2026-03-13 21:18:06.156101,2026-03-14 01:37:38.355985,2026-03-14 17:57:32.700300,2026-03-15 07:08:56.254628,,2026-03-16 08:41:53.886102,Lost,Exception,SHP067,Shipper 067,SME,East Java,ST12_Surabaya,HB03_SBY_GATEWAY,Jabodetabek,ST04_Bekasi,HB01_JKT_GATEWAY,Inter-Region,Regular,COD,CR111,Van,0.74,0.67,0.74,982802,19330,11530,8,1,0,,66.0,72,0,0,,1,1,Lost,0,,579.3,2.4,16.33,HB03_SBY_GATEWAY,
SHPM002838,AWB260002838,2026-03-30 15:25:38.423479,2026-03-30 15:59:38.423479,2026-03-30 16:18:38.423479,2026-03-30 20:24:05.382770,2026-03-30 20:54:05.382770,2026-03-30 22:15:05.382770,2026-03-31 03:14:30.119775,2026-03-31 07:03:40.589561,2026-03-31 22:25:34.549306,2026-04-01 01:36:01.886329,2026-04-01 09:43:24.451822,2026-04-01 15:25:38.423479,Delivered,Closed,SHP072,Shipper 072,Enterprise,Outer Java,ST18_Balikpapan,HB06_EASTERN_GATEWAY,Outer Java,ST15_Medan,HB05_SUMATRA_GATEWAY,Intra-Region,Regular,Prepaid,CR168,Bike,0.69,0.73,0.73,1018617,15285,10868,8,1,0,,30.0,48,1,0,,1,0,,0,,42.3,4.99,15.36,ST15_Medan,
SHPM002839,AWB260002839,2026-03-12 17:32:49.292634,2026-03-12 17:39:49.292634,2026-03-12 17:57:49.292634,2026-03-12 20:15:54.371112,2026-03-12 20:36:54.371112,2026-03-12 22:32:54.371112,2026-03-13 01:43:11.878835,2026-03-13 10:33:33.952619,2026-03-13 15:43:12.351851,2026-03-14 04:53:34.119458,2026-03-14 12:44:34.855511,2026-03-14 05:32:49.292634,Delivered,Closed,SHP029,Shipper 029,SME,Outer Java,ST18_Balikpapan,HB06_EASTERN_GATEWAY,West Java,ST08_Bogor,HB01_JKT_GATEWAY,Inter-Region,Next Day,Prepaid,CR166,Bike,1.67,2.67,2.67,266635,32015,29527,4,1,0,,21.0,36,0,0,,1,0,,0,,43.2,3.17,5.16,ST08_Bogor,Last Mile Delay
SHPM002840,AWB260002840,2026-03-30 18:27:36.088407,2026-03-30 19:11:36.088407,2026-03-30 19:44:36.088407,2026-03-30 20:19:13.555835,2026-03-30 21:03:13.555835,2026-03-30 21:38:13.555835,2026-03-31 01:52:10.130955,2026-03-31 10:05:28.683773,2026-03-31 19:38:42.465374,2026-04-01 11:20:08.337281,2026-04-01 15:42:29.874380,2026-04-01 06:27:36.088407,Delivered,Closed,SHP062,Shipper 062,Enterprise,Jabodetabek,ST04_Bekasi,HB01_JKT_GATEWAY,Central Java,ST09_Semarang,HB04_CTG_NATIONAL,Inter-Region,Next Day,Prepaid,CR035,Bike,3.5,3.85,3.85,1383716,37325,30083,4,1,0,,44.0,36,0,0,,1,0,,0,,45.25,4.23,9.55,ST09_Semarang,Last Mile Delay
SHPM002841,AWB260002841,2026-04-01 00:21:42.944152,2026-04-01 00:41:42.944152,2026-04-01 01:05:42.944152,2026-04-01 03:00:12.503734,2026-04-01 03:24:12.503734,2026-04-01 04:55:12.503734,2026-04-01 05:59:38.167776,2026-04-01 13:51:19.506688,2026-04-02 17:21:41.336257,2026-04-03 10:09:55.002739,2026-04-03 14:34:41.462836,2026-04-02 12:21:42.944152,Delivered,Closed,SHP046,Shipper 046,SME,East Java,ST14_Kediri,HB03_SBY_GATEWAY,Outer Java,ST20_Banjarmasin,HB06_EASTERN_GATEWAY,Inter-Region,Next Day,Prepaid,CR128,Van,0.78,0.78,0.78,1967162,23510,19560,4,1,0,,24.0,36,0,0,,1,0,,0,,62.22,1.07,27.51,ST20_Banjarmasin,Hub Bottleneck
SHPM002842,AWB260002842,2026-02-22 20:05:32.551391,2026-02-22 20:21:32.551391,2026-02-22 20:48:32.551391,2026-02-23 01:07:34.975853,2026-02-23 01:48:34.975853,2026-02-23 03:05:34.975853,2026-02-23 05:09:42.470000,2026-02-23 12:26:38.332091,2026-02-23 19:55:03.928711,2026-02-24 02:35:34.480484,2026-02-24 13:02:49.932376,2026-02-24 08:05:32.551391,Delivered,Closed,SHP076,Shipper 076,Enterprise,West Java,ST06_Bandung,HB01_JKT_GATEWAY,Central Java,ST10_Solo,HB04_CTG_NATIONAL,Inter-Region,Next Day,COD,CR060,Van,4.65,4.86,4.86,1046220,45870,32749,4,0,0,,41.0,36,0,0,,1,0,,0,,40.95,2.07,7.47,ST10_Solo,First Mile Delay
SHPM002843,AWB260002843,2026-03-08 12:05:35.186475,2026-03-08 12:12:35.186475,2026-03-08 12:42:35.186475,2026-03-08 14:45:25.376176,2026-03-08 15:13:25.376176,2026-03-08 16:54:25.376176,2026-03-08 21:04:27.385656,2026-03-09 02:19:47.904412,2026-03-09 04:35:23.030056,2026-03-09 09:37:59.079388,2026-03-09 13:51:26.188968,2026-03-10 00:05:35.186475,Delivered,Closed,SHP061,Shipper 061,Enterprise,Outer Java,ST17_Makassar,HB06_EASTERN_GATEWAY,East Java,ST12_Surabaya,HB03_SBY_GATEWAY,Inter-Region,Next Day,Prepaid,CR159,Bike,1.0,0.99,1.0,1839973,24500,22084,4,1,0,,28.0,36,1,0,,1,0,,0,,25.76,4.17,2.26,ST12_Surabaya,
SHPM002844,AWB260002844,2026-03-22 22:37:16.148728,2026-03-22 22:50:16.148728,2026-03-22 23:16:16.148728,2026-03-23 05:37:16.849379,2026-03-23 06:06:16.849379,2026-03-23 07:00:16.849379,2026-03-23 10:27:35.998691,2026-03-23 14:07:26.635883,2026-03-23 16:32:59.580692,2026-03-23 20:58:42.950550,2026-03-24 12:28:22.211765,2026-03-24 22:37:16.148728,Delivered,Closed,SHP063,Shipper 063,Enterprise,Jabodetabek,ST01_JKT_Central,HB01_JKT_GATEWAY,Jabodetabek,ST04_Bekasi,HB01_JKT_GATEWAY,Intra-Region,Regular,Prepaid,CR008,Bike,1.68,2.66,2.66,1782843,23970,19325,8,1,0,,29.0,48,1,0,,1,0,,0,,37.85,3.46,2.43,ST04_Bekasi,
SHPM002845,AWB260002845,2026-03-13 16:37:42.140998,2026-03-13 17:15:42.140998,2026-03-13 17:42:42.140998,2026-03-13 19:28:23.510063,2026-03-13 19:56:23.510063,2026-03-13 21:47:23.510063,2026-03-14 00:44:04.589060,2026-03-14 03:59:35.038876,2026-03-14 10:52:55.743116,2026-03-14 20:22:58.237015,2026-03-15 13:06:12.474998,2026-03-16 16:37:42.140998,Delivered,Closed,SHP013,Shipper 013,SME,Jabodetabek,ST04_Bekasi,HB01_JKT_GATEWAY,Central Java,ST10_Solo,HB04_CTG_NATIONAL,Inter-Region,Regular,Prepaid,CR032,Bike,1.43,1.82,1.82,2324236,20190,16944,8,1,0,,28.0,72,1,0,,1,0,,0,,44.48,2.94,6.89,ST10_Solo,
SHPM002846,AWB260002846,2026-03-19 19:58:57.487852,2026-03-19 20:27:57.487852,2026-03-19 20:42:57.487852,2026-03-19 23:11:31.497499,2026-03-20 00:04:31.497499,2026-03-20 01:06:31.497499,2026-03-20 04:01:51.728879,2026-03-20 07:17:42.931030,2026-03-20 19:11:31.186802,2026-03-21 06:14:46.594003,2026-03-21 13:19:38.536957,2026-03-21 07:58:57.487852,Delivered,Closed,SHP084,Shipper 084,Enterprise,Central Java,ST09_Semarang,HB04_CTG_NATIONAL,Jabodetabek,ST03_JKT_East,HB01_JKT_GATEWAY,Inter-Region,Next Day,Prepaid,CR088,Van,1.06,1.15,1.15,1107755,25175,20351,4,1,0,,53.0,36,0,0,,1,0,,0,,41.34,2.92,11.9,ST03_JKT_East,Hub Bottleneck
SHPM002847,AWB260002847,2026-03-10 00:08:18.581410,2026-03-10 00:37:18.581410,2026-03-10 00:55:18.581410,2026-03-10 07:33:11.980240,2026-03-10 08:04:11.980240,2026-03-10 09:21:11.980240,2026-03-10 13:14:56.174579,2026-03-10 16:35:47.727928,2026-03-11 03:15:12.798841,2026-03-11 16:16:33.020123,2026-03-12 09:48:29.784259,2026-03-13 00:08:18.581410,Delivered,Closed,SHP013,Shipper 013,SME,Jabodetabek,ST04_Bekasi,HB01_JKT_GATEWAY,Central Java,ST10_Solo,HB04_CTG_NATIONAL,Inter-Region,Regular,Prepaid,CR039,Van,0.98,1.07,1.07,1639856,16815,10635,8,1,0,,31.0,72,1,0,,1,0,,0,,57.67,3.9,10.66,ST10_Solo,
SHPM002848,AWB260002848,2026-03-12 15:47:41.286430,2026-03-12 16:05:41.286430,2026-03-12 16:48:41.286430,2026-03-13 00:27:12.112127,2026-03-13 01:26:12.112127,2026-03-13 01:55:12.112127,2026-03-13 03:11:42.390939,2026-03-13 08:58:35.599426,2026-03-13 12:21:05.963387,2026-03-14 05:55:34.086923,2026-03-15 00:33:30.114443,2026-03-15 15:47:41.286430,Delivered,Closed,SHP062,Shipper 062,Enterprise,Jabodetabek,ST03_JKT_East,HB01_JKT_GATEWAY,Outer Java,ST19_Denpasar,HB06_EASTERN_GATEWAY,Inter-Region,Regular,Prepaid,CR026,Bike,1.21,1.15,1.21,589488,17445,10710,8,0,0,,59.0,72,1,0,,1,0,,0,,56.76,1.28,3.38,ST19_Denpasar,
SHPM002849,AWB260002849,2026-02-18 09:45:46.053531,2026-02-18 10:13:46.053531,2026-02-18 10:36:46.053531,2026-02-18 14:36:25.565697,2026-02-18 15:21:25.565697,2026-02-18 16:06:25.565697,2026-02-18 21:24:08.521542,2026-02-19 04:19:30.453175,2026-02-19 07:43:56.313618,2026-02-19 21:13:37.838380,2026-02-20 08:34:32.412568,2026-02-19 21:45:46.053531,Delivered,Closed,SHP023,Shipper 023,Enterprise,West Java,ST06_Bandung,HB01_JKT_GATEWAY,Outer Java,ST19_Denpasar,HB06_EASTERN_GATEWAY,Inter-Region,Next Day,Prepaid,CR055,Bike,0.84,0.8,0.84,425421,23780,16982,4,0,0,,45.0,36,0,0,,1,0,,0,,46.81,5.3,3.41,ST19_Denpasar,First Mile Delay
SHPM002850,AWB260002850,2026-03-26 11:07:11.852569,2026-03-26 11:18:11.852569,2026-03-26 11:41:11.852569,2026-03-26 17:19:01.161607,2026-03-26 18:18:01.161607,2026-03-26 19:15:01.161607,2026-03-26 21:27:52.172896,2026-03-27 01:43:40.625943,2026-03-27 13:36:25.822923,2026-03-28 06:02:30.783333,2026-03-28 16:04:28.595077,2026-03-29 11:07:11.852569,Delivered,Closed,SHP070,Shipper 070,Enterprise,Jabodetabek,ST01_JKT_Central,HB01_JKT_GATEWAY,West Java,ST08_Bogor,HB01_JKT_GATEWAY,Inter-Region,Regular,Prepaid,CR003,Bike,3.48,3.76,3.76,221797,28920,27320,8,1,0,,59.0,72,1,0,,1,0,,0,,52.95,2.21,11.88,ST08_Bogor,
SHPM002851,AWB260002851,2026-03-10 10:28:42.504655,2026-03-10 11:08:42.504655,2026-03-10 11:35:42.504655,2026-03-10 13:21:43.712052,2026-03-10 14:07:43.712052,2026-03-10 16:04:43.712052,2026-03-10 20:53:30.287726,2026-03-11 00:33:56.100523,2026-03-11 02:18:11.677556,2026-03-11 14:42:47.436122,2026-03-12 00:47:21.343214,2026-03-11 22:28:42.504655,Delivered,Closed,SHP071,Shipper 071,Enterprise,Jabodetabek,ST04_Bekasi,HB01_JKT_GATEWAY,East Java,ST13_Malang,HB03_SBY_GATEWAY,Inter-Region,Next Day,Prepaid,CR035,Bike,2.58,2.66,2.66,777463,31970,21883,4,1,0,,46.0,36,0,0,,1,0,,0,,38.31,4.81,1.74,ST13_Malang,Last Mile Delay
SHPM002852,AWB260002852,2026-03-26 20:20:15.550806,2026-03-26 20:31:15.550806,2026-03-26 20:47:15.550806,2026-03-26 23:18:35.338565,2026-03-27 00:22:35.338565,2026-03-27 01:15:35.338565,2026-03-27 05:32:49.727595,2026-03-27 07:56:19.240894,2026-03-27 15:30:46.019907,2026-03-28 02:52:34.644200,2026-03-28 15:17:09.842640,2026-03-29 20:20:15.550806,Delivered,Closed,SHP062,Shipper 062,Enterprise,Jabodetabek,ST04_Bekasi,HB01_JKT_GATEWAY,West Java,ST06_Bandung,HB01_JKT_GATEWAY,Inter-Region,Regular,Prepaid,CR039,Bike,1.46,1.6,1.6,460509,19200,11775,8,1,0,,64.0,72,1,0,,1,0,,0,,42.95,4.29,7.57,ST06_Bandung,
SHPM002853,AWB260002853,2026-03-21 19:30:52.085345,2026-03-21 19:50:52.085345,2026-03-21 20:26:52.085345,2026-03-21 22:37:12.479404,2026-03-21 23:12:12.479404,2026-03-22 00:56:12.479404,2026-03-22 04:01:37.509347,2026-03-22 09:17:08.654451,2026-03-22 18:24:15.569540,2026-03-23 04:59:59.642880,2026-03-23 15:35:45.880591,2026-03-24 19:30:52.085345,Delivered,Closed,SHP026,Shipper 026,Marketplace,Outer Java,ST18_Balikpapan,HB06_EASTERN_GATEWAY,West Java,ST08_Bogor,HB01_JKT_GATEWAY,Inter-Region,Regular,COD,CR172,Van,1.29,1.33,1.33,938527,21985,16356,8,1,0,,35.0,72,1,0,,1,0,,0,,44.08,3.09,9.12,ST08_Bogor,
SHPM002854,AWB260002854,2026-03-31 06:56:11.591598,2026-03-31 07:32:11.591598,2026-03-31 08:08:11.591598,2026-03-31 15:54:10.398985,2026-03-31 16:25:10.398985,2026-03-31 17:47:10.398985,2026-03-31 20:25:10.281947,2026-04-01 02:46:09.145744,2026-04-01 07:57:07.796806,2026-04-01 15:23:26.728933,2026-04-02 02:16:17.284381,2026-04-03 06:56:11.591598,Delivered,Closed,SHP049,Shipper 049,Enterprise,Jabodetabek,ST05_Tangerang,HB01_JKT_GATEWAY,Central Java,ST11_Yogyakarta,HB04_CTG_NATIONAL,Inter-Region,Regular,Prepaid,CR044,Bike,1.32,2.24,2.24,324436,22080,18114,8,0,0,,31.0,72,1,0,,1,0,,0,,43.33,2.63,5.18,ST11_Yogyakarta,
SHPM002855,AWB260002855,2026-03-05 06:11:01.850971,2026-03-05 06:28:01.850971,2026-03-05 06:59:01.850971,2026-03-05 09:10:49.824889,2026-03-05 10:07:49.824889,2026-03-05 11:25:49.824889,2026-03-05 14:24:24.808233,2026-03-05 16:54:05.449523,2026-03-05 20:45:13.565742,2026-03-06 04:07:27.828349,2026-03-06 10:32:21.672429,2026-03-08 06:11:01.850971,Delivered,Closed,SHP089,Shipper 089,Enterprise,Central Java,ST11_Yogyakarta,HB04_CTG_NATIONAL,West Java,ST07_Cirebon,HB02_BDG_TRANSIT,Inter-Region,Regular,Prepaid,CR102,Bike,1.06,1.25,1.25,1485007,17625,13723,8,1,0,,57.0,72,1,0,,1,0,,0,,28.36,2.98,3.85,ST07_Cirebon,
SHPM002856,AWB260002856,2026-03-13 21:38:38.492158,2026-03-13 22:09:38.492158,2026-03-13 22:50:38.492158,2026-03-14 04:13:25.421374,2026-03-14 04:32:25.421374,2026-03-14 06:02:25.421374,2026-03-14 11:46:09.392301,2026-03-14 14:59:05.112078,2026-03-14 21:39:52.583734,2026-03-15 05:05:24.964596,2026-03-15 17:59:28.378068,2026-03-15 21:38:38.492158,Delivered,Closed,SHP093,Shipper 093,SME,East Java,ST13_Malang,HB03_SBY_GATEWAY,East Java,ST14_Kediri,HB03_SBY_GATEWAY,Intra-Region,Regular,Prepaid,CR120,Bike,0.85,0.9,0.9,259342,16050,12717,8,1,0,,19.0,48,1,0,,1,0,,0,,44.35,5.73,6.68,ST14_Kediri,
SHPM002857,AWB260002857,2026-02-20 09:22:43.008595,2026-02-20 09:52:43.008595,2026-02-20 10:28:43.008595,2026-02-20 14:34:20.781457,2026-02-20 15:39:20.781457,2026-02-20 15:56:20.781457,2026-02-20 18:53:03.797818,2026-02-21 03:10:15.737255,2026-02-21 04:46:19.233595,2026-02-21 20:50:24.897284,2026-02-22 06:23:21.684216,2026-02-23 09:22:43.008595,Delivered,Closed,SHP063,Shipper 063,Enterprise,Jabodetabek,ST05_Tangerang,HB01_JKT_GATEWAY,Central Java,ST10_Solo,HB04_CTG_NATIONAL,Inter-Region,Regular,Prepaid,CR050,Bike,0.58,0.6,0.6,1802389,14700,13266,8,1,0,,65.0,72,1,0,,1,0,,0,,45.01,2.95,1.6,ST10_Solo,
SHPM002858,AWB260002858,2026-03-06 16:11:35.318102,2026-03-06 16:28:35.318102,2026-03-06 16:39:35.318102,2026-03-06 21:36:17.596742,2026-03-06 22:28:17.596742,2026-03-06 22:43:17.596742,2026-03-07 04:09:54.676503,2026-03-07 14:04:07.342929,2026-03-08 00:35:46.383726,2026-03-08 11:59:25.437653,2026-03-08 21:16:17.836578,2026-03-09 16:11:35.318102,Delivered,Closed,SHP051,Shipper 051,Marketplace,Outer Java,ST19_Denpasar,HB06_EASTERN_GATEWAY,West Java,ST08_Bogor,HB01_JKT_GATEWAY,Inter-Region,Regular,COD,CR179,Bike,1.58,2.41,2.41,1126546,26845,19534,8,1,0,,52.0,72,1,0,,1,0,,0,,53.08,5.44,10.53,ST08_Bogor,
SHPM002859,AWB260002859,2026-03-15 02:36:42.747722,2026-03-15 02:50:42.747722,2026-03-15 03:35:42.747722,2026-03-15 09:26:48.817897,2026-03-15 09:49:48.817897,2026-03-15 11:40:48.817897,2026-03-15 13:03:55.682646,2026-03-15 14:09:59.366708,2026-03-15 19:41:16.540271,2026-03-16 02:26:05.889283,2026-03-16 19:58:33.325098,2026-03-17 02:36:42.747722,Delivered,Closed,SHP030,Shipper 030,Enterprise,Jabodetabek,ST05_Tangerang,HB01_JKT_GATEWAY,Jabodetabek,ST03_JKT_East,HB01_JKT_GATEWAY,Intra-Region,Regular,COD,CR047,Bike,1.93,1.99,1.99,1605325,24955,20127,8,1,0,,23.0,48,1,0,,1,0,,0,,41.36,1.39,5.52,ST03_JKT_East,
SHPM002860,AWB260002860,2026-03-11 08:04:36.721086,2026-03-11 08:26:36.721086,2026-03-11 09:02:36.721086,2026-03-11 09:49:33.055998,2026-03-11 09:57:33.055998,2026-03-11 11:03:33.055998,2026-03-11 15:41:59.258433,2026-03-12 01:08:21.303256,2026-03-12 03:59:09.010815,2026-03-12 21:12:40.459553,2026-03-13 01:20:17.727796,2026-03-12 00:04:36.721086,Delivered,Closed,SHP076,Shipper 076,Enterprise,West Java,ST06_Bandung,HB01_JKT_GATEWAY,Jabodetabek,ST05_Tangerang,HB01_JKT_GATEWAY,Inter-Region,Same Day,COD,CR057,Bike,3.26,3.53,3.53,1772012,46885,41099,2,1,0,,8.0,16,0,0,,1,0,,0,,41.26,4.64,2.85,ST05_Tangerang,Last Mile Delay
SHPM002861,AWB260002861,2026-03-22 00:37:19.429410,2026-03-22 01:00:19.429410,2026-03-22 01:21:19.429410,2026-03-22 04:32:18.634037,2026-03-22 05:14:18.634037,2026-03-22 06:26:18.634037,2026-03-22 12:25:41.775047,2026-03-22 17:48:29.596065,2026-03-23 03:19:46.379610,2026-03-23 19:43:42.123746,2026-03-25 03:12:46.342688,2026-03-25 00:37:19.429410,Delivered,Closed,SHP058,Shipper 058,Enterprise,Jabodetabek,ST01_JKT_Central,HB01_JKT_GATEWAY,Outer Java,ST17_Makassar,HB06_EASTERN_GATEWAY,Inter-Region,Regular,Prepaid,CR003,Van,2.07,2.02,2.07,367165,21315,17036,8,1,0,,42.0,72,0,0,,1,0,,0,,74.59,5.99,9.52,ST17_Makassar,Remote Area
SHPM002862,AWB260002862,2026-02-19 00:30:34.637368,2026-02-19 00:36:34.637368,2026-02-19 00:48:34.637368,2026-02-19 06:04:07.672277,2026-02-19 06:37:07.672277,2026-02-19 07:04:07.672277,2026-02-19 12:59:22.126132,2026-02-19 18:21:30.205381,2026-02-20 02:19:06.581887,2026-02-20 19:39:32.116586,2026-02-21 01:56:38.953874,2026-02-22 00:30:34.637368,Delivered,Closed,SHP001,Shipper 001,Marketplace,Jabodetabek,ST01_JKT_Central,HB01_JKT_GATEWAY,West Java,ST06_Bandung,HB01_JKT_GATEWAY,Inter-Region,Regular,COD,CR001,Van,1.41,1.29,1.41,759003,22345,16485,8,1,0,,33.0,72,1,0,,1,0,,0,,49.43,5.92,7.96,ST06_Bandung,
SHPM002863,AWB260002863,2026-02-19 09:39:53.395850,2026-02-19 10:16:53.395850,2026-02-19 10:58:53.395850,2026-02-19 14:36:03.334695,2026-02-19 14:44:03.334695,2026-02-19 15:00:03.334695,2026-02-19 19:20:13.997339,2026-02-20 03:29:01.631777,2026-02-20 15:12:03.261065,2026-02-21 03:08:05.565124,2026-02-21 10:52:55.314437,2026-02-22 09:39:53.395850,Delivered,Closed,SHP016,Shipper 016,Marketplace,Jabodetabek,ST02_JKT_West,HB01_JKT_GATEWAY,West Java,ST07_Cirebon,HB02_BDG_TRANSIT,Inter-Region,Regular,COD,CR017,Van,1.15,1.15,1.15,435865,21175,17002,8,1,0,,8.0,72,1,0,,1,0,,0,,49.22,4.34,11.72,ST07_Cirebon,
SHPM002864,AWB260002864,2026-02-20 23:55:04.578183,2026-02-21 00:17:04.578183,2026-02-21 00:37:04.578183,2026-02-21 03:24:04.172370,2026-02-21 03:41:04.172370,2026-02-21 05:10:04.172370,2026-02-21 07:13:18.746175,2026-02-21 11:45:43.942643,2026-02-21 23:32:12.517806,2026-02-22 10:17:23.349711,2026-02-23 01:07:43.729717,2026-02-23 23:55:04.578183,Delivered,Closed,SHP073,Shipper 073,Marketplace,Outer Java,ST18_Balikpapan,HB06_EASTERN_GATEWAY,Jabodetabek,ST02_JKT_West,HB01_JKT_GATEWAY,Inter-Region,Regular,Prepaid,CR163,Bike,2.68,2.8,2.8,2072663,24600,15947,8,1,0,,17.0,72,1,0,,1,0,,0,,49.21,2.05,11.77,ST02_JKT_West,
SHPM002865,AWB260002865,2026-03-27 05:46:28.526275,2026-03-27 05:58:28.526275,2026-03-27 06:30:28.526275,2026-03-27 09:30:50.583495,2026-03-27 10:36:50.583495,2026-03-27 11:09:50.583495,2026-03-27 12:47:06.893886,2026-03-27 16:43:29.458497,2026-03-28 04:28:35.505413,2026-03-28 12:48:41.460085,2026-03-28 19:18:47.665068,2026-03-28 05:46:28.526275,Delivered,Closed,SHP070,Shipper 070,Enterprise,Jabodetabek,ST04_Bekasi,HB01_JKT_GATEWAY,Jabodetabek,ST02_JKT_West,HB01_JKT_GATEWAY,Intra-Region,Next Day,Prepaid,CR043,Truck,0.42,0.64,0.64,829807,22880,16283,4,1,0,,66.0,24,0,0,,1,0,,0,,37.54,1.62,11.75,ST02_JKT_West,Hub Bottleneck
SHPM002866,AWB260002866,2026-03-11 16:33:49.815395,2026-03-11 17:01:49.815395,2026-03-11 17:51:49.815395,2026-03-11 19:10:04.877720,2026-03-11 19:22:04.877720,2026-03-11 20:03:04.877720,2026-03-12 01:02:56.911015,2026-03-12 09:18:43.947798,2026-03-12 14:41:26.568505,2026-03-12 23:40:27.928292,2026-03-13 01:00:20.731947,2026-03-12 08:33:49.815395,Delivered,Closed,SHP014,Shipper 014,Enterprise,Jabodetabek,ST05_Tangerang,HB01_JKT_GATEWAY,West Java,ST08_Bogor,HB01_JKT_GATEWAY,Inter-Region,Same Day,COD,CR048,Van,0.84,0.8,0.84,1498869,34780,21816,2,0,0,,12.0,16,0,0,,1,0,,0,,32.44,5.0,5.38,ST08_Bogor,First Mile Delay
SHPM002867,AWB260002867,2026-03-01 09:13:16.848486,2026-03-01 09:48:16.848486,2026-03-01 10:04:16.848486,2026-03-01 15:41:01.864221,2026-03-01 16:04:01.864221,2026-03-01 17:53:01.864221,2026-03-01 21:18:31.375733,2026-03-02 01:17:38.388662,2026-03-02 13:53:10.449459,2026-03-03 01:28:32.025951,2026-03-03 12:57:07.743356,2026-03-04 09:13:16.848486,Delivered,Closed,SHP089,Shipper 089,Enterprise,Central Java,ST11_Yogyakarta,HB04_CTG_NATIONAL,Outer Java,ST20_Banjarmasin,HB06_EASTERN_GATEWAY,Inter-Region,Regular,Prepaid,CR102,Truck,2.09,2.5,2.5,922788,23250,20775,8,1,0,,23.0,72,1,0,,1,0,,0,,51.73,3.42,12.59,ST20_Banjarmasin,
SHPM002868,AWB260002868,2026-03-05 14:50:24.474960,2026-03-05 15:33:24.474960,2026-03-05 15:58:24.474960,2026-03-05 19:21:22.206050,2026-03-05 19:29:22.206050,2026-03-05 20:54:22.206050,2026-03-06 02:25:03.556680,2026-03-06 11:45:21.951390,2026-03-06 20:44:12.173749,2026-03-07 11:24:12.308505,,2026-03-07 02:50:24.474960,Delivery Exception,Exception,SHP052,Shipper 052,Marketplace,Jabodetabek,ST05_Tangerang,HB01_JKT_GATEWAY,West Java,ST06_Bandung,HB01_JKT_GATEWAY,Inter-Region,Next Day,Prepaid,CR048,Bike,0.98,1.0,1.0,713378,24500,20437,4,1,0,,8.0,36,0,1,Customer Reschedule,1,0,,0,,765.16,5.51,8.98,ST06_Bandung,Delivery Exception
SHPM002869,AWB260002869,2026-02-21 00:57:59.147399,2026-02-21 01:05:59.147399,2026-02-21 01:31:59.147399,2026-02-21 02:18:48.327433,2026-02-21 03:28:48.327433,2026-02-21 04:22:48.327433,2026-02-21 09:53:52.541973,2026-02-21 18:29:36.984218,2026-02-22 01:30:36.401169,2026-02-22 17:05:09.609601,2026-02-23 03:56:59.066968,2026-02-22 12:57:59.147399,Delivered,Closed,SHP089,Shipper 089,Enterprise,Central Java,ST11_Yogyakarta,HB04_CTG_NATIONAL,Jabodetabek,ST05_Tangerang,HB01_JKT_GATEWAY,Inter-Region,Next Day,Prepaid,CR104,Truck,1.11,1.14,1.14,293973,25130,23274,4,1,0,,70.0,36,0,0,,1,0,,0,,50.98,5.52,7.02,ST05_Tangerang,Last Mile Delay
SHPM002870,AWB260002870,2026-03-08 02:52:16.183330,2026-03-08 03:13:16.183330,2026-03-08 04:05:16.183330,2026-03-08 06:56:43.501443,2026-03-08 07:48:43.501443,2026-03-08 08:35:43.501443,2026-03-08 13:52:59.794661,2026-03-08 17:52:07.933823,2026-03-09 05:07:26.328828,2026-03-09 12:26:16.877781,2026-03-10 00:35:47.402420,2026-03-10 02:52:16.183330,Delivered,Closed,SHP070,Shipper 070,Enterprise,Jabodetabek,ST04_Bekasi,HB01_JKT_GATEWAY,Jabodetabek,ST03_JKT_East,HB01_JKT_GATEWAY,Intra-Region,Regular,Prepaid,CR037,Bike,3.22,3.02,3.22,1397816,26490,17976,8,1,0,,52.0,48,1,0,,1,0,,0,,45.73,5.29,11.26,ST03_JKT_East,
SHPM002871,AWB260002871,2026-03-13 13:59:36.839204,2026-03-13 14:27:36.839204,2026-03-13 14:55:36.839204,2026-03-13 15:49:22.281411,2026-03-13 16:10:22.281411,2026-03-13 17:16:22.281411,2026-03-13 23:05:51.908782,2026-03-14 03:49:20.349315,2026-03-14 07:29:08.402664,2026-03-14 17:49:39.610785,2026-03-14 21:54:17.518144,2026-03-14 05:59:36.839204,Delivered,Closed,SHP046,Shipper 046,SME,East Java,ST14_Kediri,HB03_SBY_GATEWAY,Jabodetabek,ST03_JKT_East,HB01_JKT_GATEWAY,Inter-Region,Same Day,Prepaid,CR135,Van,1.53,2.24,2.24,548507,37080,21597,2,1,0,,21.0,16,0,0,,1,0,,0,,31.91,5.82,3.66,ST03_JKT_East,Last Mile Delay
SHPM002872,AWB260002872,2026-03-04 22:57:38.561900,2026-03-04 23:26:38.561900,2026-03-05 00:01:38.561900,2026-03-05 02:04:14.286780,2026-03-05 02:42:14.286780,2026-03-05 03:17:14.286780,2026-03-05 04:41:04.440805,2026-03-05 11:17:30.245020,2026-03-05 16:21:51.559111,2026-03-06 00:48:12.812733,2026-03-06 08:06:16.127595,2026-03-07 22:57:38.561900,Delivered,Closed,SHP030,Shipper 030,Enterprise,Jabodetabek,ST05_Tangerang,HB01_JKT_GATEWAY,East Java,ST13_Malang,HB03_SBY_GATEWAY,Inter-Region,Regular,Prepaid,CR051,Van,0.42,0.45,0.45,2009054,14025,9698,8,1,0,,38.0,72,1,0,,1,0,,0,,33.14,1.4,5.07,ST13_Malang,
SHPM002873,AWB260002873,2026-03-01 17:30:06.818184,2026-03-01 17:56:06.818184,2026-03-01 18:43:06.818184,2026-03-02 01:53:06.360912,2026-03-02 03:05:06.360912,2026-03-02 03:44:06.360912,2026-03-02 09:34:29.913547,2026-03-02 18:04:54.423172,2026-03-03 00:11:16.317088,2026-03-03 09:14:55.983990,2026-03-03 19:46:43.898300,2026-03-03 05:30:06.818184,Delivered,Closed,SHP018,Shipper 018,Enterprise,West Java,ST07_Cirebon,HB02_BDG_TRANSIT,East Java,ST13_Malang,HB03_SBY_GATEWAY,Inter-Region,Next Day,Prepaid,CR070,Bike,1.89,2.16,2.16,2524388,29720,27440,4,0,0,,72.0,36,0,0,,1,0,,0,,50.28,5.84,6.11,ST13_Malang,First Mile Delay
SHPM002874,AWB260002874,2026-02-25 12:28:44.640632,2026-02-25 12:56:44.640632,2026-02-25 13:13:44.640632,2026-02-25 21:50:50.024988,2026-02-25 22:52:50.024988,2026-02-26 00:38:50.024988,2026-02-26 03:11:31.574015,2026-02-26 11:43:28.682635,2026-02-26 16:16:53.342395,2026-02-27 07:06:19.608418,2026-02-27 17:46:13.093374,2026-02-28 12:28:44.640632,Delivered,Closed,SHP026,Shipper 026,Marketplace,Outer Java,ST17_Makassar,HB06_EASTERN_GATEWAY,East Java,ST14_Kediri,HB03_SBY_GATEWAY,Inter-Region,Regular,COD,CR155,Van,1.47,1.53,1.53,1832628,22885,15558,8,0,0,,62.0,72,1,0,,1,0,,0,,53.29,2.54,4.56,ST14_Kediri,
SHPM002875,AWB260002875,2026-03-16 06:46:52.632306,2026-03-16 06:59:52.632306,2026-03-16 07:24:52.632306,,,,,,,,,2026-03-19 06:46:52.632306,Failed Pickup,Exception,SHP035,Shipper 035,Enterprise,Jabodetabek,ST04_Bekasi,HB01_JKT_GATEWAY,West Java,ST08_Bogor,HB01_JKT_GATEWAY,Inter-Region,Regular,Prepaid,CR033,Bike,0.63,0.84,0.84,212461,15780,9773,8,0,1,Schedule Miss,,72,0,0,,0,0,,0,,509.22,,,ST04_Bekasi,
SHPM002876,AWB260002876,2026-03-19 16:05:33.195239,2026-03-19 16:30:33.195239,2026-03-19 17:09:33.195239,2026-03-20 01:09:58.822739,2026-03-20 02:05:58.822739,2026-03-20 03:05:58.822739,2026-03-20 06:37:29.668044,2026-03-20 10:55:05.344312,2026-03-20 13:27:56.507440,2026-03-21 04:37:09.028783,2026-03-21 21:35:47.933793,2026-03-22 16:05:33.195239,Delivered,Closed,SHP081,Shipper 081,Marketplace,West Java,ST06_Bandung,HB01_JKT_GATEWAY,Jabodetabek,ST03_JKT_East,HB01_JKT_GATEWAY,Inter-Region,Regular,Prepaid,CR056,Bike,0.33,0.31,0.33,1314613,13485,11283,8,0,0,,56.0,72,1,0,,1,0,,0,,53.5,3.53,2.55,ST03_JKT_East,
SHPM002877,AWB260002877,2026-02-18 16:17:05.056794,2026-02-18 16:46:05.056794,2026-02-18 17:08:05.056794,2026-02-19 00:38:20.887738,2026-02-19 01:13:20.887738,2026-02-19 01:39:20.887738,2026-02-19 04:54:42.466595,2026-02-19 09:28:59.581683,2026-02-19 15:12:01.048172,2026-02-19 20:42:58.081086,2026-02-20 13:07:48.316890,2026-02-20 16:17:05.056794,Delivered,Closed,SHP063,Shipper 063,Enterprise,Jabodetabek,ST05_Tangerang,HB01_JKT_GATEWAY,Jabodetabek,ST03_JKT_East,HB01_JKT_GATEWAY,Intra-Region,Regular,Prepaid,CR054,Van,2.87,3.84,3.84,1821925,29280,18608,8,1,0,,35.0,48,1,0,,1,0,,0,,44.85,3.26,5.72,ST03_JKT_East,
SHPM002878,AWB260002878,2026-02-23 14:53:39.183727,2026-02-23 15:36:39.183727,2026-02-23 15:56:39.183727,2026-02-23 19:59:10.599587,2026-02-23 20:37:10.599587,2026-02-23 21:32:10.599587,2026-02-23 23:27:56.328040,2026-02-24 01:37:56.092629,2026-02-24 11:30:23.375853,2026-02-25 03:18:04.416755,2026-02-25 17:46:47.555730,2026-02-25 02:53:39.183727,Delivered,Closed,SHP089,Shipper 089,Enterprise,Central Java,ST11_Yogyakarta,HB04_CTG_NATIONAL,Outer Java,ST16_Palembang,HB05_SUMATRA_GATEWAY,Inter-Region,Next Day,COD,CR100,Bike,0.23,0.28,0.28,1080559,25260,23324,4,0,0,,38.0,36,0,0,,1,0,,0,,50.89,1.93,9.87,ST16_Palembang,First Mile Delay
SHPM002879,AWB260002879,2026-02-23 13:18:01.052026,2026-02-23 13:28:01.052026,2026-02-23 13:43:01.052026,2026-02-23 16:20:19.028871,2026-02-23 17:52:19.028871,2026-02-23 19:19:19.028871,2026-02-23 21:36:49.762841,2026-02-24 02:08:04.947019,2026-02-24 06:36:21.245279,2026-02-24 14:13:52.594489,2026-02-25 08:54:13.002229,2026-02-26 13:18:01.052026,Delivered,Closed,SHP089,Shipper 089,Enterprise,Central Java,ST11_Yogyakarta,HB04_CTG_NATIONAL,Outer Java,ST17_Makassar,HB06_EASTERN_GATEWAY,Inter-Region,Regular,COD,CR100,Van,0.33,0.47,0.47,405939,18115,10632,8,1,0,,92.0,72,1,0,,1,0,,0,,43.6,2.29,4.47,ST17_Makassar,
SHPM002880,AWB260002880,2026-03-06 23:59:19.338016,2026-03-07 00:13:19.338016,2026-03-07 00:40:19.338016,2026-03-07 02:22:38.341745,2026-03-07 03:08:38.341745,2026-03-07 04:37:38.341745,2026-03-07 08:00:57.548833,2026-03-07 11:49:25.406467,2026-03-07 14:27:15.743477,2026-03-09 03:18:39.119696,2026-03-09 09:06:49.369884,2026-03-09 23:59:19.338016,Delivered,Closed,SHP095,Shipper 095,Enterprise,Central Java,ST11_Yogyakarta,HB04_CTG_NATIONAL,East Java,ST14_Kediri,HB03_SBY_GATEWAY,Inter-Region,Regular,Prepaid,CR105,Bike,0.92,0.98,0.98,426800,16410,13531,8,1,0,,46.0,72,1,0,,1,1,Missed Cut-Off,0,,57.13,3.39,2.63,ST14_Kediri,
SHPM002881,AWB260002881,2026-02-22 07:22:45.701328,2026-02-22 08:06:45.701328,2026-02-22 08:44:45.701328,2026-02-22 11:02:01.873311,2026-02-22 11:20:01.873311,2026-02-22 11:41:01.873311,2026-02-22 13:28:45.600342,2026-02-22 16:13:59.019798,2026-02-23 09:27:11.201479,2026-02-23 20:38:51.425012,2026-02-24 05:17:04.156319,2026-02-23 19:22:45.701328,Delivered,Closed,SHP035,Shipper 035,Enterprise,Jabodetabek,ST01_JKT_Central,HB01_JKT_GATEWAY,Outer Java,ST18_Balikpapan,HB06_EASTERN_GATEWAY,Inter-Region,Next Day,Prepaid,CR002,Truck,0.63,0.8,0.8,774918,23600,21444,4,1,0,,18.0,36,0,0,,1,0,,0,,45.91,1.8,17.22,ST18_Balikpapan,Hub Bottleneck
SHPM002882,AWB260002882,2026-02-20 12:54:23.998263,2026-02-20 13:13:23.998263,2026-02-20 13:44:23.998263,2026-02-20 21:53:48.752768,2026-02-20 22:46:48.752768,2026-02-21 00:31:48.752768,2026-02-21 04:30:50.967982,2026-02-21 08:10:13.861778,2026-02-21 11:15:59.406784,2026-02-21 21:35:25.703757,2026-02-22 10:13:49.924504,2026-02-23 12:54:23.998263,Delivered,Closed,SHP084,Shipper 084,Enterprise,Central Java,ST09_Semarang,HB04_CTG_NATIONAL,Outer Java,ST15_Medan,HB05_SUMATRA_GATEWAY,Inter-Region,Regular,COD,CR087,Bike,1.19,1.14,1.19,2254520,21355,13694,8,0,0,,53.0,72,1,0,,1,0,,0,,45.32,3.98,3.1,ST15_Medan,
SHPM002883,AWB260002883,2026-03-24 14:11:10.457618,2026-03-24 14:38:10.457618,2026-03-24 15:17:10.457618,2026-03-24 20:23:30.839245,2026-03-24 21:18:30.839245,2026-03-24 23:05:30.839245,2026-03-25 00:43:00.714135,2026-03-25 03:02:58.142936,2026-03-25 08:00:37.819340,2026-03-25 20:27:27.129024,2026-03-26 10:12:42.640732,2026-03-27 14:11:10.457618,Delivered,Closed,SHP070,Shipper 070,Enterprise,Jabodetabek,ST04_Bekasi,HB01_JKT_GATEWAY,West Java,ST06_Bandung,HB01_JKT_GATEWAY,Inter-Region,Regular,Prepaid,CR036,Van,1.68,1.76,1.76,1639702,19920,15176,8,1,0,,55.0,72,1,0,,1,0,,0,,44.03,1.62,4.96,ST06_Bandung,
SHPM002884,AWB260002884,2026-02-20 05:59:49.910125,2026-02-20 06:15:49.910125,2026-02-20 06:42:49.910125,2026-02-20 15:10:48.455539,2026-02-20 15:37:48.455539,2026-02-20 16:39:48.455539,2026-02-20 22:15:12.371964,2026-02-21 06:14:33.964858,2026-02-21 11:10:09.029143,2026-02-21 22:31:12.687614,2026-02-22 04:41:13.082554,2026-02-23 05:59:49.910125,Delivered,Closed,SHP056,Shipper 056,Enterprise,Jabodetabek,ST03_JKT_East,HB01_JKT_GATEWAY,West Java,ST08_Bogor,HB01_JKT_GATEWAY,Inter-Region,Regular,Prepaid,CR024,Van,1.82,1.83,1.83,1459300,20235,16478,8,0,0,,27.0,72,1,0,,1,0,,0,,46.69,5.59,4.93,ST08_Bogor,
SHPM002885,AWB260002885,2026-02-25 03:31:45.275238,2026-02-25 04:05:45.275238,2026-02-25 04:20:45.275238,2026-02-25 12:14:26.318940,2026-02-25 12:25:26.318940,2026-02-25 12:42:26.318940,2026-02-25 13:58:19.395681,2026-02-25 19:11:15.858010,2026-02-25 23:22:44.567371,2026-02-26 10:00:07.370257,2026-02-26 18:57:02.200044,2026-02-28 03:31:45.275238,Delivered,Closed,SHP012,Shipper 012,Marketplace,Outer Java,ST20_Banjarmasin,HB06_EASTERN_GATEWAY,Central Java,ST10_Solo,HB04_CTG_NATIONAL,Inter-Region,Regular,Prepaid,CR193,Truck,0.36,0.35,0.36,525058,13620,7991,8,0,0,,11.0,72,1,0,,1,0,,0,,39.42,1.26,4.19,ST10_Solo,
SHPM002886,AWB260002886,2026-03-05 02:17:55.689413,2026-03-05 02:48:55.689413,2026-03-05 03:31:55.689413,2026-03-05 03:58:11.720553,2026-03-05 04:35:11.720553,2026-03-05 05:30:11.720553,2026-03-05 09:10:52.351779,2026-03-05 15:01:50.724726,2026-03-06 11:31:56.759052,2026-03-06 20:34:25.120634,2026-03-06 22:51:59.296125,2026-03-06 14:17:55.689413,Delivered,Closed,SHP093,Shipper 093,SME,East Java,ST13_Malang,HB03_SBY_GATEWAY,Jabodetabek,ST02_JKT_West,HB01_JKT_GATEWAY,Inter-Region,Next Day,COD,CR124,Van,0.69,0.99,0.99,1097853,28455,18430,4,1,0,,37.0,36,0,0,,1,0,,0,,44.57,3.68,20.5,ST02_JKT_West,Hub Bottleneck
SHPM002887,AWB260002887,2026-02-21 21:40:53.754224,2026-02-21 22:01:53.754224,2026-02-21 22:37:53.754224,2026-02-22 02:38:56.729729,2026-02-22 03:02:56.729729,2026-02-22 03:50:56.729729,2026-02-22 09:44:38.769150,2026-02-22 12:16:05.685692,2026-02-22 18:11:40.439668,2026-02-22 20:54:21.375346,2026-02-23 02:47:05.923759,2026-02-23 21:40:53.754224,Delivered,Closed,SHP092,Shipper 092,Marketplace,Jabodetabek,ST03_JKT_East,HB01_JKT_GATEWAY,Jabodetabek,ST05_Tangerang,HB01_JKT_GATEWAY,Intra-Region,Regular,Prepaid,CR029,Bike,1.77,1.65,1.77,393543,19965,11041,8,1,0,,24.0,48,1,0,,1,0,,0,,29.1,5.9,5.93,ST05_Tangerang,
SHPM002888,AWB260002888,2026-03-11 13:20:47.167183,2026-03-11 13:42:47.167183,2026-03-11 14:04:47.167183,2026-03-11 15:56:29.585423,2026-03-11 16:42:29.585423,2026-03-11 17:23:29.585423,2026-03-11 18:52:35.137018,2026-03-12 01:15:46.898792,2026-03-12 10:34:57.263488,2026-03-12 17:56:47.379259,2026-03-13 02:45:21.671898,2026-03-14 13:20:47.167183,Delivered,Closed,SHP084,Shipper 084,Enterprise,Central Java,ST11_Yogyakarta,HB04_CTG_NATIONAL,West Java,ST07_Cirebon,HB02_BDG_TRANSIT,Inter-Region,Regular,Prepaid,CR104,Bike,1.56,1.56,1.56,1461033,19020,10641,8,1,0,,46.0,72,1,0,,1,0,,0,,37.41,1.48,9.32,ST07_Cirebon,
SHPM002889,AWB260002889,2026-03-16 14:40:22.578365,2026-03-16 15:15:22.578365,2026-03-16 15:51:22.578365,2026-03-16 18:30:37.679485,2026-03-16 18:45:37.679485,2026-03-16 20:02:37.679485,2026-03-16 23:32:48.857609,2026-03-17 03:14:37.482700,2026-03-17 14:56:21.860244,2026-03-17 22:46:42.135026,2026-03-18 02:54:38.625105,2026-03-17 14:40:22.578365,Delivered,Closed,SHP023,Shipper 023,Enterprise,West Java,ST08_Bogor,HB01_JKT_GATEWAY,West Java,ST08_Bogor,HB01_JKT_GATEWAY,Intra-Region,Next Day,COD,CR079,Truck,3.13,3.4,3.4,2159239,39300,37167,4,1,0,,15.0,24,0,0,,1,0,,0,,36.24,3.5,11.7,ST08_Bogor,Hub Bottleneck
SHPM002890,AWB260002890,2026-03-15 10:28:37.478805,2026-03-15 10:34:37.478805,2026-03-15 10:43:37.478805,2026-03-15 12:19:04.480596,2026-03-15 13:16:04.480596,2026-03-15 13:37:04.480596,2026-03-15 17:22:18.706726,2026-03-16 00:32:58.700192,2026-03-16 03:15:56.149471,2026-03-16 13:29:29.569468,2026-03-16 21:18:48.680846,2026-03-16 22:28:37.478805,Delivered,Closed,SHP089,Shipper 089,Enterprise,Central Java,ST11_Yogyakarta,HB04_CTG_NATIONAL,Jabodetabek,ST05_Tangerang,HB01_JKT_GATEWAY,Inter-Region,Next Day,Prepaid,CR104,Van,0.9,0.93,0.93,849732,24185,16639,4,1,0,,57.0,36,1,0,,1,0,,0,,34.84,3.75,2.72,ST05_Tangerang,
SHPM002891,AWB260002891,2026-03-17 22:47:47.739105,2026-03-17 22:52:47.739105,2026-03-17 23:28:47.739105,2026-03-18 01:55:56.046739,2026-03-18 02:26:56.046739,2026-03-18 03:12:56.046739,2026-03-18 08:28:36.830191,2026-03-18 16:31:07.457170,2026-03-18 20:38:31.466095,2026-03-19 04:01:07.908713,2026-03-19 09:28:24.729970,2026-03-19 10:47:47.739105,Delivered,Closed,SHP092,Shipper 092,Marketplace,Jabodetabek,ST05_Tangerang,HB01_JKT_GATEWAY,East Java,ST12_Surabaya,HB03_SBY_GATEWAY,Inter-Region,Next Day,COD,CR044,Truck,3.29,3.43,3.43,582603,39435,34126,4,1,0,,31.0,36,1,0,,1,0,,0,,34.68,5.26,4.12,ST12_Surabaya,
SHPM002892,AWB260002892,2026-02-21 03:22:13.925785,2026-02-21 03:51:13.925785,2026-02-21 04:53:13.925785,2026-02-21 09:23:23.423649,2026-02-21 10:21:23.423649,2026-02-21 10:41:23.423649,2026-02-21 12:17:44.302143,2026-02-21 15:41:26.214468,2026-02-22 01:20:35.278689,2026-02-22 07:29:27.447965,2026-02-23 00:52:21.691629,2026-02-24 03:22:13.925785,Delivered,Closed,SHP006,Shipper 006,Marketplace,East Java,ST12_Surabaya,HB03_SBY_GATEWAY,Jabodetabek,ST02_JKT_West,HB01_JKT_GATEWAY,Inter-Region,Regular,Prepaid,CR113,Bike,4.13,4.07,4.13,1198535,30585,19612,8,1,0,,58.0,72,1,0,,1,0,,0,,45.5,1.61,9.65,ST02_JKT_West,
SHPM002893,AWB260002893,2026-03-05 14:28:53.851852,2026-03-05 14:46:53.851852,2026-03-05 14:58:53.851852,2026-03-05 17:39:21.460625,2026-03-05 18:09:21.460625,2026-03-05 19:37:21.460625,2026-03-06 00:34:16.446690,2026-03-06 04:11:40.899575,2026-03-06 06:55:03.127937,2026-03-06 23:14:00.147796,2026-03-07 04:53:00.026651,2026-03-08 14:28:53.851852,Delivered,Closed,SHP071,Shipper 071,Enterprise,Jabodetabek,ST04_Bekasi,HB01_JKT_GATEWAY,West Java,ST07_Cirebon,HB02_BDG_TRANSIT,Inter-Region,Regular,Prepaid,CR038,Van,1.12,1.07,1.12,199403,17040,10058,8,1,0,,30.0,72,1,0,,1,0,,0,,38.4,4.95,2.72,ST07_Cirebon,
SHPM002894,AWB260002894,2026-02-25 01:01:30.566331,2026-02-25 01:15:30.566331,2026-02-25 01:22:30.566331,2026-02-25 04:47:07.653925,2026-02-25 05:59:07.653925,2026-02-25 06:54:07.653925,2026-02-25 08:24:58.824531,2026-02-25 15:29:29.798264,2026-02-25 20:06:04.621585,2026-02-26 03:52:06.039576,2026-02-26 06:28:04.264288,2026-02-26 13:01:30.566331,Delivered,Closed,SHP001,Shipper 001,Marketplace,Jabodetabek,ST03_JKT_East,HB01_JKT_GATEWAY,East Java,ST12_Surabaya,HB03_SBY_GATEWAY,Inter-Region,Next Day,COD,CR023,Van,1.49,2.04,2.04,1647985,33180,22911,4,1,0,,72.0,36,1,0,,1,0,,0,,29.44,1.51,4.61,ST12_Surabaya,
SHPM002895,AWB260002895,2026-02-16 06:10:10.214199,2026-02-16 06:53:10.214199,2026-02-16 07:11:10.214199,2026-02-16 08:52:25.973503,2026-02-16 09:16:25.973503,2026-02-16 10:17:25.973503,2026-02-16 14:17:38.002462,2026-02-16 22:12:41.892984,2026-02-17 08:47:38.805765,2026-02-17 21:54:52.744911,2026-02-18 03:07:07.189540,2026-02-16 22:10:10.214199,Delivered,Closed,SHP048,Shipper 048,Enterprise,Outer Java,ST17_Makassar,HB06_EASTERN_GATEWAY,Jabodetabek,ST03_JKT_East,HB01_JKT_GATEWAY,Inter-Region,Same Day,Prepaid,CR161,Truck,1.78,1.75,1.78,604688,35010,26410,2,1,0,,24.0,16,0,0,,1,0,,0,,44.95,4.0,10.58,ST03_JKT_East,Hub Bottleneck
SHPM002896,AWB260002896,2026-02-22 13:00:11.089762,2026-02-22 13:41:11.089762,2026-02-22 14:14:11.089762,2026-02-22 16:14:58.567448,2026-02-22 17:02:58.567448,2026-02-22 17:59:58.567448,2026-02-22 22:07:57.550009,2026-02-23 05:34:10.156853,2026-02-23 14:01:53.528764,2026-02-23 21:27:13.090424,2026-02-24 08:05:06.423076,2026-02-25 13:00:11.089762,Delivered,Closed,SHP008,Shipper 008,SME,Outer Java,ST16_Palembang,HB05_SUMATRA_GATEWAY,Jabodetabek,ST01_JKT_Central,HB01_JKT_GATEWAY,Inter-Region,Regular,Prepaid,CR150,Truck,2.12,2.05,2.12,1303259,21540,17193,8,1,0,,48.0,72,1,0,,1,0,,0,,43.08,4.13,8.46,ST01_JKT_Central,
SHPM002897,AWB260002897,2026-02-19 22:02:02.366183,2026-02-19 22:39:02.366183,2026-02-19 22:57:02.366183,2026-02-20 00:24:23.716727,2026-02-20 01:35:23.716727,2026-02-20 03:24:23.716727,2026-02-20 07:24:18.254159,2026-02-20 13:10:44.350949,2026-02-20 16:34:46.200014,2026-02-21 09:04:58.431752,2026-02-21 15:22:35.084683,2026-02-21 10:02:02.366183,Delivered,Closed,SHP001,Shipper 001,Marketplace,Jabodetabek,ST03_JKT_East,HB01_JKT_GATEWAY,Central Java,ST09_Semarang,HB04_CTG_NATIONAL,Inter-Region,Next Day,Prepaid,CR024,Van,0.74,1.04,1.04,367962,24680,19149,4,1,0,,71.0,36,0,0,,1,0,,0,,41.34,4.0,3.4,ST09_Semarang,Last Mile Delay
SHPM002898,AWB260002898,2026-03-15 16:12:32.767770,2026-03-15 16:35:32.767770,2026-03-15 17:02:32.767770,2026-03-15 20:52:07.377321,2026-03-15 21:00:07.377321,2026-03-15 22:40:07.377321,2026-03-16 01:44:48.685732,2026-03-16 11:00:36.349727,2026-03-16 17:46:34.457708,2026-03-17 04:39:48.228035,2026-03-17 11:59:59.356929,2026-03-17 04:12:32.767770,Delivered,Closed,SHP099,Shipper 099,SME,West Java,ST08_Bogor,HB01_JKT_GATEWAY,East Java,ST12_Surabaya,HB03_SBY_GATEWAY,Inter-Region,Next Day,Prepaid,CR078,Bike,0.63,0.59,0.63,2309119,22835,16866,4,0,0,,8.0,36,0,0,,1,0,,0,,43.79,3.08,6.77,ST12_Surabaya,First Mile Delay
SHPM002899,AWB260002899,2026-02-16 23:07:06.574603,2026-02-16 23:27:06.574603,2026-02-16 23:51:06.574603,2026-02-17 01:43:07.164943,2026-02-17 01:51:07.164943,2026-02-17 03:30:07.164943,2026-02-17 08:34:10.488186,2026-02-17 15:08:29.376495,2026-02-17 23:47:52.995517,2026-02-18 04:57:32.298297,2026-02-18 08:03:52.221162,2026-02-17 15:07:06.574603,Delivered,Closed,SHP015,Shipper 015,Marketplace,West Java,ST06_Bandung,HB01_JKT_GATEWAY,Jabodetabek,ST02_JKT_West,HB01_JKT_GATEWAY,Inter-Region,Same Day,Prepaid,CR063,Truck,0.94,0.85,0.94,724114,31230,29218,2,0,0,,8.0,16,0,0,,1,0,,0,,32.95,5.07,8.66,ST02_JKT_West,First Mile Delay
SHPM002900,AWB260002900,2026-03-03 21:40:00.983591,2026-03-03 21:58:00.983591,2026-03-03 22:21:00.983591,2026-03-04 01:12:35.716352,2026-03-04 01:27:35.716352,2026-03-04 03:26:35.716352,2026-03-04 08:53:04.590996,2026-03-04 18:00:15.241918,2026-03-04 23:36:59.864653,2026-03-05 07:22:50.583947,2026-03-05 21:38:04.443171,2026-03-05 09:40:00.983591,Delivered,Closed,SHP002,Shipper 002,Enterprise,Jabodetabek,ST01_JKT_Central,HB01_JKT_GATEWAY,Outer Java,ST15_Medan,HB05_SUMATRA_GATEWAY,Inter-Region,Next Day,Prepaid,CR007,Bike,2.8,2.99,2.99,1108040,33455,27649,4,1,0,,15.0,36,0,0,,1,0,,0,,47.97,5.44,5.61,ST15_Medan,Remote Area
SHPM002901,AWB260002901,2026-03-08 07:35:48.898860,2026-03-08 07:57:48.898860,2026-03-08 08:14:48.898860,2026-03-08 13:43:19.273668,2026-03-08 14:22:19.273668,2026-03-08 15:50:19.273668,2026-03-08 18:58:51.632318,2026-03-08 21:31:05.888241,2026-03-08 23:02:15.061303,2026-03-09 06:06:00.375629,2026-03-09 22:35:18.514852,2026-03-11 07:35:48.898860,Delivered,Closed,SHP087,Shipper 087,Enterprise,Jabodetabek,ST02_JKT_West,HB01_JKT_GATEWAY,Central Java,ST10_Solo,HB04_CTG_NATIONAL,Inter-Region,Regular,COD,CR018,Van,0.44,0.46,0.46,595722,18070,16812,8,1,0,,39.0,72,1,0,,1,0,,0,,38.99,3.14,1.52,ST10_Solo,
SHPM002902,AWB260002902,2026-03-15 13:26:36.979218,2026-03-15 14:06:36.979218,2026-03-15 14:11:36.979218,2026-03-15 17:28:41.443248,2026-03-15 17:51:41.443248,2026-03-15 18:10:41.443248,2026-03-15 21:38:18.624596,2026-03-16 07:33:29.959698,2026-03-16 09:33:09.629362,2026-03-16 21:16:03.642834,2026-03-17 06:19:52.414187,2026-03-17 01:26:36.979218,Delivered,Closed,SHP014,Shipper 014,Enterprise,Jabodetabek,ST05_Tangerang,HB01_JKT_GATEWAY,Central Java,ST11_Yogyakarta,HB04_CTG_NATIONAL,Inter-Region,Next Day,Prepaid,CR045,Bike,0.58,0.54,0.58,351226,22610,16210,4,1,0,,23.0,36,0,0,,1,0,,0,,40.89,3.46,1.99,ST11_Yogyakarta,Last Mile Delay
SHPM002903,AWB260002903,2026-03-25 15:45:24.958138,2026-03-25 16:01:24.958138,2026-03-25 16:36:24.958138,2026-03-25 19:13:38.947423,2026-03-25 20:10:38.947423,2026-03-25 21:46:38.947423,2026-03-26 03:10:12.681724,2026-03-26 11:48:30.961474,2026-03-26 17:40:47.332108,2026-03-27 11:23:46.344514,2026-03-27 19:33:10.427576,2026-03-27 03:45:24.958138,Delivered,Closed,SHP087,Shipper 087,Enterprise,Jabodetabek,ST05_Tangerang,HB01_JKT_GATEWAY,West Java,ST08_Bogor,HB01_JKT_GATEWAY,Inter-Region,Next Day,COD,CR051,Van,0.55,0.59,0.59,1936248,26655,18917,4,1,0,,57.0,36,0,0,,1,0,,0,,51.8,5.39,5.87,ST08_Bogor,Last Mile Delay
SHPM002904,AWB260002904,2026-03-16 01:46:56.275654,2026-03-16 01:53:56.275654,2026-03-16 01:58:56.275654,2026-03-16 05:22:09.071991,2026-03-16 05:43:09.071991,2026-03-16 06:00:09.071991,2026-03-16 08:49:49.809605,2026-03-16 16:57:12.182969,2026-03-17 05:09:25.457886,2026-03-17 12:42:14.269207,2026-03-17 19:24:20.559465,2026-03-17 13:46:56.275654,Delivered,Closed,SHP069,Shipper 069,SME,West Java,ST06_Bandung,HB01_JKT_GATEWAY,Outer Java,ST19_Denpasar,HB06_EASTERN_GATEWAY,Inter-Region,Next Day,Prepaid,CR055,Bike,1.08,1.09,1.09,1800847,24905,13778,4,1,0,,21.0,36,0,0,,1,0,,0,,41.62,2.83,12.2,ST19_Denpasar,Hub Bottleneck
SHPM002905,AWB260002905,2026-03-26 04:09:10.499875,2026-03-26 04:16:10.499875,2026-03-26 04:39:10.499875,2026-03-26 05:37:54.854333,2026-03-26 05:53:54.854333,2026-03-26 07:15:54.854333,2026-03-26 12:07:03.048693,2026-03-26 15:32:18.629010,2026-03-26 19:17:11.656298,2026-03-27 00:49:25.849567,2026-03-27 03:21:53.369409,2026-03-27 16:09:10.499875,Delivered,Closed,SHP017,Shipper 017,Marketplace,Outer Java,ST16_Palembang,HB05_SUMATRA_GATEWAY,Jabodetabek,ST02_JKT_West,HB01_JKT_GATEWAY,Inter-Region,Next Day,COD,CR152,Van,2.5,2.49,2.5,1293507,35250,22165,4,1,0,,16.0,36,1,0,,1,0,,0,,23.21,4.85,3.75,ST02_JKT_West,
SHPM002906,AWB260002906,2026-02-15 17:05:08.913869,2026-02-15 17:27:08.913869,2026-02-15 18:17:08.913869,2026-02-15 23:39:45.416587,2026-02-16 00:18:45.416587,2026-02-16 01:26:45.416587,2026-02-16 02:30:47.213893,2026-02-16 10:34:47.426708,2026-02-16 15:02:11.376314,2026-02-16 21:33:12.422602,2026-02-17 14:49:01.284572,2026-02-18 17:05:08.913869,Delivered,Closed,SHP054,Shipper 054,Marketplace,West Java,ST08_Bogor,HB01_JKT_GATEWAY,Jabodetabek,ST03_JKT_East,HB01_JKT_GATEWAY,Inter-Region,Regular,Prepaid,CR079,Bike,0.45,0.46,0.46,277395,14070,12282,8,1,0,,39.0,72,1,0,,1,0,,0,,45.73,1.07,4.46,ST03_JKT_East,
SHPM002907,AWB260002907,2026-03-20 23:58:14.478428,2026-03-21 00:16:14.478428,2026-03-21 01:15:14.478428,2026-03-21 03:46:59.476771,2026-03-21 04:05:59.476771,2026-03-21 06:03:59.476771,2026-03-21 09:46:33.881115,2026-03-21 18:58:21.468925,2026-03-22 13:04:15.741321,2026-03-23 07:02:09.849070,2026-03-23 19:17:05.334287,2026-03-23 23:58:14.478428,Delivered,Closed,SHP007,Shipper 007,SME,Jabodetabek,ST05_Tangerang,HB01_JKT_GATEWAY,Outer Java,ST18_Balikpapan,HB06_EASTERN_GATEWAY,Inter-Region,Regular,Prepaid,CR053,Bike,0.89,0.81,0.89,1833910,16005,12040,8,1,0,,19.0,72,1,0,,1,0,,0,,67.31,3.71,18.1,ST18_Balikpapan,
SHPM002908,AWB260002908,2026-02-18 10:02:04.301619,2026-02-18 10:25:04.301619,2026-02-18 10:39:04.301619,2026-02-18 11:19:58.955570,2026-02-18 12:19:58.955570,2026-02-18 12:59:58.955570,2026-02-18 18:06:39.349232,2026-02-18 23:28:56.106832,2026-02-19 01:34:42.437076,2026-02-19 18:51:02.994995,2026-02-19 20:27:16.819969,2026-02-19 02:02:04.301619,Delivered,Closed,SHP064,Shipper 064,Marketplace,Jabodetabek,ST04_Bekasi,HB01_JKT_GATEWAY,East Java,ST13_Malang,HB03_SBY_GATEWAY,Inter-Region,Same Day,Prepaid,CR039,Bike,1.22,1.67,1.67,1163384,34515,24855,2,1,0,,60.0,16,0,0,,1,0,,0,,34.42,5.11,2.1,ST13_Malang,Last Mile Delay
SHPM002909,AWB260002909,2026-03-30 05:51:28.195147,2026-03-30 06:05:28.195147,2026-03-30 06:15:28.195147,2026-03-30 09:41:12.793821,2026-03-30 10:33:12.793821,2026-03-30 12:10:12.793821,2026-03-30 13:45:30.356422,2026-03-30 16:50:29.407856,2026-03-30 21:17:20.148121,2026-03-31 03:31:58.923428,2026-03-31 12:03:09.653982,2026-03-31 17:51:28.195147,Delivered,Closed,SHP004,Shipper 004,Marketplace,Jabodetabek,ST02_JKT_West,HB01_JKT_GATEWAY,Central Java,ST11_Yogyakarta,HB04_CTG_NATIONAL,Inter-Region,Next Day,Prepaid,CR012,Bike,0.78,0.85,0.85,897099,23825,14543,4,1,0,,52.0,36,1,0,,1,0,,0,,30.19,1.59,4.45,ST11_Yogyakarta,
SHPM002910,AWB260002910,2026-02-19 18:13:28.614651,2026-02-19 18:28:28.614651,2026-02-19 18:50:28.614651,2026-02-19 23:04:27.027837,2026-02-19 23:34:27.027837,2026-02-19 23:59:27.027837,2026-02-20 04:05:38.042658,2026-02-20 10:56:56.568179,2026-02-20 16:08:32.184124,2026-02-21 08:39:27.158625,2026-02-21 17:32:55.456570,2026-02-22 18:13:28.614651,Delivered,Closed,SHP002,Shipper 002,Enterprise,Jabodetabek,ST01_JKT_Central,HB01_JKT_GATEWAY,West Java,ST06_Bandung,HB01_JKT_GATEWAY,Inter-Region,Regular,Prepaid,CR002,Truck,1.07,1.11,1.11,379037,16995,15447,8,1,0,,30.0,72,1,0,,1,0,,0,,47.32,4.1,5.19,ST06_Bandung,
SHPM002911,AWB260002911,2026-02-17 23:47:34.400012,2026-02-18 00:11:34.400012,2026-02-18 00:50:34.400012,2026-02-18 02:38:55.479751,2026-02-18 03:35:55.479751,2026-02-18 04:06:55.479751,2026-02-18 07:12:56.994239,2026-02-18 14:38:50.919670,2026-02-18 22:28:39.481857,2026-02-19 06:51:29.208912,2026-02-19 23:01:31.612575,2026-02-20 23:47:34.400012,Delivered,Closed,SHP071,Shipper 071,Enterprise,Jabodetabek,ST04_Bekasi,HB01_JKT_GATEWAY,East Java,ST12_Surabaya,HB03_SBY_GATEWAY,Inter-Region,Regular,COD,CR032,Truck,1.44,1.42,1.44,969957,22480,20331,8,1,0,,57.0,72,1,0,,1,0,,0,,47.23,3.1,7.83,ST12_Surabaya,
SHPM002912,AWB260002912,2026-03-01 13:03:04.552007,2026-03-01 13:42:04.552007,2026-03-01 14:05:04.552007,2026-03-01 17:55:47.704710,2026-03-01 18:27:47.704710,2026-03-01 18:42:47.704710,2026-03-01 21:57:55.250866,2026-03-02 02:02:57.104327,2026-03-02 11:05:40.792939,2026-03-02 16:08:45.401687,2026-03-03 00:01:54.905726,2026-03-03 01:03:04.552007,Delivered,Closed,SHP009,Shipper 009,Marketplace,West Java,ST06_Bandung,HB01_JKT_GATEWAY,Jabodetabek,ST02_JKT_West,HB01_JKT_GATEWAY,Inter-Region,Next Day,Prepaid,CR061,Bike,1.0,1.2,1.2,1765406,25400,22141,4,0,0,,32.0,36,1,0,,1,0,,0,,34.98,3.25,9.05,ST02_JKT_West,
SHPM002913,AWB260002913,2026-02-28 15:32:45.791077,2026-02-28 15:44:45.791077,2026-02-28 16:18:45.791077,2026-02-28 19:17:28.781447,2026-02-28 19:49:28.781447,2026-02-28 20:33:28.781447,2026-03-01 00:32:17.368474,2026-03-01 05:08:01.974391,2026-03-01 12:56:14.344660,2026-03-02 01:58:46.836538,2026-03-02 10:53:23.957390,2026-03-03 15:32:45.791077,Delivered,Closed,SHP034,Shipper 034,Enterprise,Jabodetabek,ST01_JKT_Central,HB01_JKT_GATEWAY,Central Java,ST09_Semarang,HB04_CTG_NATIONAL,Inter-Region,Regular,COD,CR002,Bike,3.75,3.49,3.75,1332229,32875,24628,8,1,0,,32.0,72,1,0,,1,0,,0,,43.34,3.98,7.8,ST09_Semarang,
SHPM002914,AWB260002914,2026-03-17 09:36:06.036760,2026-03-17 10:05:06.036760,2026-03-17 10:30:06.036760,2026-03-17 13:54:03.957686,2026-03-17 14:53:03.957686,2026-03-17 16:25:03.957686,2026-03-17 18:19:30.002160,2026-03-17 22:33:56.497426,2026-03-18 15:27:17.724050,2026-03-18 23:11:21.461428,2026-03-19 07:38:49.887939,2026-03-18 09:36:06.036760,Delivered,Closed,SHP072,Shipper 072,Enterprise,Outer Java,ST18_Balikpapan,HB06_EASTERN_GATEWAY,Outer Java,ST20_Banjarmasin,HB06_EASTERN_GATEWAY,Intra-Region,Next Day,Prepaid,CR164,Bike,1.09,1.82,1.82,754199,28190,20110,4,1,0,,59.0,24,0,0,,1,0,,0,,46.05,1.91,16.89,ST20_Banjarmasin,Hub Bottleneck
SHPM002915,AWB260002915,2026-03-26 08:22:43.843182,2026-03-26 08:37:43.843182,2026-03-26 09:10:43.843182,2026-03-26 14:13:55.863817,2026-03-26 15:05:55.863817,2026-03-26 16:46:55.863817,2026-03-26 21:47:24.754286,2026-03-26 23:51:13.397359,2026-03-27 01:47:27.406334,2026-03-27 16:39:55.436096,2026-03-27 22:05:05.695517,2026-03-29 08:22:43.843182,Delivered,Closed,SHP022,Shipper 022,Marketplace,Central Java,ST09_Semarang,HB04_CTG_NATIONAL,Jabodetabek,ST04_Bekasi,HB01_JKT_GATEWAY,Inter-Region,Regular,Prepaid,CR089,Van,1.04,0.99,1.04,310834,16680,13928,8,1,0,,52.0,72,1,0,,1,0,,0,,37.71,5.01,1.94,ST04_Bekasi,
SHPM002916,AWB260002916,2026-02-16 13:13:07.615087,2026-02-16 13:18:07.615087,2026-02-16 13:38:07.615087,2026-02-16 17:17:48.449581,2026-02-16 18:23:48.449581,2026-02-16 18:56:48.449581,2026-02-16 22:15:14.806694,2026-02-17 01:03:24.781463,2026-02-17 06:27:00.121948,2026-02-17 13:59:37.680287,2026-02-18 04:46:30.078404,2026-02-19 13:13:07.615087,Delivered,Closed,SHP017,Shipper 017,Marketplace,Outer Java,ST16_Palembang,HB05_SUMATRA_GATEWAY,West Java,ST07_Cirebon,HB02_BDG_TRANSIT,Inter-Region,Regular,Prepaid,CR145,Bike,1.49,1.55,1.55,286334,18975,15328,8,1,0,,66.0,72,1,0,,1,0,,0,,39.56,3.31,5.39,ST07_Cirebon,
SHPM002917,AWB260002917,2026-02-27 15:14:47.709845,2026-02-27 15:42:47.709845,2026-02-27 15:47:47.709845,2026-02-27 18:48:55.378924,2026-02-27 19:36:55.378924,2026-02-27 20:14:55.378924,2026-02-28 00:21:35.803726,2026-02-28 07:36:43.298296,2026-02-28 10:14:21.772641,2026-03-01 00:19:11.610357,2026-03-01 06:13:24.352017,2026-03-02 15:14:47.709845,Delivered,Closed,SHP005,Shipper 005,Enterprise,Central Java,ST11_Yogyakarta,HB04_CTG_NATIONAL,East Java,ST13_Malang,HB03_SBY_GATEWAY,Inter-Region,Regular,Prepaid,CR105,Bike,0.81,0.79,0.81,1477720,15645,11579,8,1,0,,48.0,72,1,0,,1,0,,0,,38.98,4.11,2.63,ST13_Malang,
SHPM002918,AWB260002918,2026-03-21 20:35:26.650193,2026-03-21 20:46:26.650193,2026-03-21 20:55:26.650193,2026-03-22 03:35:31.841902,2026-03-22 04:26:31.841902,2026-03-22 06:16:31.841902,2026-03-22 11:40:29.407526,2026-03-22 15:49:41.977353,2026-03-23 02:56:26.918213,2026-03-23 10:53:44.420055,2026-03-23 18:55:06.072526,2026-03-24 20:35:26.650193,Delivered,Closed,SHP069,Shipper 069,SME,West Java,ST06_Bandung,HB01_JKT_GATEWAY,Jabodetabek,ST01_JKT_Central,HB01_JKT_GATEWAY,Inter-Region,Regular,Prepaid,CR059,Van,0.23,0.25,0.25,2346541,13125,7949,8,1,0,,51.0,72,1,0,,1,0,,0,,46.33,5.4,11.11,ST01_JKT_Central,
SHPM002919,AWB260002919,2026-02-21 22:59:40.255999,2026-02-21 23:24:40.255999,2026-02-22 00:03:40.255999,,,,,,,,,2026-02-24 22:59:40.255999,Failed Pickup,Exception,SHP038,Shipper 038,Marketplace,Jabodetabek,ST05_Tangerang,HB01_JKT_GATEWAY,Outer Java,ST17_Makassar,HB06_EASTERN_GATEWAY,Inter-Region,Regular,Prepaid,CR053,Van,4.85,5.14,5.14,1787659,35130,30378,8,0,1,Shipper Closed,,72,0,0,,0,0,,0,,1045.01,,,ST05_Tangerang,
SHPM002920,AWB260002920,2026-02-22 06:35:31.222164,2026-02-22 06:51:31.222164,2026-02-22 07:07:31.222164,2026-02-22 13:13:57.832522,2026-02-22 14:10:57.832522,2026-02-22 14:35:57.832522,2026-02-22 18:04:11.141545,2026-02-22 20:59:42.854294,2026-02-23 02:40:00.544813,2026-02-23 11:40:50.473487,2026-02-23 22:07:25.388024,2026-02-25 06:35:31.222164,Delivered,Closed,SHP061,Shipper 061,Enterprise,Outer Java,ST18_Balikpapan,HB06_EASTERN_GATEWAY,Central Java,ST09_Semarang,HB04_CTG_NATIONAL,Inter-Region,Regular,Prepaid,CR172,Truck,2.07,3.37,3.37,967237,27165,15191,8,1,0,,57.0,72,1,0,,1,0,,0,,39.53,3.47,5.67,ST09_Semarang,
SHPM002921,AWB260002921,2026-03-10 08:13:03.222309,2026-03-10 08:41:03.222309,2026-03-10 09:04:03.222309,2026-03-10 16:23:01.378179,2026-03-10 16:40:01.378179,2026-03-10 17:54:01.378179,2026-03-10 21:36:09.147566,2026-03-11 06:57:56.104139,2026-03-11 15:23:14.898292,2026-03-12 07:24:22.724803,2026-03-12 11:32:32.124871,2026-03-13 08:13:03.222309,Delivered,Closed,SHP037,Shipper 037,Marketplace,Central Java,ST10_Solo,HB04_CTG_NATIONAL,Jabodetabek,ST03_JKT_East,HB01_JKT_GATEWAY,Inter-Region,Regular,Prepaid,CR098,Van,2.82,4.05,4.05,1832777,30225,19765,8,1,0,,17.0,72,1,0,,1,0,,0,,51.32,3.7,8.42,ST03_JKT_East,
SHPM002922,AWB260002922,2026-03-30 03:33:01.922042,2026-03-30 04:09:01.922042,2026-03-30 04:35:01.922042,2026-03-30 06:29:48.735802,2026-03-30 06:37:48.735802,2026-03-30 07:50:48.735802,2026-03-30 10:23:49.878957,2026-03-30 16:49:38.232264,2026-03-30 20:30:21.265870,2026-03-31 13:14:55.260854,2026-03-31 20:06:42.683244,2026-03-31 15:33:01.922042,Delivered,Closed,SHP053,Shipper 053,Marketplace,Jabodetabek,ST03_JKT_East,HB01_JKT_GATEWAY,Central Java,ST11_Yogyakarta,HB04_CTG_NATIONAL,Inter-Region,Next Day,Prepaid,CR029,Bike,1.65,1.58,1.65,1050798,27425,16472,4,1,0,,8.0,36,0,0,,1,0,,0,,40.56,2.55,3.68,ST11_Yogyakarta,Last Mile Delay
SHPM002923,AWB260002923,2026-03-08 13:34:29.123912,2026-03-08 14:00:29.123912,2026-03-08 14:08:29.123912,2026-03-08 22:42:42.406182,2026-03-08 23:41:42.406182,2026-03-09 00:58:42.406182,2026-03-09 04:56:44.949866,2026-03-09 10:05:17.175786,2026-03-09 23:54:00.407122,2026-03-10 14:37:44.550254,2026-03-11 14:25:20.275581,2026-03-11 13:34:29.123912,Delivered,Closed,SHP090,Shipper 090,Enterprise,East Java,ST14_Kediri,HB03_SBY_GATEWAY,Outer Java,ST15_Medan,HB05_SUMATRA_GATEWAY,Inter-Region,Regular,Prepaid,CR128,Bike,0.95,0.9,0.95,1649575,16275,14287,8,0,0,,59.0,72,0,0,,1,0,,0,,72.85,3.97,13.81,ST15_Medan,First Mile Delay
SHPM002924,AWB260002924,2026-03-17 09:20:39.647116,2026-03-17 10:02:39.647116,2026-03-17 10:36:39.647116,2026-03-17 13:52:32.955500,2026-03-17 14:07:32.955500,2026-03-17 15:28:32.955500,2026-03-17 20:34:33.642553,2026-03-18 05:56:07.843638,2026-03-18 16:23:09.406549,2026-03-19 01:21:38.578082,2026-03-19 13:06:27.161398,2026-03-20 09:20:39.647116,Delivered,Closed,SHP095,Shipper 095,Enterprise,Central Java,ST11_Yogyakarta,HB04_CTG_NATIONAL,East Java,ST14_Kediri,HB03_SBY_GATEWAY,Inter-Region,Regular,Prepaid,CR105,Van,1.04,0.98,1.04,417717,16680,12544,8,1,0,,15.0,72,1,0,,1,0,,0,,51.76,5.1,10.45,ST14_Kediri,
SHPM002925,AWB260002925,2026-03-31 00:50:32.772759,2026-03-31 01:13:32.772759,2026-03-31 01:37:32.772759,2026-03-31 04:50:02.039592,2026-03-31 06:10:02.039592,2026-03-31 08:00:02.039592,2026-03-31 10:04:29.429268,2026-03-31 16:47:38.274064,2026-03-31 22:38:32.549489,2026-04-01 09:56:09.181236,2026-04-01 14:12:24.745811,2026-04-01 12:50:32.772759,Delivered,Closed,SHP092,Shipper 092,Marketplace,Jabodetabek,ST03_JKT_East,HB01_JKT_GATEWAY,East Java,ST13_Malang,HB03_SBY_GATEWAY,Inter-Region,Next Day,Prepaid,CR027,Van,2.27,2.09,2.27,1538532,30215,26041,4,1,0,,80.0,36,0,0,,1,0,,0,,37.36,2.07,5.85,ST13_Malang,Last Mile Delay
SHPM002926,AWB260002926,2026-03-04 11:37:12.976704,2026-03-04 12:02:12.976704,2026-03-04 12:23:12.976704,2026-03-04 14:45:39.832643,2026-03-04 15:28:39.832643,2026-03-04 17:22:39.832643,2026-03-04 18:40:56.995563,2026-03-05 01:40:37.055513,2026-03-05 11:47:17.552088,2026-03-06 02:45:10.895700,2026-03-06 07:51:44.465766,2026-03-05 23:37:12.976704,Delivered,Closed,SHP038,Shipper 038,Marketplace,Jabodetabek,ST01_JKT_Central,HB01_JKT_GATEWAY,East Java,ST14_Kediri,HB03_SBY_GATEWAY,Inter-Region,Next Day,COD,CR011,Bike,0.76,0.82,0.82,1661485,27690,20757,4,1,0,,43.0,36,0,0,,1,0,,0,,44.24,1.3,10.11,ST14_Kediri,Hub Bottleneck
SHPM002927,AWB260002927,2026-03-14 11:51:02.285690,2026-03-14 12:35:02.285690,2026-03-14 13:32:02.285690,,,,,,,,,2026-03-17 11:51:02.285690,Failed Pickup,Exception,SHP060,Shipper 060,Enterprise,East Java,ST12_Surabaya,HB03_SBY_GATEWAY,Outer Java,ST16_Palembang,HB05_SUMATRA_GATEWAY,Inter-Region,Regular,Prepaid,CR113,Van,1.11,1.29,1.29,1371364,17805,11525,8,0,1,Address Not Found,,72,0,0,,0,0,,0,,552.15,,,ST12_Surabaya,
SHPM002928,AWB260002928,2026-02-24 02:30:13.687768,2026-02-24 02:38:13.687768,2026-02-24 02:43:13.687768,2026-02-24 08:11:19.616005,2026-02-24 09:06:19.616005,2026-02-24 09:47:19.616005,2026-02-24 12:06:40.206177,2026-02-24 20:40:33.882832,2026-02-25 13:55:27.425408,2026-02-26 18:05:32.739597,2026-02-27 03:50:47.743128,2026-02-27 02:30:13.687768,Delivered,Closed,SHP090,Shipper 090,Enterprise,East Java,ST14_Kediri,HB03_SBY_GATEWAY,Jabodetabek,ST05_Tangerang,HB01_JKT_GATEWAY,Inter-Region,Regular,Prepaid,CR133,Bike,1.71,1.87,1.87,1435412,20415,17450,8,1,0,,55.0,72,0,0,,1,1,Invalid Address,0,,73.34,2.32,17.25,ST05_Tangerang,Hub Bottleneck
SHPM002929,AWB260002929,2026-03-29 08:22:28.415039,2026-03-29 08:38:28.415039,2026-03-29 09:04:28.415039,2026-03-29 16:32:17.971160,2026-03-29 16:49:17.971160,2026-03-29 17:25:17.971160,2026-03-29 20:18:03.874484,2026-03-29 23:49:01.883552,2026-03-30 11:08:26.773236,2026-03-31 04:43:57.326013,2026-03-31 13:05:01.027913,2026-04-01 08:22:28.415039,Delivered,Closed,SHP049,Shipper 049,Enterprise,Jabodetabek,ST05_Tangerang,HB01_JKT_GATEWAY,West Java,ST08_Bogor,HB01_JKT_GATEWAY,Inter-Region,Regular,COD,CR054,Van,0.36,0.59,0.59,578215,18655,13581,8,1,0,,17.0,72,1,0,,1,0,,0,,52.71,2.88,11.32,ST08_Bogor,
SHPM002930,AWB260002930,2026-02-26 16:18:50.815623,2026-02-26 16:58:50.815623,2026-02-26 17:20:50.815623,2026-02-27 00:46:17.764284,2026-02-27 01:18:17.764284,2026-02-27 02:27:17.764284,2026-02-27 05:11:45.690218,2026-02-27 09:37:02.314151,2026-02-27 18:59:09.894347,2026-02-28 03:24:02.752452,2026-02-28 18:15:18.865190,2026-03-01 16:18:50.815623,Delivered,Closed,SHP078,Shipper 078,SME,Outer Java,ST17_Makassar,HB06_EASTERN_GATEWAY,East Java,ST14_Kediri,HB03_SBY_GATEWAY,Inter-Region,Regular,COD,CR162,Bike,1.51,1.49,1.51,670479,22795,20877,8,1,0,,32.0,72,1,0,,1,0,,0,,49.94,2.74,9.37,ST14_Kediri,
SHPM002931,AWB260002931,2026-03-27 13:23:22.984586,2026-03-27 13:44:22.984586,2026-03-27 13:59:22.984586,2026-03-27 15:00:21.264088,2026-03-27 16:20:21.264088,2026-03-27 17:24:21.264088,2026-03-27 18:40:32.601426,2026-03-27 23:53:44.138479,2026-03-28 07:34:26.357403,2026-03-28 22:28:36.805036,,2026-03-28 05:23:22.984586,Return To Sender,RTS,SHP072,Shipper 072,Enterprise,Outer Java,ST19_Denpasar,HB06_EASTERN_GATEWAY,East Java,ST12_Surabaya,HB03_SBY_GATEWAY,Inter-Region,Same Day,COD,CR181,Bike,0.69,0.68,0.69,820393,34105,25005,2,1,0,,80.0,16,0,1,Invalid Address,2,0,,1,Invalid Address,238.61,1.27,7.68,ST12_Surabaya,Delivery Exception
SHPM002932,AWB260002932,2026-03-08 20:50:18.591597,2026-03-08 21:10:18.591597,2026-03-08 21:39:18.591597,2026-03-09 04:15:16.234422,2026-03-09 04:58:16.234422,2026-03-09 05:59:16.234422,2026-03-09 09:22:19.177752,2026-03-09 17:10:47.820781,2026-03-10 00:04:44.958467,2026-03-10 07:57:11.433776,2026-03-10 19:38:32.464225,2026-03-11 20:50:18.591597,Delivered,Closed,SHP089,Shipper 089,Enterprise,Central Java,ST11_Yogyakarta,HB04_CTG_NATIONAL,Jabodetabek,ST01_JKT_Central,HB01_JKT_GATEWAY,Inter-Region,Regular,Prepaid,CR103,Bike,0.75,0.71,0.75,1178967,15375,11133,8,1,0,,43.0,72,1,0,,1,0,,0,,46.8,3.38,6.9,ST01_JKT_Central,
SHPM002933,AWB260002933,2026-03-11 22:34:52.302571,2026-03-11 22:39:52.302571,2026-03-11 23:24:52.302571,2026-03-12 01:26:16.152689,2026-03-12 02:18:16.152689,2026-03-12 03:00:16.152689,2026-03-12 05:18:55.368152,2026-03-12 10:17:43.335852,2026-03-12 12:24:59.153470,2026-03-12 20:46:03.685113,2026-03-13 10:41:44.731791,2026-03-13 22:34:52.302571,Delivered,Closed,SHP087,Shipper 087,Enterprise,Jabodetabek,ST04_Bekasi,HB01_JKT_GATEWAY,Jabodetabek,ST04_Bekasi,HB01_JKT_GATEWAY,Intra-Region,Regular,COD,CR040,Bike,3.38,3.32,3.38,2374043,31210,25701,8,1,0,,52.0,48,1,0,,1,0,,0,,36.11,2.31,2.12,ST04_Bekasi,
SHPM002934,AWB260002934,2026-02-21 14:20:27.530761,2026-02-21 14:49:27.530761,2026-02-21 15:17:27.530761,2026-02-21 16:25:17.194005,2026-02-21 17:02:17.194005,2026-02-21 17:47:17.194005,2026-02-21 20:02:58.624448,2026-02-22 00:15:40.820970,2026-02-22 06:14:17.350707,2026-02-22 13:11:01.746736,2026-02-22 17:50:20.931710,2026-02-23 02:20:27.530761,Delivered,Closed,SHP070,Shipper 070,Enterprise,Jabodetabek,ST04_Bekasi,HB01_JKT_GATEWAY,West Java,ST06_Bandung,HB01_JKT_GATEWAY,Inter-Region,Next Day,Prepaid,CR031,Van,1.72,1.74,1.74,978984,27830,21019,4,1,0,,37.0,36,1,0,,1,0,,0,,27.5,2.26,5.98,ST06_Bandung,
SHPM002935,AWB260002935,2026-03-17 00:12:34.375516,2026-03-17 00:35:34.375516,2026-03-17 00:50:34.375516,2026-03-17 03:58:22.385371,2026-03-17 04:49:22.385371,2026-03-17 05:05:22.385371,2026-03-17 06:18:52.866299,2026-03-17 12:30:53.794992,2026-03-17 14:34:24.084949,2026-03-18 02:27:02.252157,2026-03-18 12:10:41.963740,2026-03-20 00:12:34.375516,Delivered,Closed,SHP061,Shipper 061,Enterprise,Outer Java,ST17_Makassar,HB06_EASTERN_GATEWAY,Jabodetabek,ST01_JKT_Central,HB01_JKT_GATEWAY,Inter-Region,Regular,Prepaid,CR155,Van,0.91,0.95,0.95,1410252,16275,10818,8,1,0,,51.0,72,1,0,,1,0,,0,,35.97,1.23,2.06,ST01_JKT_Central,
SHPM002936,AWB260002936,2026-03-16 03:27:23.984724,2026-03-16 04:03:23.984724,2026-03-16 04:57:23.984724,,,,,,,,,2026-03-17 15:27:23.984724,Failed Pickup,Exception,SHP099,Shipper 099,SME,West Java,ST07_Cirebon,HB02_BDG_TRANSIT,East Java,ST12_Surabaya,HB03_SBY_GATEWAY,Inter-Region,Next Day,COD,CR074,Van,1.42,1.32,1.42,510317,30390,27852,4,0,1,Schedule Miss,,36,0,0,,0,0,,0,,512.54,,,ST07_Cirebon,
SHPM002937,AWB260002937,2026-03-06 13:48:41.420524,2026-03-06 14:02:41.420524,2026-03-06 14:34:41.420524,2026-03-06 17:44:49.502302,2026-03-06 17:52:49.502302,2026-03-06 18:41:49.502302,2026-03-06 20:28:30.415006,2026-03-07 01:33:27.553656,2026-03-07 08:16:01.282270,2026-03-07 22:26:43.900171,2026-03-08 02:48:46.778488,2026-03-09 13:48:41.420524,Delivered,Closed,SHP049,Shipper 049,Enterprise,Jabodetabek,ST01_JKT_Central,HB01_JKT_GATEWAY,East Java,ST14_Kediri,HB03_SBY_GATEWAY,Inter-Region,Regular,Prepaid,CR008,Bike,5.22,4.96,5.22,1690234,35490,26972,8,1,0,,8.0,72,1,0,,1,0,,0,,37.0,1.78,6.71,ST14_Kediri,
SHPM002938,AWB260002938,2026-03-09 00:05:40.322662,2026-03-09 00:33:40.322662,2026-03-09 00:58:40.322662,,,,,,,,,2026-03-10 00:05:40.322662,Failed Pickup,Exception,SHP074,Shipper 074,Enterprise,Outer Java,ST20_Banjarmasin,HB06_EASTERN_GATEWAY,Outer Java,ST19_Denpasar,HB06_EASTERN_GATEWAY,Intra-Region,Next Day,COD,CR185,Bike,0.55,0.55,0.55,2235786,26475,20033,4,0,1,Address Not Found,,24,0,0,,0,0,,0,,683.91,,,ST20_Banjarmasin,
SHPM002939,AWB260002939,2026-03-14 21:23:02.672869,2026-03-14 21:48:02.672869,2026-03-14 22:39:02.672869,2026-03-15 02:03:49.934710,2026-03-15 04:02:49.934710,2026-03-15 04:45:49.934710,2026-03-15 10:18:30.410244,2026-03-15 15:56:55.449420,2026-03-16 08:45:07.939260,2026-03-17 01:35:28.962248,2026-03-17 07:58:35.306150,2026-03-17 21:23:02.672869,Delivered,Closed,SHP090,Shipper 090,Enterprise,East Java,ST12_Surabaya,HB03_SBY_GATEWAY,Jabodetabek,ST02_JKT_West,HB01_JKT_GATEWAY,Inter-Region,Regular,Prepaid,CR112,Bike,1.14,1.06,1.14,258821,17130,11010,8,1,0,,119.0,72,1,0,,1,0,,0,,58.59,5.54,16.8,ST02_JKT_West,
SHPM002940,AWB260002940,2026-02-21 08:17:31.027286,2026-02-21 08:56:31.027286,2026-02-21 09:13:31.027286,2026-02-21 10:41:45.756200,2026-02-21 11:14:45.756200,2026-02-21 12:04:45.756200,2026-02-21 15:06:15.256815,2026-02-21 17:52:45.941584,2026-02-22 00:43:43.573873,2026-02-22 13:46:18.931918,2026-02-22 20:15:19.896238,2026-02-22 20:17:31.027286,Delivered,Closed,SHP087,Shipper 087,Enterprise,Jabodetabek,ST02_JKT_West,HB01_JKT_GATEWAY,Central Java,ST10_Solo,HB04_CTG_NATIONAL,Inter-Region,Next Day,Prepaid,CR017,Van,1.12,1.47,1.47,653892,26615,19928,4,1,0,,33.0,36,1,0,,1,0,,0,,35.96,3.02,6.85,ST10_Solo,
SHPM002941,AWB260002941,2026-03-16 07:23:52.692483,2026-03-16 07:41:52.692483,2026-03-16 08:04:52.692483,2026-03-16 12:55:40.697316,2026-03-16 13:29:40.697316,2026-03-16 14:25:40.697316,2026-03-16 15:47:09.418720,2026-03-16 20:21:05.968290,2026-03-17 04:05:59.708549,2026-03-17 14:40:53.582545,2026-03-18 17:53:27.021198,2026-03-19 07:23:52.692483,Delivered,Closed,SHP023,Shipper 023,Enterprise,West Java,ST08_Bogor,HB01_JKT_GATEWAY,Outer Java,ST18_Balikpapan,HB06_EASTERN_GATEWAY,Inter-Region,Regular,Prepaid,CR080,Van,3.78,5.74,5.74,965316,37830,25387,8,1,0,,34.0,72,1,0,,1,0,,0,,58.49,1.36,7.75,ST18_Balikpapan,
SHPM002942,AWB260002942,2026-02-16 16:54:33.375511,2026-02-16 17:17:33.375511,2026-02-16 17:38:33.375511,2026-02-16 21:15:28.887595,2026-02-16 21:28:28.887595,2026-02-16 22:57:28.887595,2026-02-17 04:04:25.132878,2026-02-17 09:03:14.758622,2026-02-17 15:48:28.458413,2026-02-18 04:07:49.238204,2026-02-18 13:40:38.634516,2026-02-18 04:54:33.375511,Delivered,Closed,SHP051,Shipper 051,Marketplace,Outer Java,ST19_Denpasar,HB06_EASTERN_GATEWAY,Central Java,ST11_Yogyakarta,HB04_CTG_NATIONAL,Inter-Region,Next Day,Prepaid,CR177,Bike,0.89,0.85,0.89,1721939,24005,14887,4,1,0,,13.0,36,0,0,,1,0,,0,,44.77,5.12,6.75,ST11_Yogyakarta,Last Mile Delay
SHPM002943,AWB260002943,2026-03-02 21:13:01.459683,2026-03-02 21:56:01.459683,2026-03-02 22:35:01.459683,2026-03-03 02:01:05.574061,2026-03-03 02:17:05.574061,2026-03-03 03:36:05.574061,2026-03-03 08:53:47.328181,2026-03-03 12:50:17.393217,2026-03-04 02:34:17.408130,2026-03-04 09:28:17.048654,2026-03-04 22:39:58.217014,2026-03-04 09:13:01.459683,Delivered,Closed,SHP063,Shipper 063,Enterprise,Jabodetabek,ST05_Tangerang,HB01_JKT_GATEWAY,Outer Java,ST20_Banjarmasin,HB06_EASTERN_GATEWAY,Inter-Region,Next Day,COD,CR049,Van,1.52,1.64,1.64,2245088,31380,22572,4,0,0,,16.0,36,0,0,,1,0,,0,,49.45,5.29,13.73,ST20_Banjarmasin,First Mile Delay
SHPM002944,AWB260002944,2026-02-18 03:36:46.281041,2026-02-18 04:12:46.281041,2026-02-18 04:23:46.281041,2026-02-18 12:23:38.549826,2026-02-18 12:54:38.549826,2026-02-18 13:51:38.549826,2026-02-18 16:29:31.482231,2026-02-18 19:19:02.644025,2026-02-19 02:13:17.588814,2026-02-19 08:47:40.546487,2026-02-19 23:23:57.563793,2026-02-20 03:36:46.281041,Delivered,Closed,SHP030,Shipper 030,Enterprise,Jabodetabek,ST05_Tangerang,HB01_JKT_GATEWAY,Jabodetabek,ST05_Tangerang,HB01_JKT_GATEWAY,Intra-Region,Regular,Prepaid,CR052,Bike,1.82,1.89,1.89,2381320,20505,16712,8,0,0,,31.0,48,1,0,,1,0,,0,,43.79,2.63,6.9,ST05_Tangerang,
SHPM002945,AWB260002945,2026-02-25 14:46:13.752639,2026-02-25 15:21:13.752639,2026-02-25 16:24:13.752639,2026-02-25 23:34:28.810868,2026-02-26 00:27:28.810868,2026-02-26 02:27:28.810868,2026-02-26 08:20:11.402114,2026-02-26 13:49:14.760518,2026-02-26 21:42:29.376211,2026-02-27 15:15:05.352730,2026-02-28 03:23:53.648141,2026-02-28 14:46:13.752639,Delivered,Closed,SHP029,Shipper 029,SME,Outer Java,ST18_Balikpapan,HB06_EASTERN_GATEWAY,East Java,ST13_Malang,HB03_SBY_GATEWAY,Inter-Region,Regular,Prepaid,CR173,Bike,0.79,0.79,0.79,283379,15555,9080,8,0,0,,53.0,72,1,0,,1,0,,0,,60.63,5.88,7.89,ST13_Malang,
SHPM002946,AWB260002946,2026-03-01 13:08:38.647784,2026-03-01 13:14:38.647784,2026-03-01 13:47:38.647784,2026-03-01 14:20:07.387324,2026-03-01 14:53:07.387324,2026-03-01 16:26:07.387324,2026-03-01 20:03:22.029212,2026-03-02 00:23:07.289505,2026-03-02 08:34:13.184488,2026-03-02 10:27:28.523057,2026-03-02 11:26:56.260682,2026-03-01 23:08:38.647784,Delivered,Closed,SHP071,Shipper 071,Enterprise,Jabodetabek,ST02_JKT_West,HB01_JKT_GATEWAY,Jabodetabek,ST05_Tangerang,HB01_JKT_GATEWAY,Intra-Region,Same Day,Prepaid,CR013,Bike,0.2,0.18,0.2,2095828,27900,23985,2,1,0,,33.0,10,0,0,,1,0,,0,,22.3,3.62,8.18,ST05_Tangerang,Last Mile Delay
SHPM002947,AWB260002947,2026-03-12 21:29:18.080837,2026-03-12 22:09:18.080837,2026-03-12 23:00:18.080837,2026-03-13 00:52:45.887113,2026-03-13 01:29:45.887113,2026-03-13 02:41:45.887113,2026-03-13 06:02:47.712671,2026-03-13 11:47:18.988989,2026-03-14 06:21:31.059737,2026-03-14 18:04:15.775666,2026-03-14 22:15:05.220643,2026-03-14 09:29:18.080837,Delivered,Closed,SHP093,Shipper 093,SME,East Java,ST12_Surabaya,HB03_SBY_GATEWAY,Jabodetabek,ST01_JKT_Central,HB01_JKT_GATEWAY,Inter-Region,Next Day,Prepaid,CR113,Van,0.98,1.05,1.05,1892120,24725,22195,4,1,0,,37.0,36,0,0,,1,0,,0,,48.76,3.35,18.57,ST01_JKT_Central,Hub Bottleneck
SHPM002948,AWB260002948,2026-03-10 13:33:52.574483,2026-03-10 14:06:52.574483,2026-03-10 14:11:52.574483,2026-03-10 21:04:06.357305,2026-03-10 21:54:06.357305,2026-03-10 23:29:06.357305,2026-03-11 04:07:38.827122,2026-03-11 07:22:00.052416,2026-03-11 08:58:29.018407,2026-03-11 18:28:00.917459,2026-03-12 07:00:01.077359,2026-03-13 13:33:52.574483,Delivered,Closed,SHP045,Shipper 045,Marketplace,Jabodetabek,ST02_JKT_West,HB01_JKT_GATEWAY,West Java,ST06_Bandung,HB01_JKT_GATEWAY,Inter-Region,Regular,Prepaid,CR017,Truck,1.87,1.88,1.88,137356,20460,18524,8,1,0,,50.0,72,1,0,,1,0,,0,,41.44,4.64,1.61,ST06_Bandung,
SHPM002949,AWB260002949,2026-03-25 16:26:21.183714,2026-03-25 16:47:21.183714,2026-03-25 17:19:21.183714,2026-03-26 00:52:01.074667,2026-03-26 01:16:01.074667,2026-03-26 02:38:01.074667,2026-03-26 04:32:28.518997,2026-03-26 07:21:56.987432,2026-03-26 09:56:56.388705,2026-03-27 03:32:48.483454,2026-03-27 20:57:40.157987,2026-03-28 16:26:21.183714,Delivered,Closed,SHP005,Shipper 005,Enterprise,Central Java,ST09_Semarang,HB04_CTG_NATIONAL,West Java,ST08_Bogor,HB01_JKT_GATEWAY,Inter-Region,Regular,COD,CR087,Bike,1.38,1.45,1.45,1132183,22525,19927,8,0,0,,24.0,72,1,0,,1,0,,0,,52.52,1.91,2.58,ST08_Bogor,
SHPM002950,AWB260002950,2026-03-15 03:44:47.299067,2026-03-15 03:59:47.299067,2026-03-15 04:29:47.299067,2026-03-15 08:08:01.345529,2026-03-15 08:44:01.345529,2026-03-15 10:31:01.345529,2026-03-15 12:33:48.101161,2026-03-15 16:27:27.796538,2026-03-16 04:07:54.031868,2026-03-16 15:23:31.063347,2026-03-16 20:05:56.707919,2026-03-16 15:44:47.299067,Delivered,Closed,SHP080,Shipper 080,SME,Outer Java,ST15_Medan,HB05_SUMATRA_GATEWAY,East Java,ST12_Surabaya,HB03_SBY_GATEWAY,Inter-Region,Next Day,COD,CR142,Bike,0.74,0.73,0.74,1767077,27330,17662,4,0,0,,36.0,36,0,0,,1,0,,0,,40.35,2.05,11.67,ST12_Surabaya,First Mile Delay
SHPM002951,AWB260002951,2026-03-31 09:23:04.953826,2026-03-31 10:03:04.953826,2026-03-31 10:15:04.953826,2026-03-31 15:15:33.127040,2026-03-31 15:30:33.127040,2026-03-31 16:46:33.127040,2026-03-31 21:17:50.301157,2026-04-01 00:41:07.960046,2026-04-01 03:22:37.109428,2026-04-01 17:50:11.458142,2026-04-02 01:20:20.888461,2026-04-03 09:23:04.953826,Delivered,Closed,SHP064,Shipper 064,Marketplace,Jabodetabek,ST04_Bekasi,HB01_JKT_GATEWAY,Central Java,ST09_Semarang,HB04_CTG_NATIONAL,Inter-Region,Regular,Prepaid,CR037,Bike,2.76,3.02,3.02,317780,25590,21490,8,1,0,,15.0,72,1,0,,1,0,,0,,39.95,4.52,2.69,ST09_Semarang,
SHPM002952,AWB260002952,2026-03-03 01:36:38.924001,2026-03-03 01:59:38.924001,2026-03-03 02:04:38.924001,2026-03-03 09:46:33.715913,2026-03-03 10:33:33.715913,2026-03-03 11:10:33.715913,2026-03-03 16:04:53.179572,2026-03-04 01:40:16.359643,2026-03-04 08:13:18.036190,2026-03-04 16:26:22.930564,2026-03-05 09:31:56.818040,2026-03-06 01:36:38.924001,Delivered,Closed,SHP058,Shipper 058,Enterprise,Jabodetabek,ST01_JKT_Central,HB01_JKT_GATEWAY,Central Java,ST10_Solo,HB04_CTG_NATIONAL,Inter-Region,Regular,Prepaid,CR002,Van,1.17,1.5,1.5,1074233,18750,15906,8,1,0,,47.0,72,1,0,,1,0,,0,,55.92,4.91,6.55,ST10_Solo,
SHPM002953,AWB260002953,2026-03-10 14:57:11.566585,2026-03-10 15:29:11.566585,2026-03-10 16:04:11.566585,2026-03-10 22:52:21.114655,2026-03-10 23:14:21.114655,2026-03-11 00:17:21.114655,2026-03-11 05:58:18.678233,2026-03-11 13:45:43.424568,2026-03-12 00:24:22.959505,2026-03-12 14:43:22.868243,2026-03-12 22:38:49.110977,2026-03-13 14:57:11.566585,Delivered,Closed,SHP012,Shipper 012,Marketplace,Outer Java,ST15_Medan,HB05_SUMATRA_GATEWAY,Central Java,ST10_Solo,HB04_CTG_NATIONAL,Inter-Region,Regular,COD,CR142,Bike,0.32,0.29,0.32,1348502,17440,10126,8,1,0,,22.0,72,1,0,,1,0,,0,,55.69,5.68,10.64,ST10_Solo,
SHPM002954,AWB260002954,2026-03-31 02:41:29.398685,2026-03-31 03:21:29.398685,2026-03-31 04:01:29.398685,,,,,,,,,2026-04-01 14:41:29.398685,Failed Pickup,Exception,SHP002,Shipper 002,Enterprise,Jabodetabek,ST01_JKT_Central,HB01_JKT_GATEWAY,Central Java,ST09_Semarang,HB04_CTG_NATIONAL,Inter-Region,Next Day,Prepaid,CR001,Bike,0.6,0.69,0.69,597198,23105,19652,4,0,1,Address Not Found,,36,0,0,,0,0,,0,,153.31,,,ST01_JKT_Central,
SHPM002955,AWB260002955,2026-02-23 11:07:48.062362,2026-02-23 11:31:48.062362,2026-02-23 11:45:48.062362,2026-02-23 15:38:16.621925,2026-02-23 16:32:16.621925,2026-02-23 17:19:16.621925,2026-02-23 18:37:21.661486,2026-02-24 01:33:27.650766,2026-02-24 23:22:27.163564,2026-02-25 07:48:24.113911,2026-02-25 19:59:44.944636,2026-02-26 11:07:48.062362,Delivered,Closed,SHP046,Shipper 046,SME,East Java,ST14_Kediri,HB03_SBY_GATEWAY,West Java,ST07_Cirebon,HB02_BDG_TRANSIT,Inter-Region,Regular,COD,CR133,Van,0.45,0.41,0.45,610272,18025,13927,8,1,0,,54.0,72,1,0,,1,0,,0,,56.87,1.3,21.82,ST07_Cirebon,
SHPM002956,AWB260002956,2026-02-22 02:19:46.714813,2026-02-22 02:55:46.714813,2026-02-22 03:18:46.714813,2026-02-22 07:38:34.934974,2026-02-22 08:18:34.934974,2026-02-22 08:36:34.934974,2026-02-22 11:26:46.008143,2026-02-22 20:12:48.590066,2026-02-23 09:55:25.773212,2026-02-23 21:59:56.275721,2026-02-24 03:01:20.182038,2026-02-23 14:19:46.714813,Delivered,Closed,SHP070,Shipper 070,Enterprise,Jabodetabek,ST04_Bekasi,HB01_JKT_GATEWAY,Outer Java,ST17_Makassar,HB06_EASTERN_GATEWAY,Inter-Region,Next Day,Prepaid,CR040,Bike,0.69,1.09,1.09,1069338,24905,22814,4,0,0,,40.0,36,0,0,,1,0,,0,,48.69,2.84,13.71,ST17_Makassar,First Mile Delay
SHPM002957,AWB260002957,2026-03-22 15:41:09.764315,2026-03-22 16:00:09.764315,2026-03-22 16:28:09.764315,2026-03-22 19:11:06.143300,2026-03-22 19:42:06.143300,2026-03-22 20:18:06.143300,2026-03-23 01:13:39.054725,2026-03-23 06:06:00.888340,2026-03-23 10:42:05.815658,2026-03-23 17:51:06.616656,2026-03-24 03:43:36.069227,2026-03-24 03:41:09.764315,Delivered,Closed,SHP061,Shipper 061,Enterprise,Outer Java,ST17_Makassar,HB06_EASTERN_GATEWAY,Jabodetabek,ST05_Tangerang,HB01_JKT_GATEWAY,Inter-Region,Next Day,Prepaid,CR155,Bike,0.48,0.6,0.6,1657097,22700,21081,4,1,0,,31.0,36,0,0,,1,0,,0,,36.04,4.93,4.6,ST05_Tangerang,Last Mile Delay
SHPM002958,AWB260002958,2026-03-26 14:02:04.800598,2026-03-26 14:29:04.800598,2026-03-26 15:02:04.800598,2026-03-26 22:01:35.720112,2026-03-26 22:45:35.720112,2026-03-26 23:22:35.720112,2026-03-27 04:28:57.178901,2026-03-27 09:08:26.122219,2026-03-27 16:49:15.603105,2026-03-27 22:25:34.405667,2026-03-28 16:20:28.926306,2026-03-29 14:02:04.800598,Delivered,Closed,SHP084,Shipper 084,Enterprise,Central Java,ST10_Solo,HB04_CTG_NATIONAL,East Java,ST13_Malang,HB03_SBY_GATEWAY,Inter-Region,Regular,COD,CR091,Van,0.87,1.24,1.24,2835228,21580,14483,8,1,0,,44.0,72,1,0,,1,0,,0,,50.31,5.11,7.68,ST13_Malang,
SHPM002959,AWB260002959,2026-03-11 17:30:18.593268,2026-03-11 17:53:18.593268,2026-03-11 18:11:18.593268,2026-03-11 21:14:45.570224,2026-03-11 22:11:45.570224,2026-03-12 00:11:45.570224,2026-03-12 01:27:57.187493,2026-03-12 06:49:49.026434,2026-03-12 12:09:36.227100,2026-03-13 04:10:23.664644,2026-03-13 11:42:35.428386,2026-03-13 05:30:18.593268,Delivered,Closed,SHP001,Shipper 001,Marketplace,Jabodetabek,ST03_JKT_East,HB01_JKT_GATEWAY,East Java,ST13_Malang,HB03_SBY_GATEWAY,Inter-Region,Next Day,COD,CR027,Van,0.76,0.82,0.82,1805749,27690,15501,4,1,0,,57.0,36,0,0,,1,0,,0,,42.2,1.27,5.33,ST13_Malang,Last Mile Delay
SHPM002960,AWB260002960,2026-03-11 07:55:25.131920,2026-03-11 08:30:25.131920,2026-03-11 08:43:25.131920,2026-03-11 10:51:39.434236,2026-03-11 11:42:39.434236,2026-03-11 13:12:39.434236,2026-03-11 15:58:46.632479,2026-03-11 22:36:33.475187,2026-03-12 05:27:21.770343,2026-03-12 18:48:32.719979,,2026-03-12 19:55:25.131920,Delivery Exception,Exception,SHP050,Shipper 050,Marketplace,Jabodetabek,ST04_Bekasi,HB01_JKT_GATEWAY,Central Java,ST09_Semarang,HB04_CTG_NATIONAL,Inter-Region,Next Day,Prepaid,CR036,Van,0.89,1.48,1.48,456607,26660,20524,4,1,0,,51.0,36,0,1,Cash Issue,3,0,,0,,628.08,2.77,6.85,ST09_Semarang,Delivery Exception
SHPM002961,AWB260002961,2026-03-19 18:18:18.400262,2026-03-19 18:58:18.400262,2026-03-19 19:56:18.400262,2026-03-19 23:42:24.960374,2026-03-20 00:31:24.960374,2026-03-20 02:17:24.960374,2026-03-20 06:31:18.438898,2026-03-20 10:22:02.976951,2026-03-21 00:54:27.720423,2026-03-21 11:50:24.653171,2026-03-22 11:27:22.517807,2026-03-22 18:18:18.400262,Delivered,Closed,SHP001,Shipper 001,Marketplace,Jabodetabek,ST03_JKT_East,HB01_JKT_GATEWAY,Outer Java,ST15_Medan,HB05_SUMATRA_GATEWAY,Inter-Region,Regular,COD,CR019,Van,0.63,0.67,0.67,450710,19015,17504,8,1,0,,49.0,72,1,0,,1,0,,0,,65.15,4.23,14.54,ST15_Medan,
SHPM002962,AWB260002962,2026-03-03 08:02:29.871848,2026-03-03 08:25:29.871848,2026-03-03 08:58:29.871848,2026-03-03 15:23:51.845184,2026-03-03 15:39:51.845184,2026-03-03 16:50:51.845184,2026-03-03 20:47:23.206931,2026-03-04 05:21:16.201033,2026-03-04 08:46:25.404699,2026-03-04 18:16:56.900090,2026-03-04 23:44:54.372987,2026-03-06 08:02:29.871848,Delivered,Closed,SHP051,Shipper 051,Marketplace,Outer Java,ST19_Denpasar,HB06_EASTERN_GATEWAY,Jabodetabek,ST01_JKT_Central,HB01_JKT_GATEWAY,Inter-Region,Regular,Prepaid,CR175,Van,0.69,0.74,0.74,654967,15330,10132,8,1,0,,16.0,72,1,0,,1,0,,0,,39.71,3.94,3.42,ST01_JKT_Central,
SHPM002963,AWB260002963,2026-03-09 21:41:58.157106,2026-03-09 22:19:58.157106,2026-03-09 22:25:58.157106,2026-03-10 03:03:02.515653,2026-03-10 03:43:02.515653,2026-03-10 05:41:02.515653,2026-03-10 09:23:45.582483,2026-03-10 14:45:29.076411,2026-03-11 09:04:02.894214,2026-03-12 02:08:57.408853,2026-03-12 18:15:04.782103,2026-03-11 09:41:58.157106,Delivered,Closed,SHP027,Shipper 027,SME,Jabodetabek,ST05_Tangerang,HB01_JKT_GATEWAY,Outer Java,ST16_Palembang,HB05_SUMATRA_GATEWAY,Inter-Region,Next Day,Prepaid,CR050,Bike,0.77,0.81,0.81,406681,23645,13494,4,0,0,,40.0,36,0,0,,1,0,,0,,68.55,3.71,18.31,ST16_Palembang,First Mile Delay
SHPM002964,AWB260002964,2026-02-21 08:48:27.677200,2026-02-21 09:01:27.677200,2026-02-21 09:35:27.677200,2026-02-21 15:08:01.640864,2026-02-21 15:25:01.640864,2026-02-21 16:37:01.640864,2026-02-21 20:27:03.855502,2026-02-22 04:42:02.284883,2026-02-22 13:53:43.587935,2026-02-22 22:18:26.391341,2026-02-23 03:32:13.701934,2026-02-24 08:48:27.677200,Delivered,Closed,SHP087,Shipper 087,Enterprise,Jabodetabek,ST05_Tangerang,HB01_JKT_GATEWAY,Central Java,ST09_Semarang,HB04_CTG_NATIONAL,Inter-Region,Regular,COD,CR049,Bike,1.04,1.01,1.04,2026241,20680,18307,8,1,0,,17.0,72,1,0,,1,0,,0,,42.73,3.83,9.19,ST09_Semarang,
SHPM002965,AWB260002965,2026-03-02 05:03:21.913827,2026-03-02 05:45:21.913827,2026-03-02 06:29:21.913827,2026-03-02 09:24:59.351422,2026-03-02 10:16:59.351422,2026-03-02 11:37:59.351422,2026-03-02 13:03:58.768366,2026-03-02 16:06:19.387191,2026-03-03 05:49:31.082210,2026-03-03 15:25:36.180237,2026-03-04 03:41:27.683218,2026-03-03 17:03:21.913827,Delivered,Closed,SHP024,Shipper 024,Marketplace,Jabodetabek,ST03_JKT_East,HB01_JKT_GATEWAY,Outer Java,ST18_Balikpapan,HB06_EASTERN_GATEWAY,Inter-Region,Next Day,Prepaid,CR021,Van,3.95,6.33,6.33,540598,48485,38356,4,1,0,,52.0,36,0,0,,1,0,,0,,46.63,1.43,13.72,ST18_Balikpapan,Hub Bottleneck
SHPM002966,AWB260002966,2026-02-17 14:20:20.323056,2026-02-17 14:25:20.323056,2026-02-17 14:58:20.323056,2026-02-17 23:22:34.857019,2026-02-17 23:57:34.857019,2026-02-18 00:46:34.857019,2026-02-18 04:40:02.822667,2026-02-18 13:07:42.815595,2026-02-18 17:51:49.819402,2026-02-20 09:30:23.583759,2026-02-21 02:52:33.578434,2026-02-20 14:20:20.323056,Delivered,Closed,SHP048,Shipper 048,Enterprise,Outer Java,ST16_Palembang,HB05_SUMATRA_GATEWAY,Jabodetabek,ST05_Tangerang,HB01_JKT_GATEWAY,Inter-Region,Regular,Prepaid,CR150,Bike,0.77,0.83,0.83,884685,15735,10736,8,0,0,,35.0,72,0,0,,1,1,Invalid Address,0,,84.54,3.89,4.74,ST05_Tangerang,First Mile Delay
SHPM002967,AWB260002967,2026-03-22 00:43:27.857541,2026-03-22 00:51:27.857541,2026-03-22 01:17:27.857541,2026-03-22 03:20:00.900195,2026-03-22 03:36:00.900195,2026-03-22 04:08:00.900195,2026-03-22 09:30:10.961140,2026-03-22 18:57:18.759278,2026-03-23 03:33:49.744220,2026-03-23 12:36:57.404495,,2026-03-23 12:43:27.857541,Return To Sender,RTS,SHP067,Shipper 067,SME,East Java,ST14_Kediri,HB03_SBY_GATEWAY,Central Java,ST10_Solo,HB04_CTG_NATIONAL,Inter-Region,Next Day,Prepaid,CR131,Bike,4.69,4.28,4.69,2425889,41105,23125,4,1,0,,16.0,36,0,1,Customer Not Home,2,0,,1,Customer Not Home,371.28,5.37,8.61,ST10_Solo,Delivery Exception
SHPM002968,AWB260002968,2026-02-18 20:52:59.251229,2026-02-18 21:37:59.251229,2026-02-18 22:48:59.251229,2026-02-19 06:05:47.567826,2026-02-19 08:03:47.567826,2026-02-19 08:18:47.567826,2026-02-19 13:08:57.893718,2026-02-19 17:06:56.399535,2026-02-20 00:45:49.729969,2026-02-20 06:19:50.296212,2026-02-20 10:51:46.106912,2026-02-19 20:52:59.251229,Delivered,Closed,SHP018,Shipper 018,Enterprise,West Java,ST07_Cirebon,HB02_BDG_TRANSIT,West Java,ST08_Bogor,HB01_JKT_GATEWAY,Intra-Region,Next Day,COD,CR067,Bike,0.38,0.45,0.45,578664,26025,23884,4,0,0,,118.0,24,0,0,,1,0,,0,,37.98,4.84,7.65,ST08_Bogor,First Mile Delay
SHPM002969,AWB260002969,2026-03-05 09:25:11.489588,2026-03-05 09:57:11.489588,2026-03-05 10:11:11.489588,2026-03-05 17:44:08.755595,2026-03-05 18:16:08.755595,2026-03-05 19:42:08.755595,2026-03-06 00:27:53.339960,2026-03-06 04:56:14.252707,2026-03-06 13:47:04.119476,2026-03-07 04:05:36.064769,2026-03-07 21:48:06.341441,2026-03-08 09:25:11.489588,Delivered,Closed,SHP074,Shipper 074,Enterprise,Outer Java,ST15_Medan,HB05_SUMATRA_GATEWAY,Jabodetabek,ST01_JKT_Central,HB01_JKT_GATEWAY,Inter-Region,Regular,COD,CR143,Bike,0.77,0.7,0.77,1863598,19465,16937,8,1,0,,32.0,72,1,0,,1,0,,0,,60.38,4.76,8.85,ST01_JKT_Central,
SHPM002970,AWB260002970,2026-03-19 05:09:57.210071,2026-03-19 05:44:57.210071,2026-03-19 06:22:57.210071,2026-03-19 09:39:09.334532,2026-03-19 09:48:09.334532,2026-03-19 11:10:09.334532,2026-03-19 15:41:39.872317,2026-03-19 19:23:40.160353,2026-03-20 10:33:23.002218,2026-03-20 21:28:49.724454,2026-03-21 04:25:36.211530,2026-03-20 17:09:57.210071,Delivered,Closed,SHP067,Shipper 067,SME,East Java,ST14_Kediri,HB03_SBY_GATEWAY,West Java,ST07_Cirebon,HB02_BDG_TRANSIT,Inter-Region,Next Day,COD,CR126,Van,0.77,0.82,0.82,2293403,27690,21292,4,1,0,,9.0,36,0,0,,1,0,,0,,47.26,4.53,15.16,ST07_Cirebon,Hub Bottleneck
SHPM002971,AWB260002971,2026-02-28 17:47:30.103343,2026-02-28 18:14:30.103343,2026-02-28 18:35:30.103343,2026-02-28 22:20:24.459942,2026-02-28 23:23:24.459942,2026-03-01 00:27:24.459942,2026-03-01 01:54:32.444913,2026-03-01 04:07:40.557704,2026-03-01 14:21:10.860197,2026-03-02 03:43:08.670660,2026-03-03 02:17:03.450979,2026-03-03 17:47:30.103343,Delivered,Closed,SHP063,Shipper 063,Enterprise,Jabodetabek,ST05_Tangerang,HB01_JKT_GATEWAY,Outer Java,ST15_Medan,HB05_SUMATRA_GATEWAY,Inter-Region,Regular,Prepaid,CR047,Bike,0.76,0.74,0.76,722129,15420,11061,8,1,0,,63.0,72,1,0,,1,0,,0,,56.49,1.45,10.23,ST15_Medan,
SHPM002972,AWB260002972,2026-03-29 05:49:26.315972,2026-03-29 06:24:26.315972,2026-03-29 06:40:26.315972,2026-03-29 15:20:23.552734,2026-03-29 15:58:23.552734,2026-03-29 17:39:23.552734,2026-03-29 22:57:29.376710,2026-03-30 03:15:24.612782,2026-03-30 07:55:00.293454,2026-03-30 15:00:49.246463,2026-03-31 00:43:19.547021,2026-04-01 05:49:26.315972,Delivered,Closed,SHP084,Shipper 084,Enterprise,Central Java,ST11_Yogyakarta,HB04_CTG_NATIONAL,Jabodetabek,ST02_JKT_West,HB01_JKT_GATEWAY,Inter-Region,Regular,Prepaid,CR102,Bike,1.04,1.12,1.12,294498,17040,10942,8,0,0,,38.0,72,1,0,,1,0,,0,,42.9,5.3,4.66,ST02_JKT_West,
SHPM002973,AWB260002973,2026-04-01 10:04:42.855115,2026-04-01 10:23:42.855115,2026-04-01 11:09:42.855115,2026-04-01 12:35:03.436172,2026-04-01 13:48:03.436172,2026-04-01 15:48:03.436172,2026-04-01 18:14:00.130575,2026-04-01 22:03:59.360852,2026-04-02 02:36:34.576764,2026-04-02 17:14:05.170935,2026-04-03 03:57:14.897388,2026-04-02 22:04:42.855115,Delivered,Closed,SHP076,Shipper 076,Enterprise,West Java,ST07_Cirebon,HB02_BDG_TRANSIT,Outer Java,ST17_Makassar,HB06_EASTERN_GATEWAY,Inter-Region,Next Day,Prepaid,CR075,Van,3.94,3.79,3.94,146927,37730,27852,4,1,0,,73.0,36,0,0,,1,0,,0,,41.88,2.43,4.54,ST17_Makassar,Remote Area
SHPM002974,AWB260002974,2026-02-23 17:46:51.260778,2026-02-23 18:26:51.260778,2026-02-23 19:10:51.260778,2026-02-23 21:54:09.989127,2026-02-23 22:52:09.989127,2026-02-24 00:29:09.989127,2026-02-24 05:59:01.036120,2026-02-24 09:09:38.464252,2026-02-24 13:31:35.060206,2026-02-24 19:38:50.096986,2026-02-24 23:27:47.395195,2026-02-25 05:46:51.260778,Delivered,Closed,SHP068,Shipper 068,Marketplace,East Java,ST12_Surabaya,HB03_SBY_GATEWAY,Central Java,ST10_Solo,HB04_CTG_NATIONAL,Inter-Region,Next Day,COD,CR108,Bike,1.34,1.89,1.89,448864,32505,18083,4,1,0,,58.0,36,1,0,,1,0,,0,,29.68,5.5,4.37,ST10_Solo,
SHPM002975,AWB260002975,2026-03-10 03:14:24.648341,2026-03-10 03:44:24.648341,2026-03-10 04:02:24.648341,2026-03-10 08:01:27.578361,2026-03-10 08:31:27.578361,2026-03-10 08:50:27.578361,2026-03-10 10:55:56.919016,2026-03-10 15:10:38.666043,2026-03-11 02:42:19.013645,2026-03-11 16:21:17.103064,,2026-03-13 03:14:24.648341,Return To Sender,RTS,SHP011,Shipper 011,Enterprise,Jabodetabek,ST03_JKT_East,HB01_JKT_GATEWAY,West Java,ST08_Bogor,HB01_JKT_GATEWAY,Inter-Region,Regular,COD,CR030,Van,1.05,0.95,1.05,757951,20725,11871,8,1,0,,30.0,72,0,1,Invalid Address,2,0,,1,Invalid Address,656.76,2.09,11.53,ST08_Bogor,Hub Bottleneck
SHPM002976,AWB260002976,2026-03-12 03:48:39.633527,2026-03-12 04:27:39.633527,2026-03-12 05:25:39.633527,2026-03-12 07:57:04.303559,2026-03-12 09:00:04.303559,2026-03-12 09:17:04.303559,2026-03-12 14:24:43.987322,2026-03-12 21:17:11.686271,2026-03-13 14:24:59.799574,2026-03-14 05:37:12.408631,2026-03-14 10:50:57.130935,2026-03-15 03:48:39.633527,Delivered,Closed,SHP068,Shipper 068,Marketplace,East Java,ST12_Surabaya,HB03_SBY_GATEWAY,West Java,ST08_Bogor,HB01_JKT_GATEWAY,Inter-Region,Regular,COD,CR112,Bike,1.14,1.2,1.2,1595386,21400,16418,8,1,0,,63.0,72,1,0,,1,0,,0,,55.04,5.13,17.13,ST08_Bogor,
SHPM002977,AWB260002977,2026-03-01 05:32:02.620903,2026-03-01 06:02:02.620903,2026-03-01 06:44:02.620903,2026-03-01 07:10:34.211909,2026-03-01 07:35:34.211909,2026-03-01 09:33:34.211909,2026-03-01 15:33:20.336964,2026-03-01 21:10:24.299897,2026-03-02 05:29:38.744878,2026-03-02 15:00:25.193039,2026-03-02 17:37:34.431658,2026-03-01 21:32:02.620903,Delivered,Closed,SHP086,Shipper 086,Marketplace,Jabodetabek,ST02_JKT_West,HB01_JKT_GATEWAY,Central Java,ST09_Semarang,HB04_CTG_NATIONAL,Inter-Region,Same Day,Prepaid,CR016,Bike,1.51,1.66,1.66,1610150,34470,21695,2,1,0,,25.0,16,0,0,,1,0,,0,,36.09,6.0,8.32,ST09_Semarang,Last Mile Delay
SHPM002978,AWB260002978,2026-03-18 16:44:19.743374,2026-03-18 17:20:19.743374,2026-03-18 17:50:19.743374,2026-03-18 20:41:37.001124,2026-03-18 21:22:37.001124,2026-03-18 22:27:37.001124,2026-03-19 02:59:50.127262,2026-03-19 05:47:17.693155,2026-03-19 17:22:06.131787,2026-03-20 02:55:24.527672,2026-03-20 19:58:30.615248,2026-03-21 16:44:19.743374,Delivered,Closed,SHP089,Shipper 089,Enterprise,Central Java,ST11_Yogyakarta,HB04_CTG_NATIONAL,West Java,ST08_Bogor,HB01_JKT_GATEWAY,Inter-Region,Regular,Prepaid,CR102,Bike,0.65,1.09,1.09,403469,16905,15619,8,1,0,,41.0,72,1,0,,1,0,,0,,51.24,4.54,11.58,ST08_Bogor,
SHPM002979,AWB260002979,2026-03-21 20:39:40.941046,2026-03-21 21:12:40.941046,2026-03-21 21:46:40.941046,2026-03-22 00:14:23.006150,2026-03-22 01:16:23.006150,2026-03-22 03:12:23.006150,2026-03-22 04:14:07.888973,2026-03-22 13:39:48.046553,2026-03-22 23:47:09.144692,2026-03-23 11:18:21.867743,2026-03-23 15:39:00.780599,2026-03-23 08:39:40.941046,Delivered,Closed,SHP033,Shipper 033,Marketplace,Jabodetabek,ST04_Bekasi,HB01_JKT_GATEWAY,Central Java,ST11_Yogyakarta,HB04_CTG_NATIONAL,Inter-Region,Next Day,COD,CR035,Van,3.15,3.22,3.22,1428640,38490,34050,4,1,0,,62.0,36,0,0,,1,0,,0,,42.99,1.03,10.12,ST11_Yogyakarta,Hub Bottleneck
SHPM002980,AWB260002980,2026-03-19 07:16:35.863220,2026-03-19 07:46:35.863220,2026-03-19 08:24:35.863220,2026-03-19 08:29:24.138431,2026-03-19 08:43:24.138431,2026-03-19 09:50:24.138431,2026-03-19 15:29:00.294069,2026-03-20 00:41:24.828461,2026-03-20 12:40:58.137669,2026-03-20 18:14:56.063426,2026-03-20 19:26:25.803981,2026-03-19 23:16:35.863220,Delivered,Closed,SHP069,Shipper 069,SME,West Java,ST06_Bandung,HB01_JKT_GATEWAY,East Java,ST13_Malang,HB03_SBY_GATEWAY,Inter-Region,Same Day,Prepaid,CR059,Bike,5.87,6.63,6.63,1187691,56835,38397,2,1,0,,14.0,16,0,0,,1,0,,0,,36.16,5.64,11.99,ST13_Malang,Hub Bottleneck
SHPM002981,AWB260002981,2026-04-01 00:02:43.300585,2026-04-01 00:14:43.300585,2026-04-01 00:34:43.300585,2026-04-01 04:14:02.573119,2026-04-01 05:13:02.573119,2026-04-01 07:07:02.573119,2026-04-01 11:10:57.388630,2026-04-01 14:38:41.746184,2026-04-02 01:30:26.449424,2026-04-02 10:23:00.050881,2026-04-02 21:05:05.960486,2026-04-04 00:02:43.300585,Delivered,Closed,SHP091,Shipper 091,SME,Outer Java,ST19_Denpasar,HB06_EASTERN_GATEWAY,West Java,ST06_Bandung,HB01_JKT_GATEWAY,Inter-Region,Regular,Prepaid,CR180,Bike,0.88,0.85,0.88,1321378,15960,13586,8,1,0,,59.0,72,1,0,,1,0,,0,,45.04,4.07,10.86,ST06_Bandung,
SHPM002982,AWB260002982,2026-02-23 08:21:43.344624,2026-02-23 09:04:43.344624,2026-02-23 09:31:43.344624,2026-02-23 13:13:38.469927,2026-02-23 13:38:38.469927,2026-02-23 15:33:38.469927,2026-02-23 19:23:59.042434,2026-02-24 05:16:35.968139,2026-02-24 08:10:06.565660,2026-02-24 17:41:16.300424,2026-02-25 04:35:43.653877,2026-02-26 08:21:43.344624,Delivered,Closed,SHP097,Shipper 097,SME,Jabodetabek,ST03_JKT_East,HB01_JKT_GATEWAY,Central Java,ST11_Yogyakarta,HB04_CTG_NATIONAL,Inter-Region,Regular,Prepaid,CR026,Bike,2.44,2.48,2.48,1263435,23160,16414,8,1,0,,25.0,72,1,0,,1,0,,0,,44.23,3.84,2.89,ST11_Yogyakarta,
SHPM002983,AWB260002983,2026-03-18 18:51:52.643623,2026-03-18 19:16:52.643623,2026-03-18 20:05:52.643623,2026-03-19 06:19:19.445165,2026-03-19 07:16:19.445165,2026-03-19 09:13:19.445165,2026-03-19 12:51:13.609167,2026-03-19 18:28:34.455032,2026-03-19 21:52:04.124862,2026-03-20 06:34:13.204041,2026-03-20 21:26:52.537002,2026-03-21 18:51:52.643623,Delivered,Closed,SHP023,Shipper 023,Enterprise,West Java,ST07_Cirebon,HB02_BDG_TRANSIT,Jabodetabek,ST05_Tangerang,HB01_JKT_GATEWAY,Inter-Region,Regular,COD,CR074,Van,3.81,3.46,3.81,1119784,33145,26436,8,0,0,,57.0,72,1,0,,1,0,,0,,50.58,3.63,3.39,ST05_Tangerang,
SHPM002984,AWB260002984,2026-03-19 22:51:40.144301,2026-03-19 23:16:40.144301,2026-03-19 23:45:40.144301,2026-03-20 01:40:35.038966,2026-03-20 02:04:35.038966,2026-03-20 03:56:35.038966,2026-03-20 08:10:12.936284,2026-03-20 12:18:07.438663,2026-03-21 00:04:38.999429,2026-03-21 15:46:29.749752,2026-03-22 05:52:11.614996,2026-03-22 22:51:40.144301,Delivered,Closed,SHP057,Shipper 057,SME,Central Java,ST09_Semarang,HB04_CTG_NATIONAL,Outer Java,ST18_Balikpapan,HB06_EASTERN_GATEWAY,Inter-Region,Regular,COD,CR090,Bike,0.84,0.77,0.84,2046111,19780,14744,8,1,0,,24.0,72,1,0,,1,0,,0,,55.01,4.23,11.78,ST18_Balikpapan,
SHPM002985,AWB260002985,2026-03-18 00:49:55.336822,2026-03-18 01:13:55.336822,2026-03-18 01:52:55.336822,2026-03-18 05:39:15.224028,2026-03-18 06:26:15.224028,2026-03-18 07:04:15.224028,2026-03-18 09:21:05.464337,2026-03-18 15:59:25.266051,2026-03-18 18:06:59.772117,2026-03-19 04:16:10.966238,2026-03-19 09:06:25.474275,2026-03-19 12:49:55.336822,Delivered,Closed,SHP023,Shipper 023,Enterprise,West Java,ST08_Bogor,HB01_JKT_GATEWAY,East Java,ST13_Malang,HB03_SBY_GATEWAY,Inter-Region,Next Day,Prepaid,CR081,Bike,2.23,2.77,2.77,379528,32465,20725,4,0,0,,47.0,36,1,0,,1,0,,0,,32.28,2.28,2.13,ST13_Malang,
SHPM002986,AWB260002986,2026-03-07 07:18:24.711617,2026-03-07 07:23:24.711617,2026-03-07 07:36:24.711617,2026-03-07 14:40:52.998639,2026-03-07 16:33:52.998639,2026-03-07 17:39:52.998639,2026-03-07 21:15:20.183560,2026-03-08 06:39:01.236966,2026-03-08 17:36:33.188378,2026-03-09 06:48:44.998895,2026-03-09 21:11:32.423553,2026-03-10 07:18:24.711617,Delivered,Closed,SHP023,Shipper 023,Enterprise,West Java,ST08_Bogor,HB01_JKT_GATEWAY,Central Java,ST09_Semarang,HB04_CTG_NATIONAL,Inter-Region,Regular,Prepaid,CR079,Bike,1.87,1.69,1.87,1271443,20415,14579,8,1,0,,113.0,72,1,0,,1,0,,0,,61.89,3.59,10.96,ST09_Semarang,
SHPM002987,AWB260002987,2026-03-23 04:39:55.352708,2026-03-23 04:57:55.352708,2026-03-23 05:18:55.352708,2026-03-23 09:42:24.084013,2026-03-23 10:20:24.084013,2026-03-23 11:32:24.084013,2026-03-23 13:44:19.925044,2026-03-23 18:51:06.313239,2026-03-24 02:34:54.187446,2026-03-24 10:36:46.786723,2026-03-24 16:23:28.076923,2026-03-24 16:39:55.352708,Delivered,Closed,SHP034,Shipper 034,Enterprise,Jabodetabek,ST01_JKT_Central,HB01_JKT_GATEWAY,Outer Java,ST20_Banjarmasin,HB06_EASTERN_GATEWAY,Inter-Region,Next Day,Prepaid,CR001,Van,2.79,2.66,2.79,1563758,32555,28885,4,0,0,,38.0,36,1,0,,1,0,,0,,35.73,2.2,7.73,ST20_Banjarmasin,
SHPM002988,AWB260002988,2026-03-27 02:23:09.828929,2026-03-27 02:45:09.828929,2026-03-27 03:28:09.828929,2026-03-27 10:39:11.797081,2026-03-27 10:56:11.797081,2026-03-27 12:25:11.797081,2026-03-27 15:19:13.351923,2026-03-27 21:54:37.949975,2026-03-28 05:51:32.210879,2026-03-28 14:58:49.696216,2026-03-29 06:22:20.662373,2026-03-30 02:23:09.828929,Delivered,Closed,SHP057,Shipper 057,SME,Central Java,ST09_Semarang,HB04_CTG_NATIONAL,Jabodetabek,ST02_JKT_West,HB01_JKT_GATEWAY,Inter-Region,Regular,Prepaid,CR083,Bike,0.64,0.66,0.66,359077,14970,9765,8,1,0,,17.0,72,1,0,,1,0,,0,,51.99,2.9,7.95,ST02_JKT_West,
SHPM002989,AWB260002989,2026-02-25 19:54:07.145997,2026-02-25 20:24:07.145997,2026-02-25 21:09:07.145997,2026-02-25 21:37:12.459153,2026-02-25 22:18:12.459153,2026-02-25 23:01:12.459153,2026-02-26 00:29:52.921658,2026-02-26 01:40:50.897486,2026-02-26 08:36:48.548607,2026-02-26 14:11:24.023193,2026-02-26 16:55:00.655383,2026-02-26 05:54:07.145997,Delivered,Closed,SHP042,Shipper 042,Marketplace,Jabodetabek,ST05_Tangerang,HB01_JKT_GATEWAY,Jabodetabek,ST02_JKT_West,HB01_JKT_GATEWAY,Intra-Region,Same Day,Prepaid,CR052,Van,1.2,1.21,1.21,630274,32445,26389,2,1,0,,41.0,10,0,0,,1,0,,0,,21.01,1.48,6.93,ST02_JKT_West,Last Mile Delay
SHPM002990,AWB260002990,2026-03-06 01:23:00.917677,2026-03-06 01:57:00.917677,2026-03-06 02:02:00.917677,2026-03-06 09:22:19.877718,2026-03-06 10:05:19.877718,2026-03-06 11:31:19.877718,2026-03-06 13:50:42.179473,2026-03-06 20:16:57.467746,2026-03-07 05:02:40.528456,2026-03-07 17:07:24.420244,2026-03-08 00:25:03.040882,2026-03-09 01:23:00.917677,Delivered,Closed,SHP095,Shipper 095,Enterprise,Central Java,ST11_Yogyakarta,HB04_CTG_NATIONAL,Jabodetabek,ST02_JKT_West,HB01_JKT_GATEWAY,Inter-Region,Regular,Prepaid,CR104,Van,1.04,0.94,1.04,2114396,16680,14771,8,1,0,,43.0,72,1,0,,1,0,,0,,47.03,2.32,8.76,ST02_JKT_West,
SHPM002991,AWB260002991,2026-03-19 05:02:07.002669,2026-03-19 05:24:07.002669,2026-03-19 05:52:07.002669,2026-03-19 07:58:33.614872,2026-03-19 08:06:33.614872,2026-03-19 08:28:33.614872,2026-03-19 13:03:31.254525,2026-03-19 15:31:32.529566,2026-03-19 22:12:19.827409,2026-03-20 12:18:06.822848,2026-03-20 16:03:18.025420,2026-03-20 17:02:07.002669,Delivered,Closed,SHP097,Shipper 097,SME,Jabodetabek,ST03_JKT_East,HB01_JKT_GATEWAY,East Java,ST14_Kediri,HB03_SBY_GATEWAY,Inter-Region,Next Day,COD,CR023,Van,2.52,3.54,3.54,2277751,39930,36869,4,1,0,,8.0,36,1,0,,1,0,,0,,35.02,4.58,6.68,ST14_Kediri,
SHPM002992,AWB260002992,2026-03-11 08:49:11.972960,2026-03-11 09:31:11.972960,2026-03-11 10:01:11.972960,2026-03-11 18:12:21.882022,2026-03-11 18:52:21.882022,2026-03-11 19:40:21.882022,2026-03-12 00:23:10.187076,2026-03-12 02:57:20.033583,2026-03-12 12:19:57.227949,2026-03-13 04:49:20.663802,2026-03-13 16:44:20.154307,2026-03-14 08:49:11.972960,Delivered,Closed,SHP070,Shipper 070,Enterprise,Jabodetabek,ST04_Bekasi,HB01_JKT_GATEWAY,East Java,ST13_Malang,HB03_SBY_GATEWAY,Inter-Region,Regular,Prepaid,CR042,Bike,1.28,1.73,1.73,1107267,19785,18570,8,0,0,,40.0,72,1,0,,1,0,,0,,55.92,4.71,9.38,ST13_Malang,
SHPM002993,AWB260002993,2026-03-19 01:39:10.654208,2026-03-19 01:45:10.654208,2026-03-19 02:22:10.654208,2026-03-19 03:55:50.386821,2026-03-19 04:51:50.386821,2026-03-19 06:03:50.386821,2026-03-19 11:22:40.649176,2026-03-19 15:17:33.807942,2026-03-19 19:56:43.854476,2026-03-20 04:32:57.199725,2026-03-20 16:14:06.964723,2026-03-20 13:39:10.654208,Delivered,Closed,SHP099,Shipper 099,SME,West Java,ST08_Bogor,HB01_JKT_GATEWAY,Outer Java,ST19_Denpasar,HB06_EASTERN_GATEWAY,Inter-Region,Next Day,Prepaid,CR076,Bike,2.03,2.2,2.2,2113370,29900,17326,4,1,0,,56.0,36,0,0,,1,0,,0,,38.58,5.31,4.65,ST19_Denpasar,Remote Area
SHPM002994,AWB260002994,2026-03-29 11:00:45.345496,2026-03-29 11:18:45.345496,2026-03-29 11:50:45.345496,,,,,,,,,2026-03-30 23:00:45.345496,Failed Pickup,Exception,SHP010,Shipper 010,Enterprise,East Java,ST12_Surabaya,HB03_SBY_GATEWAY,Jabodetabek,ST05_Tangerang,HB01_JKT_GATEWAY,Inter-Region,Next Day,Prepaid,CR107,Truck,0.95,0.96,0.96,205914,24320,16413,4,0,1,Schedule Miss,,36,0,0,,0,0,,0,,192.99,,,ST12_Surabaya,
SHPM002995,AWB260002995,2026-03-13 18:54:28.939788,2026-03-13 19:29:28.939788,2026-03-13 19:55:28.939788,2026-03-14 04:15:39.249574,2026-03-14 05:13:39.249574,2026-03-14 07:11:39.249574,2026-03-14 11:40:05.950430,2026-03-14 13:58:28.948419,2026-03-14 22:57:30.476690,2026-03-15 08:43:28.905728,2026-03-15 17:36:35.969367,2026-03-16 18:54:28.939788,Delivered,Closed,SHP098,Shipper 098,Marketplace,Outer Java,ST17_Makassar,HB06_EASTERN_GATEWAY,West Java,ST08_Bogor,HB01_JKT_GATEWAY,Inter-Region,Regular,Prepaid,CR157,Truck,0.68,0.63,0.68,2518607,15060,12898,8,0,0,,58.0,72,1,0,,1,0,,0,,46.7,4.47,8.98,ST08_Bogor,
SHPM002996,AWB260002996,2026-03-22 09:12:30.886891,2026-03-22 09:51:30.886891,2026-03-22 10:12:30.886891,2026-03-22 13:20:16.545913,2026-03-22 14:31:16.545913,2026-03-22 15:01:16.545913,2026-03-22 18:54:50.121940,2026-03-22 22:19:13.198564,2026-03-23 03:49:38.022973,2026-03-23 13:25:39.364645,2026-03-23 16:07:36.638598,2026-03-23 21:12:30.886891,Delivered,Closed,SHP072,Shipper 072,Enterprise,Outer Java,ST18_Balikpapan,HB06_EASTERN_GATEWAY,West Java,ST06_Bandung,HB01_JKT_GATEWAY,Inter-Region,Next Day,COD,CR169,Bike,1.77,2.16,2.16,1084042,33720,28898,4,1,0,,71.0,36,1,0,,1,0,,0,,30.92,3.89,5.51,ST06_Bandung,
SHPM002997,AWB260002997,2026-03-19 01:29:02.306149,2026-03-19 02:02:02.306149,2026-03-19 02:07:02.306149,2026-03-19 04:11:46.327965,2026-03-19 05:04:46.327965,2026-03-19 05:41:46.327965,2026-03-19 10:32:25.696414,2026-03-19 18:25:52.021011,2026-03-20 00:35:14.066937,2026-03-20 06:31:26.332476,2026-03-20 11:52:58.785496,2026-03-20 13:29:02.306149,Delivered,Closed,SHP072,Shipper 072,Enterprise,Outer Java,ST18_Balikpapan,HB06_EASTERN_GATEWAY,West Java,ST06_Bandung,HB01_JKT_GATEWAY,Inter-Region,Next Day,Prepaid,CR172,Bike,2.89,2.79,2.89,862713,33005,29134,4,1,0,,53.0,36,1,0,,1,0,,0,,34.4,4.84,6.16,ST06_Bandung,
SHPM002998,AWB260002998,2026-02-22 06:48:28.081282,2026-02-22 07:11:28.081282,2026-02-22 07:33:28.081282,2026-02-22 13:44:26.207723,2026-02-22 14:32:26.207723,2026-02-22 15:01:26.207723,2026-02-22 17:37:24.004875,2026-02-22 23:38:11.250939,2026-02-23 10:28:43.889116,2026-02-24 01:14:43.836874,2026-02-24 09:11:05.884334,2026-02-25 06:48:28.081282,Delivered,Closed,SHP074,Shipper 074,Enterprise,Outer Java,ST15_Medan,HB05_SUMATRA_GATEWAY,Central Java,ST10_Solo,HB04_CTG_NATIONAL,Inter-Region,Regular,Prepaid,CR138,Van,1.37,1.49,1.49,1676446,18705,13248,8,1,0,,48.0,72,1,0,,1,0,,0,,50.38,2.6,10.84,ST10_Solo,
SHPM002999,AWB260002999,2026-02-22 01:47:57.447474,2026-02-22 02:14:57.447474,2026-02-22 03:11:57.447474,2026-02-22 07:27:34.043174,2026-02-22 09:00:34.043174,2026-02-22 09:28:34.043174,2026-02-22 14:38:43.462988,2026-02-22 23:04:24.303932,2026-02-23 03:20:05.082437,2026-02-23 20:52:10.725950,,2026-02-23 13:47:57.447474,Damaged,Exception,SHP010,Shipper 010,Enterprise,East Java,ST12_Surabaya,HB03_SBY_GATEWAY,Jabodetabek,ST03_JKT_East,HB01_JKT_GATEWAY,Inter-Region,Next Day,Prepaid,CR112,Van,0.67,0.62,0.67,1439938,23015,14978,4,0,0,,93.0,36,0,0,,1,1,Damaged,0,,1042.2,5.17,4.26,HB03_SBY_GATEWAY,
SHPM003000,AWB260003000,2026-03-24 01:33:21.338117,2026-03-24 02:07:21.338117,2026-03-24 02:41:21.338117,2026-03-24 06:37:11.789331,2026-03-24 07:55:11.789331,2026-03-24 08:26:11.789331,2026-03-24 14:02:33.629804,2026-03-24 17:00:23.970928,2026-03-25 07:03:18.546667,2026-03-25 12:57:04.318276,2026-03-25 16:33:20.479865,2026-03-24 17:33:21.338117,Delivered,Closed,SHP068,Shipper 068,Marketplace,East Java,ST12_Surabaya,HB03_SBY_GATEWAY,West Java,ST08_Bogor,HB01_JKT_GATEWAY,Inter-Region,Same Day,Prepaid,CR108,Truck,2.32,2.79,2.79,1050932,39555,24063,2,0,0,,78.0,16,0,0,,1,0,,0,,39.0,5.61,14.05,ST08_Bogor,First Mile Delay
SHPM003001,AWB260003001,2026-02-18 14:47:23.367300,2026-02-18 14:58:23.367300,2026-02-18 15:37:23.367300,2026-02-18 18:36:02.374797,2026-02-18 19:11:02.374797,2026-02-18 19:59:02.374797,2026-02-19 00:40:26.208217,2026-02-19 09:34:51.584418,2026-02-20 00:00:59.482101,2026-02-20 13:02:01.104589,2026-02-21 17:08:26.149660,2026-02-21 14:47:23.367300,Delivered,Closed,SHP070,Shipper 070,Enterprise,Jabodetabek,ST04_Bekasi,HB01_JKT_GATEWAY,Outer Java,ST16_Palembang,HB05_SUMATRA_GATEWAY,Inter-Region,Regular,Prepaid,CR034,Truck,1.74,1.86,1.86,1658885,20370,15181,8,1,0,,35.0,72,0,0,,1,0,,0,,74.35,4.69,14.44,ST16_Palembang,Hub Bottleneck
SHPM003002,AWB260003002,2026-03-07 13:14:05.041286,2026-03-07 13:38:05.041286,2026-03-07 14:19:05.041286,2026-03-07 17:09:30.578607,2026-03-07 17:38:30.578607,2026-03-07 18:46:30.578607,2026-03-08 00:44:55.350347,2026-03-08 06:27:57.622538,2026-03-08 09:54:04.176422,2026-03-09 02:41:05.168861,2026-03-09 17:32:37.706549,2026-03-09 01:14:05.041286,Delivered,Closed,SHP037,Shipper 037,Marketplace,Central Java,ST11_Yogyakarta,HB04_CTG_NATIONAL,Outer Java,ST18_Balikpapan,HB06_EASTERN_GATEWAY,Inter-Region,Next Day,COD,CR103,Bike,1.07,1.81,1.81,1843070,32145,24510,4,1,0,,29.0,36,0,0,,1,0,,0,,52.31,5.97,3.44,ST18_Balikpapan,Remote Area
SHPM003003,AWB260003003,2026-02-15 16:56:55.806182,2026-02-15 17:35:55.806182,2026-02-15 18:11:55.806182,2026-02-15 18:38:57.564793,2026-02-15 19:01:57.564793,2026-02-15 19:56:57.564793,2026-02-15 22:22:08.344177,2026-02-16 07:17:52.695976,2026-02-16 18:57:02.020266,2026-02-17 01:16:25.582764,2026-02-17 05:41:26.717687,2026-02-16 08:56:55.806182,Delivered,Closed,SHP095,Shipper 095,Enterprise,Central Java,ST09_Semarang,HB04_CTG_NATIONAL,West Java,ST06_Bandung,HB01_JKT_GATEWAY,Inter-Region,Same Day,Prepaid,CR083,Van,1.91,2.01,2.01,1711645,36045,23889,2,1,0,,23.0,16,0,0,,1,0,,0,,36.74,2.42,11.65,ST06_Bandung,Hub Bottleneck
SHPM003004,AWB260003004,2026-03-03 00:14:06.471599,2026-03-03 00:25:06.471599,2026-03-03 01:04:06.471599,2026-03-03 02:25:12.208114,2026-03-03 03:32:12.208114,2026-03-03 05:11:12.208114,2026-03-03 09:34:15.358515,2026-03-03 18:04:50.898322,2026-03-03 19:48:17.833545,2026-03-04 05:39:32.420952,2026-03-04 12:57:40.825680,2026-03-04 12:14:06.471599,Delivered,Closed,SHP097,Shipper 097,SME,Jabodetabek,ST02_JKT_West,HB01_JKT_GATEWAY,Central Java,ST10_Solo,HB04_CTG_NATIONAL,Inter-Region,Next Day,Prepaid,CR014,Bike,2.07,1.98,2.07,774239,29315,25752,4,1,0,,67.0,36,0,0,,1,0,,0,,36.73,4.38,1.72,ST10_Solo,Last Mile Delay
SHPM003005,AWB260003005,2026-03-05 22:38:14.837458,2026-03-05 22:59:14.837458,2026-03-05 23:56:14.837458,2026-03-06 11:08:10.465814,2026-03-06 12:26:10.465814,2026-03-06 13:54:10.465814,2026-03-06 17:00:44.162109,2026-03-06 21:15:38.098541,2026-03-07 18:33:08.955544,2026-03-08 10:20:36.221516,2026-03-08 22:25:12.734025,2026-03-08 22:38:14.837458,Delivered,Closed,SHP060,Shipper 060,Enterprise,East Java,ST12_Surabaya,HB03_SBY_GATEWAY,Outer Java,ST18_Balikpapan,HB06_EASTERN_GATEWAY,Inter-Region,Regular,Prepaid,CR113,Bike,0.39,0.39,0.39,1406802,13755,10953,8,0,0,,78.0,72,1,0,,1,0,,0,,71.78,3.11,21.29,ST18_Balikpapan,
SHPM003006,AWB260003006,2026-03-07 16:24:18.481561,2026-03-07 16:55:18.481561,2026-03-07 17:28:18.481561,2026-03-07 22:53:30.241644,2026-03-07 23:50:30.241644,2026-03-08 00:49:30.241644,2026-03-08 03:42:32.774844,2026-03-08 07:03:23.840929,2026-03-08 14:26:20.501928,2026-03-08 22:37:21.923611,2026-03-09 06:44:39.337746,2026-03-10 16:24:18.481561,Delivered,Closed,SHP056,Shipper 056,Enterprise,Jabodetabek,ST03_JKT_East,HB01_JKT_GATEWAY,Outer Java,ST20_Banjarmasin,HB06_EASTERN_GATEWAY,Inter-Region,Regular,COD,CR025,Bike,1.96,2.04,2.04,1275521,25180,16437,8,1,0,,57.0,72,1,0,,1,0,,0,,38.34,2.88,7.38,ST20_Banjarmasin,
SHPM003007,AWB260003007,2026-03-19 22:10:27.373154,2026-03-19 22:21:27.373154,2026-03-19 22:35:27.373154,2026-03-20 01:25:04.552233,2026-03-20 01:59:04.552233,2026-03-20 03:42:04.552233,2026-03-20 06:20:53.113608,2026-03-20 16:04:53.825105,2026-03-21 00:50:00.090165,2026-03-21 17:20:02.318935,2026-03-22 01:56:07.307631,2026-03-22 22:10:27.373154,Delivered,Closed,SHP039,Shipper 039,Marketplace,Central Java,ST10_Solo,HB04_CTG_NATIONAL,East Java,ST13_Malang,HB03_SBY_GATEWAY,Inter-Region,Regular,Prepaid,CR097,Bike,1.69,1.72,1.72,1699576,19740,17060,8,1,0,,34.0,72,1,0,,1,0,,0,,51.76,2.65,8.75,ST13_Malang,
SHPM003008,AWB260003008,2026-02-28 14:52:14.347761,2026-02-28 14:58:14.347761,2026-02-28 15:53:14.347761,2026-02-28 21:08:52.972738,2026-02-28 21:50:52.972738,2026-02-28 23:09:52.972738,2026-03-01 01:40:14.019886,2026-03-01 09:31:24.760510,2026-03-02 03:32:07.951961,2026-03-02 16:49:48.007171,2026-03-03 04:34:54.950484,2026-03-03 14:52:14.347761,Delivered,Closed,SHP079,Shipper 079,Marketplace,East Java,ST13_Malang,HB03_SBY_GATEWAY,Jabodetabek,ST01_JKT_Central,HB01_JKT_GATEWAY,Inter-Region,Regular,Prepaid,CR120,Bike,1.14,1.15,1.15,1969148,17175,11699,8,1,0,,42.0,72,1,0,,1,0,,0,,61.71,2.51,18.01,ST01_JKT_Central,
SHPM003009,AWB260003009,2026-03-01 21:26:14.949727,2026-03-01 22:11:14.949727,2026-03-01 22:37:14.949727,2026-03-02 02:22:45.239440,2026-03-02 02:46:45.239440,2026-03-02 03:51:45.239440,2026-03-02 06:22:34.197292,2026-03-02 12:56:38.648576,2026-03-02 20:30:14.227623,2026-03-03 09:28:47.413498,2026-03-03 12:03:20.479444,2026-03-03 09:26:14.949727,Delivered,Closed,SHP035,Shipper 035,Enterprise,Jabodetabek,ST02_JKT_West,HB01_JKT_GATEWAY,East Java,ST14_Kediri,HB03_SBY_GATEWAY,Inter-Region,Next Day,COD,CR012,Bike,1.73,1.68,1.73,1383073,31785,26805,4,0,0,,24.0,36,0,0,,1,0,,0,,38.62,2.51,7.56,ST14_Kediri,First Mile Delay
SHPM003010,AWB260003010,2026-02-22 07:24:40.857427,2026-02-22 07:55:40.857427,2026-02-22 08:15:40.857427,2026-02-22 09:07:49.246545,2026-02-22 09:19:49.246545,2026-02-22 11:04:49.246545,2026-02-22 14:38:24.139229,2026-02-22 19:25:51.311382,2026-02-23 02:10:26.261014,2026-02-23 07:43:57.325778,2026-02-23 08:33:04.205870,2026-02-22 23:24:40.857427,Delivered,Closed,SHP074,Shipper 074,Enterprise,Outer Java,ST19_Denpasar,HB06_EASTERN_GATEWAY,Jabodetabek,ST01_JKT_Central,HB01_JKT_GATEWAY,Inter-Region,Same Day,Prepaid,CR177,Truck,1.69,1.85,1.85,1259962,35325,24042,2,1,0,,12.0,16,0,0,,1,0,,0,,25.14,3.56,6.74,ST01_JKT_Central,Last Mile Delay
SHPM003011,AWB260003011,2026-02-24 22:59:43.511477,2026-02-24 23:07:43.511477,2026-02-24 23:53:43.511477,2026-02-25 01:04:08.329850,2026-02-25 01:53:08.329850,2026-02-25 02:18:08.329850,2026-02-25 04:39:50.758289,2026-02-25 07:12:05.534979,2026-02-25 14:47:06.524762,2026-02-26 06:19:25.058670,2026-02-26 10:50:53.258120,2026-02-26 10:59:43.511477,Delivered,Closed,SHP093,Shipper 093,SME,East Java,ST13_Malang,HB03_SBY_GATEWAY,Jabodetabek,ST01_JKT_Central,HB01_JKT_GATEWAY,Inter-Region,Next Day,COD,CR114,Van,1.54,2.0,2.0,2415821,33000,30443,4,1,0,,49.0,36,1,0,,1,0,,0,,35.85,2.36,7.58,ST01_JKT_Central,
SHPM003012,AWB260003012,2026-03-03 21:48:00.547426,2026-03-03 22:02:00.547426,2026-03-03 22:37:00.547426,2026-03-03 23:01:40.246341,2026-03-03 23:21:40.246341,2026-03-03 23:39:40.246341,2026-03-04 05:24:17.121753,2026-03-04 08:26:14.592271,2026-03-04 17:34:05.983372,2026-03-05 08:41:34.172158,2026-03-05 10:33:33.433868,2026-03-04 13:48:00.547426,Delivered,Closed,SHP026,Shipper 026,Marketplace,Outer Java,ST17_Makassar,HB06_EASTERN_GATEWAY,Central Java,ST09_Semarang,HB04_CTG_NATIONAL,Inter-Region,Same Day,Prepaid,CR157,Bike,0.82,1.2,1.2,650444,32400,25713,2,1,0,,20.0,16,0,0,,1,0,,0,,36.76,5.74,9.13,ST09_Semarang,Last Mile Delay
SHPM003013,AWB260003013,2026-03-18 16:29:08.992917,2026-03-18 17:03:08.992917,2026-03-18 17:39:08.992917,2026-03-18 18:38:06.594898,2026-03-18 18:50:06.594898,2026-03-18 19:51:06.594898,2026-03-18 21:47:32.452057,2026-03-19 01:53:44.284518,2026-03-19 14:34:58.064148,2026-03-20 07:14:29.053497,,2026-03-20 04:29:08.992917,Delivery Exception,Exception,SHP030,Shipper 030,Enterprise,Jabodetabek,ST05_Tangerang,HB01_JKT_GATEWAY,Outer Java,ST19_Denpasar,HB06_EASTERN_GATEWAY,Inter-Region,Next Day,Prepaid,CR054,Bike,1.16,1.22,1.22,1659013,25490,19828,4,1,0,,12.0,36,0,1,Invalid Address,2,0,,0,,451.51,1.94,12.69,ST19_Denpasar,Hub Bottleneck
SHPM003014,AWB260003014,2026-03-15 05:08:40.581421,2026-03-15 05:32:40.581421,2026-03-15 05:55:40.581421,2026-03-15 09:49:32.578095,2026-03-15 10:43:32.578095,2026-03-15 11:57:32.578095,2026-03-15 17:44:39.715630,2026-03-15 23:28:20.039006,2026-03-16 09:19:26.188845,2026-03-17 00:14:13.707077,2026-03-17 04:04:06.590410,2026-03-16 17:08:40.581421,Delivered,Closed,SHP005,Shipper 005,Enterprise,Central Java,ST09_Semarang,HB04_CTG_NATIONAL,West Java,ST08_Bogor,HB01_JKT_GATEWAY,Inter-Region,Next Day,COD,CR089,Van,0.72,0.97,0.97,272062,28365,15979,4,0,0,,54.0,36,0,0,,1,0,,0,,46.92,5.79,9.85,ST08_Bogor,First Mile Delay
SHPM003015,AWB260003015,2026-02-26 21:40:55.703838,2026-02-26 22:05:55.703838,2026-02-26 22:26:55.703838,2026-02-27 06:03:58.852767,2026-02-27 06:59:58.852767,2026-02-27 07:40:58.852767,2026-02-27 11:12:02.284435,2026-02-27 14:49:08.504470,2026-02-27 17:38:14.023120,2026-02-28 00:51:14.609920,2026-02-28 06:52:30.961029,2026-02-28 21:40:55.703838,Delivered,Closed,SHP044,Shipper 044,Marketplace,Jabodetabek,ST05_Tangerang,HB01_JKT_GATEWAY,Jabodetabek,ST02_JKT_West,HB01_JKT_GATEWAY,Intra-Region,Regular,Prepaid,CR047,Bike,1.43,1.49,1.49,1443966,18705,16067,8,1,0,,56.0,48,1,0,,1,0,,0,,33.19,3.52,2.82,ST02_JKT_West,
SHPM003016,AWB260003016,2026-02-25 21:50:45.956026,2026-02-25 22:17:45.956026,2026-02-25 22:57:45.956026,2026-02-26 01:32:28.542339,2026-02-26 02:19:28.542339,2026-02-26 03:04:28.542339,2026-02-26 04:22:45.271339,2026-02-26 08:09:36.382670,2026-02-26 13:14:50.749055,2026-02-27 05:53:55.204936,2026-02-27 23:46:07.042911,2026-02-28 21:50:45.956026,Delivered,Closed,SHP076,Shipper 076,Enterprise,West Java,ST06_Bandung,HB01_JKT_GATEWAY,Jabodetabek,ST01_JKT_Central,HB01_JKT_GATEWAY,Inter-Region,Regular,COD,CR057,Van,0.71,0.74,0.74,2225292,19330,12621,8,1,0,,47.0,72,1,0,,1,0,,0,,49.92,1.3,5.09,ST01_JKT_Central,
SHPM003017,AWB260003017,2026-02-23 19:29:29.077369,2026-02-23 19:48:29.077369,2026-02-23 20:24:29.077369,2026-02-23 21:55:43.661154,2026-02-23 22:38:43.661154,2026-02-23 23:10:43.661154,2026-02-24 01:11:56.845512,2026-02-24 08:46:25.148409,2026-02-24 12:25:12.053988,2026-02-25 05:24:43.824196,2026-02-25 09:03:25.536415,2026-02-24 11:29:29.077369,Delivered,Closed,SHP009,Shipper 009,Marketplace,West Java,ST08_Bogor,HB01_JKT_GATEWAY,Jabodetabek,ST01_JKT_Central,HB01_JKT_GATEWAY,Inter-Region,Same Day,Prepaid,CR076,Bike,1.19,1.28,1.28,181471,32760,21377,2,0,0,,43.0,16,0,0,,1,0,,0,,37.57,2.02,3.65,ST01_JKT_Central,First Mile Delay
SHPM003018,AWB260003018,2026-03-22 18:42:21.528340,2026-03-22 18:54:21.528340,2026-03-22 19:23:21.528340,2026-03-22 22:25:03.429797,2026-03-22 23:03:03.429797,2026-03-22 23:45:03.429797,2026-03-23 02:20:19.991124,2026-03-23 09:01:07.700528,2026-03-23 18:15:20.002745,2026-03-24 01:12:35.175723,2026-03-24 06:18:23.536615,2026-03-24 06:42:21.528340,Delivered,Closed,SHP076,Shipper 076,Enterprise,West Java,ST06_Bandung,HB01_JKT_GATEWAY,Jabodetabek,ST02_JKT_West,HB01_JKT_GATEWAY,Inter-Region,Next Day,COD,CR058,Bike,1.5,1.44,1.5,1298688,30750,21517,4,1,0,,38.0,36,1,0,,1,0,,0,,35.6,2.59,9.24,ST02_JKT_West,
SHPM003019,AWB260003019,2026-03-14 23:11:53.042737,2026-03-14 23:33:53.042737,2026-03-15 00:06:53.042737,2026-03-15 01:04:46.693709,2026-03-15 01:40:46.693709,2026-03-15 01:58:46.693709,2026-03-15 03:50:22.113346,2026-03-15 08:33:09.689868,2026-03-15 18:50:45.284234,2026-03-16 07:43:42.616513,2026-03-16 11:40:29.932164,2026-03-16 11:11:53.042737,Delivered,Closed,SHP076,Shipper 076,Enterprise,West Java,ST06_Bandung,HB01_JKT_GATEWAY,East Java,ST12_Surabaya,HB03_SBY_GATEWAY,Inter-Region,Next Day,Prepaid,CR056,Truck,1.31,1.22,1.31,193087,25895,22441,4,1,0,,36.0,36,0,0,,1,0,,0,,36.48,1.86,10.29,ST12_Surabaya,Hub Bottleneck
SHPM003020,AWB260003020,2026-03-02 17:33:29.313634,2026-03-02 18:13:29.313634,2026-03-02 19:00:29.313634,2026-03-03 00:50:12.085480,2026-03-03 02:03:12.085480,2026-03-03 02:27:12.085480,2026-03-03 05:08:11.106937,2026-03-03 11:37:09.296429,2026-03-03 21:29:32.047308,2026-03-04 10:21:30.194330,2026-03-04 16:58:02.949487,2026-03-05 17:33:29.313634,Delivered,Closed,SHP076,Shipper 076,Enterprise,West Java,ST06_Bandung,HB01_JKT_GATEWAY,Jabodetabek,ST03_JKT_East,HB01_JKT_GATEWAY,Inter-Region,Regular,Prepaid,CR059,Bike,1.71,1.77,1.77,1288858,19965,13440,8,1,0,,73.0,72,1,0,,1,0,,0,,47.41,2.68,9.87,ST03_JKT_East,
SHPM003021,AWB260003021,2026-03-08 11:01:07.774781,2026-03-08 11:17:07.774781,2026-03-08 11:53:07.774781,,,,,,,,,2026-03-11 11:01:07.774781,Failed Pickup,Exception,SHP071,Shipper 071,Enterprise,Jabodetabek,ST01_JKT_Central,HB01_JKT_GATEWAY,West Java,ST07_Cirebon,HB02_BDG_TRANSIT,Inter-Region,Regular,Prepaid,CR006,Bike,0.29,0.36,0.36,354923,13620,9127,8,0,1,Shipper Not Ready,,72,0,0,,0,0,,0,,696.98,,,ST01_JKT_Central,
SHPM003022,AWB260003022,2026-03-27 19:23:54.029228,2026-03-27 20:05:54.029228,2026-03-27 20:30:54.029228,2026-03-28 04:09:05.751068,2026-03-28 04:59:05.751068,2026-03-28 05:56:05.751068,2026-03-28 11:05:56.993548,2026-03-28 18:20:15.410066,2026-03-28 22:10:43.300570,2026-03-29 09:20:21.420828,2026-03-29 13:31:17.213536,2026-03-30 19:23:54.029228,Delivered,Closed,SHP054,Shipper 054,Marketplace,West Java,ST06_Bandung,HB01_JKT_GATEWAY,Jabodetabek,ST04_Bekasi,HB01_JKT_GATEWAY,Inter-Region,Regular,Prepaid,CR059,Bike,3.84,3.7,3.84,2464372,29280,27580,8,0,0,,50.0,72,1,0,,1,0,,0,,42.12,5.16,3.84,ST04_Bekasi,
SHPM003023,AWB260003023,2026-03-17 12:55:35.358407,2026-03-17 13:39:35.358407,2026-03-17 14:07:35.358407,2026-03-17 19:53:18.050294,2026-03-17 20:33:18.050294,2026-03-17 21:27:18.050294,2026-03-17 22:32:44.043776,2026-03-18 06:45:44.322881,2026-03-19 04:47:06.205778,2026-03-19 15:09:23.008131,2026-03-19 21:26:08.778654,2026-03-20 12:55:35.358407,Delivered,Closed,SHP067,Shipper 067,SME,East Java,ST14_Kediri,HB03_SBY_GATEWAY,Central Java,ST11_Yogyakarta,HB04_CTG_NATIONAL,Inter-Region,Regular,Prepaid,CR133,Truck,1.34,1.31,1.34,1432814,18030,14547,8,1,0,,40.0,72,1,0,,1,0,,0,,56.51,1.09,22.02,ST11_Yogyakarta,
SHPM003024,AWB260003024,2026-02-24 13:45:46.017683,2026-02-24 14:28:46.017683,2026-02-24 15:18:46.017683,2026-02-24 16:47:14.957778,2026-02-24 16:58:14.957778,2026-02-24 17:23:14.957778,2026-02-24 22:43:42.137228,2026-02-25 05:40:39.965185,2026-02-25 11:27:53.302752,2026-02-26 00:44:13.333367,2026-02-26 09:12:36.326880,2026-02-26 01:45:46.017683,Delivered,Closed,SHP065,Shipper 065,Marketplace,Jabodetabek,ST01_JKT_Central,HB01_JKT_GATEWAY,East Java,ST14_Kediri,HB03_SBY_GATEWAY,Inter-Region,Next Day,Prepaid,CR002,Van,2.26,2.45,2.45,223129,31025,20609,4,1,0,,11.0,36,0,0,,1,0,,0,,43.45,5.34,5.79,ST14_Kediri,Last Mile Delay
SHPM003025,AWB260003025,2026-03-16 04:26:57.827187,2026-03-16 05:08:57.827187,2026-03-16 05:23:57.827187,2026-03-16 07:54:55.612213,2026-03-16 08:38:55.612213,2026-03-16 09:28:55.612213,2026-03-16 14:50:22.685459,2026-03-16 22:09:18.068001,2026-03-17 08:01:20.139932,2026-03-17 14:28:58.693251,2026-03-18 01:23:52.085128,2026-03-17 16:26:57.827187,Delivered,Closed,SHP011,Shipper 011,Enterprise,Jabodetabek,ST04_Bekasi,HB01_JKT_GATEWAY,Central Java,ST11_Yogyakarta,HB04_CTG_NATIONAL,Inter-Region,Next Day,Prepaid,CR038,Truck,0.84,1.18,1.18,467382,25310,20460,4,1,0,,44.0,36,0,0,,1,0,,0,,44.95,5.36,9.87,ST11_Yogyakarta,Last Mile Delay
SHPM003026,AWB260003026,2026-02-25 13:14:10.808756,2026-02-25 13:23:10.808756,2026-02-25 14:12:10.808756,2026-02-25 15:34:07.401112,2026-02-25 15:42:07.401112,2026-02-25 16:09:07.401112,2026-02-25 17:40:32.622642,2026-02-25 19:24:37.272266,2026-02-25 23:05:00.208251,2026-02-26 01:02:08.752147,2026-02-26 06:30:50.763283,2026-02-26 13:14:10.808756,Delivered,Closed,SHP032,Shipper 032,Marketplace,West Java,ST06_Bandung,HB01_JKT_GATEWAY,West Java,ST06_Bandung,HB01_JKT_GATEWAY,Intra-Region,Next Day,Prepaid,CR055,Bike,0.81,0.85,0.85,1771326,23825,18173,4,1,0,,8.0,24,1,0,,1,0,,0,,17.28,1.52,3.67,ST06_Bandung,
SHPM003027,AWB260003027,2026-02-27 00:48:44.448061,2026-02-27 00:56:44.448061,2026-02-27 01:13:44.448061,2026-02-27 07:04:10.948195,2026-02-27 07:53:10.948195,2026-02-27 09:36:10.948195,2026-02-27 14:45:41.980967,2026-02-27 19:20:10.938572,2026-02-28 01:10:04.404771,2026-02-28 07:12:27.920285,2026-02-28 19:53:23.066997,2026-03-02 00:48:44.448061,Delivered,Closed,SHP094,Shipper 094,SME,Outer Java,ST15_Medan,HB05_SUMATRA_GATEWAY,East Java,ST14_Kediri,HB03_SBY_GATEWAY,Inter-Region,Regular,Prepaid,CR141,Van,1.79,1.93,1.93,1293578,20685,11719,8,1,0,,49.0,72,1,0,,1,0,,0,,43.08,5.16,5.83,ST14_Kediri,
SHPM003028,AWB260003028,2026-03-27 16:03:47.841665,2026-03-27 16:21:47.841665,2026-03-27 16:47:47.841665,2026-03-27 17:29:01.434016,2026-03-27 17:47:01.434016,2026-03-27 19:00:01.434016,2026-03-27 22:52:02.593250,2026-03-28 08:02:56.714096,2026-03-28 17:26:45.817553,2026-03-29 05:02:55.175263,2026-03-29 12:47:19.747371,2026-03-29 04:03:47.841665,Delivered,Closed,SHP036,Shipper 036,Marketplace,West Java,ST08_Bogor,HB01_JKT_GATEWAY,East Java,ST12_Surabaya,HB03_SBY_GATEWAY,Inter-Region,Next Day,Prepaid,CR076,Van,2.07,2.24,2.24,542987,30080,18349,4,1,0,,18.0,36,0,0,,1,0,,0,,44.73,3.87,9.4,ST12_Surabaya,Last Mile Delay
SHPM003029,AWB260003029,2026-03-18 16:00:11.365948,2026-03-18 16:06:11.365948,2026-03-18 17:25:11.365948,2026-03-19 00:08:18.509983,2026-03-19 01:08:18.509983,2026-03-19 01:26:18.509983,2026-03-19 10:25:36.078152,2026-03-19 18:10:52.052768,2026-03-20 01:18:08.570651,2026-03-20 13:08:33.943418,2026-03-20 15:26:47.877576,2026-03-20 04:00:11.365948,Delivered,Closed,SHP076,Shipper 076,Enterprise,West Java,ST07_Cirebon,HB02_BDG_TRANSIT,Jabodetabek,ST01_JKT_Central,HB01_JKT_GATEWAY,Inter-Region,Next Day,COD,CR075,Van,1.25,2.07,2.07,2042811,33315,23761,4,0,0,,60.0,36,0,0,,1,0,,0,,47.44,8.99,7.12,ST01_JKT_Central,First Mile Delay
SHPM003030,AWB260003030,2026-02-16 01:30:52.533475,2026-02-16 01:59:52.533475,2026-02-16 02:11:52.533475,2026-02-16 04:46:25.293052,2026-02-16 05:28:25.293052,2026-02-16 06:38:25.293052,2026-02-16 12:31:30.749695,2026-02-16 16:11:35.719381,2026-02-17 03:22:23.019273,2026-02-17 15:56:26.874644,2026-02-18 03:55:40.408866,2026-02-19 01:30:52.533475,Delivered,Closed,SHP085,Shipper 085,Marketplace,Central Java,ST09_Semarang,HB04_CTG_NATIONAL,Jabodetabek,ST01_JKT_Central,HB01_JKT_GATEWAY,Inter-Region,Regular,Prepaid,CR083,Bike,0.26,0.28,0.28,541029,13260,12012,8,1,0,,42.0,72,1,0,,1,0,,0,,50.41,5.88,11.18,ST01_JKT_Central,
SHPM003031,AWB260003031,2026-02-18 09:30:12.958480,2026-02-18 09:43:12.958480,2026-02-18 10:28:12.958480,2026-02-18 18:18:41.145574,2026-02-18 19:56:41.145574,2026-02-18 21:21:41.145574,2026-02-18 22:46:01.433226,2026-02-19 01:11:26.376233,2026-02-19 03:51:35.479468,2026-02-19 20:34:33.222018,2026-02-20 06:38:26.115572,2026-02-21 09:30:12.958480,Delivered,Closed,SHP040,Shipper 040,Marketplace,West Java,ST07_Cirebon,HB02_BDG_TRANSIT,Outer Java,ST16_Palembang,HB05_SUMATRA_GATEWAY,Inter-Region,Regular,COD,CR073,Bike,1.87,1.78,1.87,698657,24415,13841,8,0,0,,98.0,72,1,0,,1,0,,0,,45.14,1.41,2.67,ST16_Palembang,
SHPM003032,AWB260003032,2026-03-12 05:09:58.918224,2026-03-12 05:44:58.918224,2026-03-12 06:16:58.918224,2026-03-12 07:14:16.041203,2026-03-12 07:44:16.041203,2026-03-12 09:22:16.041203,2026-03-12 14:22:15.413709,2026-03-12 19:59:39.643181,2026-03-13 02:12:19.931089,2026-03-13 10:55:16.637501,2026-03-13 13:18:13.699097,2026-03-12 21:09:58.918224,Delivered,Closed,SHP006,Shipper 006,Marketplace,East Java,ST14_Kediri,HB03_SBY_GATEWAY,Jabodetabek,ST05_Tangerang,HB01_JKT_GATEWAY,Inter-Region,Same Day,Prepaid,CR132,Bike,1.1,1.05,1.1,938856,31950,21120,2,1,0,,30.0,16,0,0,,1,0,,0,,32.14,5.0,6.21,ST05_Tangerang,Last Mile Delay
SHPM003033,AWB260003033,2026-02-21 11:04:50.426219,2026-02-21 11:12:50.426219,2026-02-21 11:40:50.426219,2026-02-21 14:53:14.901904,2026-02-21 15:17:14.901904,2026-02-21 15:33:14.901904,2026-02-21 20:57:06.859878,2026-02-22 00:14:15.415173,2026-02-22 08:47:59.894385,2026-02-22 17:26:42.500133,2026-02-23 10:09:09.587707,2026-02-23 11:04:50.426219,Delivered,Closed,SHP024,Shipper 024,Marketplace,Jabodetabek,ST03_JKT_East,HB01_JKT_GATEWAY,Jabodetabek,ST04_Bekasi,HB01_JKT_GATEWAY,Intra-Region,Regular,COD,CR020,Bike,3.37,3.7,3.7,707425,32650,29677,8,1,0,,24.0,48,1,0,,1,0,,0,,47.07,5.4,8.56,ST04_Bekasi,
SHPM003034,AWB260003034,2026-02-28 22:52:45.253860,2026-02-28 23:28:45.253860,2026-02-28 23:49:45.253860,2026-03-01 04:10:19.750194,2026-03-01 04:35:19.750194,2026-03-01 04:55:19.750194,2026-03-01 10:30:39.081511,2026-03-01 12:32:24.597653,2026-03-01 14:38:23.268733,2026-03-02 07:38:21.693446,2026-03-02 12:51:47.142089,2026-03-03 22:52:45.253860,Delivered,Closed,SHP023,Shipper 023,Enterprise,West Java,ST08_Bogor,HB01_JKT_GATEWAY,East Java,ST13_Malang,HB03_SBY_GATEWAY,Inter-Region,Regular,Prepaid,CR082,Van,1.33,1.28,1.33,2528356,17985,13410,8,1,0,,25.0,72,1,0,,1,0,,0,,37.98,5.59,2.1,ST13_Malang,
SHPM003035,AWB260003035,2026-02-20 13:12:14.434169,2026-02-20 13:40:14.434169,2026-02-20 14:00:14.434169,2026-02-20 14:59:13.598574,2026-02-20 15:38:13.598574,2026-02-20 16:14:13.598574,2026-02-20 17:29:49.781527,2026-02-21 02:06:15.056090,2026-02-21 05:59:19.724009,2026-02-21 14:38:23.044971,2026-02-21 15:36:40.826851,2026-02-21 05:12:14.434169,Delivered,Closed,SHP020,Shipper 020,SME,East Java,ST14_Kediri,HB03_SBY_GATEWAY,West Java,ST08_Bogor,HB01_JKT_GATEWAY,Inter-Region,Same Day,Prepaid,CR130,Truck,1.39,2.17,2.17,597974,36765,22792,2,1,0,,39.0,16,0,0,,1,0,,0,,26.41,1.26,3.88,ST08_Bogor,Last Mile Delay
SHPM003036,AWB260003036,2026-03-11 19:43:55.747661,2026-03-11 20:28:55.747661,2026-03-11 20:47:55.747661,2026-03-11 23:09:05.366675,2026-03-12 00:09:05.366675,2026-03-12 00:58:05.366675,2026-03-12 03:37:57.964520,2026-03-12 09:24:21.222931,2026-03-12 16:01:47.886239,2026-03-13 04:51:49.441382,2026-03-13 22:23:55.437464,2026-03-14 19:43:55.747661,Delivered,Closed,SHP037,Shipper 037,Marketplace,Central Java,ST11_Yogyakarta,HB04_CTG_NATIONAL,Jabodetabek,ST05_Tangerang,HB01_JKT_GATEWAY,Inter-Region,Regular,COD,CR102,Van,2.41,2.19,2.41,129712,26845,19868,8,1,0,,60.0,72,1,0,,1,0,,0,,50.67,2.66,6.62,ST05_Tangerang,
SHPM003037,AWB260003037,2026-03-14 18:11:15.150958,2026-03-14 18:20:15.150958,2026-03-14 18:44:15.150958,2026-03-15 00:27:35.741537,2026-03-15 00:35:35.741537,2026-03-15 01:10:35.741537,2026-03-15 05:40:51.699391,2026-03-15 09:21:54.797763,2026-03-15 18:36:56.816362,2026-03-16 10:02:04.495831,2026-03-16 16:17:56.164755,2026-03-17 18:11:15.150958,Delivered,Closed,SHP058,Shipper 058,Enterprise,Jabodetabek,ST01_JKT_Central,HB01_JKT_GATEWAY,Central Java,ST11_Yogyakarta,HB04_CTG_NATIONAL,Inter-Region,Regular,COD,CR011,Bike,1.15,1.2,1.2,1564464,21400,13091,8,1,0,,8.0,72,1,0,,1,0,,0,,46.11,4.5,9.25,ST11_Yogyakarta,
SHPM003038,AWB260003038,2026-03-25 13:16:26.637910,2026-03-25 14:01:26.637910,2026-03-25 14:12:26.637910,2026-03-25 19:46:09.591492,2026-03-25 20:31:09.591492,2026-03-25 21:14:09.591492,2026-03-26 02:00:52.190437,2026-03-26 04:10:20.217459,2026-03-26 11:41:01.845533,2026-03-26 17:02:07.011133,2026-03-27 14:52:34.264719,2026-03-28 13:16:26.637910,Delivered,Closed,SHP007,Shipper 007,SME,Jabodetabek,ST05_Tangerang,HB01_JKT_GATEWAY,Outer Java,ST18_Balikpapan,HB06_EASTERN_GATEWAY,Inter-Region,Regular,Prepaid,CR049,Truck,0.62,0.81,0.81,2204971,15645,10409,8,1,0,,45.0,72,1,0,,1,0,,0,,49.6,4.78,7.51,ST18_Balikpapan,
SHPM003039,AWB260003039,2026-03-14 22:11:06.989914,2026-03-14 22:56:06.989914,2026-03-14 23:37:06.989914,2026-03-15 03:34:06.203227,2026-03-15 04:45:06.203227,2026-03-15 05:49:06.203227,2026-03-15 11:48:05.853031,2026-03-15 14:49:09.296296,2026-03-15 19:48:39.780400,2026-03-16 08:57:44.265874,2026-03-16 22:53:52.045524,2026-03-17 22:11:06.989914,Delivered,Closed,SHP010,Shipper 010,Enterprise,East Java,ST12_Surabaya,HB03_SBY_GATEWAY,West Java,ST08_Bogor,HB01_JKT_GATEWAY,Inter-Region,Regular,Prepaid,CR110,Van,2.68,3.87,3.87,271730,29415,21113,8,1,0,,71.0,72,1,0,,1,0,,0,,48.71,5.98,4.99,ST08_Bogor,
SHPM003040,AWB260003040,2026-03-25 15:07:01.486701,2026-03-25 15:34:01.486701,2026-03-25 16:22:01.486701,2026-03-25 21:29:46.692501,2026-03-25 22:25:46.692501,2026-03-26 00:21:46.692501,2026-03-26 05:47:05.419089,2026-03-26 09:58:22.428699,2026-03-26 14:50:28.055854,2026-03-26 23:48:42.500746,,2026-03-27 03:07:01.486701,Delivery Exception,Exception,SHP018,Shipper 018,Enterprise,West Java,ST07_Cirebon,HB02_BDG_TRANSIT,Central Java,ST09_Semarang,HB04_CTG_NATIONAL,Inter-Region,Next Day,Prepaid,CR071,Truck,1.39,1.73,1.73,359209,27785,20366,4,0,0,,56.0,36,0,1,Customer Not Home,2,0,,0,,284.88,5.42,4.87,ST09_Semarang,Delivery Exception
SHPM003041,AWB260003041,2026-02-18 01:37:25.802123,2026-02-18 01:45:25.802123,2026-02-18 02:24:25.802123,2026-02-18 06:06:12.986193,2026-02-18 06:26:12.986193,2026-02-18 08:15:12.986193,2026-02-18 11:28:46.062685,2026-02-18 20:14:22.749164,2026-02-19 05:58:12.215172,2026-02-19 16:33:09.730408,2026-02-19 21:15:24.440947,2026-02-19 13:37:25.802123,Delivered,Closed,SHP034,Shipper 034,Enterprise,Jabodetabek,ST01_JKT_Central,HB01_JKT_GATEWAY,West Java,ST08_Bogor,HB01_JKT_GATEWAY,Inter-Region,Next Day,Prepaid,CR002,Truck,2.98,3.5,3.5,543040,35750,24511,4,0,0,,20.0,36,0,0,,1,0,,0,,43.63,3.23,9.73,ST08_Bogor,First Mile Delay
SHPM003042,AWB260003042,2026-02-16 23:12:50.840380,2026-02-16 23:23:50.840380,2026-02-16 23:56:50.840380,2026-02-17 02:24:21.669388,2026-02-17 03:20:21.669388,2026-02-17 05:20:21.669388,2026-02-17 09:54:29.598306,2026-02-17 13:40:29.130984,2026-02-17 20:08:24.791504,2026-02-18 07:10:06.305406,2026-02-18 12:09:57.579033,2026-02-18 11:12:50.840380,Delivered,Closed,SHP057,Shipper 057,SME,Central Java,ST11_Yogyakarta,HB04_CTG_NATIONAL,East Java,ST13_Malang,HB03_SBY_GATEWAY,Inter-Region,Next Day,Prepaid,CR105,Bike,1.35,1.34,1.35,1597059,26075,15032,4,1,0,,56.0,36,0,0,,1,0,,0,,36.95,4.57,6.47,ST13_Malang,Last Mile Delay
SHPM003043,AWB260003043,2026-02-21 07:04:11.716560,2026-02-21 07:28:11.716560,2026-02-21 08:03:11.716560,2026-02-21 10:18:35.608898,2026-02-21 10:42:35.608898,2026-02-21 12:19:35.608898,2026-02-21 13:47:57.579364,2026-02-21 21:24:42.891184,2026-02-22 08:04:50.316165,2026-02-22 13:30:23.857773,2026-02-22 22:37:24.414041,2026-02-22 19:04:11.716560,Delivered,Closed,SHP005,Shipper 005,Enterprise,Central Java,ST09_Semarang,HB04_CTG_NATIONAL,Jabodetabek,ST02_JKT_West,HB01_JKT_GATEWAY,Inter-Region,Next Day,Prepaid,CR085,Bike,1.64,1.61,1.64,2027462,27380,21262,4,1,0,,24.0,36,0,0,,1,0,,0,,39.55,1.47,10.67,ST02_JKT_West,Hub Bottleneck
SHPM003044,AWB260003044,2026-03-29 05:45:48.224675,2026-03-29 06:16:48.224675,2026-03-29 06:22:48.224675,2026-03-29 14:12:30.075173,2026-03-29 14:30:30.075173,2026-03-29 16:19:30.075173,2026-03-29 20:10:40.795774,2026-03-30 05:33:56.264054,2026-03-30 11:46:00.984735,2026-03-31 05:29:48.808172,2026-03-31 16:32:47.446087,2026-04-01 05:45:48.224675,Delivered,Closed,SHP012,Shipper 012,Marketplace,Outer Java,ST20_Banjarmasin,HB06_EASTERN_GATEWAY,Jabodetabek,ST02_JKT_West,HB01_JKT_GATEWAY,Inter-Region,Regular,Prepaid,CR191,Bike,3.27,3.32,3.32,1187616,26940,19966,8,1,0,,18.0,72,1,0,,1,0,,0,,58.78,3.85,6.2,ST02_JKT_West,
SHPM003045,AWB260003045,2026-02-23 07:16:50.777290,2026-02-23 07:49:50.777290,2026-02-23 08:27:50.777290,2026-02-23 11:47:18.695546,2026-02-23 13:00:18.695546,2026-02-23 14:22:18.695546,2026-02-23 19:31:00.540514,2026-02-24 00:26:06.777265,2026-02-24 09:29:17.776780,2026-02-25 01:57:43.527111,2026-02-25 18:15:48.219656,2026-02-26 07:16:50.777290,Delivered,Closed,SHP081,Shipper 081,Marketplace,West Java,ST08_Bogor,HB01_JKT_GATEWAY,Central Java,ST10_Solo,HB04_CTG_NATIONAL,Inter-Region,Regular,Prepaid,CR080,Bike,1.85,1.88,1.88,1169107,20460,18978,8,1,0,,73.0,72,1,0,,1,0,,0,,58.98,5.14,9.05,ST10_Solo,
SHPM003046,AWB260003046,2026-02-20 10:26:16.217595,2026-02-20 11:09:16.217595,2026-02-20 12:07:16.217595,2026-02-20 15:27:25.822205,2026-02-20 15:42:25.822205,2026-02-20 16:32:25.822205,2026-02-20 22:05:19.548323,2026-02-21 02:45:28.823143,2026-02-21 09:04:31.789933,2026-02-22 00:36:27.105451,2026-02-22 02:36:27.575644,2026-02-21 22:26:16.217595,Delivered,Closed,SHP011,Shipper 011,Enterprise,Jabodetabek,ST01_JKT_Central,HB01_JKT_GATEWAY,East Java,ST13_Malang,HB03_SBY_GATEWAY,Inter-Region,Next Day,Prepaid,CR009,Bike,1.2,1.48,1.48,170799,26660,15244,4,0,0,,15.0,36,0,0,,1,0,,0,,40.17,5.55,6.32,ST13_Malang,First Mile Delay
SHPM003047,AWB260003047,2026-03-01 12:11:21.535963,2026-03-01 12:28:21.535963,2026-03-01 12:47:21.535963,2026-03-01 16:30:34.623513,2026-03-01 17:23:34.623513,2026-03-01 18:46:34.623513,2026-03-01 21:10:14.286420,2026-03-02 01:56:25.694191,2026-03-02 07:17:56.367800,2026-03-02 22:35:00.811794,2026-03-03 02:48:24.953548,2026-03-04 12:11:21.535963,Delivered,Closed,SHP082,Shipper 082,SME,Outer Java,ST19_Denpasar,HB06_EASTERN_GATEWAY,Central Java,ST11_Yogyakarta,HB04_CTG_NATIONAL,Inter-Region,Regular,Prepaid,CR177,Bike,2.08,2.1,2.1,1997001,21450,14048,8,1,0,,53.0,72,1,0,,1,0,,0,,38.62,2.39,5.36,ST11_Yogyakarta,
SHPM003048,AWB260003048,2026-02-28 19:39:10.907556,2026-02-28 20:09:10.907556,2026-02-28 20:38:10.907556,2026-03-01 04:06:59.105776,2026-03-01 04:40:59.105776,2026-03-01 05:39:59.105776,2026-03-01 11:01:47.288199,2026-03-01 19:09:17.131995,2026-03-01 23:04:53.466116,2026-03-02 16:44:03.635293,2026-03-03 05:44:21.722773,2026-03-03 19:39:10.907556,Delivered,Closed,SHP030,Shipper 030,Enterprise,Jabodetabek,ST03_JKT_East,HB01_JKT_GATEWAY,Central Java,ST11_Yogyakarta,HB04_CTG_NATIONAL,Inter-Region,Regular,COD,CR021,Van,0.8,0.79,0.8,1058236,19600,17709,8,1,0,,34.0,72,1,0,,1,0,,0,,58.09,5.36,3.93,ST11_Yogyakarta,
SHPM003049,AWB260003049,2026-03-27 20:21:51.274354,2026-03-27 21:00:51.274354,2026-03-27 21:34:51.274354,2026-03-27 23:57:04.652119,2026-03-28 00:26:04.652119,2026-03-28 01:55:04.652119,2026-03-28 06:25:53.241983,2026-03-28 15:01:17.792114,2026-03-29 05:51:54.263954,2026-03-29 16:36:27.466569,2026-03-30 00:46:00.154117,2026-03-29 08:21:51.274354,Delivered,Closed,SHP089,Shipper 089,Enterprise,Central Java,ST11_Yogyakarta,HB04_CTG_NATIONAL,Outer Java,ST17_Makassar,HB06_EASTERN_GATEWAY,Inter-Region,Next Day,Prepaid,CR106,Bike,0.91,0.98,0.98,1579914,24410,20412,4,1,0,,29.0,36,0,0,,1,0,,0,,52.4,4.51,14.84,ST17_Makassar,Hub Bottleneck
SHPM003050,AWB260003050,2026-03-09 19:53:51.100222,2026-03-09 20:02:51.100222,2026-03-09 20:22:51.100222,2026-03-10 02:38:50.256081,2026-03-10 03:27:50.256081,2026-03-10 03:59:50.256081,2026-03-10 08:28:42.639830,2026-03-10 12:44:29.205820,2026-03-10 15:43:01.853734,2026-03-10 22:52:03.050619,2026-03-11 16:23:54.001182,2026-03-12 19:53:51.100222,Delivered,Closed,SHP048,Shipper 048,Enterprise,Outer Java,ST17_Makassar,HB06_EASTERN_GATEWAY,West Java,ST07_Cirebon,HB02_BDG_TRANSIT,Inter-Region,Regular,COD,CR162,Truck,0.38,0.35,0.38,1121530,17710,10299,8,1,0,,49.0,72,1,0,,1,0,,0,,44.5,4.48,2.98,ST07_Cirebon,
SHPM003051,AWB260003051,2026-03-16 23:15:50.520169,2026-03-16 23:42:50.520169,2026-03-17 00:13:50.520169,2026-03-17 02:34:36.910899,2026-03-17 03:14:36.910899,2026-03-17 03:30:36.910899,2026-03-17 04:41:41.361400,2026-03-17 09:48:33.257337,2026-03-17 20:47:14.334479,2026-03-18 04:57:00.173111,2026-03-18 07:27:56.703011,2026-03-18 11:15:50.520169,Delivered,Closed,SHP049,Shipper 049,Enterprise,Jabodetabek,ST05_Tangerang,HB01_JKT_GATEWAY,West Java,ST08_Bogor,HB01_JKT_GATEWAY,Inter-Region,Next Day,COD,CR046,Bike,2.33,3.93,3.93,1708535,41685,31768,4,1,0,,40.0,36,1,0,,1,0,,0,,32.2,1.18,10.98,ST08_Bogor,
SHPM003052,AWB260003052,2026-03-30 22:36:48.539984,2026-03-30 22:59:48.539984,2026-03-30 23:31:48.539984,2026-03-31 05:59:56.079955,2026-03-31 06:33:56.079955,2026-03-31 07:27:56.079955,2026-03-31 10:23:49.783742,2026-03-31 14:31:08.840863,2026-03-31 21:39:36.691307,2026-04-01 12:37:44.545874,2026-04-02 15:43:20.633839,2026-04-02 22:36:48.539984,Delivered,Closed,SHP076,Shipper 076,Enterprise,West Java,ST06_Bandung,HB01_JKT_GATEWAY,Outer Java,ST19_Denpasar,HB06_EASTERN_GATEWAY,Inter-Region,Regular,Prepaid,CR062,Van,0.92,1.14,1.14,1387652,17130,10093,8,1,0,,34.0,72,1,0,,1,0,,0,,65.11,2.93,7.14,ST19_Denpasar,
SHPM003053,AWB260003053,2026-03-23 21:20:01.806774,2026-03-23 21:57:01.806774,2026-03-23 22:23:01.806774,2026-03-23 23:11:21.928666,2026-03-23 23:24:21.928666,2026-03-24 01:22:21.928666,2026-03-24 03:10:40.897651,2026-03-24 08:40:16.544185,2026-03-24 20:34:18.714874,2026-03-25 14:08:14.030687,2026-03-26 00:16:57.769527,2026-03-25 09:20:01.806774,Delivered,Closed,SHP008,Shipper 008,SME,Outer Java,ST16_Palembang,HB05_SUMATRA_GATEWAY,Central Java,ST09_Semarang,HB04_CTG_NATIONAL,Inter-Region,Next Day,COD,CR148,Bike,2.26,2.24,2.26,1479626,34170,19499,4,1,0,,13.0,36,0,0,,1,0,,0,,50.95,1.81,11.9,ST09_Semarang,Hub Bottleneck
SHPM003054,AWB260003054,2026-03-22 23:17:54.452778,2026-03-22 23:56:54.452778,2026-03-23 00:20:54.452778,2026-03-23 03:18:47.967256,2026-03-23 04:20:47.967256,2026-03-23 05:22:47.967256,2026-03-23 07:51:27.925960,2026-03-23 09:44:20.687216,2026-03-23 16:06:29.174278,2026-03-23 19:58:08.040498,2026-03-24 09:37:34.030647,2026-03-24 23:17:54.452778,Delivered,Closed,SHP062,Shipper 062,Enterprise,Jabodetabek,ST05_Tangerang,HB01_JKT_GATEWAY,Jabodetabek,ST01_JKT_Central,HB01_JKT_GATEWAY,Intra-Region,Regular,Prepaid,CR048,Bike,6.74,8.72,8.72,368637,51240,42751,8,1,0,,62.0,48,1,0,,1,0,,0,,34.33,2.48,6.37,ST01_JKT_Central,
SHPM003055,AWB260003055,2026-02-22 23:34:44.858001,2026-02-22 23:51:44.858001,2026-02-23 00:13:44.858001,2026-02-23 08:29:44.687004,2026-02-23 08:44:44.687004,2026-02-23 10:00:44.687004,2026-02-23 12:30:15.797538,2026-02-23 22:18:01.701506,2026-02-24 02:04:25.975094,2026-02-24 10:55:28.556918,2026-02-24 23:18:10.082537,2026-02-25 23:34:44.858001,Delivered,Closed,SHP082,Shipper 082,SME,Outer Java,ST19_Denpasar,HB06_EASTERN_GATEWAY,Jabodetabek,ST05_Tangerang,HB01_JKT_GATEWAY,Inter-Region,Regular,Prepaid,CR177,Bike,1.94,2.76,2.76,2437162,24420,15564,8,0,0,,15.0,72,1,0,,1,0,,0,,47.72,2.49,3.77,ST05_Tangerang,
SHPM003056,AWB260003056,2026-03-15 21:00:33.419847,2026-03-15 21:25:33.419847,2026-03-15 21:49:33.419847,2026-03-15 22:50:39.047198,2026-03-15 23:10:39.047198,2026-03-16 00:02:39.047198,2026-03-16 02:03:40.010907,2026-03-16 06:26:58.719477,2026-03-16 12:53:47.477428,2026-03-17 01:03:47.063229,2026-03-17 02:44:24.724023,2026-03-16 13:00:33.419847,Delivered,Closed,SHP033,Shipper 033,Marketplace,Jabodetabek,ST02_JKT_West,HB01_JKT_GATEWAY,Central Java,ST09_Semarang,HB04_CTG_NATIONAL,Inter-Region,Same Day,Prepaid,CR015,Bike,0.46,0.47,0.47,1747199,29115,16099,2,1,0,,20.0,16,0,0,,1,0,,0,,29.73,2.02,6.45,ST09_Semarang,Last Mile Delay
SHPM003057,AWB260003057,2026-03-04 06:11:07.545589,2026-03-04 06:28:07.545589,2026-03-04 06:54:07.545589,2026-03-04 10:32:43.254793,2026-03-04 11:08:43.254793,2026-03-04 11:57:43.254793,2026-03-04 15:25:22.715059,2026-03-05 00:55:08.966617,2026-03-05 03:36:58.785542,2026-03-05 09:54:30.767771,2026-03-05 15:50:26.508552,2026-03-05 18:11:07.545589,Delivered,Closed,SHP095,Shipper 095,Enterprise,Central Java,ST11_Yogyakarta,HB04_CTG_NATIONAL,West Java,ST08_Bogor,HB01_JKT_GATEWAY,Inter-Region,Next Day,Prepaid,CR102,Bike,0.41,0.4,0.41,1877081,21845,16309,4,0,0,,36.0,36,1,0,,1,0,,0,,33.66,3.46,2.7,ST08_Bogor,
SHPM003058,AWB260003058,2026-02-26 18:03:31.221220,2026-02-26 18:18:31.221220,2026-02-26 18:49:31.221220,2026-02-26 21:47:09.617685,2026-02-26 22:33:09.617685,2026-02-26 22:55:09.617685,2026-02-27 03:20:07.482936,2026-02-27 06:13:58.390808,2026-02-27 13:22:41.315211,2026-02-27 21:02:58.061573,2026-02-28 02:12:46.694519,2026-02-28 06:03:31.221220,Delivered,Closed,SHP079,Shipper 079,Marketplace,East Java,ST13_Malang,HB03_SBY_GATEWAY,Jabodetabek,ST03_JKT_East,HB01_JKT_GATEWAY,Inter-Region,Next Day,COD,CR114,Bike,0.9,0.82,0.9,1119470,28050,21849,4,1,0,,46.0,36,1,0,,1,0,,0,,32.15,4.42,7.15,ST03_JKT_East,
SHPM003059,AWB260003059,2026-02-28 11:15:07.887695,2026-02-28 11:59:07.887695,2026-02-28 12:25:07.887695,2026-02-28 14:40:41.593676,2026-02-28 15:43:41.593676,2026-02-28 17:12:41.593676,2026-02-28 20:19:29.246290,2026-02-28 23:25:33.779611,2026-03-01 07:57:40.899732,2026-03-01 20:40:28.530909,2026-03-02 11:59:18.364106,2026-03-03 11:15:07.887695,Delivered,Closed,SHP041,Shipper 041,SME,West Java,ST06_Bandung,HB01_JKT_GATEWAY,Jabodetabek,ST02_JKT_West,HB01_JKT_GATEWAY,Inter-Region,Regular,Prepaid,CR055,Truck,0.8,0.85,0.85,642092,15825,11233,8,1,0,,63.0,72,1,0,,1,0,,0,,48.74,3.11,8.54,ST02_JKT_West,
SHPM003060,AWB260003060,2026-02-23 19:25:27.737480,2026-02-23 19:41:27.737480,2026-02-23 20:04:27.737480,2026-02-23 23:06:16.146787,2026-02-23 23:14:16.146787,2026-02-24 00:12:16.146787,2026-02-24 03:13:46.541025,2026-02-24 10:35:39.564230,2026-02-24 15:30:19.917658,2026-02-25 08:26:01.688272,2026-02-25 19:49:18.255042,2026-02-26 19:25:27.737480,Delivered,Closed,SHP056,Shipper 056,Enterprise,Jabodetabek,ST03_JKT_East,HB01_JKT_GATEWAY,West Java,ST08_Bogor,HB01_JKT_GATEWAY,Inter-Region,Regular,Prepaid,CR027,Truck,1.72,2.41,2.41,915585,22845,15658,8,1,0,,8.0,72,1,0,,1,0,,0,,48.4,3.03,4.91,ST08_Bogor,
SHPM003061,AWB260003061,2026-03-22 04:07:10.983596,2026-03-22 04:21:10.983596,2026-03-22 04:55:10.983596,2026-03-22 08:48:23.503940,2026-03-22 09:32:23.503940,2026-03-22 09:52:23.503940,2026-03-22 11:56:09.464204,2026-03-22 15:19:04.062673,2026-03-22 23:00:08.597048,2026-03-23 13:05:46.033387,2026-03-23 19:39:59.715871,2026-03-23 16:07:10.983596,Delivered,Closed,SHP089,Shipper 089,Enterprise,Central Java,ST11_Yogyakarta,HB04_CTG_NATIONAL,East Java,ST13_Malang,HB03_SBY_GATEWAY,Inter-Region,Next Day,Prepaid,CR105,Bike,0.83,0.89,0.89,987932,24005,16522,4,0,0,,44.0,36,0,0,,1,0,,0,,39.55,2.06,7.68,ST13_Malang,First Mile Delay
SHPM003062,AWB260003062,2026-03-15 23:00:38.322467,2026-03-15 23:36:38.322467,2026-03-16 00:13:38.322467,2026-03-16 08:27:06.719541,2026-03-16 08:53:06.719541,2026-03-16 09:35:06.719541,2026-03-16 12:50:44.920422,2026-03-16 20:24:36.529636,2026-03-17 12:54:22.355550,2026-03-18 06:10:47.062022,2026-03-18 16:24:59.342962,2026-03-18 23:00:38.322467,Delivered,Closed,SHP030,Shipper 030,Enterprise,Jabodetabek,ST05_Tangerang,HB01_JKT_GATEWAY,Outer Java,ST19_Denpasar,HB06_EASTERN_GATEWAY,Inter-Region,Regular,Prepaid,CR044,Bike,0.67,0.85,0.85,685602,15825,14315,8,0,0,,26.0,72,1,0,,1,0,,0,,65.41,3.26,16.5,ST19_Denpasar,
SHPM003063,AWB260003063,2026-03-02 09:40:58.772108,2026-03-02 09:50:58.772108,2026-03-02 10:21:58.772108,2026-03-02 11:17:22.684002,2026-03-02 11:53:22.684002,2026-03-02 13:40:22.684002,2026-03-02 15:11:09.702733,2026-03-02 18:30:13.764709,2026-03-02 21:29:54.002063,2026-03-03 06:09:03.141769,2026-03-03 14:54:53.707340,2026-03-03 09:40:58.772108,Delivered,Closed,SHP070,Shipper 070,Enterprise,Jabodetabek,ST02_JKT_West,HB01_JKT_GATEWAY,Jabodetabek,ST03_JKT_East,HB01_JKT_GATEWAY,Intra-Region,Next Day,Prepaid,CR018,Van,0.96,0.95,0.96,1324385,24320,14458,4,1,0,,36.0,24,0,0,,1,0,,0,,29.23,1.51,2.99,ST03_JKT_East,Last Mile Delay
SHPM003064,AWB260003064,2026-03-12 22:11:56.309192,2026-03-12 22:33:56.309192,2026-03-12 23:09:56.309192,2026-03-13 06:14:44.884609,2026-03-13 06:41:44.884609,2026-03-13 08:03:44.884609,2026-03-13 14:01:11.455229,2026-03-13 22:38:59.816976,2026-03-14 23:25:29.643826,2026-03-15 15:16:41.652753,,2026-03-15 22:11:56.309192,Lost,Exception,SHP006,Shipper 006,Marketplace,East Java,ST14_Kediri,HB03_SBY_GATEWAY,Central Java,ST10_Solo,HB04_CTG_NATIONAL,Inter-Region,Regular,Prepaid,CR130,Van,1.02,1.06,1.06,2185062,16770,11799,8,1,0,,27.0,72,0,0,,1,1,Lost,0,,589.8,5.96,24.77,HB03_SBY_GATEWAY,
SHPM003065,AWB260003065,2026-03-06 01:51:30.566069,2026-03-06 02:25:30.566069,2026-03-06 02:48:30.566069,2026-03-06 10:57:28.046545,2026-03-06 11:24:28.046545,2026-03-06 13:13:28.046545,2026-03-06 16:12:38.462296,2026-03-06 21:27:51.520213,2026-03-07 03:54:59.202757,2026-03-07 19:05:54.590570,2026-03-08 10:21:50.283036,2026-03-09 01:51:30.566069,Delivered,Closed,SHP062,Shipper 062,Enterprise,Jabodetabek,ST04_Bekasi,HB01_JKT_GATEWAY,East Java,ST14_Kediri,HB03_SBY_GATEWAY,Inter-Region,Regular,Prepaid,CR033,Bike,2.03,2.37,2.37,1716981,22665,14631,8,0,0,,27.0,72,1,0,,1,0,,0,,56.51,2.99,6.45,ST14_Kediri,
SHPM003066,AWB260003066,2026-03-20 22:19:52.227774,2026-03-20 22:34:52.227774,2026-03-20 23:11:52.227774,2026-03-21 02:35:14.265807,2026-03-21 02:57:14.265807,2026-03-21 04:53:14.265807,2026-03-21 09:20:51.005528,2026-03-21 12:21:51.844267,2026-03-21 20:46:34.899675,2026-03-22 01:57:44.524133,2026-03-22 12:46:53.961049,2026-03-22 10:19:52.227774,Delivered,Closed,SHP041,Shipper 041,SME,West Java,ST08_Bogor,HB01_JKT_GATEWAY,Jabodetabek,ST01_JKT_Central,HB01_JKT_GATEWAY,Inter-Region,Next Day,COD,CR078,Bike,0.79,1.21,1.21,1255343,29445,27163,4,0,0,,22.0,36,0,0,,1,0,,0,,38.45,4.46,8.41,ST01_JKT_Central,First Mile Delay
SHPM003067,AWB260003067,2026-03-11 12:02:39.776995,2026-03-11 12:33:39.776995,2026-03-11 12:48:39.776995,2026-03-11 16:30:58.506249,2026-03-11 17:28:58.506249,2026-03-11 19:02:58.506249,2026-03-11 20:43:00.953751,2026-03-12 00:04:56.106161,2026-03-12 09:59:53.993296,2026-03-12 16:08:41.935997,2026-03-13 13:27:34.639739,2026-03-14 12:02:39.776995,Delivered,Closed,SHP023,Shipper 023,Enterprise,West Java,ST08_Bogor,HB01_JKT_GATEWAY,Outer Java,ST19_Denpasar,HB06_EASTERN_GATEWAY,Inter-Region,Regular,Prepaid,CR078,Van,1.16,1.07,1.16,842433,17220,15218,8,1,0,,58.0,72,1,0,,1,0,,0,,49.42,1.67,9.92,ST19_Denpasar,
SHPM003068,AWB260003068,2026-02-18 02:48:59.855368,2026-02-18 02:57:59.855368,2026-02-18 03:31:59.855368,2026-02-18 09:58:22.263896,2026-02-18 10:22:22.263896,2026-02-18 10:59:22.263896,2026-02-18 12:28:34.010615,2026-02-18 20:59:45.066217,2026-02-19 01:00:41.636931,2026-02-19 07:58:12.713032,2026-02-19 16:43:26.384703,2026-02-21 02:48:59.855368,Delivered,Closed,SHP011,Shipper 011,Enterprise,Jabodetabek,ST04_Bekasi,HB01_JKT_GATEWAY,Outer Java,ST15_Medan,HB05_SUMATRA_GATEWAY,Inter-Region,Regular,COD,CR039,Bike,1.84,2.6,2.6,2161536,27700,24658,8,1,0,,24.0,72,1,0,,1,0,,0,,37.91,1.49,4.02,ST15_Medan,
SHPM003069,AWB260003069,2026-03-30 18:43:31.896251,2026-03-30 19:02:31.896251,2026-03-30 19:42:31.896251,2026-03-30 20:14:08.707320,2026-03-30 21:01:08.707320,2026-03-30 22:57:08.707320,2026-03-31 01:40:42.831610,2026-03-31 09:45:02.773599,2026-03-31 17:03:17.076580,2026-03-31 23:39:26.963953,2026-04-01 01:47:34.085050,2026-04-01 06:43:31.896251,Delivered,Closed,SHP098,Shipper 098,Marketplace,Outer Java,ST17_Makassar,HB06_EASTERN_GATEWAY,East Java,ST14_Kediri,HB03_SBY_GATEWAY,Inter-Region,Next Day,COD,CR161,Bike,1.15,1.4,1.4,325152,30300,27158,4,1,0,,47.0,36,1,0,,1,0,,0,,31.07,2.73,7.3,ST14_Kediri,
SHPM003070,AWB260003070,2026-03-07 20:51:13.084396,2026-03-07 21:24:13.084396,2026-03-07 21:54:13.084396,2026-03-08 00:01:52.474567,2026-03-08 00:44:52.474567,2026-03-08 01:46:52.474567,2026-03-08 02:50:48.311947,2026-03-08 11:36:41.968916,2026-03-09 01:59:15.325414,2026-03-09 17:19:04.984306,2026-03-09 23:49:55.997118,2026-03-09 08:51:13.084396,Delivered,Closed,SHP031,Shipper 031,SME,East Java,ST13_Malang,HB03_SBY_GATEWAY,West Java,ST08_Bogor,HB01_JKT_GATEWAY,Inter-Region,Next Day,COD,CR120,Truck,1.81,2.27,2.27,753769,34215,24954,4,1,0,,43.0,36,0,0,,1,0,,0,,50.98,1.07,14.38,ST08_Bogor,Hub Bottleneck
SHPM003071,AWB260003071,2026-03-15 00:41:13.237529,2026-03-15 01:12:13.237529,2026-03-15 02:03:13.237529,2026-03-15 04:14:34.467067,2026-03-15 05:36:34.467067,2026-03-15 07:26:34.467067,2026-03-15 09:09:44.074561,2026-03-15 11:43:21.097617,2026-03-15 20:32:10.367192,2026-03-16 05:08:56.633494,2026-03-16 22:49:49.267599,2026-03-18 00:41:13.237529,Delivered,Closed,SHP035,Shipper 035,Enterprise,Jabodetabek,ST04_Bekasi,HB01_JKT_GATEWAY,West Java,ST08_Bogor,HB01_JKT_GATEWAY,Inter-Region,Regular,COD,CR034,Bike,0.46,0.62,0.62,365716,18790,17036,8,1,0,,82.0,72,1,0,,1,0,,0,,46.14,1.72,8.81,ST08_Bogor,
SHPM003072,AWB260003072,2026-02-21 10:16:40.390930,2026-02-21 10:40:40.390930,2026-02-21 11:07:40.390930,2026-02-21 14:48:13.560103,2026-02-21 15:48:13.560103,2026-02-21 17:40:13.560103,2026-02-21 22:59:33.166692,2026-02-22 03:02:31.850053,2026-02-22 20:41:36.082143,2026-02-23 03:52:47.554881,2026-02-23 12:54:13.014410,2026-02-24 10:16:40.390930,Delivered,Closed,SHP031,Shipper 031,SME,East Java,ST13_Malang,HB03_SBY_GATEWAY,Outer Java,ST17_Makassar,HB06_EASTERN_GATEWAY,Inter-Region,Regular,Prepaid,CR116,Bike,0.58,0.53,0.58,404003,14610,11406,8,1,0,,60.0,72,1,0,,1,0,,0,,50.63,5.32,17.65,ST17_Makassar,
SHPM003073,AWB260003073,2026-03-10 15:58:25.708746,2026-03-10 16:43:25.708746,2026-03-10 17:20:25.708746,2026-03-10 21:25:53.653805,2026-03-10 21:34:53.653805,2026-03-10 22:50:53.653805,2026-03-11 04:09:09.353441,2026-03-11 09:09:04.601516,2026-03-11 18:32:37.421997,2026-03-13 08:49:21.159344,,2026-03-13 15:58:25.708746,Delivery Exception,Exception,SHP089,Shipper 089,Enterprise,Central Java,ST09_Semarang,HB04_CTG_NATIONAL,Outer Java,ST15_Medan,HB05_SUMATRA_GATEWAY,Inter-Region,Regular,COD,CR083,Bike,1.07,1.52,1.52,592588,22840,20330,8,1,0,,9.0,72,0,1,Remote Area Delay,3,1,Invalid Address,0,,644.03,5.3,9.39,ST15_Medan,Delivery Exception
SHPM003074,AWB260003074,2026-02-23 08:45:20.166221,2026-02-23 09:08:20.166221,2026-02-23 09:27:20.166221,2026-02-23 11:30:49.739198,2026-02-23 11:59:49.739198,2026-02-23 13:36:49.739198,2026-02-23 18:14:44.905409,2026-02-23 21:02:24.011051,2026-02-24 07:01:18.161706,2026-02-24 15:03:22.451782,2026-02-24 23:06:50.004499,2026-02-24 20:45:20.166221,Delivered,Closed,SHP072,Shipper 072,Enterprise,Outer Java,ST18_Balikpapan,HB06_EASTERN_GATEWAY,Jabodetabek,ST03_JKT_East,HB01_JKT_GATEWAY,Inter-Region,Next Day,Prepaid,CR173,Bike,0.78,1.0,1.0,2059024,24500,22556,4,1,0,,29.0,36,0,0,,1,0,,0,,38.36,4.63,9.98,ST03_JKT_East,Last Mile Delay
SHPM003075,AWB260003075,2026-03-12 06:35:18.342420,2026-03-12 07:03:18.342420,2026-03-12 07:30:18.342420,,,,,,,,,2026-03-15 06:35:18.342420,Failed Pickup,Exception,SHP049,Shipper 049,Enterprise,Jabodetabek,ST05_Tangerang,HB01_JKT_GATEWAY,Central Java,ST10_Solo,HB04_CTG_NATIONAL,Inter-Region,Regular,Prepaid,CR053,Truck,0.51,0.8,0.8,406931,15600,12507,8,0,1,Capacity Full,,72,0,0,,0,0,,0,,605.41,,,ST05_Tangerang,
SHPM003076,AWB260003076,2026-03-06 01:21:54.861722,2026-03-06 01:34:54.861722,2026-03-06 02:07:54.861722,2026-03-06 02:43:55.678617,2026-03-06 02:58:55.678617,2026-03-06 04:05:55.678617,2026-03-06 06:20:27.658193,2026-03-06 10:10:29.106713,2026-03-06 17:55:43.133383,2026-03-07 06:54:21.479567,,2026-03-07 13:21:54.861722,Delivery Exception,Exception,SHP061,Shipper 061,Enterprise,Outer Java,ST17_Makassar,HB06_EASTERN_GATEWAY,West Java,ST08_Bogor,HB01_JKT_GATEWAY,Inter-Region,Next Day,COD,CR158,Bike,1.27,1.38,1.38,330378,30210,18025,4,1,0,,15.0,36,0,1,Customer Not Home,3,0,,0,,754.63,2.24,7.75,ST08_Bogor,Delivery Exception
SHPM003077,AWB260003077,2026-02-18 02:42:34.041397,2026-02-18 03:17:34.041397,2026-02-18 03:43:34.041397,2026-02-18 04:35:44.602331,2026-02-18 05:03:44.602331,2026-02-18 05:45:44.602331,2026-02-18 11:20:41.990216,2026-02-18 14:20:57.343037,2026-02-19 00:31:13.319124,2026-02-19 15:08:50.678969,2026-02-19 23:01:43.154291,2026-02-19 14:42:34.041397,Delivered,Closed,SHP091,Shipper 091,SME,Outer Java,ST16_Palembang,HB05_SUMATRA_GATEWAY,Jabodetabek,ST05_Tangerang,HB01_JKT_GATEWAY,Inter-Region,Next Day,COD,CR151,Bike,0.67,0.65,0.67,265957,27015,25074,4,1,0,,28.0,36,0,0,,1,0,,0,,44.32,5.58,10.17,ST05_Tangerang,Hub Bottleneck
SHPM003078,AWB260003078,2026-03-20 10:03:13.491120,2026-03-20 10:23:13.491120,2026-03-20 10:49:13.491120,2026-03-20 12:27:21.924664,2026-03-20 12:54:21.924664,2026-03-20 14:30:21.924664,2026-03-20 15:54:46.289166,2026-03-20 20:10:00.301769,2026-03-21 06:08:34.349045,2026-03-21 12:16:36.781475,2026-03-22 01:02:26.842596,2026-03-23 10:03:13.491120,Delivered,Closed,SHP084,Shipper 084,Enterprise,Central Java,ST11_Yogyakarta,HB04_CTG_NATIONAL,West Java,ST06_Bandung,HB01_JKT_GATEWAY,Inter-Region,Regular,Prepaid,CR101,Bike,1.95,3.03,3.03,170747,25635,18860,8,1,0,,27.0,72,1,0,,1,0,,0,,38.99,1.41,9.98,ST06_Bandung,
SHPM003079,AWB260003079,2026-02-23 15:02:56.720925,2026-02-23 15:34:56.720925,2026-02-23 16:26:56.720925,,,,,,,,,2026-02-26 15:02:56.720925,Failed Pickup,Exception,SHP044,Shipper 044,Marketplace,Jabodetabek,ST05_Tangerang,HB01_JKT_GATEWAY,Central Java,ST09_Semarang,HB04_CTG_NATIONAL,Inter-Region,Regular,COD,CR049,Truck,0.8,0.79,0.8,1276410,19600,15194,8,0,1,Shipper Not Ready,,72,0,0,,0,0,,0,,1004.95,,,ST05_Tangerang,
SHPM003080,AWB260003080,2026-02-21 19:45:25.610807,2026-02-21 20:04:25.610807,2026-02-21 20:35:25.610807,2026-02-21 22:03:21.354185,2026-02-21 22:34:21.354185,2026-02-21 23:04:21.354185,2026-02-22 03:52:27.251981,2026-02-22 11:18:54.282455,2026-02-22 13:54:57.137889,2026-02-23 04:37:00.254726,2026-02-23 12:30:06.186901,2026-02-23 07:45:25.610807,Delivered,Closed,SHP039,Shipper 039,Marketplace,Central Java,ST10_Solo,HB04_CTG_NATIONAL,West Java,ST07_Cirebon,HB02_BDG_TRANSIT,Inter-Region,Next Day,COD,CR095,Bike,2.27,2.21,2.27,1281910,34215,28853,4,1,0,,31.0,36,0,0,,1,0,,0,,40.74,4.8,2.6,ST07_Cirebon,Last Mile Delay
SHPM003081,AWB260003081,2026-03-22 23:16:55.161295,2026-03-22 23:57:55.161295,2026-03-23 00:23:55.161295,2026-03-23 07:51:00.714079,2026-03-23 08:11:00.714079,2026-03-23 08:54:00.714079,2026-03-23 13:51:45.405830,2026-03-23 21:00:34.666922,2026-03-24 00:33:26.938944,2026-03-24 15:50:39.545615,2026-03-24 23:36:44.528566,2026-03-25 23:16:55.161295,Delivered,Closed,SHP030,Shipper 030,Enterprise,Jabodetabek,ST05_Tangerang,HB01_JKT_GATEWAY,Outer Java,ST16_Palembang,HB05_SUMATRA_GATEWAY,Inter-Region,Regular,Prepaid,CR053,Bike,0.76,0.69,0.76,762476,15420,13643,8,1,0,,20.0,72,1,0,,1,0,,0,,48.33,4.96,3.55,ST16_Palembang,
SHPM003082,AWB260003082,2026-02-20 05:56:45.298046,2026-02-20 06:20:45.298046,2026-02-20 06:31:45.298046,2026-02-20 13:37:29.453033,2026-02-20 13:55:29.453033,2026-02-20 15:15:29.453033,2026-02-20 18:02:30.880453,2026-02-20 22:03:52.736355,2026-02-21 08:07:40.553675,2026-02-21 15:43:08.852944,2026-02-22 00:38:41.110095,2026-02-23 05:56:45.298046,Delivered,Closed,SHP084,Shipper 084,Enterprise,Central Java,ST11_Yogyakarta,HB04_CTG_NATIONAL,East Java,ST14_Kediri,HB03_SBY_GATEWAY,Inter-Region,Regular,Prepaid,CR101,Bike,1.07,0.97,1.07,1589047,16815,14495,8,1,0,,18.0,72,1,0,,1,0,,0,,42.7,2.78,10.06,ST14_Kediri,
SHPM003083,AWB260003083,2026-03-04 23:49:04.620213,2026-03-05 00:08:04.620213,2026-03-05 00:52:04.620213,2026-03-05 01:58:22.917289,2026-03-05 02:55:22.917289,2026-03-05 04:45:22.917289,2026-03-05 10:10:44.936087,2026-03-05 17:31:40.805204,2026-03-05 23:10:17.539969,2026-03-06 06:43:10.556521,2026-03-06 09:55:41.968730,2026-03-06 11:49:04.620213,Delivered,Closed,SHP037,Shipper 037,Marketplace,Central Java,ST10_Solo,HB04_CTG_NATIONAL,West Java,ST06_Bandung,HB01_JKT_GATEWAY,Inter-Region,Next Day,Prepaid,CR094,Truck,1.86,2.32,2.32,346186,30440,24172,4,1,0,,57.0,36,1,0,,1,0,,0,,34.11,5.42,5.64,ST06_Bandung,
SHPM003084,AWB260003084,2026-02-28 11:06:18.224255,2026-02-28 11:22:18.224255,2026-02-28 11:57:18.224255,2026-02-28 13:44:55.792847,2026-02-28 15:33:55.792847,2026-02-28 16:57:55.792847,2026-02-28 21:39:08.030416,2026-03-01 00:10:29.423333,2026-03-01 10:07:41.432377,2026-03-02 01:00:30.660906,2026-03-02 05:52:20.918364,2026-03-01 23:06:18.224255,Delivered,Closed,SHP060,Shipper 060,Enterprise,East Java,ST12_Surabaya,HB03_SBY_GATEWAY,Jabodetabek,ST01_JKT_Central,HB01_JKT_GATEWAY,Inter-Region,Next Day,Prepaid,CR113,Bike,1.4,1.44,1.44,2074095,26480,15263,4,1,0,,109.0,36,0,0,,1,0,,0,,42.77,4.69,9.95,ST01_JKT_Central,Last Mile Delay
SHPM003085,AWB260003085,2026-02-21 08:16:01.577699,2026-02-21 08:28:01.577699,2026-02-21 08:46:01.577699,2026-02-21 17:26:24.189835,2026-02-21 18:08:24.189835,2026-02-21 19:52:24.189835,2026-02-22 00:00:07.489823,2026-02-22 04:20:43.059547,2026-02-22 06:23:23.292623,2026-02-22 23:40:15.272126,2026-02-23 15:57:39.803677,2026-02-24 08:16:01.577699,Delivered,Closed,SHP026,Shipper 026,Marketplace,Outer Java,ST18_Balikpapan,HB06_EASTERN_GATEWAY,Jabodetabek,ST03_JKT_East,HB01_JKT_GATEWAY,Inter-Region,Regular,COD,CR163,Van,0.23,0.36,0.36,1353245,17620,15043,8,0,0,,42.0,72,1,0,,1,0,,0,,55.69,4.13,2.04,ST03_JKT_East,
SHPM003086,AWB260003086,2026-03-21 23:52:37.498233,2026-03-22 00:05:37.498233,2026-03-22 00:48:37.498233,2026-03-22 02:42:57.528732,2026-03-22 03:28:57.528732,2026-03-22 04:50:57.528732,2026-03-22 09:43:57.548256,2026-03-22 17:24:04.918252,2026-03-22 19:21:47.632665,2026-03-23 08:27:47.021429,2026-03-23 18:18:03.853148,2026-03-23 11:52:37.498233,Delivered,Closed,SHP054,Shipper 054,Marketplace,West Java,ST06_Bandung,HB01_JKT_GATEWAY,East Java,ST13_Malang,HB03_SBY_GATEWAY,Inter-Region,Next Day,Prepaid,CR057,Truck,0.65,0.74,0.74,449643,23330,14180,4,1,0,,46.0,36,0,0,,1,0,,0,,42.42,4.88,1.96,ST13_Malang,Last Mile Delay
SHPM003087,AWB260003087,2026-02-21 15:24:56.428363,2026-02-21 15:46:56.428363,2026-02-21 16:04:56.428363,2026-02-21 21:23:52.489758,2026-02-21 21:53:52.489758,2026-02-21 22:59:52.489758,2026-02-22 02:54:05.188016,2026-02-22 07:58:43.837608,2026-02-22 13:57:20.155718,2026-02-23 06:16:58.744339,,2026-02-24 15:24:56.428363,Delivery Exception,Exception,SHP058,Shipper 058,Enterprise,Jabodetabek,ST01_JKT_Central,HB01_JKT_GATEWAY,Outer Java,ST16_Palembang,HB05_SUMATRA_GATEWAY,Inter-Region,Regular,Prepaid,CR008,Bike,1.37,1.49,1.49,450689,18705,13223,8,1,0,,30.0,72,0,1,Cash Issue,2,0,,0,,1052.58,3.9,5.98,ST16_Palembang,Delivery Exception
SHPM003088,AWB260003088,2026-03-15 02:11:04.247194,2026-03-15 02:33:04.247194,2026-03-15 03:14:04.247194,2026-03-15 05:10:44.578137,2026-03-15 05:18:44.578137,2026-03-15 07:18:44.578137,2026-03-15 10:30:30.708999,2026-03-15 15:53:14.792799,2026-03-15 18:43:45.837041,2026-03-16 05:27:57.603815,2026-03-16 16:41:27.433392,2026-03-16 14:11:04.247194,Delivered,Closed,SHP001,Shipper 001,Marketplace,Jabodetabek,ST03_JKT_East,HB01_JKT_GATEWAY,Outer Java,ST16_Palembang,HB05_SUMATRA_GATEWAY,Inter-Region,Next Day,Prepaid,CR027,Bike,0.7,0.72,0.72,540567,23240,14788,4,1,0,,8.0,36,0,0,,1,0,,0,,38.51,3.2,2.84,ST16_Palembang,Remote Area
SHPM003089,AWB260003089,2026-03-08 16:19:03.951036,2026-03-08 17:02:03.951036,2026-03-08 17:40:03.951036,2026-03-08 21:40:37.698717,2026-03-08 22:12:37.698717,2026-03-08 22:44:37.698717,2026-03-09 02:11:52.359957,2026-03-09 06:58:41.881831,2026-03-09 09:05:49.318971,2026-03-09 17:13:25.367877,2026-03-10 02:07:35.439215,2026-03-09 16:19:03.951036,Delivered,Closed,SHP027,Shipper 027,SME,Jabodetabek,ST05_Tangerang,HB01_JKT_GATEWAY,Jabodetabek,ST04_Bekasi,HB01_JKT_GATEWAY,Intra-Region,Next Day,Prepaid,CR049,Bike,2.08,2.13,2.13,865191,29585,24575,4,0,0,,32.0,24,0,0,,1,0,,0,,33.81,3.45,2.12,ST04_Bekasi,First Mile Delay
SHPM003090,AWB260003090,2026-02-19 02:33:07.398092,2026-02-19 03:13:07.398092,2026-02-19 03:39:07.398092,2026-02-19 04:58:55.405294,2026-02-19 05:32:55.405294,2026-02-19 06:03:55.405294,2026-02-19 09:41:54.591503,2026-02-19 17:24:19.542061,2026-02-19 20:39:40.401516,2026-02-20 04:49:55.334137,2026-02-20 15:14:46.796891,2026-02-20 14:33:07.398092,Delivered,Closed,SHP094,Shipper 094,SME,Outer Java,ST15_Medan,HB05_SUMATRA_GATEWAY,Jabodetabek,ST01_JKT_Central,HB01_JKT_GATEWAY,Inter-Region,Next Day,Prepaid,CR141,Bike,3.35,4.93,4.93,1416946,42185,28687,4,1,0,,34.0,36,0,0,,1,0,,0,,36.69,3.63,3.26,ST01_JKT_Central,Last Mile Delay
SHPM003091,AWB260003091,2026-03-29 19:35:03.831492,2026-03-29 20:00:03.831492,2026-03-29 20:28:03.831492,2026-03-30 03:26:35.972759,2026-03-30 04:17:35.972759,2026-03-30 04:53:35.972759,2026-03-30 07:12:53.609753,2026-03-30 11:38:24.600652,2026-03-30 23:19:32.869413,2026-03-31 06:23:20.215580,2026-03-31 19:08:05.400831,2026-04-01 19:35:03.831492,Delivered,Closed,SHP048,Shipper 048,Enterprise,Outer Java,ST18_Balikpapan,HB06_EASTERN_GATEWAY,West Java,ST08_Bogor,HB01_JKT_GATEWAY,Inter-Region,Regular,Prepaid,CR163,Bike,0.46,0.44,0.46,367354,14070,13257,8,1,0,,51.0,72,1,0,,1,0,,0,,47.55,2.32,11.69,ST08_Bogor,
SHPM003092,AWB260003092,2026-03-13 20:28:11.678249,2026-03-13 21:04:11.678249,2026-03-13 21:21:11.678249,2026-03-14 02:38:44.538532,2026-03-14 03:52:44.538532,2026-03-14 04:17:44.538532,2026-03-14 12:12:24.275416,2026-03-14 18:58:52.052086,2026-03-15 05:57:46.395024,2026-03-15 17:40:20.349309,2026-03-16 05:59:31.304160,2026-03-15 08:28:11.678249,Delivered,Closed,SHP060,Shipper 060,Enterprise,East Java,ST12_Surabaya,HB03_SBY_GATEWAY,Outer Java,ST20_Banjarmasin,HB06_EASTERN_GATEWAY,Inter-Region,Next Day,Prepaid,CR111,Bike,0.57,0.62,0.62,1470047,22790,14994,4,0,0,,74.0,36,0,0,,1,0,,0,,57.52,7.91,10.98,ST20_Banjarmasin,First Mile Delay
SHPM003093,AWB260003093,2026-03-19 00:47:13.041559,2026-03-19 01:26:13.041559,2026-03-19 01:47:13.041559,2026-03-19 05:29:00.283219,2026-03-19 06:12:00.283219,2026-03-19 08:03:00.283219,2026-03-19 10:40:36.953053,2026-03-19 16:29:57.546086,2026-03-20 01:49:33.628156,2026-03-20 15:41:03.076722,2026-03-20 23:56:22.429367,2026-03-22 00:47:13.041559,Delivered,Closed,SHP002,Shipper 002,Enterprise,Jabodetabek,ST05_Tangerang,HB01_JKT_GATEWAY,Outer Java,ST15_Medan,HB05_SUMATRA_GATEWAY,Inter-Region,Regular,Prepaid,CR045,Bike,1.08,1.01,1.08,2274234,16860,12092,8,1,0,,43.0,72,1,0,,1,0,,0,,47.15,2.63,9.33,ST15_Medan,
SHPM003094,AWB260003094,2026-02-28 01:54:59.056380,2026-02-28 02:01:59.056380,2026-02-28 02:41:59.056380,2026-02-28 06:07:44.591339,2026-02-28 06:28:44.591339,2026-02-28 07:24:44.591339,2026-02-28 10:19:36.584091,2026-02-28 20:04:09.066596,2026-03-01 06:08:26.660281,2026-03-01 12:21:02.731201,2026-03-01 17:13:16.375843,2026-03-01 13:54:59.056380,Delivered,Closed,SHP047,Shipper 047,Marketplace,Central Java,ST10_Solo,HB04_CTG_NATIONAL,West Java,ST07_Cirebon,HB02_BDG_TRANSIT,Inter-Region,Next Day,Prepaid,CR092,Bike,2.58,3.13,3.13,2425434,34085,20109,4,0,0,,21.0,36,0,0,,1,0,,0,,39.3,2.91,10.07,ST07_Cirebon,First Mile Delay
SHPM003095,AWB260003095,2026-03-04 20:11:26.620880,2026-03-04 20:53:26.620880,2026-03-04 21:27:26.620880,,,,,,,,,2026-03-05 12:11:26.620880,Failed Pickup,Exception,SHP087,Shipper 087,Enterprise,Jabodetabek,ST02_JKT_West,HB01_JKT_GATEWAY,West Java,ST07_Cirebon,HB02_BDG_TRANSIT,Inter-Region,Same Day,Prepaid,CR016,Bike,0.76,0.78,0.78,1377718,30510,17609,2,0,1,Shipper Not Ready,,16,0,0,,0,0,,0,,783.81,,,ST02_JKT_West,
SHPM003096,AWB260003096,2026-03-26 16:01:02.270658,2026-03-26 16:07:02.270658,2026-03-26 16:58:02.270658,2026-03-26 20:30:50.785150,2026-03-26 21:45:50.785150,2026-03-26 22:45:50.785150,2026-03-27 00:50:15.502323,2026-03-27 05:19:06.466160,2026-03-27 11:16:57.804781,2026-03-28 00:45:30.044453,2026-03-28 17:37:42.830859,2026-03-29 16:01:02.270658,Delivered,Closed,SHP008,Shipper 008,SME,Outer Java,ST16_Palembang,HB05_SUMATRA_GATEWAY,Jabodetabek,ST03_JKT_East,HB01_JKT_GATEWAY,Inter-Region,Regular,Prepaid,CR153,Truck,3.4,3.59,3.59,1097359,28155,24648,8,1,0,,75.0,72,1,0,,1,0,,0,,49.61,2.07,5.96,ST03_JKT_East,
SHPM003097,AWB260003097,2026-03-20 18:11:34.210762,2026-03-20 18:25:34.210762,2026-03-20 18:55:34.210762,,,,,,,,,2026-03-22 06:11:34.210762,Failed Pickup,Exception,SHP041,Shipper 041,SME,West Java,ST08_Bogor,HB01_JKT_GATEWAY,East Java,ST13_Malang,HB03_SBY_GATEWAY,Inter-Region,Next Day,Prepaid,CR078,Truck,6.08,6.61,6.61,1172494,49745,32020,4,0,1,Address Not Found,,36,0,0,,0,0,,0,,401.81,,,ST08_Bogor,
SHPM003098,AWB260003098,2026-02-26 11:20:34.318668,2026-02-26 11:31:34.318668,2026-02-26 12:05:34.318668,2026-02-26 14:32:50.395897,2026-02-26 15:13:50.395897,2026-02-26 16:19:50.395897,2026-02-26 17:27:16.406674,2026-02-26 22:11:25.122806,2026-02-27 15:51:35.617086,2026-02-27 23:45:04.636137,2026-02-28 05:26:38.165151,2026-02-27 23:20:34.318668,Delivered,Closed,SHP020,Shipper 020,SME,East Java,ST14_Kediri,HB03_SBY_GATEWAY,Outer Java,ST16_Palembang,HB05_SUMATRA_GATEWAY,Inter-Region,Next Day,Prepaid,CR131,Van,1.4,1.41,1.41,628310,26345,24472,4,1,0,,41.0,36,0,0,,1,0,,0,,42.1,1.12,17.67,ST16_Palembang,Hub Bottleneck
SHPM003099,AWB260003099,2026-03-30 12:30:42.989797,2026-03-30 12:50:42.989797,2026-03-30 13:12:42.989797,2026-03-30 17:25:53.839304,2026-03-30 18:08:53.839304,2026-03-30 19:15:53.839304,2026-03-30 21:44:26.955373,2026-03-31 04:48:42.463938,2026-03-31 09:28:34.484703,2026-03-31 20:34:31.232493,2026-04-01 07:13:22.218659,2026-04-01 00:30:42.989797,Delivered,Closed,SHP075,Shipper 075,Marketplace,Outer Java,ST16_Palembang,HB05_SUMATRA_GATEWAY,Central Java,ST11_Yogyakarta,HB04_CTG_NATIONAL,Inter-Region,Next Day,Prepaid,CR147,Bike,2.91,3.24,3.24,1903338,34580,28012,4,0,0,,43.0,36,0,0,,1,0,,0,,42.71,2.48,4.66,ST11_Yogyakarta,First Mile Delay
SHPM003100,AWB260003100,2026-03-13 04:50:32.883039,2026-03-13 05:29:32.883039,2026-03-13 05:38:32.883039,2026-03-13 08:40:05.473117,2026-03-13 09:53:05.473117,2026-03-13 10:26:05.473117,2026-03-13 12:26:25.682730,2026-03-13 20:58:56.472725,2026-03-14 07:07:07.955625,2026-03-14 17:33:25.459597,,2026-03-16 04:50:32.883039,Delivery Exception,Exception,SHP034,Shipper 034,Enterprise,Jabodetabek,ST01_JKT_Central,HB01_JKT_GATEWAY,East Java,ST12_Surabaya,HB03_SBY_GATEWAY,Inter-Region,Regular,Prepaid,CR008,Bike,1.89,1.79,1.89,157228,20505,12295,8,1,0,,73.0,72,0,1,Customer Reschedule,1,0,,0,,583.16,2.01,10.14,ST12_Surabaya,Hub Bottleneck
SHPM003101,AWB260003101,2026-03-15 21:08:56.573194,2026-03-15 21:41:56.573194,2026-03-15 21:56:56.573194,2026-03-16 00:44:08.711283,2026-03-16 01:33:08.711283,2026-03-16 03:11:08.711283,2026-03-16 05:41:43.462490,2026-03-16 07:57:42.704201,2026-03-16 16:11:16.079172,2026-03-17 05:31:55.984809,2026-03-17 12:16:15.893808,2026-03-17 09:08:56.573194,Delivered,Closed,SHP034,Shipper 034,Enterprise,Jabodetabek,ST02_JKT_West,HB01_JKT_GATEWAY,Outer Java,ST15_Medan,HB05_SUMATRA_GATEWAY,Inter-Region,Next Day,Prepaid,CR013,Van,3.57,3.25,3.57,2057822,36065,31434,4,1,0,,49.0,36,0,0,,1,0,,0,,39.12,2.51,8.23,ST15_Medan,Remote Area
SHPM003102,AWB260003102,2026-03-05 02:53:08.101752,2026-03-05 03:29:08.101752,2026-03-05 03:49:08.101752,,,,,,,,,2026-03-05 18:53:08.101752,Failed Pickup,Exception,SHP063,Shipper 063,Enterprise,Jabodetabek,ST05_Tangerang,HB01_JKT_GATEWAY,Outer Java,ST16_Palembang,HB05_SUMATRA_GATEWAY,Inter-Region,Same Day,Prepaid,CR048,Truck,3.73,3.5,3.73,187153,43785,33173,2,0,1,Address Not Found,,16,0,0,,0,0,,0,,777.11,,,ST05_Tangerang,
SHPM003103,AWB260003103,2026-03-18 17:54:16.404150,2026-03-18 18:29:16.404150,2026-03-18 18:40:16.404150,2026-03-18 21:03:58.775106,2026-03-18 22:31:58.775106,2026-03-19 00:04:58.775106,2026-03-19 02:59:07.896873,2026-03-19 09:43:57.804020,2026-03-19 14:05:19.861837,2026-03-20 05:32:46.142468,2026-03-20 19:52:12.569776,2026-03-21 17:54:16.404150,Delivered,Closed,SHP023,Shipper 023,Enterprise,West Java,ST08_Bogor,HB01_JKT_GATEWAY,East Java,ST14_Kediri,HB03_SBY_GATEWAY,Inter-Region,Regular,Prepaid,CR081,Truck,1.08,1.83,1.83,1002750,20235,16369,8,1,0,,88.0,72,1,0,,1,0,,0,,49.97,2.9,4.36,ST14_Kediri,
SHPM003104,AWB260003104,2026-02-28 04:35:40.713816,2026-02-28 04:57:40.713816,2026-02-28 05:24:40.713816,2026-02-28 06:08:06.754876,2026-02-28 07:11:06.754876,2026-02-28 07:40:06.754876,2026-02-28 13:11:11.795983,2026-02-28 18:40:09.161732,2026-03-01 05:31:45.656850,2026-03-01 20:29:29.297225,2026-03-02 03:35:10.864825,2026-03-01 16:35:40.713816,Delivered,Closed,SHP024,Shipper 024,Marketplace,Jabodetabek,ST02_JKT_West,HB01_JKT_GATEWAY,East Java,ST14_Kediri,HB03_SBY_GATEWAY,Inter-Region,Next Day,COD,CR012,Bike,1.4,1.51,1.51,1319738,30795,25647,4,1,0,,63.0,36,0,0,,1,0,,0,,46.99,5.52,10.86,ST14_Kediri,Hub Bottleneck
SHPM003105,AWB260003105,2026-03-11 06:52:28.313909,2026-03-11 07:10:28.313909,2026-03-11 08:01:28.313909,2026-03-11 11:44:59.535454,2026-03-11 12:21:59.535454,2026-03-11 12:42:59.535454,2026-03-11 18:18:02.102762,2026-03-11 21:15:46.782769,2026-03-12 03:50:11.499798,2026-03-12 09:02:19.016271,2026-03-12 12:54:37.112979,2026-03-12 18:52:28.313909,Delivered,Closed,SHP021,Shipper 021,Marketplace,East Java,ST14_Kediri,HB03_SBY_GATEWAY,Jabodetabek,ST05_Tangerang,HB01_JKT_GATEWAY,Inter-Region,Next Day,Prepaid,CR128,Bike,0.68,0.64,0.68,776881,23060,18793,4,0,0,,37.0,36,1,0,,1,0,,0,,30.04,5.58,6.57,ST05_Tangerang,
SHPM003106,AWB260003106,2026-03-13 12:52:59.345301,2026-03-13 13:19:59.345301,2026-03-13 13:56:59.345301,2026-03-14 03:34:45.955981,2026-03-14 04:26:45.955981,2026-03-14 05:29:45.955981,2026-03-14 13:27:50.579770,2026-03-14 21:30:39.980353,2026-03-15 05:06:59.827944,2026-03-15 16:01:20.215233,2026-03-16 01:48:59.625184,2026-03-16 12:52:59.345301,Delivered,Closed,SHP019,Shipper 019,Marketplace,West Java,ST07_Cirebon,HB02_BDG_TRANSIT,Jabodetabek,ST03_JKT_East,HB01_JKT_GATEWAY,Inter-Region,Regular,Prepaid,CR064,Bike,1.46,1.56,1.56,1353087,19020,15697,8,0,0,,52.0,72,1,0,,1,0,,0,,60.93,7.97,7.61,ST03_JKT_East,
SHPM003107,AWB260003107,2026-02-26 09:28:21.110547,2026-02-26 10:09:21.110547,2026-02-26 10:22:21.110547,2026-02-26 14:03:43.967926,2026-02-26 14:36:43.967926,2026-02-26 14:56:43.967926,2026-02-26 18:13:10.674564,2026-02-26 22:42:16.277674,2026-02-27 02:11:37.703145,2026-02-27 18:07:36.565888,2026-02-28 03:30:39.143120,2026-02-27 21:28:21.110547,Delivered,Closed,SHP096,Shipper 096,Marketplace,Jabodetabek,ST02_JKT_West,HB01_JKT_GATEWAY,West Java,ST07_Cirebon,HB02_BDG_TRANSIT,Inter-Region,Next Day,Prepaid,CR014,Truck,0.82,0.76,0.82,827309,23690,17301,4,1,0,,33.0,36,0,0,,1,0,,0,,42.04,3.27,3.49,ST07_Cirebon,Last Mile Delay
SHPM003108,AWB260003108,2026-03-08 16:29:42.437277,2026-03-08 16:53:42.437277,2026-03-08 17:05:42.437277,2026-03-08 18:05:57.233050,2026-03-08 18:23:57.233050,2026-03-08 18:55:57.233050,2026-03-08 23:34:07.091537,2026-03-09 05:28:47.071538,2026-03-09 14:21:05.251789,2026-03-09 23:31:35.794022,2026-03-10 08:12:19.216164,2026-03-10 04:29:42.437277,Delivered,Closed,SHP080,Shipper 080,SME,Outer Java,ST16_Palembang,HB05_SUMATRA_GATEWAY,West Java,ST08_Bogor,HB01_JKT_GATEWAY,Inter-Region,Next Day,Prepaid,CR151,Bike,1.16,1.23,1.23,1073480,25535,18837,4,1,0,,18.0,36,0,0,,1,0,,0,,39.71,4.64,8.87,ST08_Bogor,Last Mile Delay
SHPM003109,AWB260003109,2026-02-20 14:23:18.663781,2026-02-20 15:00:18.663781,2026-02-20 15:25:18.663781,2026-02-20 21:37:36.051636,2026-02-20 21:47:36.051636,2026-02-20 23:27:36.051636,2026-02-21 04:28:17.441718,2026-02-21 13:15:49.865530,2026-02-21 18:31:49.676154,2026-02-22 09:16:40.470951,2026-02-23 01:22:30.859044,2026-02-23 14:23:18.663781,Delivered,Closed,SHP017,Shipper 017,Marketplace,Outer Java,ST16_Palembang,HB05_SUMATRA_GATEWAY,Jabodetabek,ST01_JKT_Central,HB01_JKT_GATEWAY,Inter-Region,Regular,Prepaid,CR152,Van,2.25,2.06,2.25,895884,22125,20090,8,1,0,,10.0,72,1,0,,1,0,,0,,58.99,5.01,5.27,ST01_JKT_Central,
SHPM003110,AWB260003110,2026-02-15 17:59:02.147905,2026-02-15 18:41:02.147905,2026-02-15 19:07:02.147905,2026-02-15 21:54:36.610070,2026-02-15 22:37:36.610070,2026-02-15 22:54:36.610070,2026-02-16 04:50:02.414053,2026-02-16 09:40:58.348653,2026-02-16 17:16:37.395977,2026-02-17 04:12:25.341166,2026-02-17 11:33:06.347713,2026-02-18 17:59:02.147905,Delivered,Closed,SHP098,Shipper 098,Marketplace,Outer Java,ST15_Medan,HB05_SUMATRA_GATEWAY,Jabodetabek,ST02_JKT_West,HB01_JKT_GATEWAY,Inter-Region,Regular,COD,CR138,Van,1.88,1.81,1.88,2453478,24460,21026,8,1,0,,43.0,72,1,0,,1,0,,0,,41.57,5.92,7.59,ST02_JKT_West,
SHPM003111,AWB260003111,2026-02-19 15:37:52.343076,2026-02-19 15:58:52.343076,2026-02-19 16:26:52.343076,2026-02-19 20:21:58.254810,2026-02-19 21:17:58.254810,2026-02-19 22:01:58.254810,2026-02-20 03:32:02.404507,2026-02-20 05:44:07.745675,2026-02-20 14:27:39.945116,2026-02-21 05:46:29.503051,2026-02-21 13:47:45.722829,2026-02-21 03:37:52.343076,Delivered,Closed,SHP062,Shipper 062,Enterprise,Jabodetabek,ST01_JKT_Central,HB01_JKT_GATEWAY,West Java,ST07_Cirebon,HB02_BDG_TRANSIT,Inter-Region,Next Day,Prepaid,CR008,Bike,3.47,3.61,3.61,666106,36245,24411,4,0,0,,56.0,36,0,0,,1,0,,0,,46.16,5.5,8.73,ST07_Cirebon,First Mile Delay
SHPM003112,AWB260003112,2026-03-29 15:31:46.174201,2026-03-29 16:10:46.174201,2026-03-29 16:48:46.174201,2026-03-29 19:26:55.529082,2026-03-29 20:25:55.529082,2026-03-29 21:39:55.529082,2026-03-29 23:12:28.494083,2026-03-30 03:18:16.846048,2026-03-30 11:13:35.030315,2026-03-31 03:41:47.217313,2026-03-31 15:34:47.345001,2026-04-01 15:31:46.174201,Delivered,Closed,SHP061,Shipper 061,Enterprise,Outer Java,ST17_Makassar,HB06_EASTERN_GATEWAY,Jabodetabek,ST05_Tangerang,HB01_JKT_GATEWAY,Inter-Region,Regular,Prepaid,CR161,Van,0.29,0.47,0.47,1766900,14115,8832,8,1,0,,59.0,72,1,0,,1,0,,0,,48.05,1.54,7.92,ST05_Tangerang,
SHPM003113,AWB260003113,2026-02-26 08:23:35.458426,2026-02-26 08:28:35.458426,2026-02-26 09:11:35.458426,2026-02-26 09:39:35.631454,2026-02-26 10:46:35.631454,2026-02-26 12:17:35.631454,2026-02-26 16:06:52.397607,2026-02-26 22:27:51.859235,2026-02-27 17:06:33.971598,2026-02-28 05:47:04.241117,,2026-02-27 20:23:35.458426,Return To Sender,RTS,SHP090,Shipper 090,Enterprise,East Java,ST13_Malang,HB03_SBY_GATEWAY,Central Java,ST11_Yogyakarta,HB04_CTG_NATIONAL,Inter-Region,Next Day,COD,CR116,Bike,0.78,0.83,0.83,1371726,27735,20364,4,1,0,,67.0,36,0,1,Invalid Address,1,0,,1,Invalid Address,939.61,3.82,18.65,ST11_Yogyakarta,Hub Bottleneck
SHPM003114,AWB260003114,2026-03-13 17:30:15.660027,2026-03-13 17:49:15.660027,2026-03-13 18:06:15.660027,2026-03-13 20:01:25.288262,2026-03-13 20:41:25.288262,2026-03-13 21:21:25.288262,2026-03-14 00:05:12.244448,2026-03-14 03:47:05.158212,2026-03-14 10:19:18.053835,2026-03-14 16:17:07.633272,2026-03-15 04:23:12.711207,2026-03-16 17:30:15.660027,Delivered,Closed,SHP023,Shipper 023,Enterprise,West Java,ST08_Bogor,HB01_JKT_GATEWAY,Jabodetabek,ST05_Tangerang,HB01_JKT_GATEWAY,Inter-Region,Regular,COD,CR080,Van,1.39,1.44,1.44,1635559,22480,12514,8,1,0,,40.0,72,1,0,,1,0,,0,,34.88,2.73,6.54,ST05_Tangerang,
SHPM003115,AWB260003115,2026-02-24 22:16:55.823447,2026-02-24 22:37:55.823447,2026-02-24 23:14:55.823447,2026-02-25 02:42:27.669988,2026-02-25 02:50:27.669988,2026-02-25 04:17:27.669988,2026-02-25 08:17:27.528705,2026-02-25 11:03:52.480864,2026-02-25 16:10:25.848473,2026-02-26 01:39:38.312809,2026-02-26 06:18:26.175307,2026-02-26 10:16:55.823447,Delivered,Closed,SHP074,Shipper 074,Enterprise,Outer Java,ST15_Medan,HB05_SUMATRA_GATEWAY,East Java,ST13_Malang,HB03_SBY_GATEWAY,Inter-Region,Next Day,Prepaid,CR139,Truck,0.82,1.38,1.38,84760,26210,16197,4,0,0,,8.0,36,1,0,,1,0,,0,,32.03,4.0,5.11,ST13_Malang,
SHPM003116,AWB260003116,2026-02-20 17:05:10.709816,2026-02-20 17:28:10.709816,2026-02-20 18:03:10.709816,,,,,,,,,2026-02-22 05:05:10.709816,Failed Pickup,Exception,SHP060,Shipper 060,Enterprise,East Java,ST12_Surabaya,HB03_SBY_GATEWAY,West Java,ST07_Cirebon,HB02_BDG_TRANSIT,Inter-Region,Next Day,Prepaid,CR108,Bike,1.34,1.42,1.42,1819076,26390,19486,4,0,1,Shipper Not Ready,,36,0,0,,0,0,,0,,1074.91,,,ST12_Surabaya,
SHPM003117,AWB260003117,2026-02-28 14:31:33.513923,2026-02-28 14:59:33.513923,2026-02-28 15:24:33.513923,2026-02-28 19:34:36.170316,2026-02-28 20:29:36.170316,2026-02-28 21:10:36.170316,2026-03-01 00:26:20.625596,2026-03-01 03:09:34.583112,2026-03-01 06:44:31.328867,2026-03-01 13:27:13.111735,2026-03-01 16:10:30.120693,2026-03-02 02:31:33.513923,Delivered,Closed,SHP070,Shipper 070,Enterprise,Jabodetabek,ST04_Bekasi,HB01_JKT_GATEWAY,West Java,ST07_Cirebon,HB02_BDG_TRANSIT,Inter-Region,Next Day,Prepaid,CR031,Bike,0.67,0.62,0.67,1563589,23015,14518,4,0,0,,55.0,36,1,0,,1,0,,0,,25.65,3.26,3.58,ST07_Cirebon,
SHPM003118,AWB260003118,2026-03-11 19:19:54.016910,2026-03-11 19:32:54.016910,2026-03-11 19:50:54.016910,2026-03-11 23:40:00.311515,2026-03-11 23:48:00.311515,2026-03-12 00:11:00.311515,2026-03-12 04:29:56.341332,2026-03-12 11:41:28.750178,2026-03-12 23:21:46.238680,2026-03-13 06:46:19.325024,2026-03-13 14:03:36.035958,2026-03-13 07:19:54.016910,Delivered,Closed,SHP075,Shipper 075,Marketplace,Outer Java,ST17_Makassar,HB06_EASTERN_GATEWAY,East Java,ST13_Malang,HB03_SBY_GATEWAY,Inter-Region,Next Day,Prepaid,CR161,Bike,0.82,1.36,1.36,1132078,26120,15317,4,0,0,,8.0,36,0,0,,1,0,,0,,42.73,4.32,11.67,ST13_Malang,First Mile Delay
SHPM003119,AWB260003119,2026-03-20 21:38:47.149647,2026-03-20 21:51:47.149647,2026-03-20 22:51:47.149647,2026-03-21 01:01:17.252219,2026-03-21 01:40:17.252219,2026-03-21 03:21:17.252219,2026-03-21 05:49:50.019722,2026-03-21 09:28:36.386420,2026-03-21 12:14:27.299387,2026-03-21 22:51:51.516557,2026-03-22 16:29:27.834199,2026-03-23 21:38:47.149647,Delivered,Closed,SHP041,Shipper 041,SME,West Java,ST08_Bogor,HB01_JKT_GATEWAY,Central Java,ST09_Semarang,HB04_CTG_NATIONAL,Inter-Region,Regular,COD,CR080,Van,1.46,1.55,1.55,828255,22975,19238,8,1,0,,39.0,72,1,0,,1,0,,0,,42.84,2.48,2.76,ST09_Semarang,
SHPM003120,AWB260003120,2026-03-21 05:22:57.323591,2026-03-21 06:06:57.323591,2026-03-21 06:27:57.323591,2026-03-21 07:41:27.010838,2026-03-21 08:46:27.010838,2026-03-21 09:47:27.010838,2026-03-21 12:05:51.590878,2026-03-21 21:59:06.863552,2026-03-22 06:49:19.812570,2026-03-22 21:45:39.372664,2026-03-23 01:49:19.986941,2026-03-22 17:22:57.323591,Delivered,Closed,SHP074,Shipper 074,Enterprise,Outer Java,ST15_Medan,HB05_SUMATRA_GATEWAY,East Java,ST13_Malang,HB03_SBY_GATEWAY,Inter-Region,Next Day,Prepaid,CR140,Bike,1.68,2.85,2.85,1338383,32825,22364,4,1,0,,65.0,36,0,0,,1,0,,0,,44.44,2.31,8.84,ST13_Malang,Last Mile Delay
SHPM003121,AWB260003121,2026-03-25 19:29:37.300625,2026-03-25 19:47:37.300625,2026-03-25 20:41:37.300625,2026-03-26 02:48:19.369243,2026-03-26 03:31:19.369243,2026-03-26 04:17:19.369243,2026-03-26 06:28:52.102345,2026-03-26 15:06:56.676115,2026-03-27 03:23:57.556877,2026-03-27 15:11:44.130050,,2026-03-28 19:29:37.300625,Return To Sender,RTS,SHP053,Shipper 053,Marketplace,Jabodetabek,ST05_Tangerang,HB01_JKT_GATEWAY,Outer Java,ST17_Makassar,HB06_EASTERN_GATEWAY,Inter-Region,Regular,Prepaid,CR052,Bike,1.68,1.73,1.73,738249,19785,13420,8,1,0,,43.0,72,0,1,Customer Not Home,2,0,,1,Customer Not Home,280.51,2.19,12.28,ST17_Makassar,Hub Bottleneck
SHPM003122,AWB260003122,2026-02-24 14:00:53.691234,2026-02-24 14:40:53.691234,2026-02-24 15:10:53.691234,2026-02-24 22:45:42.598118,2026-02-24 22:53:42.598118,2026-02-25 00:18:42.598118,2026-02-25 01:57:16.247311,2026-02-25 04:21:34.323165,2026-02-25 10:40:49.017690,2026-02-25 20:49:42.980973,,2026-02-27 14:00:53.691234,Delivery Exception,Exception,SHP077,Shipper 077,Marketplace,Outer Java,ST16_Palembang,HB05_SUMATRA_GATEWAY,Jabodetabek,ST02_JKT_West,HB01_JKT_GATEWAY,Inter-Region,Regular,COD,CR150,Bike,0.76,1.29,1.29,559511,21805,12212,8,0,0,,8.0,72,0,1,Customer Not Home,3,0,,0,,981.99,1.64,6.32,ST02_JKT_West,Delivery Exception
SHPM003123,AWB260003123,2026-03-17 21:41:10.977579,2026-03-17 22:10:10.977579,2026-03-17 22:32:10.977579,2026-03-18 00:44:31.397437,2026-03-18 01:39:31.397437,2026-03-18 02:51:31.397437,2026-03-18 03:56:50.374480,2026-03-18 05:12:28.029394,2026-03-18 12:58:44.820732,2026-03-18 21:29:20.927434,2026-03-19 04:51:15.025240,2026-03-18 21:41:10.977579,Delivered,Closed,SHP079,Shipper 079,Marketplace,East Java,ST13_Malang,HB03_SBY_GATEWAY,East Java,ST14_Kediri,HB03_SBY_GATEWAY,Intra-Region,Next Day,Prepaid,CR125,Bike,1.35,1.96,1.96,1980741,28820,22844,4,1,0,,55.0,24,0,0,,1,0,,0,,31.17,1.09,7.77,ST14_Kediri,Last Mile Delay
SHPM003124,AWB260003124,2026-03-14 01:50:54.420982,2026-03-14 02:30:54.420982,2026-03-14 02:47:54.420982,2026-03-14 07:05:42.816474,2026-03-14 07:52:42.816474,2026-03-14 09:33:42.816474,2026-03-14 13:21:40.229926,2026-03-14 17:52:47.889065,2026-03-15 06:14:07.966569,2026-03-15 20:46:16.824022,2026-03-16 07:46:30.692641,2026-03-17 01:50:54.420982,Delivered,Closed,SHP034,Shipper 034,Enterprise,Jabodetabek,ST01_JKT_Central,HB01_JKT_GATEWAY,Outer Java,ST18_Balikpapan,HB06_EASTERN_GATEWAY,Inter-Region,Regular,COD,CR009,Bike,1.69,2.59,2.59,494705,27655,16468,8,1,0,,47.0,72,1,0,,1,0,,0,,53.93,3.8,12.36,ST18_Balikpapan,
SHPM003125,AWB260003125,2026-02-19 23:34:03.518559,2026-02-19 23:55:03.518559,2026-02-20 00:12:03.518559,2026-02-20 01:57:52.194688,2026-02-20 02:18:52.194688,2026-02-20 04:05:52.194688,2026-02-20 07:37:10.096545,2026-02-20 15:21:19.718870,2026-02-20 20:48:07.334091,2026-02-21 07:32:34.762739,2026-02-22 00:00:15.825744,2026-02-22 23:34:03.518559,Delivered,Closed,SHP072,Shipper 072,Enterprise,Outer Java,ST18_Balikpapan,HB06_EASTERN_GATEWAY,West Java,ST06_Bandung,HB01_JKT_GATEWAY,Inter-Region,Regular,Prepaid,CR165,Bike,0.96,0.89,0.96,1916330,16320,9868,8,1,0,,21.0,72,1,0,,1,0,,0,,48.44,3.52,5.45,ST06_Bandung,
SHPM003126,AWB260003126,2026-02-20 12:47:08.768244,2026-02-20 13:31:08.768244,2026-02-20 13:53:08.768244,2026-02-20 16:56:05.518946,2026-02-20 17:05:05.518946,2026-02-20 18:15:05.518946,2026-02-20 22:17:29.982586,2026-02-21 05:17:13.908240,2026-02-21 13:36:44.066724,2026-02-22 02:06:12.680548,2026-02-22 16:54:38.846261,2026-02-23 12:47:08.768244,Delivered,Closed,SHP049,Shipper 049,Enterprise,Jabodetabek,ST05_Tangerang,HB01_JKT_GATEWAY,Central Java,ST10_Solo,HB04_CTG_NATIONAL,Inter-Region,Regular,COD,CR049,Truck,0.48,0.43,0.48,598285,18160,13875,8,1,0,,9.0,72,1,0,,1,0,,0,,52.13,4.04,8.33,ST10_Solo,
SHPM003127,AWB260003127,2026-02-21 09:37:23.691985,2026-02-21 10:01:23.691985,2026-02-21 10:29:23.691985,2026-02-21 11:33:48.392408,2026-02-21 11:49:48.392408,2026-02-21 13:05:48.392408,2026-02-21 16:33:47.469555,2026-02-21 19:40:40.132531,2026-02-22 03:25:15.935556,2026-02-22 14:34:26.490769,2026-02-22 18:43:18.842602,2026-02-22 01:37:23.691985,Delivered,Closed,SHP088,Shipper 088,SME,Outer Java,ST19_Denpasar,HB06_EASTERN_GATEWAY,East Java,ST12_Surabaya,HB03_SBY_GATEWAY,Inter-Region,Same Day,Prepaid,CR179,Truck,2.11,2.19,2.19,1348907,36855,26935,2,1,0,,16.0,16,0,0,,1,0,,0,,33.1,3.47,7.74,ST12_Surabaya,Last Mile Delay
SHPM003128,AWB260003128,2026-03-08 11:15:42.881028,2026-03-08 11:23:42.881028,2026-03-08 12:05:42.881028,2026-03-08 21:00:58.506499,2026-03-08 22:20:58.506499,2026-03-08 22:53:58.506499,2026-03-09 05:01:06.086084,2026-03-09 13:20:09.849760,2026-03-10 09:48:58.296906,2026-03-10 23:58:30.980800,2026-03-11 07:26:31.895357,2026-03-09 23:15:42.881028,Delivered,Closed,SHP060,Shipper 060,Enterprise,East Java,ST12_Surabaya,HB03_SBY_GATEWAY,Outer Java,ST18_Balikpapan,HB06_EASTERN_GATEWAY,Inter-Region,Next Day,COD,CR107,Truck,9.46,15.16,15.16,1279216,92220,80356,4,0,0,,80.0,36,0,0,,1,0,,0,,68.18,6.12,20.48,ST18_Balikpapan,First Mile Delay
SHPM003129,AWB260003129,2026-03-01 12:32:13.850149,2026-03-01 13:09:13.850149,2026-03-01 13:38:13.850149,2026-03-01 16:53:14.283256,2026-03-01 17:45:14.283256,2026-03-01 18:22:14.283256,2026-03-01 22:14:02.283623,2026-03-02 03:18:05.610858,2026-03-02 13:06:43.511967,2026-03-03 06:29:07.213386,2026-03-03 14:27:27.397907,2026-03-03 00:32:13.850149,Delivered,Closed,SHP005,Shipper 005,Enterprise,Central Java,ST09_Semarang,HB04_CTG_NATIONAL,Jabodetabek,ST04_Bekasi,HB01_JKT_GATEWAY,Inter-Region,Next Day,Prepaid,CR089,Truck,2.4,2.63,2.63,1853694,31835,26000,4,1,0,,52.0,36,0,0,,1,0,,0,,49.92,3.86,9.81,ST04_Bekasi,Last Mile Delay
SHPM003130,AWB260003130,2026-03-03 05:51:44.765014,2026-03-03 06:00:44.765014,2026-03-03 06:21:44.765014,2026-03-03 08:26:55.013802,2026-03-03 08:36:55.013802,2026-03-03 09:56:55.013802,2026-03-03 15:22:56.168560,2026-03-04 01:04:19.215688,2026-03-04 09:12:45.676448,2026-03-05 02:01:31.011636,2026-03-05 16:46:42.498927,2026-03-06 05:51:44.765014,Delivered,Closed,SHP076,Shipper 076,Enterprise,West Java,ST06_Bandung,HB01_JKT_GATEWAY,Central Java,ST11_Yogyakarta,HB04_CTG_NATIONAL,Inter-Region,Regular,COD,CR063,Van,1.16,1.06,1.16,2278741,21220,15888,8,1,0,,10.0,72,1,0,,1,0,,0,,58.92,5.43,8.14,ST11_Yogyakarta,
SHPM003131,AWB260003131,2026-02-20 07:51:40.533143,2026-02-20 08:23:40.533143,2026-02-20 08:48:40.533143,2026-02-20 13:09:06.649473,2026-02-20 13:40:06.649473,2026-02-20 13:59:06.649473,2026-02-20 19:46:35.790046,2026-02-21 02:46:15.368777,2026-02-21 13:35:00.592457,2026-02-21 22:39:17.430996,2026-02-22 05:05:43.767824,2026-02-21 19:51:40.533143,Delivered,Closed,SHP005,Shipper 005,Enterprise,Central Java,ST09_Semarang,HB04_CTG_NATIONAL,West Java,ST07_Cirebon,HB02_BDG_TRANSIT,Inter-Region,Next Day,Prepaid,CR088,Bike,3.21,3.18,3.21,1192365,34445,27687,4,0,0,,31.0,36,0,0,,1,0,,0,,45.23,5.79,10.81,ST07_Cirebon,First Mile Delay
SHPM003132,AWB260003132,2026-03-15 22:27:01.490403,2026-03-15 22:33:01.490403,2026-03-15 23:14:01.490403,2026-03-16 01:36:15.405911,2026-03-16 01:45:15.405911,2026-03-16 03:01:15.405911,2026-03-16 06:03:37.564875,2026-03-16 14:52:03.399266,2026-03-17 01:02:02.120751,2026-03-17 12:17:34.872986,2026-03-17 23:03:20.767562,2026-03-17 10:27:01.490403,Delivered,Closed,SHP070,Shipper 070,Enterprise,Jabodetabek,ST04_Bekasi,HB01_JKT_GATEWAY,Central Java,ST11_Yogyakarta,HB04_CTG_NATIONAL,Inter-Region,Next Day,Prepaid,CR035,Van,3.37,3.46,3.46,1835631,35570,23389,4,1,0,,9.0,36,0,0,,1,0,,0,,48.61,3.04,10.17,ST11_Yogyakarta,Hub Bottleneck
SHPM003133,AWB260003133,2026-02-25 23:51:00.012688,2026-02-26 00:13:00.012688,2026-02-26 00:45:00.012688,2026-02-26 02:13:00.396887,2026-02-26 02:40:00.396887,2026-02-26 03:57:00.396887,2026-02-26 05:22:26.008515,2026-02-26 13:18:44.066499,2026-02-27 08:05:42.132928,2026-02-27 21:26:17.625862,2026-02-28 02:29:44.061798,2026-02-27 11:51:00.012688,Delivered,Closed,SHP090,Shipper 090,Enterprise,East Java,ST14_Kediri,HB03_SBY_GATEWAY,Outer Java,ST18_Balikpapan,HB06_EASTERN_GATEWAY,Inter-Region,Next Day,Prepaid,CR133,Bike,2.79,4.11,4.11,2049832,38495,29174,4,1,0,,27.0,36,0,0,,1,0,,0,,50.65,1.42,18.78,ST18_Balikpapan,Hub Bottleneck
SHPM003134,AWB260003134,2026-03-19 13:17:51.497698,2026-03-19 13:56:51.497698,2026-03-19 14:35:51.497698,2026-03-19 14:39:39.526261,2026-03-19 15:26:39.526261,2026-03-19 15:58:39.526261,2026-03-19 21:52:43.405009,2026-03-20 06:43:23.940396,2026-03-20 14:50:53.093986,2026-03-21 00:26:17.409253,,2026-03-20 05:17:51.497698,Return To Sender,RTS,SHP007,Shipper 007,SME,Jabodetabek,ST05_Tangerang,HB01_JKT_GATEWAY,Central Java,ST09_Semarang,HB04_CTG_NATIONAL,Inter-Region,Same Day,COD,CR048,Bike,0.86,0.91,0.91,196562,35095,25208,2,1,0,,47.0,16,0,1,Customer Not Home,2,0,,1,Customer Not Home,430.7,5.9,8.12,ST09_Semarang,Delivery Exception
SHPM003135,AWB260003135,2026-03-22 11:21:52.428539,2026-03-22 11:33:52.428539,2026-03-22 12:00:52.428539,,,,,,,,,2026-03-23 23:21:52.428539,Failed Pickup,Exception,SHP048,Shipper 048,Enterprise,Outer Java,ST17_Makassar,HB06_EASTERN_GATEWAY,Jabodetabek,ST03_JKT_East,HB01_JKT_GATEWAY,Inter-Region,Next Day,COD,CR156,Bike,3.49,4.86,4.86,316736,45870,38593,4,0,1,Shipper Not Ready,,36,0,0,,0,0,,0,,360.64,,,ST17_Makassar,
SHPM003136,AWB260003136,2026-02-19 00:51:11.247842,2026-02-19 01:11:11.247842,2026-02-19 01:48:11.247842,2026-02-19 09:43:36.430998,2026-02-19 10:21:36.430998,2026-02-19 11:03:36.430998,2026-02-19 13:24:13.017075,2026-02-19 19:39:48.691878,2026-02-20 02:28:07.682211,2026-02-20 10:51:41.324826,2026-02-20 21:43:15.129367,2026-02-22 00:51:11.247842,Delivered,Closed,SHP048,Shipper 048,Enterprise,Outer Java,ST17_Makassar,HB06_EASTERN_GATEWAY,East Java,ST14_Kediri,HB03_SBY_GATEWAY,Inter-Region,Regular,COD,CR162,Van,0.33,0.31,0.33,236477,17485,11015,8,0,0,,38.0,72,1,0,,1,0,,0,,44.87,2.34,6.81,ST14_Kediri,
SHPM003137,AWB260003137,2026-03-02 19:15:02.043420,2026-03-02 19:48:02.043420,2026-03-02 20:06:02.043420,2026-03-02 22:01:22.403758,2026-03-02 22:54:22.403758,2026-03-02 23:13:22.403758,2026-03-03 04:13:50.573345,2026-03-03 08:11:24.677136,2026-03-03 14:08:36.633299,2026-03-04 03:41:50.220811,2026-03-04 05:44:16.103829,2026-03-03 11:15:02.043420,Delivered,Closed,SHP002,Shipper 002,Enterprise,Jabodetabek,ST01_JKT_Central,HB01_JKT_GATEWAY,East Java,ST12_Surabaya,HB03_SBY_GATEWAY,Inter-Region,Same Day,Prepaid,CR007,Truck,3.62,3.35,3.62,850884,43290,32645,2,0,0,,53.0,16,0,0,,1,0,,0,,34.49,5.01,5.95,ST12_Surabaya,First Mile Delay
SHPM003138,AWB260003138,2026-03-13 03:06:44.634827,2026-03-13 03:37:44.634827,2026-03-13 03:54:44.634827,2026-03-13 05:46:54.020362,2026-03-13 06:40:54.020362,2026-03-13 07:17:54.020362,2026-03-13 08:53:35.906720,2026-03-13 17:23:01.841347,2026-03-14 01:45:02.768130,2026-03-14 15:08:17.753705,2026-03-14 19:01:24.777968,2026-03-13 19:06:44.634827,Delivered,Closed,SHP095,Shipper 095,Enterprise,Central Java,ST11_Yogyakarta,HB04_CTG_NATIONAL,Jabodetabek,ST04_Bekasi,HB01_JKT_GATEWAY,Inter-Region,Same Day,COD,CR101,Bike,1.74,1.75,1.75,2074737,38875,32725,2,0,0,,54.0,16,0,0,,1,0,,0,,39.91,1.59,8.37,ST04_Bekasi,First Mile Delay
SHPM003139,AWB260003139,2026-03-01 04:24:03.351311,2026-03-01 04:55:03.351311,2026-03-01 05:27:03.351311,2026-03-01 13:15:42.127625,2026-03-01 13:41:42.127625,2026-03-01 15:40:42.127625,2026-03-01 20:31:00.120041,2026-03-02 06:20:38.616606,2026-03-02 17:45:02.071375,2026-03-03 02:07:23.617927,2026-03-03 14:21:21.862610,2026-03-04 04:24:03.351311,Delivered,Closed,SHP005,Shipper 005,Enterprise,Central Java,ST09_Semarang,HB04_CTG_NATIONAL,Jabodetabek,ST03_JKT_East,HB01_JKT_GATEWAY,Inter-Region,Regular,Prepaid,CR089,Bike,1.63,1.76,1.76,2551288,19920,17621,8,0,0,,26.0,72,1,0,,1,0,,0,,57.96,4.84,11.41,ST03_JKT_East,
SHPM003140,AWB260003140,2026-03-11 07:19:57.805805,2026-03-11 07:36:57.805805,2026-03-11 07:41:57.805805,2026-03-11 11:02:35.167835,2026-03-11 12:06:35.167835,2026-03-11 13:48:35.167835,2026-03-11 15:47:19.542119,2026-03-11 19:46:48.979891,2026-03-11 22:30:39.624518,2026-03-12 05:20:54.700547,2026-03-12 14:10:54.684655,2026-03-12 19:19:57.805805,Delivered,Closed,SHP002,Shipper 002,Enterprise,Jabodetabek,ST01_JKT_Central,HB01_JKT_GATEWAY,East Java,ST12_Surabaya,HB03_SBY_GATEWAY,Inter-Region,Next Day,Prepaid,CR010,Bike,1.17,1.1,1.17,905248,25265,14327,4,1,0,,64.0,36,1,0,,1,0,,0,,30.85,1.98,2.73,ST12_Surabaya,
SHPM003141,AWB260003141,2026-03-17 04:10:47.216243,2026-03-17 04:23:47.216243,2026-03-17 04:36:47.216243,2026-03-17 12:04:33.441767,2026-03-17 13:27:33.441767,2026-03-17 13:47:33.441767,2026-03-17 19:24:49.898541,2026-03-18 02:20:59.770022,2026-03-18 07:31:50.859825,2026-03-18 23:44:38.275519,2026-03-19 11:20:14.796722,2026-03-20 04:10:47.216243,Delivered,Closed,SHP034,Shipper 034,Enterprise,Jabodetabek,ST01_JKT_Central,HB01_JKT_GATEWAY,East Java,ST12_Surabaya,HB03_SBY_GATEWAY,Inter-Region,Regular,Prepaid,CR011,Van,0.81,0.82,0.82,814819,15690,14130,8,1,0,,83.0,72,1,0,,1,0,,0,,55.16,5.62,5.18,ST12_Surabaya,
SHPM003142,AWB260003142,2026-02-15 21:33:16.430702,2026-02-15 21:55:16.430702,2026-02-15 22:17:16.430702,2026-02-16 09:46:41.661539,2026-02-16 10:59:41.661539,2026-02-16 11:40:41.661539,2026-02-16 16:33:50.777301,2026-02-16 22:13:44.724938,2026-02-17 04:55:28.003142,2026-02-17 16:35:19.184393,2026-02-17 21:24:29.521465,2026-02-18 21:33:16.430702,Delivered,Closed,SHP019,Shipper 019,Marketplace,West Java,ST07_Cirebon,HB02_BDG_TRANSIT,Jabodetabek,ST04_Bekasi,HB01_JKT_GATEWAY,Inter-Region,Regular,Prepaid,CR069,Van,0.51,0.5,0.51,1590726,14295,10605,8,0,0,,73.0,72,1,0,,1,0,,0,,47.85,4.89,6.7,ST04_Bekasi,
SHPM003143,AWB260003143,2026-03-19 23:47:56.873609,2026-03-20 00:28:56.873609,2026-03-20 01:04:56.873609,2026-03-20 02:25:40.990928,2026-03-20 02:49:40.990928,2026-03-20 03:25:40.990928,2026-03-20 06:23:14.966761,2026-03-20 15:20:20.228048,2026-03-20 21:18:17.140998,2026-03-21 13:12:12.736097,2026-03-22 04:33:25.658878,2026-03-21 11:47:56.873609,Delivered,Closed,SHP081,Shipper 081,Marketplace,West Java,ST06_Bandung,HB01_JKT_GATEWAY,Outer Java,ST18_Balikpapan,HB06_EASTERN_GATEWAY,Inter-Region,Next Day,COD,CR062,Bike,1.02,1.28,1.28,1247374,29760,26802,4,1,0,,24.0,36,0,0,,1,0,,0,,52.76,2.96,5.97,ST18_Balikpapan,Remote Area
SHPM003144,AWB260003144,2026-03-07 13:30:56.784178,2026-03-07 13:40:56.784178,2026-03-07 14:14:56.784178,2026-03-07 22:38:47.228016,2026-03-07 23:24:47.228016,2026-03-08 01:06:47.228016,2026-03-08 03:02:09.619332,2026-03-08 09:18:03.749456,2026-03-08 13:17:06.882523,2026-03-08 19:37:40.120774,2026-03-09 08:19:25.218935,2026-03-10 13:30:56.784178,Delivered,Closed,SHP072,Shipper 072,Enterprise,Outer Java,ST18_Balikpapan,HB06_EASTERN_GATEWAY,Jabodetabek,ST04_Bekasi,HB01_JKT_GATEWAY,Inter-Region,Regular,COD,CR170,Truck,1.35,1.28,1.35,425713,22075,19441,8,0,0,,46.0,72,1,0,,1,0,,0,,42.81,1.92,3.98,ST04_Bekasi,
SHPM003145,AWB260003145,2026-03-28 08:13:09.145455,2026-03-28 08:47:09.145455,2026-03-28 09:26:09.145455,2026-03-28 11:43:52.016150,2026-03-28 12:50:52.016150,2026-03-28 14:30:52.016150,2026-03-28 20:10:26.861007,2026-03-28 23:55:51.514224,2026-03-29 04:26:54.126485,2026-03-29 15:58:28.866805,2026-03-29 21:39:43.133422,2026-03-29 20:13:09.145455,Delivered,Closed,SHP072,Shipper 072,Enterprise,Outer Java,ST18_Balikpapan,HB06_EASTERN_GATEWAY,West Java,ST07_Cirebon,HB02_BDG_TRANSIT,Inter-Region,Next Day,Prepaid,CR172,Van,0.54,0.85,0.85,1323003,23825,21281,4,1,0,,67.0,36,0,0,,1,0,,0,,37.44,5.66,4.52,ST07_Cirebon,Last Mile Delay
SHPM003146,AWB260003146,2026-03-30 05:25:30.806883,2026-03-30 05:38:30.806883,2026-03-30 06:04:30.806883,2026-03-30 09:52:19.837746,2026-03-30 10:44:19.837746,2026-03-30 11:37:19.837746,2026-03-30 14:46:20.793346,2026-03-30 16:20:43.109590,2026-03-31 01:45:37.990080,2026-03-31 10:17:46.531416,2026-03-31 23:01:29.357363,2026-04-01 05:25:30.806883,Delivered,Closed,SHP061,Shipper 061,Enterprise,Outer Java,ST17_Makassar,HB06_EASTERN_GATEWAY,Outer Java,ST16_Palembang,HB05_SUMATRA_GATEWAY,Intra-Region,Regular,Prepaid,CR154,Bike,0.6,0.69,0.69,985787,15105,10353,8,1,0,,52.0,48,1,0,,1,0,,0,,41.6,3.15,9.42,ST16_Palembang,
SHPM003147,AWB260003147,2026-03-16 17:46:10.088049,2026-03-16 17:54:10.088049,2026-03-16 18:32:10.088049,2026-03-16 20:08:00.658429,2026-03-16 20:43:00.658429,2026-03-16 22:08:00.658429,2026-03-17 03:39:12.841702,2026-03-17 08:12:08.294153,2026-03-18 04:45:19.120945,2026-03-18 17:02:57.326459,2026-03-19 01:37:18.321373,2026-03-18 05:46:10.088049,Delivered,Closed,SHP055,Shipper 055,Marketplace,East Java,ST14_Kediri,HB03_SBY_GATEWAY,Jabodetabek,ST02_JKT_West,HB01_JKT_GATEWAY,Inter-Region,Next Day,Prepaid,CR133,Van,5.31,4.96,5.31,1620390,43895,30005,4,1,0,,35.0,36,0,0,,1,0,,0,,55.85,5.52,20.55,ST02_JKT_West,Hub Bottleneck
SHPM003148,AWB260003148,2026-03-19 02:55:12.151687,2026-03-19 03:04:12.151687,2026-03-19 03:27:12.151687,2026-03-19 06:02:19.045553,2026-03-19 06:21:19.045553,2026-03-19 06:50:19.045553,2026-03-19 08:37:20.670933,2026-03-19 13:04:00.115514,2026-03-19 15:33:48.818786,2026-03-20 06:50:12.207955,2026-03-20 13:22:41.358258,2026-03-20 14:55:12.151687,Delivered,Closed,SHP058,Shipper 058,Enterprise,Jabodetabek,ST02_JKT_West,HB01_JKT_GATEWAY,Central Java,ST10_Solo,HB04_CTG_NATIONAL,Inter-Region,Next Day,Prepaid,CR013,Bike,0.8,1.18,1.18,1854655,25310,15691,4,1,0,,19.0,36,1,0,,1,0,,0,,34.46,1.78,2.5,ST10_Solo,
SHPM003149,AWB260003149,2026-02-22 05:05:13.769006,2026-02-22 05:38:13.769006,2026-02-22 05:56:13.769006,2026-02-22 10:45:06.481618,2026-02-22 11:47:06.481618,2026-02-22 12:29:06.481618,2026-02-22 15:46:01.960505,2026-02-22 18:37:10.803139,2026-02-22 20:40:02.678816,2026-02-23 13:39:13.686103,2026-02-24 03:35:26.057493,2026-02-25 05:05:13.769006,Delivered,Closed,SHP048,Shipper 048,Enterprise,Outer Java,ST17_Makassar,HB06_EASTERN_GATEWAY,Jabodetabek,ST03_JKT_East,HB01_JKT_GATEWAY,Inter-Region,Regular,Prepaid,CR157,Van,1.08,1.18,1.18,1261366,17310,13438,8,1,0,,62.0,72,1,0,,1,0,,0,,46.5,3.28,2.05,ST03_JKT_East,
SHPM003150,AWB260003150,2026-03-27 20:15:59.959256,2026-03-27 20:29:59.959256,2026-03-27 20:53:59.959256,2026-03-27 21:34:12.029575,2026-03-27 22:39:12.029575,2026-03-27 23:27:12.029575,2026-03-28 04:21:28.454166,2026-03-28 10:10:43.074600,2026-03-29 13:56:15.223048,2026-03-30 06:04:45.081911,2026-03-30 13:55:37.049838,2026-03-28 12:15:59.959256,Delivered,Closed,SHP067,Shipper 067,SME,East Java,ST14_Kediri,HB03_SBY_GATEWAY,Outer Java,ST16_Palembang,HB05_SUMATRA_GATEWAY,Inter-Region,Same Day,Prepaid,CR136,Van,0.63,0.97,0.97,1815726,31365,25171,2,1,0,,65.0,16,0,0,,1,0,,0,,65.66,4.9,27.76,ST16_Palembang,Hub Bottleneck
SHPM003151,AWB260003151,2026-03-12 20:18:43.243225,2026-03-12 20:53:43.243225,2026-03-12 21:10:43.243225,2026-03-12 21:35:10.858669,2026-03-12 22:17:10.858669,2026-03-12 22:40:10.858669,2026-03-12 23:44:42.737697,2026-03-13 02:19:58.562218,2026-03-13 09:52:39.132033,2026-03-13 23:25:58.446965,2026-03-14 01:26:16.443723,2026-03-13 12:18:43.243225,Delivered,Closed,SHP049,Shipper 049,Enterprise,Jabodetabek,ST05_Tangerang,HB01_JKT_GATEWAY,Central Java,ST11_Yogyakarta,HB04_CTG_NATIONAL,Inter-Region,Same Day,Prepaid,CR045,Van,1.75,2.37,2.37,929089,37665,23297,2,1,0,,42.0,16,0,0,,1,0,,0,,29.13,1.08,7.54,ST11_Yogyakarta,Last Mile Delay
SHPM003152,AWB260003152,2026-03-30 08:10:16.738324,2026-03-30 08:21:16.738324,2026-03-30 08:52:16.738324,2026-03-30 09:26:17.090493,2026-03-30 09:58:17.090493,2026-03-30 11:31:17.090493,2026-03-30 14:30:38.950831,2026-03-30 21:11:56.149560,2026-03-31 00:03:08.416324,2026-03-31 17:49:14.387977,2026-04-01 09:36:33.234380,2026-03-31 20:10:16.738324,Delivered,Closed,SHP045,Shipper 045,Marketplace,Jabodetabek,ST04_Bekasi,HB01_JKT_GATEWAY,Outer Java,ST17_Makassar,HB06_EASTERN_GATEWAY,Inter-Region,Next Day,Prepaid,CR037,Bike,1.86,1.82,1.86,1994647,28370,21980,4,1,0,,32.0,36,0,0,,1,0,,0,,49.44,2.99,2.85,ST17_Makassar,Remote Area
SHPM003153,AWB260003153,2026-03-06 10:42:57.299481,2026-03-06 11:26:57.299481,2026-03-06 11:51:57.299481,2026-03-06 14:02:41.943827,2026-03-06 14:16:41.943827,2026-03-06 15:05:41.943827,2026-03-06 17:33:29.537073,2026-03-06 19:14:05.672044,2026-03-07 10:14:17.099486,2026-03-07 13:54:32.794261,2026-03-08 11:13:58.886729,2026-03-08 10:42:57.299481,Delivered,Closed,SHP088,Shipper 088,SME,Outer Java,ST19_Denpasar,HB06_EASTERN_GATEWAY,Outer Java,ST16_Palembang,HB05_SUMATRA_GATEWAY,Intra-Region,Regular,Prepaid,CR176,Bike,1.27,1.22,1.27,1829197,17715,14902,8,1,0,,14.0,48,0,0,,1,0,,0,,48.52,2.46,15.0,ST16_Palembang,Hub Bottleneck
SHPM003154,AWB260003154,2026-03-09 01:42:31.700485,2026-03-09 02:06:31.700485,2026-03-09 02:38:31.700485,2026-03-09 06:24:06.053792,2026-03-09 07:18:06.053792,2026-03-09 08:41:06.053792,2026-03-09 12:13:27.487745,2026-03-09 22:05:19.761314,2026-03-09 23:42:26.763043,2026-03-10 14:08:37.670807,,2026-03-10 13:42:31.700485,Delivery Exception,Exception,SHP097,Shipper 097,SME,Jabodetabek,ST03_JKT_East,HB01_JKT_GATEWAY,Central Java,ST09_Semarang,HB04_CTG_NATIONAL,Inter-Region,Next Day,Prepaid,CR027,Bike,0.57,0.62,0.62,739537,22790,14586,4,0,0,,54.0,36,0,1,Customer Not Home,2,0,,0,,682.29,3.54,1.62,ST09_Semarang,Delivery Exception
SHPM003155,AWB260003155,2026-03-29 05:36:52.920389,2026-03-29 05:57:52.920389,2026-03-29 06:47:52.920389,,,,,,,,,2026-03-30 17:36:52.920389,Failed Pickup,Exception,SHP060,Shipper 060,Enterprise,East Java,ST12_Surabaya,HB03_SBY_GATEWAY,Central Java,ST10_Solo,HB04_CTG_NATIONAL,Inter-Region,Next Day,Prepaid,CR107,Bike,1.17,1.25,1.25,1610209,25625,21588,4,0,1,Shipper Closed,,36,0,0,,0,0,,0,,198.39,,,ST12_Surabaya,
SHPM003156,AWB260003156,2026-03-10 11:18:28.903038,2026-03-10 11:25:28.903038,2026-03-10 11:52:28.903038,2026-03-10 16:54:54.922047,2026-03-10 17:15:54.922047,2026-03-10 19:08:54.922047,2026-03-10 22:46:33.153154,2026-03-11 03:41:05.259050,2026-03-11 12:19:26.248764,2026-03-11 20:11:16.328112,2026-03-12 09:28:02.009309,2026-03-12 11:18:28.903038,Delivered,Closed,SHP004,Shipper 004,Marketplace,Jabodetabek,ST01_JKT_Central,HB01_JKT_GATEWAY,Jabodetabek,ST05_Tangerang,HB01_JKT_GATEWAY,Intra-Region,Regular,Prepaid,CR002,Bike,1.2,1.84,1.84,1480932,20280,17448,8,1,0,,21.0,48,1,0,,1,0,,0,,46.16,3.63,8.64,ST05_Tangerang,
SHPM003157,AWB260003157,2026-03-26 00:18:56.484720,2026-03-26 00:35:56.484720,2026-03-26 01:08:56.484720,2026-03-26 05:21:24.289213,2026-03-26 05:29:24.289213,2026-03-26 06:17:24.289213,2026-03-26 08:16:33.581585,2026-03-26 12:32:48.239709,2026-03-27 02:14:42.409691,2026-03-27 11:27:49.450859,2026-03-28 03:05:05.830625,2026-03-29 00:18:56.484720,Delivered,Closed,SHP043,Shipper 043,Marketplace,Central Java,ST09_Semarang,HB04_CTG_NATIONAL,Outer Java,ST17_Makassar,HB06_EASTERN_GATEWAY,Inter-Region,Regular,Prepaid,CR085,Van,0.92,0.9,0.92,1672111,16140,10377,8,1,0,,8.0,72,1,0,,1,0,,0,,50.77,1.99,13.7,ST17_Makassar,
SHPM003158,AWB260003158,2026-03-06 04:46:38.703824,2026-03-06 05:15:38.703824,2026-03-06 05:34:38.703824,2026-03-06 12:55:24.634480,2026-03-06 13:59:24.634480,2026-03-06 15:11:24.634480,2026-03-06 18:12:57.359479,2026-03-06 21:31:14.093619,2026-03-07 05:15:09.693522,2026-03-07 13:44:44.868343,2026-03-07 18:11:25.562036,2026-03-08 04:46:38.703824,Delivered,Closed,SHP045,Shipper 045,Marketplace,Jabodetabek,ST02_JKT_West,HB01_JKT_GATEWAY,Jabodetabek,ST02_JKT_West,HB01_JKT_GATEWAY,Intra-Region,Regular,Prepaid,CR017,Truck,1.5,1.39,1.5,1635098,18750,12350,8,1,0,,64.0,48,1,0,,1,0,,0,,37.41,3.03,7.73,ST02_JKT_West,
SHPM003159,AWB260003159,2026-04-01 02:43:27.734276,2026-04-01 03:06:27.734276,2026-04-01 03:48:27.734276,2026-04-01 06:18:29.148594,2026-04-01 06:29:29.148594,2026-04-01 08:18:29.148594,2026-04-01 09:31:22.942162,2026-04-01 17:52:35.253552,2026-04-01 22:32:29.162365,2026-04-02 13:09:47.888413,2026-04-02 17:10:25.773524,2026-04-02 14:43:27.734276,Delivered,Closed,SHP087,Shipper 087,Enterprise,Jabodetabek,ST02_JKT_West,HB01_JKT_GATEWAY,West Java,ST07_Cirebon,HB02_BDG_TRANSIT,Inter-Region,Next Day,Prepaid,CR012,Bike,1.4,2.2,2.2,795470,29900,21461,4,1,0,,11.0,36,0,0,,1,0,,0,,38.45,1.21,4.66,ST07_Cirebon,Last Mile Delay
SHPM003160,AWB260003160,2026-03-16 15:19:29.660027,2026-03-16 15:29:29.660027,2026-03-16 16:07:29.660027,2026-03-16 19:47:54.357236,2026-03-16 21:13:54.357236,2026-03-16 22:09:54.357236,2026-03-17 04:07:50.586857,2026-03-17 11:21:12.887769,2026-03-17 19:43:46.535031,2026-03-18 02:20:04.513253,2026-03-18 13:03:27.888470,2026-03-18 03:19:29.660027,Delivered,Closed,SHP018,Shipper 018,Enterprise,West Java,ST07_Cirebon,HB02_BDG_TRANSIT,Jabodetabek,ST05_Tangerang,HB01_JKT_GATEWAY,Inter-Region,Next Day,Prepaid,CR070,Bike,5.89,5.41,5.89,491326,46505,28310,4,0,0,,86.0,36,0,0,,1,0,,0,,45.73,5.97,8.38,ST05_Tangerang,First Mile Delay
SHPM003161,AWB260003161,2026-03-30 18:16:12.559682,2026-03-30 18:54:12.559682,2026-03-30 19:02:12.559682,2026-03-30 20:04:03.972632,2026-03-30 20:34:03.972632,2026-03-30 20:51:03.972632,2026-03-31 01:19:30.618154,2026-03-31 10:13:52.854140,2026-03-31 19:18:10.615863,2026-04-01 12:02:49.622564,2026-04-01 21:34:15.794218,2026-04-01 06:16:12.559682,Delivered,Closed,SHP089,Shipper 089,Enterprise,Central Java,ST11_Yogyakarta,HB04_CTG_NATIONAL,West Java,ST06_Bandung,HB01_JKT_GATEWAY,Inter-Region,Next Day,Prepaid,CR101,Van,1.32,2.13,2.13,1031240,29585,17971,4,1,0,,30.0,36,0,0,,1,0,,0,,51.3,4.47,9.07,ST06_Bandung,Last Mile Delay
SHPM003162,AWB260003162,2026-03-02 02:05:51.716126,2026-03-02 02:32:51.716126,2026-03-02 03:02:51.716126,2026-03-02 05:49:00.393280,2026-03-02 06:45:00.393280,2026-03-02 08:00:00.393280,2026-03-02 12:05:37.654759,2026-03-02 14:57:20.892347,2026-03-02 19:39:15.745726,2026-03-03 04:53:54.813728,2026-03-03 12:17:44.308206,2026-03-03 14:05:51.716126,Delivered,Closed,SHP030,Shipper 030,Enterprise,Jabodetabek,ST04_Bekasi,HB01_JKT_GATEWAY,East Java,ST14_Kediri,HB03_SBY_GATEWAY,Inter-Region,Next Day,COD,CR035,Bike,0.75,0.68,0.75,1348226,27375,25496,4,1,0,,56.0,36,1,0,,1,0,,0,,34.2,4.09,4.7,ST14_Kediri,
SHPM003163,AWB260003163,2026-02-28 14:12:42.921656,2026-02-28 14:57:42.921656,2026-02-28 15:29:42.921656,2026-02-28 16:11:08.584215,2026-02-28 16:59:08.584215,2026-02-28 18:55:08.584215,2026-02-28 22:36:15.466467,2026-03-01 00:52:21.938291,2026-03-01 02:53:34.259199,2026-03-01 16:01:11.231435,2026-03-01 22:11:01.111605,2026-03-01 06:12:42.921656,Delivered,Closed,SHP071,Shipper 071,Enterprise,Jabodetabek,ST04_Bekasi,HB01_JKT_GATEWAY,Outer Java,ST18_Balikpapan,HB06_EASTERN_GATEWAY,Inter-Region,Same Day,COD,CR036,Bike,0.89,0.95,0.95,2281573,35275,32398,2,1,0,,48.0,16,0,0,,1,0,,0,,31.97,3.69,2.02,ST18_Balikpapan,Remote Area
SHPM003164,AWB260003164,2026-03-06 22:37:42.692767,2026-03-06 22:56:42.692767,2026-03-06 23:56:42.692767,2026-03-07 01:19:56.368105,2026-03-07 01:54:56.368105,2026-03-07 02:24:56.368105,2026-03-07 07:09:06.851593,2026-03-07 16:56:51.776328,2026-03-08 02:11:23.011902,2026-03-09 00:22:08.155965,2026-03-09 04:12:08.276080,2026-03-07 14:37:42.692767,Delivered,Closed,SHP092,Shipper 092,Marketplace,Jabodetabek,ST03_JKT_East,HB01_JKT_GATEWAY,West Java,ST06_Bandung,HB01_JKT_GATEWAY,Inter-Region,Same Day,Prepaid,CR019,Van,1.22,1.16,1.22,1068647,32490,18332,2,0,0,,35.0,16,0,0,,1,1,Missed Cut-Off,0,,53.57,4.74,9.24,ST06_Bandung,First Mile Delay
SHPM003165,AWB260003165,2026-03-15 06:53:04.933338,2026-03-15 07:19:04.933338,2026-03-15 07:36:04.933338,2026-03-15 12:46:57.623114,2026-03-15 13:30:57.623114,2026-03-15 14:02:57.623114,2026-03-15 15:55:24.739675,2026-03-15 21:35:28.222299,2026-03-16 06:44:30.061094,2026-03-16 13:00:34.450339,2026-03-16 17:53:29.500522,2026-03-18 06:53:04.933338,Delivered,Closed,SHP034,Shipper 034,Enterprise,Jabodetabek,ST03_JKT_East,HB01_JKT_GATEWAY,East Java,ST12_Surabaya,HB03_SBY_GATEWAY,Inter-Region,Regular,Prepaid,CR025,Van,1.86,1.97,1.97,2513268,20865,11709,8,1,0,,44.0,72,1,0,,1,0,,0,,35.01,1.87,9.15,ST12_Surabaya,
SHPM003166,AWB260003166,2026-02-24 04:54:10.242280,2026-02-24 05:36:10.242280,2026-02-24 06:29:10.242280,2026-02-24 10:08:06.178428,2026-02-24 10:16:06.178428,2026-02-24 11:12:06.178428,2026-02-24 12:40:36.695865,2026-02-24 16:37:55.004656,2026-02-25 00:31:58.601180,2026-02-25 11:34:02.498256,2026-02-25 16:16:22.252376,2026-02-27 04:54:10.242280,Delivered,Closed,SHP014,Shipper 014,Enterprise,Jabodetabek,ST05_Tangerang,HB01_JKT_GATEWAY,Central Java,ST09_Semarang,HB04_CTG_NATIONAL,Inter-Region,Regular,Prepaid,CR049,Bike,1.24,1.54,1.54,353040,18930,15005,8,1,0,,8.0,72,1,0,,1,0,,0,,35.37,1.48,7.9,ST09_Semarang,
SHPM003167,AWB260003167,2026-03-01 23:39:55.049189,2026-03-01 23:56:55.049189,2026-03-02 00:33:55.049189,2026-03-02 06:19:48.942542,2026-03-02 07:05:48.942542,2026-03-02 08:09:48.942542,2026-03-02 10:26:31.990610,2026-03-02 17:51:22.444146,2026-03-03 04:36:48.820992,2026-03-03 12:17:40.120816,2026-03-03 23:05:20.630686,2026-03-04 23:39:55.049189,Delivered,Closed,SHP022,Shipper 022,Marketplace,Central Java,ST11_Yogyakarta,HB04_CTG_NATIONAL,Jabodetabek,ST02_JKT_West,HB01_JKT_GATEWAY,Inter-Region,Regular,Prepaid,CR100,Van,0.84,0.83,0.84,1367297,15780,9305,8,1,0,,46.0,72,1,0,,1,0,,0,,47.42,2.28,10.76,ST02_JKT_West,
SHPM003168,AWB260003168,2026-02-28 06:30:53.239434,2026-02-28 07:03:53.239434,2026-02-28 07:24:53.239434,2026-02-28 08:33:13.443978,2026-02-28 08:58:13.443978,2026-02-28 09:23:13.443978,2026-02-28 15:22:57.563862,2026-02-28 22:21:44.508258,2026-03-01 05:43:39.616182,2026-03-01 11:03:05.912551,2026-03-01 15:10:18.276773,2026-02-28 22:30:53.239434,Delivered,Closed,SHP008,Shipper 008,SME,Outer Java,ST16_Palembang,HB05_SUMATRA_GATEWAY,East Java,ST14_Kediri,HB03_SBY_GATEWAY,Inter-Region,Same Day,Prepaid,CR152,Bike,2.14,2.16,2.16,1010581,36720,27739,2,1,0,,25.0,16,0,0,,1,0,,0,,32.66,6.0,7.37,ST14_Kediri,Last Mile Delay
SHPM003169,AWB260003169,2026-02-15 12:04:35.076943,2026-02-15 12:18:35.076943,2026-02-15 12:49:35.076943,2026-02-15 13:57:30.282361,2026-02-15 14:33:30.282361,2026-02-15 15:23:30.282361,2026-02-15 21:06:31.285597,2026-02-16 02:52:10.909671,2026-02-16 08:19:24.004087,2026-02-16 17:28:10.701500,2026-02-16 20:49:13.509434,2026-02-16 04:04:35.076943,Delivered,Closed,SHP036,Shipper 036,Marketplace,West Java,ST08_Bogor,HB01_JKT_GATEWAY,Jabodetabek,ST03_JKT_East,HB01_JKT_GATEWAY,Inter-Region,Same Day,Prepaid,CR077,Bike,1.8,1.94,1.94,1702450,35730,32188,2,1,0,,36.0,16,0,0,,1,0,,0,,32.74,5.72,5.45,ST03_JKT_East,Last Mile Delay
SHPM003170,AWB260003170,2026-02-22 12:11:11.536479,2026-02-22 12:23:11.536479,2026-02-22 12:57:11.536479,2026-02-22 14:07:58.343160,2026-02-22 14:35:58.343160,2026-02-22 15:18:58.343160,2026-02-22 21:18:07.058495,2026-02-23 01:01:18.266889,2026-02-23 06:19:15.398122,2026-02-23 20:04:55.641401,2026-02-24 06:06:07.835712,2026-02-24 00:11:11.536479,Delivered,Closed,SHP053,Shipper 053,Marketplace,Jabodetabek,ST05_Tangerang,HB01_JKT_GATEWAY,West Java,ST06_Bandung,HB01_JKT_GATEWAY,Inter-Region,Next Day,COD,CR044,Bike,0.79,0.76,0.79,501682,27555,24784,4,1,0,,28.0,36,0,0,,1,0,,0,,41.92,5.99,5.3,ST06_Bandung,Last Mile Delay
SHPM003171,AWB260003171,2026-03-18 09:13:07.499343,2026-03-18 09:39:07.499343,2026-03-18 10:22:07.499343,2026-03-18 13:30:10.825395,2026-03-18 13:54:10.825395,2026-03-18 14:34:10.825395,2026-03-18 16:12:11.966454,2026-03-18 18:36:33.544535,2026-03-19 08:22:56.179268,2026-03-20 01:46:05.731913,2026-03-20 04:43:29.348977,2026-03-19 21:13:07.499343,Delivered,Closed,SHP034,Shipper 034,Enterprise,Jabodetabek,ST01_JKT_Central,HB01_JKT_GATEWAY,Outer Java,ST17_Makassar,HB06_EASTERN_GATEWAY,Inter-Region,Next Day,Prepaid,CR010,Bike,1.25,1.2,1.25,1273953,25625,24117,4,1,0,,24.0,36,0,0,,1,0,,0,,43.51,1.63,13.77,ST17_Makassar,Hub Bottleneck
SHPM003172,AWB260003172,2026-03-12 20:56:10.395915,2026-03-12 21:13:10.395915,2026-03-12 21:38:10.395915,2026-03-13 04:59:40.678470,2026-03-13 06:16:40.678470,2026-03-13 07:50:40.678470,2026-03-13 12:24:23.395891,2026-03-13 16:49:53.440501,2026-03-13 20:19:07.115641,2026-03-14 08:46:43.741610,,2026-03-15 20:56:10.395915,Delivery Exception,Exception,SHP002,Shipper 002,Enterprise,Jabodetabek,ST03_JKT_East,HB01_JKT_GATEWAY,West Java,ST07_Cirebon,HB02_BDG_TRANSIT,Inter-Region,Regular,COD,CR024,Van,3.35,3.59,3.59,952474,32155,23656,8,1,0,,77.0,72,0,1,Customer Not Home,1,0,,0,,591.06,4.56,3.49,ST07_Cirebon,Delivery Exception
SHPM003173,AWB260003173,2026-03-11 10:05:31.353732,2026-03-11 10:21:31.353732,2026-03-11 10:48:31.353732,2026-03-11 12:23:16.762875,2026-03-11 13:12:16.762875,2026-03-11 14:09:16.762875,2026-03-11 19:35:05.576183,2026-03-12 01:46:07.575146,2026-03-12 07:23:23.218442,2026-03-12 18:22:59.080880,2026-03-12 21:01:34.158559,2026-03-12 22:05:31.353732,Delivered,Closed,SHP043,Shipper 043,Marketplace,Central Java,ST10_Solo,HB04_CTG_NATIONAL,Outer Java,ST16_Palembang,HB05_SUMATRA_GATEWAY,Inter-Region,Next Day,Prepaid,CR095,Van,1.34,1.92,1.92,139966,28640,22994,4,1,0,,49.0,36,1,0,,1,0,,0,,34.93,5.43,5.62,ST16_Palembang,
SHPM003174,AWB260003174,2026-03-07 07:04:05.011559,2026-03-07 07:27:05.011559,2026-03-07 08:10:05.011559,2026-03-07 11:01:32.460264,2026-03-07 11:45:32.460264,2026-03-07 12:03:32.460264,2026-03-07 16:28:55.449801,2026-03-07 22:10:44.116576,2026-03-08 08:29:55.494975,2026-03-08 20:13:24.786214,2026-03-09 13:19:05.550128,2026-03-10 07:04:05.011559,Delivered,Closed,SHP013,Shipper 013,SME,Jabodetabek,ST04_Bekasi,HB01_JKT_GATEWAY,Central Java,ST10_Solo,HB04_CTG_NATIONAL,Inter-Region,Regular,Prepaid,CR040,Truck,0.94,0.93,0.94,423018,16230,9589,8,1,0,,44.0,72,1,0,,1,0,,0,,54.25,4.42,10.32,ST10_Solo,
SHPM003175,AWB260003175,2026-02-19 22:11:14.050855,2026-02-19 22:19:14.050855,2026-02-19 22:53:14.050855,2026-02-20 00:00:02.948781,2026-02-20 00:33:02.948781,2026-02-20 00:52:02.948781,2026-02-20 05:41:35.186906,2026-02-20 11:55:03.399623,2026-02-21 02:15:17.242628,2026-02-21 17:46:48.778638,2026-02-22 09:29:40.431062,2026-02-21 10:11:14.050855,Delivered,Closed,SHP070,Shipper 070,Enterprise,Jabodetabek,ST04_Bekasi,HB01_JKT_GATEWAY,Outer Java,ST19_Denpasar,HB06_EASTERN_GATEWAY,Inter-Region,Next Day,Prepaid,CR033,Van,4.71,4.41,4.71,2076321,41195,38290,4,1,0,,33.0,36,0,0,,1,0,,0,,59.31,4.83,14.34,ST19_Denpasar,Hub Bottleneck
SHPM003176,AWB260003176,2026-02-22 02:30:05.862751,2026-02-22 03:00:05.862751,2026-02-22 03:18:05.862751,2026-02-22 05:09:55.414943,2026-02-22 06:04:55.414943,2026-02-22 07:28:55.414943,2026-02-22 09:43:15.512012,2026-02-22 14:57:28.954801,2026-02-22 18:14:36.793435,2026-02-23 07:05:01.249230,2026-02-23 09:46:39.212098,2026-02-23 14:30:05.862751,Delivered,Closed,SHP087,Shipper 087,Enterprise,Jabodetabek,ST02_JKT_West,HB01_JKT_GATEWAY,West Java,ST07_Cirebon,HB02_BDG_TRANSIT,Inter-Region,Next Day,Prepaid,CR017,Bike,1.9,3.01,3.01,1873268,33545,30939,4,1,0,,55.0,36,1,0,,1,0,,0,,31.28,2.24,3.29,ST07_Cirebon,
SHPM003177,AWB260003177,2026-03-12 14:31:33.484315,2026-03-12 14:52:33.484315,2026-03-12 15:45:33.484315,2026-03-12 15:48:49.208965,2026-03-12 16:21:49.208965,2026-03-12 18:01:49.208965,2026-03-12 19:45:14.124924,2026-03-12 22:19:59.581936,2026-03-13 01:41:09.796199,2026-03-13 18:21:37.675736,2026-03-13 19:36:20.394131,2026-03-13 06:31:33.484315,Delivered,Closed,SHP023,Shipper 023,Enterprise,West Java,ST07_Cirebon,HB02_BDG_TRANSIT,Jabodetabek,ST05_Tangerang,HB01_JKT_GATEWAY,Inter-Region,Same Day,Prepaid,CR067,Bike,1.49,1.53,1.53,465717,33885,27898,2,1,0,,33.0,16,0,0,,1,0,,0,,29.08,1.72,3.35,ST05_Tangerang,Last Mile Delay
SHPM003178,AWB260003178,2026-03-19 23:22:37.561673,2026-03-19 23:35:37.561673,2026-03-19 23:56:37.561673,2026-03-20 05:06:51.678614,2026-03-20 05:41:51.678614,2026-03-20 06:44:51.678614,2026-03-20 11:46:07.360697,2026-03-20 18:18:12.402918,2026-03-21 18:24:00.570447,2026-03-22 01:15:55.420558,2026-03-22 09:35:18.428063,2026-03-22 23:22:37.561673,Delivered,Closed,SHP046,Shipper 046,SME,East Java,ST14_Kediri,HB03_SBY_GATEWAY,Jabodetabek,ST04_Bekasi,HB01_JKT_GATEWAY,Inter-Region,Regular,Prepaid,CR129,Van,0.77,0.75,0.77,1912357,15465,10380,8,1,0,,35.0,72,1,0,,1,0,,0,,58.21,5.02,24.1,ST04_Bekasi,
SHPM003179,AWB260003179,2026-03-08 14:50:31.773610,2026-03-08 15:30:31.773610,2026-03-08 16:06:31.773610,2026-03-08 17:06:28.111010,2026-03-08 17:50:28.111010,2026-03-08 18:50:28.111010,2026-03-09 00:39:28.002634,2026-03-09 03:03:36.603300,2026-03-09 10:16:02.343849,2026-03-09 20:03:09.130534,2026-03-10 01:24:49.833384,2026-03-09 06:50:31.773610,Delivered,Closed,SHP072,Shipper 072,Enterprise,Outer Java,ST15_Medan,HB05_SUMATRA_GATEWAY,East Java,ST13_Malang,HB03_SBY_GATEWAY,Inter-Region,Same Day,Prepaid,CR141,Bike,1.17,1.08,1.17,767817,32265,18545,2,1,0,,44.0,16,0,0,,1,0,,0,,34.57,5.82,7.21,ST13_Malang,Last Mile Delay
SHPM003180,AWB260003180,2026-03-24 12:52:57.522859,2026-03-24 12:57:57.522859,2026-03-24 13:48:57.522859,2026-03-25 01:04:17.134717,2026-03-25 01:54:17.134717,2026-03-25 03:18:17.134717,2026-03-25 08:02:36.678392,2026-03-25 12:16:28.753961,2026-03-25 14:07:28.789170,2026-03-26 02:35:27.019406,2026-03-26 09:03:47.622444,2026-03-27 12:52:57.522859,Delivered,Closed,SHP040,Shipper 040,Marketplace,West Java,ST07_Cirebon,HB02_BDG_TRANSIT,East Java,ST12_Surabaya,HB03_SBY_GATEWAY,Inter-Region,Regular,Prepaid,CR075,Bike,0.72,0.74,0.74,1263147,15330,14556,8,0,0,,50.0,72,1,0,,1,0,,0,,44.18,4.74,1.85,ST12_Surabaya,
SHPM003181,AWB260003181,2026-03-09 06:37:58.752542,2026-03-09 06:52:58.752542,2026-03-09 07:08:58.752542,2026-03-09 14:40:47.120149,2026-03-09 15:16:47.120149,2026-03-09 16:04:47.120149,2026-03-09 21:29:48.966135,2026-03-10 05:01:24.186189,2026-03-10 12:33:14.821040,2026-03-10 19:51:59.027040,2026-03-11 04:55:12.527333,2026-03-12 06:37:58.752542,Delivered,Closed,SHP098,Shipper 098,Marketplace,Outer Java,ST17_Makassar,HB06_EASTERN_GATEWAY,East Java,ST12_Surabaya,HB03_SBY_GATEWAY,Inter-Region,Regular,COD,CR162,Bike,0.33,0.56,0.56,941681,18520,14082,8,1,0,,36.0,72,1,0,,1,0,,0,,46.29,5.42,7.53,ST12_Surabaya,
SHPM003182,AWB260003182,2026-02-28 06:55:59.697510,2026-02-28 07:09:59.697510,2026-02-28 07:38:59.697510,2026-02-28 08:47:09.205000,2026-02-28 08:56:09.205000,2026-02-28 10:31:09.205000,2026-02-28 15:13:02.856550,2026-02-28 19:52:53.419733,2026-03-01 06:26:39.399885,2026-03-01 14:43:51.550186,2026-03-01 23:20:05.780664,2026-03-01 18:55:59.697510,Delivered,Closed,SHP039,Shipper 039,Marketplace,Central Java,ST10_Solo,HB04_CTG_NATIONAL,East Java,ST12_Surabaya,HB03_SBY_GATEWAY,Inter-Region,Next Day,Prepaid,CR095,Van,1.99,3.01,3.01,445948,33545,29113,4,1,0,,9.0,36,0,0,,1,0,,0,,40.4,4.7,10.56,ST12_Surabaya,Hub Bottleneck
SHPM003183,AWB260003183,2026-03-25 19:27:21.024100,2026-03-25 19:32:21.024100,2026-03-25 20:15:21.024100,2026-03-26 01:20:52.081788,2026-03-26 02:11:52.081788,2026-03-26 03:24:52.081788,2026-03-26 06:12:41.835169,2026-03-26 08:25:03.432073,2026-03-26 19:25:15.817409,2026-03-27 11:58:34.631389,2026-03-28 02:08:46.432327,2026-03-28 19:27:21.024100,Delivered,Closed,SHP040,Shipper 040,Marketplace,West Java,ST07_Cirebon,HB02_BDG_TRANSIT,East Java,ST13_Malang,HB03_SBY_GATEWAY,Inter-Region,Regular,Prepaid,CR072,Bike,1.21,1.64,1.64,1472414,19380,11853,8,1,0,,51.0,72,1,0,,1,0,,0,,54.69,2.8,11.0,ST13_Malang,
SHPM003184,AWB260003184,2026-03-26 11:23:29.580168,2026-03-26 11:32:29.580168,2026-03-26 11:46:29.580168,2026-03-26 19:59:12.080886,2026-03-26 20:30:12.080886,2026-03-26 22:04:12.080886,2026-03-27 01:51:51.578568,2026-03-27 07:33:18.367764,2026-03-27 16:05:31.614953,2026-03-28 00:44:06.270599,2026-03-28 10:26:07.199228,2026-03-29 11:23:29.580168,Delivered,Closed,SHP002,Shipper 002,Enterprise,Jabodetabek,ST05_Tangerang,HB01_JKT_GATEWAY,East Java,ST14_Kediri,HB03_SBY_GATEWAY,Inter-Region,Regular,Prepaid,CR050,Truck,1.86,1.85,1.86,1088039,20370,13202,8,0,0,,31.0,72,1,0,,1,0,,0,,47.04,3.79,8.54,ST14_Kediri,
SHPM003185,AWB260003185,2026-02-20 19:06:17.992941,2026-02-20 19:43:17.992941,2026-02-20 20:03:17.992941,2026-02-20 20:57:07.973819,2026-02-20 21:23:07.973819,2026-02-20 22:35:07.973819,2026-02-21 00:04:24.279640,2026-02-21 08:15:03.538082,2026-02-21 14:23:34.766959,2026-02-22 03:49:19.806126,2026-02-22 12:16:46.472384,2026-02-22 07:06:17.992941,Delivered,Closed,SHP076,Shipper 076,Enterprise,West Java,ST06_Bandung,HB01_JKT_GATEWAY,Jabodetabek,ST03_JKT_East,HB01_JKT_GATEWAY,Inter-Region,Next Day,COD,CR062,Bike,0.52,0.55,0.55,1116885,26475,21128,4,1,0,,26.0,36,0,0,,1,0,,0,,41.17,1.49,6.14,ST03_JKT_East,Last Mile Delay
SHPM003186,AWB260003186,2026-03-13 08:01:49.911212,2026-03-13 08:07:49.911212,2026-03-13 08:30:49.911212,2026-03-13 09:29:31.797812,2026-03-13 10:01:31.797812,2026-03-13 10:58:31.797812,2026-03-13 14:20:13.061298,2026-03-13 17:39:34.896216,2026-03-13 23:28:20.242384,2026-03-14 11:00:44.051395,2026-03-14 15:42:51.071284,2026-03-14 20:01:49.911212,Delivered,Closed,SHP071,Shipper 071,Enterprise,Jabodetabek,ST04_Bekasi,HB01_JKT_GATEWAY,Central Java,ST10_Solo,HB04_CTG_NATIONAL,Inter-Region,Next Day,Prepaid,CR034,Van,2.3,2.39,2.39,1201541,30755,23606,4,1,0,,32.0,36,1,0,,1,0,,0,,31.68,3.36,5.81,ST10_Solo,
SHPM003187,AWB260003187,2026-03-30 19:23:00.545859,2026-03-30 19:55:00.545859,2026-03-30 20:01:00.545859,2026-03-31 04:13:07.580231,2026-03-31 05:04:07.580231,2026-03-31 05:20:07.580231,2026-03-31 09:01:19.225776,2026-03-31 10:50:19.615221,2026-03-31 19:35:11.016865,2026-04-01 00:36:51.021667,2026-04-01 04:44:18.024772,2026-04-01 19:23:00.545859,Delivered,Closed,SHP084,Shipper 084,Enterprise,Central Java,ST10_Solo,HB04_CTG_NATIONAL,Central Java,ST10_Solo,HB04_CTG_NATIONAL,Intra-Region,Regular,Prepaid,CR092,Bike,1.21,1.97,1.97,2336857,20865,13633,8,0,0,,51.0,48,1,0,,1,0,,0,,33.35,3.69,8.75,ST10_Solo,
SHPM003188,AWB260003188,2026-03-05 06:45:15.129318,2026-03-05 07:12:15.129318,2026-03-05 07:31:15.129318,2026-03-05 08:18:21.153615,2026-03-05 08:38:21.153615,2026-03-05 10:13:21.153615,2026-03-05 13:00:25.173639,2026-03-05 22:33:10.831621,2026-03-06 03:39:40.080371,2026-03-06 10:01:48.215809,2026-03-06 18:03:23.280341,2026-03-06 18:45:15.129318,Delivered,Closed,SHP098,Shipper 098,Marketplace,Outer Java,ST16_Palembang,HB05_SUMATRA_GATEWAY,Jabodetabek,ST04_Bekasi,HB01_JKT_GATEWAY,Inter-Region,Next Day,Prepaid,CR147,Bike,2.75,2.55,2.75,405714,32375,19978,4,1,0,,20.0,36,1,0,,1,0,,0,,35.3,2.78,5.11,ST04_Bekasi,
SHPM003189,AWB260003189,2026-03-12 13:37:05.069094,2026-03-12 14:14:05.069094,2026-03-12 15:03:05.069094,2026-03-12 19:35:27.427971,2026-03-12 20:31:27.427971,2026-03-12 20:51:27.427971,2026-03-12 23:41:13.707368,2026-03-13 03:24:11.183212,2026-03-13 10:33:04.838825,2026-03-14 03:34:01.025802,2026-03-14 16:59:38.141790,2026-03-15 13:37:05.069094,Delivered,Closed,SHP014,Shipper 014,Enterprise,Jabodetabek,ST05_Tangerang,HB01_JKT_GATEWAY,Outer Java,ST20_Banjarmasin,HB06_EASTERN_GATEWAY,Inter-Region,Regular,COD,CR054,Bike,2.14,2.2,2.2,1149373,25900,16177,8,1,0,,56.0,72,1,0,,1,0,,0,,51.38,2.83,7.15,ST20_Banjarmasin,
SHPM003190,AWB260003190,2026-03-30 00:24:32.122468,2026-03-30 00:30:32.122468,2026-03-30 00:37:32.122468,2026-03-30 01:50:30.946812,2026-03-30 02:32:30.946812,2026-03-30 03:03:30.946812,2026-03-30 05:26:44.863395,2026-03-30 06:46:56.791540,2026-03-30 17:29:34.883713,2026-03-31 01:13:18.824186,2026-03-31 02:14:47.820803,2026-03-30 10:24:32.122468,Delivered,Closed,SHP034,Shipper 034,Enterprise,Jabodetabek,ST01_JKT_Central,HB01_JKT_GATEWAY,Jabodetabek,ST04_Bekasi,HB01_JKT_GATEWAY,Intra-Region,Same Day,COD,CR001,Bike,2.06,2.17,2.17,894512,40765,29806,2,1,0,,42.0,10,0,0,,1,0,,0,,25.84,2.39,10.71,ST04_Bekasi,Hub Bottleneck
SHPM003191,AWB260003191,2026-03-11 20:49:59.920463,2026-03-11 20:55:59.920463,2026-03-11 21:32:59.920463,2026-03-11 21:42:07.004065,2026-03-11 22:36:07.004065,2026-03-11 23:01:07.004065,2026-03-12 04:21:41.586189,2026-03-12 10:10:09.802606,2026-03-12 15:39:04.099084,2026-03-12 23:58:53.075471,,2026-03-12 12:49:59.920463,Delivery Exception,Exception,SHP057,Shipper 057,SME,Central Java,ST09_Semarang,HB04_CTG_NATIONAL,Jabodetabek,ST03_JKT_East,HB01_JKT_GATEWAY,Inter-Region,Same Day,Prepaid,CR086,Van,0.81,0.88,0.88,455834,30960,21660,2,1,0,,54.0,16,0,1,Customer Not Home,2,0,,0,,615.17,5.34,5.48,ST03_JKT_East,Delivery Exception
SHPM003192,AWB260003192,2026-03-27 13:41:00.963956,2026-03-27 14:05:00.963956,2026-03-27 14:15:00.963956,,,,,,,,,2026-03-29 13:41:00.963956,Failed Pickup,Exception,SHP011,Shipper 011,Enterprise,Jabodetabek,ST03_JKT_East,HB01_JKT_GATEWAY,Jabodetabek,ST05_Tangerang,HB01_JKT_GATEWAY,Intra-Region,Regular,Prepaid,CR019,Truck,0.87,0.91,0.91,489860,16095,9812,8,0,1,Capacity Full,,48,0,0,,0,0,,0,,238.32,,,ST03_JKT_East,
SHPM003193,AWB260003193,2026-02-23 08:29:17.452962,2026-02-23 08:59:17.452962,2026-02-23 09:35:17.452962,2026-02-23 17:52:49.280564,2026-02-23 18:33:49.280564,2026-02-23 18:54:49.280564,2026-02-23 20:22:11.712210,2026-02-23 23:06:01.634570,2026-02-24 07:08:36.601599,2026-02-24 22:21:48.930322,2026-02-25 10:26:23.249643,2026-02-26 08:29:17.452962,Delivered,Closed,SHP076,Shipper 076,Enterprise,West Java,ST06_Bandung,HB01_JKT_GATEWAY,Central Java,ST10_Solo,HB04_CTG_NATIONAL,Inter-Region,Regular,Prepaid,CR063,Truck,0.51,0.52,0.52,1855935,14340,12013,8,0,0,,41.0,72,1,0,,1,0,,0,,49.95,1.46,8.04,ST10_Solo,
SHPM003194,AWB260003194,2026-02-19 17:15:32.612420,2026-02-19 17:49:32.612420,2026-02-19 18:37:32.612420,2026-02-19 19:46:57.479864,2026-02-19 20:56:57.479864,2026-02-19 22:43:57.479864,2026-02-20 00:27:13.139814,2026-02-20 04:34:49.971086,2026-02-20 18:33:29.795343,2026-02-21 00:13:10.504106,2026-02-21 03:27:55.165413,2026-02-20 09:15:32.612420,Delivered,Closed,SHP060,Shipper 060,Enterprise,East Java,ST12_Surabaya,HB03_SBY_GATEWAY,West Java,ST07_Cirebon,HB02_BDG_TRANSIT,Inter-Region,Same Day,Prepaid,CR109,Van,2.47,2.66,2.66,381812,38970,28420,2,1,0,,70.0,16,0,0,,1,0,,0,,34.21,1.72,13.98,ST07_Cirebon,Hub Bottleneck
SHPM003195,AWB260003195,2026-03-22 08:24:01.793409,2026-03-22 08:39:01.793409,2026-03-22 09:00:01.793409,,,,,,,,,2026-03-25 08:24:01.793409,Failed Pickup,Exception,SHP008,Shipper 008,SME,Outer Java,ST16_Palembang,HB05_SUMATRA_GATEWAY,Central Java,ST10_Solo,HB04_CTG_NATIONAL,Inter-Region,Regular,Prepaid,CR153,Truck,0.31,0.51,0.51,2045281,14295,13359,8,0,1,Shipper Closed,,72,0,0,,0,0,,0,,363.6,,,ST16_Palembang,
SHPM003196,AWB260003196,2026-03-04 20:56:52.130777,2026-03-04 21:30:52.130777,2026-03-04 22:15:52.130777,2026-03-05 00:10:41.970290,2026-03-05 01:01:41.970290,2026-03-05 02:04:41.970290,2026-03-05 03:48:36.776768,2026-03-05 08:12:56.077063,2026-03-05 13:30:17.738641,2026-03-06 03:32:40.173183,2026-03-06 15:34:27.321434,2026-03-07 20:56:52.130777,Delivered,Closed,SHP003,Shipper 003,Marketplace,Outer Java,ST15_Medan,HB05_SUMATRA_GATEWAY,West Java,ST07_Cirebon,HB02_BDG_TRANSIT,Inter-Region,Regular,Prepaid,CR139,Bike,1.24,1.3,1.3,744576,17850,14984,8,1,0,,51.0,72,1,0,,1,0,,0,,42.63,1.73,5.29,ST07_Cirebon,
SHPM003197,AWB260003197,2026-02-19 03:41:49.143857,2026-02-19 04:23:49.143857,2026-02-19 04:56:49.143857,2026-02-19 09:56:40.512749,2026-02-19 10:39:40.512749,2026-02-19 11:16:40.512749,2026-02-19 16:17:11.173157,2026-02-20 00:12:55.703442,2026-02-21 11:44:39.053261,2026-02-21 20:35:22.599247,2026-02-21 23:49:33.630371,2026-02-20 15:41:49.143857,Delivered,Closed,SHP031,Shipper 031,SME,East Java,ST12_Surabaya,HB03_SBY_GATEWAY,Outer Java,ST20_Banjarmasin,HB06_EASTERN_GATEWAY,Inter-Region,Next Day,Prepaid,CR108,Van,0.73,1.22,1.22,289748,25490,14691,4,0,0,,43.0,36,0,0,,1,0,,0,,68.13,5.01,35.53,ST20_Banjarmasin,First Mile Delay
SHPM003198,AWB260003198,2026-02-27 16:48:43.454714,2026-02-27 17:17:43.454714,2026-02-27 17:43:43.454714,2026-02-27 20:27:05.596566,2026-02-27 20:35:05.596566,2026-02-27 21:30:05.596566,2026-02-28 01:27:15.933107,2026-02-28 11:22:45.706509,2026-02-28 17:06:13.456939,2026-03-01 08:03:19.923624,,2026-03-02 16:48:43.454714,Damaged,Exception,SHP049,Shipper 049,Enterprise,Jabodetabek,ST05_Tangerang,HB01_JKT_GATEWAY,Central Java,ST10_Solo,HB04_CTG_NATIONAL,Inter-Region,Regular,Prepaid,CR050,Bike,0.49,0.52,0.52,1068070,14340,13413,8,1,0,,8.0,72,0,0,,1,1,Damaged,0,,907.19,3.95,5.72,HB01_JKT_GATEWAY,
SHPM003199,AWB260003199,2026-02-25 12:02:23.353243,2026-02-25 12:07:23.353243,2026-02-25 12:40:23.353243,2026-02-25 12:50:49.563695,2026-02-25 13:29:49.563695,2026-02-25 13:44:49.563695,2026-02-25 17:10:40.658873,2026-02-25 23:11:39.421094,2026-02-26 05:42:08.532973,2026-02-26 19:58:58.938169,2026-02-26 23:55:53.122823,2026-02-26 04:02:23.353243,Delivered,Closed,SHP077,Shipper 077,Marketplace,Outer Java,ST16_Palembang,HB05_SUMATRA_GATEWAY,Central Java,ST11_Yogyakarta,HB04_CTG_NATIONAL,Inter-Region,Same Day,Prepaid,CR146,Van,2.86,2.82,2.86,1299248,39870,25121,2,1,0,,39.0,16,0,0,,1,0,,0,,35.89,3.43,6.51,ST11_Yogyakarta,Last Mile Delay
SHPM003200,AWB260003200,2026-02-16 10:36:40.242568,2026-02-16 11:00:40.242568,2026-02-16 12:10:40.242568,2026-02-17 01:02:54.389881,2026-02-17 03:00:54.389881,2026-02-17 04:19:54.389881,2026-02-17 07:01:26.007375,2026-02-17 14:16:01.396299,2026-02-18 03:40:07.217013,2026-02-18 14:34:09.879611,2026-02-19 20:20:45.038647,2026-02-19 10:36:40.242568,Delivered,Closed,SHP019,Shipper 019,Marketplace,West Java,ST07_Cirebon,HB02_BDG_TRANSIT,Outer Java,ST15_Medan,HB05_SUMATRA_GATEWAY,Inter-Region,Regular,COD,CR073,Bike,1.78,2.27,2.27,396831,26215,20593,8,0,0,,118.0,72,0,0,,1,0,,0,,81.73,2.69,13.4,ST15_Medan,First Mile Delay
SHPM003201,AWB260003201,2026-03-11 17:33:00.589912,2026-03-11 17:40:00.589912,2026-03-11 18:27:00.589912,2026-03-11 21:12:30.429540,2026-03-11 21:24:30.429540,2026-03-11 22:46:30.429540,2026-03-12 02:49:17.787922,2026-03-12 07:18:28.118881,2026-03-12 15:09:13.406804,2026-03-13 04:39:50.171568,2026-03-13 12:43:12.989754,2026-03-13 05:33:00.589912,Delivered,Closed,SHP002,Shipper 002,Enterprise,Jabodetabek,ST01_JKT_Central,HB01_JKT_GATEWAY,Central Java,ST11_Yogyakarta,HB04_CTG_NATIONAL,Inter-Region,Next Day,Prepaid,CR007,Van,0.86,1.36,1.36,2071678,26120,19101,4,1,0,,12.0,36,0,0,,1,0,,0,,43.17,4.05,7.85,ST11_Yogyakarta,Last Mile Delay
SHPM003202,AWB260003202,2026-03-28 03:31:21.847181,2026-03-28 03:53:21.847181,2026-03-28 04:26:21.847181,2026-03-28 07:24:11.563877,2026-03-28 07:53:11.563877,2026-03-28 08:11:11.563877,2026-03-28 13:15:18.044211,2026-03-28 21:01:46.681127,2026-03-29 04:14:09.424000,2026-03-29 14:37:29.839096,2026-03-29 20:06:59.812406,2026-03-29 15:31:21.847181,Delivered,Closed,SHP023,Shipper 023,Enterprise,West Java,ST08_Bogor,HB01_JKT_GATEWAY,East Java,ST12_Surabaya,HB03_SBY_GATEWAY,Inter-Region,Next Day,COD,CR079,Bike,0.63,0.65,0.65,2437369,26925,15917,4,1,0,,29.0,36,0,0,,1,0,,0,,40.59,5.07,7.21,ST12_Surabaya,Last Mile Delay
SHPM003203,AWB260003203,2026-02-25 07:56:51.392508,2026-02-25 08:33:51.392508,2026-02-25 08:45:51.392508,2026-02-25 13:38:50.686224,2026-02-25 13:46:50.686224,2026-02-25 15:29:50.686224,2026-02-25 20:33:41.478986,2026-02-25 23:31:07.322446,2026-02-26 09:38:54.718203,2026-02-26 20:57:30.828881,2026-02-27 01:26:19.127166,2026-02-28 07:56:51.392508,Delivered,Closed,SHP063,Shipper 063,Enterprise,Jabodetabek,ST03_JKT_East,HB01_JKT_GATEWAY,Central Java,ST10_Solo,HB04_CTG_NATIONAL,Inter-Region,Regular,Prepaid,CR027,Van,1.06,0.98,1.06,87421,16770,12332,8,1,0,,8.0,72,1,0,,1,0,,0,,41.49,5.06,10.13,ST10_Solo,
SHPM003204,AWB260003204,2026-03-08 21:29:39.265781,2026-03-08 21:50:39.265781,2026-03-08 22:18:39.265781,2026-03-09 04:32:57.357234,2026-03-09 05:22:57.357234,2026-03-09 06:37:57.357234,2026-03-09 07:42:50.655428,2026-03-09 16:00:39.262980,2026-03-10 10:43:30.554972,2026-03-11 00:10:13.658398,,2026-03-11 21:29:39.265781,Delivery Exception,Exception,SHP031,Shipper 031,SME,East Java,ST13_Malang,HB03_SBY_GATEWAY,Outer Java,ST19_Denpasar,HB06_EASTERN_GATEWAY,Inter-Region,Regular,Prepaid,CR114,Van,5.28,5.59,5.59,1433089,37155,26110,8,1,0,,50.0,72,0,1,Customer Not Home,3,0,,0,,686.51,1.08,18.71,ST19_Denpasar,Hub Bottleneck
SHPM003205,AWB260003205,2026-02-23 09:25:57.197649,2026-02-23 10:07:57.197649,2026-02-23 10:29:57.197649,2026-02-23 15:26:03.141730,2026-02-23 16:11:03.141730,2026-02-23 17:15:03.141730,2026-02-23 21:27:50.303679,2026-02-24 01:09:58.279658,2026-02-24 10:32:06.417952,2026-02-24 21:19:36.372409,2026-02-25 07:30:57.552519,2026-02-26 09:25:57.197649,Delivered,Closed,SHP061,Shipper 061,Enterprise,Outer Java,ST17_Makassar,HB06_EASTERN_GATEWAY,West Java,ST08_Bogor,HB01_JKT_GATEWAY,Inter-Region,Regular,Prepaid,CR157,Van,1.27,1.22,1.27,1254638,17715,9967,8,1,0,,45.0,72,1,0,,1,0,,0,,46.08,4.21,9.37,ST08_Bogor,
SHPM003206,AWB260003206,2026-03-15 19:48:46.900432,2026-03-15 20:11:46.900432,2026-03-15 20:37:46.900432,2026-03-15 22:35:26.457185,2026-03-15 23:20:26.457185,2026-03-16 00:11:26.457185,2026-03-16 05:08:37.942394,2026-03-16 14:04:41.410361,2026-03-16 23:22:51.616870,2026-03-17 11:16:34.091788,2026-03-17 15:04:06.701058,2026-03-16 11:48:46.900432,Delivered,Closed,SHP090,Shipper 090,Enterprise,East Java,ST14_Kediri,HB03_SBY_GATEWAY,West Java,ST08_Bogor,HB01_JKT_GATEWAY,Inter-Region,Same Day,COD,CR133,Bike,1.09,1.37,1.37,611607,37165,34667,2,0,0,,45.0,16,0,0,,1,0,,0,,43.26,4.95,9.3,ST08_Bogor,First Mile Delay
SHPM003207,AWB260003207,2026-03-04 16:30:59.817520,2026-03-04 17:03:59.817520,2026-03-04 18:06:59.817520,2026-03-04 18:58:59.846037,2026-03-04 19:48:59.846037,2026-03-04 20:54:59.846037,2026-03-05 03:49:41.619180,2026-03-05 13:33:15.988385,2026-03-05 22:05:24.719898,2026-03-06 12:14:26.882634,2026-03-06 17:40:42.764453,2026-03-05 08:30:59.817520,Delivered,Closed,SHP066,Shipper 066,Marketplace,West Java,ST07_Cirebon,HB02_BDG_TRANSIT,Jabodetabek,ST03_JKT_East,HB01_JKT_GATEWAY,Inter-Region,Same Day,COD,CR065,Truck,1.11,1.1,1.11,416882,35995,30884,2,1,0,,50.0,16,0,0,,1,0,,0,,49.16,6.91,8.54,ST03_JKT_East,Last Mile Delay
SHPM003208,AWB260003208,2026-04-01 03:12:20.703112,2026-04-01 03:51:20.703112,2026-04-01 04:28:20.703112,2026-04-01 07:09:47.434481,2026-04-01 08:02:47.434481,2026-04-01 09:11:47.434481,2026-04-01 14:02:17.525070,2026-04-01 23:39:16.427418,2026-04-02 08:14:48.303993,2026-04-02 19:24:00.149122,2026-04-02 23:07:07.081501,2026-04-02 15:12:20.703112,Delivered,Closed,SHP061,Shipper 061,Enterprise,Outer Java,ST17_Makassar,HB06_EASTERN_GATEWAY,East Java,ST12_Surabaya,HB03_SBY_GATEWAY,Inter-Region,Next Day,Prepaid,CR161,Bike,1.69,1.65,1.69,2529935,27605,22897,4,1,0,,53.0,36,0,0,,1,0,,0,,43.91,4.84,8.59,ST12_Surabaya,Last Mile Delay
SHPM003209,AWB260003209,2026-03-08 01:14:07.029313,2026-03-08 01:22:07.029313,2026-03-08 02:16:07.029313,2026-03-08 13:32:22.417144,2026-03-08 14:32:22.417144,2026-03-08 15:55:22.417144,2026-03-08 20:08:14.786702,2026-03-09 02:36:27.124389,2026-03-10 16:54:42.002412,2026-03-11 06:20:07.500430,2026-03-12 02:42:57.191215,2026-03-11 01:14:07.029313,Delivered,Closed,SHP025,Shipper 025,Marketplace,East Java,ST12_Surabaya,HB03_SBY_GATEWAY,Outer Java,ST19_Denpasar,HB06_EASTERN_GATEWAY,Inter-Region,Regular,Prepaid,CR111,Van,4.22,4.29,4.29,1465688,31305,18643,8,0,0,,60.0,72,0,0,,1,0,,0,,97.48,4.21,38.3,ST19_Denpasar,First Mile Delay
SHPM003210,AWB260003210,2026-03-20 22:01:21.604705,2026-03-20 22:42:21.604705,2026-03-20 23:06:21.604705,2026-03-21 00:02:07.322122,2026-03-21 01:06:07.322122,2026-03-21 01:36:07.322122,2026-03-21 06:35:52.730152,2026-03-21 09:39:26.497921,2026-03-21 12:35:10.584995,2026-03-22 04:11:34.252356,2026-03-22 08:11:20.625580,2026-03-21 14:01:21.604705,Delivered,Closed,SHP035,Shipper 035,Enterprise,Jabodetabek,ST03_JKT_East,HB01_JKT_GATEWAY,East Java,ST12_Surabaya,HB03_SBY_GATEWAY,Inter-Region,Same Day,COD,CR022,Bike,0.94,0.98,0.98,2681778,35410,22987,2,1,0,,64.0,16,0,0,,1,0,,0,,34.17,5.0,2.93,ST12_Surabaya,Last Mile Delay
SHPM003211,AWB260003211,2026-03-15 06:23:36.719640,2026-03-15 06:48:36.719640,2026-03-15 07:32:36.719640,2026-03-15 08:55:20.865497,2026-03-15 09:44:20.865497,2026-03-15 11:04:20.865497,2026-03-15 13:30:23.100988,2026-03-15 21:12:50.052150,2026-03-16 08:12:46.998959,2026-03-16 20:34:14.220916,2026-03-17 06:32:16.705852,2026-03-16 18:23:36.719640,Delivered,Closed,SHP061,Shipper 061,Enterprise,Outer Java,ST18_Balikpapan,HB06_EASTERN_GATEWAY,East Java,ST12_Surabaya,HB03_SBY_GATEWAY,Inter-Region,Next Day,Prepaid,CR171,Bike,0.76,1.24,1.24,862824,25580,14951,4,1,0,,49.0,36,0,0,,1,0,,0,,48.14,2.43,11.0,ST12_Surabaya,Hub Bottleneck
SHPM003212,AWB260003212,2026-03-03 04:36:17.654290,2026-03-03 04:58:17.654290,2026-03-03 05:32:17.654290,2026-03-03 07:09:28.876181,2026-03-03 07:28:28.876181,2026-03-03 08:07:28.876181,2026-03-03 12:03:33.678027,2026-03-03 20:38:24.973146,2026-03-04 02:39:45.307004,2026-03-04 16:33:19.307581,2026-03-05 02:27:27.125864,2026-03-06 04:36:17.654290,Delivered,Closed,SHP026,Shipper 026,Marketplace,Outer Java,ST18_Balikpapan,HB06_EASTERN_GATEWAY,Jabodetabek,ST05_Tangerang,HB01_JKT_GATEWAY,Inter-Region,Regular,Prepaid,CR171,Van,0.74,0.72,0.74,317922,15330,12544,8,1,0,,19.0,72,1,0,,1,0,,0,,45.85,3.93,6.02,ST05_Tangerang,
SHPM003213,AWB260003213,2026-03-21 11:54:28.915153,2026-03-21 12:31:28.915153,2026-03-21 13:05:28.915153,2026-03-21 19:01:10.137295,2026-03-21 19:36:10.137295,2026-03-21 21:27:10.137295,2026-03-21 22:40:27.126929,2026-03-22 01:53:51.243616,2026-03-22 12:16:19.299578,2026-03-23 03:36:04.231806,2026-03-24 01:15:28.694125,2026-03-24 11:54:28.915153,Delivered,Closed,SHP065,Shipper 065,Marketplace,Jabodetabek,ST05_Tangerang,HB01_JKT_GATEWAY,Outer Java,ST16_Palembang,HB05_SUMATRA_GATEWAY,Inter-Region,Regular,COD,CR044,Bike,0.72,0.72,0.72,1592489,19240,15939,8,1,0,,35.0,72,1,0,,1,0,,0,,61.35,1.22,10.37,ST16_Palembang,
SHPM003214,AWB260003214,2026-03-06 12:49:14.648338,2026-03-06 13:31:14.648338,2026-03-06 14:30:14.648338,2026-03-06 19:26:39.358507,2026-03-06 20:22:39.358507,2026-03-06 21:09:39.358507,2026-03-07 01:08:16.637322,2026-03-07 03:31:21.574692,2026-03-07 16:39:28.608627,2026-03-08 06:21:42.635608,2026-03-08 10:52:25.498539,2026-03-08 00:49:14.648338,Delivered,Closed,SHP068,Shipper 068,Marketplace,East Java,ST12_Surabaya,HB03_SBY_GATEWAY,Jabodetabek,ST01_JKT_Central,HB01_JKT_GATEWAY,Inter-Region,Next Day,Prepaid,CR113,Bike,1.5,2.28,2.28,749572,30260,19957,4,0,0,,56.0,36,0,0,,1,0,,0,,46.05,3.98,13.14,ST01_JKT_Central,First Mile Delay
SHPM003215,AWB260003215,2026-03-05 03:05:09.980543,2026-03-05 03:39:09.980543,2026-03-05 04:37:09.980543,2026-03-05 07:34:51.093193,2026-03-05 08:30:51.093193,2026-03-05 10:04:51.093193,2026-03-05 17:40:47.772898,2026-03-06 03:07:44.440050,2026-03-06 10:34:40.047725,2026-03-06 18:07:14.016511,2026-03-06 22:28:40.796433,2026-03-05 19:05:09.980543,Delivered,Closed,SHP060,Shipper 060,Enterprise,East Java,ST12_Surabaya,HB03_SBY_GATEWAY,West Java,ST07_Cirebon,HB02_BDG_TRANSIT,Inter-Region,Same Day,Prepaid,CR108,Bike,2.23,2.33,2.33,950526,37485,33289,2,0,0,,56.0,16,0,0,,1,0,,0,,43.39,7.6,7.45,ST07_Cirebon,First Mile Delay
SHPM003216,AWB260003216,2026-03-03 12:03:06.938577,2026-03-03 12:08:06.938577,2026-03-03 12:27:06.938577,2026-03-03 15:38:53.873647,2026-03-03 16:17:53.873647,2026-03-03 17:07:53.873647,2026-03-03 22:41:38.286343,2026-03-04 06:54:03.160723,2026-03-04 15:44:36.984849,2026-03-05 06:07:22.758924,2026-03-05 11:06:39.083959,2026-03-05 00:03:06.938577,Delivered,Closed,SHP035,Shipper 035,Enterprise,Jabodetabek,ST04_Bekasi,HB01_JKT_GATEWAY,West Java,ST08_Bogor,HB01_JKT_GATEWAY,Inter-Region,Next Day,Prepaid,CR036,Van,0.85,0.83,0.85,1337603,23825,13422,4,1,0,,39.0,36,0,0,,1,0,,0,,47.06,5.56,8.84,ST08_Bogor,Last Mile Delay
SHPM003217,AWB260003217,2026-02-22 09:35:07.384759,2026-02-22 09:45:07.384759,2026-02-22 10:20:07.384759,2026-02-22 12:28:48.343004,2026-02-22 13:19:48.343004,2026-02-22 15:04:48.343004,2026-02-22 20:08:20.231506,2026-02-23 00:03:59.501229,2026-02-23 10:54:38.429242,2026-02-23 22:11:18.454364,,2026-02-23 21:35:07.384759,Return To Sender,RTS,SHP043,Shipper 043,Marketplace,Central Java,ST10_Solo,HB04_CTG_NATIONAL,Outer Java,ST18_Balikpapan,HB06_EASTERN_GATEWAY,Inter-Region,Next Day,Prepaid,CR093,Bike,1.02,1.67,1.67,627094,27515,25849,4,1,0,,51.0,36,0,1,Invalid Address,3,0,,1,Invalid Address,1034.41,5.06,10.84,ST18_Balikpapan,Hub Bottleneck
SHPM003218,AWB260003218,2026-03-07 12:59:57.210378,2026-03-07 13:08:57.210378,2026-03-07 13:33:57.210378,2026-03-07 17:04:52.272541,2026-03-07 17:57:52.272541,2026-03-07 18:23:52.272541,2026-03-07 19:27:05.230425,2026-03-08 00:53:49.679979,2026-03-08 07:05:39.650425,2026-03-08 16:52:39.677805,2026-03-09 00:07:23.361552,2026-03-09 00:59:57.210378,Delivered,Closed,SHP048,Shipper 048,Enterprise,Outer Java,ST19_Denpasar,HB06_EASTERN_GATEWAY,Jabodetabek,ST03_JKT_East,HB01_JKT_GATEWAY,Inter-Region,Next Day,Prepaid,CR180,Bike,4.49,4.59,4.59,703566,40655,34010,4,1,0,,53.0,36,1,0,,1,0,,0,,35.12,1.05,6.2,ST03_JKT_East,
SHPM003219,AWB260003219,2026-02-24 10:29:12.052681,2026-02-24 11:08:12.052681,2026-02-24 11:25:12.052681,2026-02-24 16:50:25.456612,2026-02-24 17:58:25.456612,2026-02-24 19:00:25.456612,2026-02-24 21:28:18.144195,2026-02-25 00:16:44.374537,2026-02-25 05:36:10.949873,2026-02-25 16:06:28.382691,2026-02-26 09:33:58.725633,2026-02-27 10:29:12.052681,Delivered,Closed,SHP058,Shipper 058,Enterprise,Jabodetabek,ST01_JKT_Central,HB01_JKT_GATEWAY,Central Java,ST11_Yogyakarta,HB04_CTG_NATIONAL,Inter-Region,Regular,Prepaid,CR004,Bike,3.24,3.56,3.56,1060925,28020,18987,8,1,0,,68.0,72,1,0,,1,0,,0,,47.08,2.46,5.32,ST11_Yogyakarta,
SHPM003220,AWB260003220,2026-02-27 13:18:53.417770,2026-02-27 13:37:53.417770,2026-02-27 13:59:53.417770,2026-02-27 20:31:23.477593,2026-02-27 21:32:23.477593,2026-02-27 22:56:23.477593,2026-02-28 01:50:10.775743,2026-02-28 06:33:44.712480,2026-02-28 08:28:55.704993,2026-02-28 17:29:22.198046,2026-03-01 04:28:10.780276,2026-03-02 13:18:53.417770,Delivered,Closed,SHP054,Shipper 054,Marketplace,West Java,ST06_Bandung,HB01_JKT_GATEWAY,Jabodetabek,ST05_Tangerang,HB01_JKT_GATEWAY,Inter-Region,Regular,COD,CR060,Bike,1.21,1.35,1.35,391048,22075,19766,8,1,0,,61.0,72,1,0,,1,0,,0,,39.15,2.9,1.92,ST05_Tangerang,
SHPM003221,AWB260003221,2026-03-24 20:37:45.019272,2026-03-24 20:45:45.019272,2026-03-24 21:27:45.019272,2026-03-25 02:32:02.003680,2026-03-25 03:40:02.003680,2026-03-25 04:25:02.003680,2026-03-25 08:00:23.399735,2026-03-25 12:52:24.568903,2026-03-25 22:50:06.236503,2026-03-26 02:10:15.952245,2026-03-26 14:41:41.388203,2026-03-26 20:37:45.019272,Delivered,Closed,SHP034,Shipper 034,Enterprise,Jabodetabek,ST01_JKT_Central,HB01_JKT_GATEWAY,Jabodetabek,ST03_JKT_East,HB01_JKT_GATEWAY,Intra-Region,Regular,Prepaid,CR006,Bike,2.5,2.65,2.65,1155399,23925,17368,8,1,0,,68.0,48,1,0,,1,0,,0,,42.07,3.59,9.96,ST03_JKT_East,
SHPM003222,AWB260003222,2026-02-16 14:09:53.809833,2026-02-16 14:52:53.809833,2026-02-16 14:58:53.809833,2026-02-16 21:29:55.642001,2026-02-16 22:23:55.642001,2026-02-16 23:34:55.642001,2026-02-17 03:15:17.278938,2026-02-17 12:27:19.736960,2026-02-17 22:40:27.676022,2026-02-18 12:48:15.925901,2026-02-18 17:40:47.714148,2026-02-19 14:09:53.809833,Delivered,Closed,SHP099,Shipper 099,SME,West Java,ST08_Bogor,HB01_JKT_GATEWAY,East Java,ST12_Surabaya,HB03_SBY_GATEWAY,Inter-Region,Regular,COD,CR082,Bike,1.11,1.08,1.11,387367,20995,16742,8,1,0,,54.0,72,1,0,,1,0,,0,,51.51,3.67,10.22,ST12_Surabaya,
SHPM003223,AWB260003223,2026-02-16 17:12:43.859211,2026-02-16 17:39:43.859211,2026-02-16 18:16:43.859211,2026-02-16 21:42:30.108713,2026-02-16 22:49:30.108713,2026-02-17 00:33:30.108713,2026-02-17 01:52:01.589787,2026-02-17 11:45:29.863395,2026-02-17 13:30:09.078557,2026-02-17 22:36:54.404479,2026-02-18 05:54:43.924490,2026-02-18 05:12:43.859211,Delivered,Closed,SHP080,Shipper 080,SME,Outer Java,ST19_Denpasar,HB06_EASTERN_GATEWAY,Jabodetabek,ST05_Tangerang,HB01_JKT_GATEWAY,Inter-Region,Next Day,COD,CR179,Van,1.44,1.87,1.87,2379115,32415,29353,4,0,0,,67.0,36,0,0,,1,0,,0,,36.7,1.31,1.74,ST05_Tangerang,First Mile Delay
SHPM003224,AWB260003224,2026-02-23 22:26:34.482543,2026-02-23 23:05:34.482543,2026-02-23 23:20:34.482543,2026-02-24 01:21:47.119411,2026-02-24 02:00:47.119411,2026-02-24 03:20:47.119411,2026-02-24 04:24:57.907313,2026-02-24 07:14:31.061403,2026-02-24 14:32:04.789755,2026-02-25 04:17:12.142681,2026-02-25 09:07:36.928713,2026-02-25 10:26:34.482543,Delivered,Closed,SHP057,Shipper 057,SME,Central Java,ST09_Semarang,HB04_CTG_NATIONAL,Jabodetabek,ST01_JKT_Central,HB01_JKT_GATEWAY,Inter-Region,Next Day,COD,CR089,Truck,1.88,1.77,1.88,596584,32460,25360,4,1,0,,39.0,36,1,0,,1,0,,0,,34.68,1.07,7.29,ST01_JKT_Central,
SHPM003225,AWB260003225,2026-03-19 11:16:14.527100,2026-03-19 11:52:14.527100,2026-03-19 12:16:14.527100,2026-03-19 17:58:18.139502,2026-03-19 19:12:18.139502,2026-03-19 20:12:18.139502,2026-03-19 22:02:45.550794,2026-03-20 02:30:01.002841,2026-03-20 20:48:05.925556,2026-03-21 06:41:04.944112,2026-03-22 04:55:51.378019,2026-03-22 11:16:14.527100,Delivered,Closed,SHP052,Shipper 052,Marketplace,Jabodetabek,ST04_Bekasi,HB01_JKT_GATEWAY,Outer Java,ST20_Banjarmasin,HB06_EASTERN_GATEWAY,Inter-Region,Regular,Prepaid,CR042,Bike,1.09,1.19,1.19,1644787,17355,15552,8,1,0,,74.0,72,1,0,,1,0,,0,,65.66,1.84,18.3,ST20_Banjarmasin,
SHPM003226,AWB260003226,2026-02-16 15:14:53.041366,2026-02-16 15:24:53.041366,2026-02-16 15:54:53.041366,2026-02-16 17:21:06.793904,2026-02-16 18:21:06.793904,2026-02-16 18:58:06.793904,2026-02-16 23:28:42.033181,2026-02-17 07:09:56.825735,2026-02-17 15:36:22.256253,2026-02-18 06:12:46.736900,2026-02-18 15:09:10.827274,2026-02-18 03:14:53.041366,Delivered,Closed,SHP029,Shipper 029,SME,Outer Java,ST18_Balikpapan,HB06_EASTERN_GATEWAY,West Java,ST08_Bogor,HB01_JKT_GATEWAY,Inter-Region,Next Day,Prepaid,CR173,Van,0.53,0.58,0.58,2200423,22610,17978,4,1,0,,60.0,36,0,0,,1,0,,0,,47.9,4.51,8.44,ST08_Bogor,Last Mile Delay
SHPM003227,AWB260003227,2026-04-01 00:22:08.091764,2026-04-01 00:54:08.091764,2026-04-01 01:08:08.091764,2026-04-01 02:44:10.019074,2026-04-01 03:49:10.019074,2026-04-01 04:05:10.019074,2026-04-01 07:26:46.846315,2026-04-01 17:22:48.225321,2026-04-02 02:27:53.641992,2026-04-02 13:05:10.993514,2026-04-02 15:57:52.871491,2026-04-01 16:22:08.091764,Delivered,Closed,SHP030,Shipper 030,Enterprise,Jabodetabek,ST05_Tangerang,HB01_JKT_GATEWAY,East Java,ST13_Malang,HB03_SBY_GATEWAY,Inter-Region,Same Day,Prepaid,CR047,Bike,0.5,0.47,0.5,446958,29250,16709,2,1,0,,65.0,16,0,0,,1,0,,0,,39.6,3.36,9.08,ST13_Malang,Last Mile Delay
SHPM003228,AWB260003228,2026-02-24 11:08:39.529093,2026-02-24 11:44:39.529093,2026-02-24 12:35:39.529093,2026-02-24 13:12:46.046753,2026-02-24 14:00:46.046753,2026-02-24 14:52:46.046753,2026-02-24 19:04:39.554886,2026-02-25 04:56:33.141915,2026-02-25 14:06:54.985542,2026-02-26 01:51:58.058278,2026-02-26 05:23:57.119206,2026-02-25 03:08:39.529093,Delivered,Closed,SHP062,Shipper 062,Enterprise,Jabodetabek,ST04_Bekasi,HB01_JKT_GATEWAY,Outer Java,ST17_Makassar,HB06_EASTERN_GATEWAY,Inter-Region,Same Day,Prepaid,CR042,Bike,0.54,0.8,0.8,1025192,30600,26540,2,1,0,,48.0,16,0,0,,1,0,,0,,42.25,4.2,9.17,ST17_Makassar,Remote Area
SHPM003229,AWB260003229,2026-03-04 23:39:43.006389,2026-03-04 23:49:43.006389,2026-03-05 00:15:43.006389,2026-03-05 02:29:59.565993,2026-03-05 02:55:59.565993,2026-03-05 03:14:59.565993,2026-03-05 06:17:33.060576,2026-03-05 14:44:47.136949,2026-03-06 00:24:42.489806,2026-03-06 15:41:55.686824,,2026-03-06 11:39:43.006389,Delivery Exception,Exception,SHP014,Shipper 014,Enterprise,Jabodetabek,ST05_Tangerang,HB01_JKT_GATEWAY,East Java,ST12_Surabaya,HB03_SBY_GATEWAY,Inter-Region,Next Day,Prepaid,CR051,Van,0.61,0.59,0.61,878673,22745,16374,4,1,0,,26.0,36,0,1,Remote Area Delay,2,0,,0,,780.34,3.04,9.67,ST12_Surabaya,Delivery Exception
SHPM003230,AWB260003230,2026-03-19 10:18:24.176200,2026-03-19 10:38:24.176200,2026-03-19 10:54:24.176200,2026-03-19 12:52:34.056025,2026-03-19 13:20:34.056025,2026-03-19 14:55:34.056025,2026-03-19 19:35:04.209257,2026-03-20 01:12:15.646622,2026-03-20 04:24:06.238309,2026-03-20 14:11:09.664350,2026-03-20 20:11:47.421149,2026-03-22 10:18:24.176200,Delivered,Closed,SHP072,Shipper 072,Enterprise,Outer Java,ST18_Balikpapan,HB06_EASTERN_GATEWAY,Central Java,ST10_Solo,HB04_CTG_NATIONAL,Inter-Region,Regular,Prepaid,CR171,Bike,6.07,6.14,6.14,324111,39630,34533,8,1,0,,28.0,72,1,0,,1,0,,0,,33.89,4.66,3.2,ST10_Solo,
SHPM003231,AWB260003231,2026-03-31 01:33:02.192395,2026-03-31 01:45:02.192395,2026-03-31 02:10:02.192395,2026-03-31 06:41:49.949826,2026-03-31 07:34:49.949826,2026-03-31 09:00:49.949826,2026-03-31 12:51:02.382719,2026-03-31 21:56:58.648902,2026-04-01 00:40:23.145726,2026-04-01 16:13:34.647517,2026-04-02 01:18:11.107428,2026-04-03 01:33:02.192395,Delivered,Closed,SHP002,Shipper 002,Enterprise,Jabodetabek,ST01_JKT_Central,HB01_JKT_GATEWAY,East Java,ST12_Surabaya,HB03_SBY_GATEWAY,Inter-Region,Regular,Prepaid,CR011,Truck,2.89,2.93,2.93,2185217,25185,23168,8,1,0,,53.0,72,1,0,,1,0,,0,,47.75,3.84,2.72,ST12_Surabaya,
SHPM003232,AWB260003232,2026-03-15 18:47:59.587436,2026-03-15 18:55:59.587436,2026-03-15 19:24:59.587436,2026-03-16 01:22:55.467384,2026-03-16 01:59:55.467384,2026-03-16 02:31:55.467384,2026-03-16 04:39:42.747331,2026-03-16 13:58:57.756731,2026-03-16 18:27:28.703976,2026-03-17 10:40:14.198002,2026-03-18 02:50:20.676962,2026-03-18 18:47:59.587436,Delivered,Closed,SHP087,Shipper 087,Enterprise,Jabodetabek,ST02_JKT_West,HB01_JKT_GATEWAY,Outer Java,ST17_Makassar,HB06_EASTERN_GATEWAY,Inter-Region,Regular,COD,CR015,Bike,1.7,2.31,2.31,619740,26395,16437,8,1,0,,37.0,72,1,0,,1,0,,0,,56.04,2.13,4.48,ST17_Makassar,
SHPM003233,AWB260003233,2026-03-13 06:49:58.531148,2026-03-13 07:26:58.531148,2026-03-13 08:25:58.531148,2026-03-13 13:41:41.476151,2026-03-13 15:06:41.476151,2026-03-13 16:21:41.476151,2026-03-14 01:09:47.407887,2026-03-14 04:56:19.934899,2026-03-14 17:34:46.191259,2026-03-16 00:12:42.922784,2026-03-16 15:58:58.494830,2026-03-15 06:49:58.531148,Delivered,Closed,SHP010,Shipper 010,Enterprise,East Java,ST12_Surabaya,HB03_SBY_GATEWAY,East Java,ST12_Surabaya,HB03_SBY_GATEWAY,Intra-Region,Regular,Prepaid,CR111,Bike,2.39,2.28,2.39,529547,22755,19232,8,1,0,,85.0,48,0,0,,1,1,Missed Cut-Off,0,,81.15,8.8,12.64,ST12_Surabaya,Hub Bottleneck
SHPM003234,AWB260003234,2026-03-22 20:09:40.229401,2026-03-22 20:35:40.229401,2026-03-22 21:09:40.229401,2026-03-23 03:00:57.320092,2026-03-23 03:38:57.320092,2026-03-23 04:14:57.320092,2026-03-23 05:41:04.988709,2026-03-23 09:58:24.269890,2026-03-23 16:05:29.299259,2026-03-24 00:39:29.793056,2026-03-24 06:23:24.676562,2026-03-25 20:09:40.229401,Delivered,Closed,SHP043,Shipper 043,Marketplace,Central Java,ST09_Semarang,HB04_CTG_NATIONAL,Outer Java,ST16_Palembang,HB05_SUMATRA_GATEWAY,Inter-Region,Regular,Prepaid,CR089,Bike,1.43,1.98,1.98,2004164,20910,13512,8,1,0,,38.0,72,1,0,,1,0,,0,,34.23,1.44,6.12,ST16_Palembang,
SHPM003235,AWB260003235,2026-03-12 03:51:02.655655,2026-03-12 04:14:02.655655,2026-03-12 05:29:02.655655,2026-03-13 00:55:39.589557,2026-03-13 01:58:39.589557,2026-03-13 03:37:39.589557,2026-03-13 09:16:03.595290,2026-03-13 13:15:52.766391,2026-03-13 15:21:09.750084,2026-03-14 03:25:37.863136,2026-03-14 16:34:11.562807,2026-03-15 03:51:02.655655,Delivered,Closed,SHP018,Shipper 018,Enterprise,West Java,ST07_Cirebon,HB02_BDG_TRANSIT,Central Java,ST10_Solo,HB04_CTG_NATIONAL,Inter-Region,Regular,Prepaid,CR074,Bike,1.86,2.03,2.03,919193,21135,12131,8,0,0,,63.0,72,1,0,,1,0,,0,,60.72,5.64,2.09,ST10_Solo,
SHPM003236,AWB260003236,2026-03-10 08:30:46.046895,2026-03-10 08:55:46.046895,2026-03-10 09:28:46.046895,2026-03-10 12:32:13.213096,2026-03-10 12:40:13.213096,2026-03-10 13:55:13.213096,2026-03-10 14:59:47.865715,2026-03-10 22:27:17.471639,2026-03-11 14:32:18.370004,2026-03-12 00:59:22.931008,,2026-03-11 20:30:46.046895,Delivery Exception,Exception,SHP084,Shipper 084,Enterprise,Central Java,ST10_Solo,HB04_CTG_NATIONAL,Outer Java,ST16_Palembang,HB05_SUMATRA_GATEWAY,Inter-Region,Next Day,COD,CR095,Van,1.69,2.28,2.28,1638068,34260,28524,4,1,0,,8.0,36,0,1,Remote Area Delay,2,0,,0,,651.49,1.08,16.08,ST16_Palembang,Hub Bottleneck
SHPM003237,AWB260003237,2026-03-04 09:35:16.320933,2026-03-04 10:12:16.320933,2026-03-04 10:33:16.320933,2026-03-04 13:27:34.007217,2026-03-04 14:06:34.007217,2026-03-04 14:53:34.007217,2026-03-04 18:26:19.547443,2026-03-04 23:49:05.400109,2026-03-05 19:55:35.914419,2026-03-06 08:05:04.348701,2026-03-06 13:42:11.870792,2026-03-07 09:35:16.320933,Delivered,Closed,SHP006,Shipper 006,Marketplace,East Java,ST14_Kediri,HB03_SBY_GATEWAY,Jabodetabek,ST02_JKT_West,HB01_JKT_GATEWAY,Inter-Region,Regular,Prepaid,CR134,Van,0.67,0.7,0.7,661575,15150,10771,8,1,0,,39.0,72,1,0,,1,0,,0,,52.12,3.55,20.11,ST02_JKT_West,
SHPM003238,AWB260003238,2026-03-05 10:43:24.494893,2026-03-05 10:55:24.494893,2026-03-05 11:07:24.494893,2026-03-05 13:58:42.104029,2026-03-05 14:06:42.104029,2026-03-05 15:04:42.104029,2026-03-05 16:45:25.821526,2026-03-06 02:29:06.898038,2026-03-06 07:51:43.031170,2026-03-06 23:19:56.048229,2026-03-07 08:17:06.977207,2026-03-06 22:43:24.494893,Delivered,Closed,SHP080,Shipper 080,SME,Outer Java,ST19_Denpasar,HB06_EASTERN_GATEWAY,West Java,ST06_Bandung,HB01_JKT_GATEWAY,Inter-Region,Next Day,COD,CR176,Van,2.06,3.28,3.28,1472754,38760,23851,4,1,0,,8.0,36,0,0,,1,0,,0,,45.56,1.68,5.38,ST06_Bandung,Last Mile Delay
SHPM003239,AWB260003239,2026-03-09 00:08:25.499316,2026-03-09 00:17:25.499316,2026-03-09 01:08:25.499316,2026-03-09 03:54:26.468611,2026-03-09 04:47:26.468611,2026-03-09 06:33:26.468611,2026-03-09 10:17:44.769200,2026-03-09 20:10:32.551795,2026-03-10 01:48:00.273871,2026-03-10 17:43:17.024798,2026-03-10 22:15:56.640338,2026-03-10 12:08:25.499316,Delivered,Closed,SHP024,Shipper 024,Marketplace,Jabodetabek,ST04_Bekasi,HB01_JKT_GATEWAY,Outer Java,ST20_Banjarmasin,HB06_EASTERN_GATEWAY,Inter-Region,Next Day,Prepaid,CR032,Van,4.28,4.43,4.43,1275352,39935,35084,4,1,0,,53.0,36,0,0,,1,0,,0,,46.13,3.74,5.62,ST20_Banjarmasin,Remote Area
SHPM003240,AWB260003240,2026-03-14 05:05:12.368289,2026-03-14 05:13:12.368289,2026-03-14 05:37:12.368289,2026-03-14 11:42:26.154744,2026-03-14 12:47:26.154744,2026-03-14 14:00:26.154744,2026-03-14 15:11:35.100900,2026-03-14 17:37:00.388379,2026-03-14 19:24:14.714703,2026-03-14 22:48:16.332436,2026-03-15 11:28:15.876532,2026-03-16 05:05:12.368289,Delivered,Closed,SHP063,Shipper 063,Enterprise,Jabodetabek,ST05_Tangerang,HB01_JKT_GATEWAY,Jabodetabek,ST04_Bekasi,HB01_JKT_GATEWAY,Intra-Region,Regular,Prepaid,CR046,Bike,0.98,0.9,0.98,1610928,16410,11675,8,1,0,,65.0,48,1,0,,1,0,,0,,30.38,1.19,1.79,ST04_Bekasi,
SHPM003241,AWB260003241,2026-03-22 19:20:37.013460,2026-03-22 20:02:37.013460,2026-03-22 20:47:37.013460,2026-03-22 23:30:26.411205,2026-03-23 00:48:26.411205,2026-03-23 02:22:26.411205,2026-03-23 08:00:38.740800,2026-03-23 15:37:53.156362,2026-03-23 18:50:04.248019,2026-03-24 09:37:15.473433,,2026-03-25 19:20:37.013460,Damaged,Exception,SHP060,Shipper 060,Enterprise,East Java,ST12_Surabaya,HB03_SBY_GATEWAY,Jabodetabek,ST01_JKT_Central,HB01_JKT_GATEWAY,Inter-Region,Regular,COD,CR107,Van,1.03,1.16,1.16,1590422,21220,12274,8,1,0,,78.0,72,0,0,,1,1,Damaged,0,,352.66,5.64,3.2,ST12_Surabaya,
SHPM003242,AWB260003242,2026-02-23 22:52:25.018078,2026-02-23 23:31:25.018078,2026-02-23 23:44:25.018078,2026-02-24 08:19:15.323358,2026-02-24 08:44:15.323358,2026-02-24 10:29:15.323358,2026-02-24 15:53:43.123792,2026-02-24 18:22:42.814254,2026-02-25 01:26:49.207170,2026-02-26 21:05:27.841458,2026-02-27 03:07:38.238391,2026-02-26 22:52:25.018078,Delivered,Closed,SHP032,Shipper 032,Marketplace,West Java,ST06_Bandung,HB01_JKT_GATEWAY,Jabodetabek,ST02_JKT_West,HB01_JKT_GATEWAY,Inter-Region,Regular,Prepaid,CR060,Bike,0.39,0.4,0.4,1960134,13800,10019,8,0,0,,25.0,72,0,0,,1,1,Capacity Delay,0,,76.25,5.41,7.07,ST02_JKT_West,First Mile Delay
SHPM003243,AWB260003243,2026-03-20 01:52:26.454957,2026-03-20 01:59:26.454957,2026-03-20 02:28:26.454957,2026-03-20 03:47:26.313844,2026-03-20 04:53:26.313844,2026-03-20 05:33:26.313844,2026-03-20 09:15:42.326260,2026-03-20 14:38:23.597258,2026-03-21 10:35:17.546120,2026-03-22 19:04:21.587803,2026-03-22 20:34:21.428576,2026-03-20 17:52:26.454957,Delivered,Closed,SHP093,Shipper 093,SME,East Java,ST13_Malang,HB03_SBY_GATEWAY,West Java,ST07_Cirebon,HB02_BDG_TRANSIT,Inter-Region,Same Day,Prepaid,CR118,Van,0.67,0.7,0.7,1586076,30150,24142,2,1,0,,66.0,16,0,0,,1,1,Capacity Delay,0,,66.7,3.7,19.95,ST07_Cirebon,Hub Bottleneck
SHPM003244,AWB260003244,2026-03-09 20:20:50.482389,2026-03-09 20:40:50.482389,2026-03-09 21:17:50.482389,2026-03-09 22:08:32.291679,2026-03-09 22:36:32.291679,2026-03-09 23:00:32.291679,2026-03-10 00:36:47.852702,2026-03-10 07:54:37.229147,2026-03-10 16:52:34.996470,2026-03-11 00:07:28.026847,2026-03-11 08:22:06.677202,2026-03-11 08:20:50.482389,Delivered,Closed,SHP078,Shipper 078,SME,Outer Java,ST17_Makassar,HB06_EASTERN_GATEWAY,Jabodetabek,ST04_Bekasi,HB01_JKT_GATEWAY,Inter-Region,Next Day,Prepaid,CR159,Truck,0.9,0.92,0.92,1456852,24140,19751,4,1,0,,28.0,36,0,0,,1,0,,0,,36.02,1.6,8.97,ST04_Bekasi,Last Mile Delay
SHPM003245,AWB260003245,2026-03-03 02:31:25.740397,2026-03-03 02:38:25.740397,2026-03-03 02:54:25.740397,2026-03-03 08:57:01.895783,2026-03-03 09:35:01.895783,2026-03-03 10:13:01.895783,2026-03-03 16:03:48.980031,2026-03-03 18:09:40.901448,2026-03-04 05:29:50.121727,2026-03-04 17:42:14.160025,2026-03-04 21:58:50.858340,2026-03-06 02:31:25.740397,Delivered,Closed,SHP089,Shipper 089,Enterprise,Central Java,ST11_Yogyakarta,HB04_CTG_NATIONAL,West Java,ST07_Cirebon,HB02_BDG_TRANSIT,Inter-Region,Regular,Prepaid,CR104,Van,1.53,1.38,1.53,1294691,18885,16449,8,1,0,,38.0,72,1,0,,1,0,,0,,43.46,5.85,11.34,ST07_Cirebon,
SHPM003246,AWB260003246,2026-02-26 12:45:29.983443,2026-02-26 13:18:29.983443,2026-02-26 13:50:29.983443,2026-02-26 15:11:48.569990,2026-02-26 16:25:48.569990,2026-02-26 17:25:48.569990,2026-02-26 21:13:53.758112,2026-02-26 23:21:47.033627,2026-02-27 10:32:42.675420,2026-02-28 04:31:46.226744,2026-02-28 11:08:40.042770,2026-02-28 00:45:29.983443,Delivered,Closed,SHP089,Shipper 089,Enterprise,Central Java,ST09_Semarang,HB04_CTG_NATIONAL,Jabodetabek,ST05_Tangerang,HB01_JKT_GATEWAY,Inter-Region,Next Day,Prepaid,CR083,Bike,1.03,1.13,1.13,967387,25085,14643,4,1,0,,74.0,36,0,0,,1,0,,0,,46.39,3.8,11.18,ST05_Tangerang,Hub Bottleneck
SHPM003247,AWB260003247,2026-03-27 05:42:58.866718,2026-03-27 06:16:58.866718,2026-03-27 06:46:58.866718,2026-03-27 10:39:35.678647,2026-03-27 12:06:35.678647,2026-03-27 13:35:35.678647,2026-03-27 22:17:27.568132,2026-03-28 01:31:45.986546,2026-03-29 03:37:51.259660,2026-03-30 12:40:07.033342,2026-03-30 23:59:22.539895,2026-03-30 05:42:58.866718,Delivered,Closed,SHP060,Shipper 060,Enterprise,East Java,ST12_Surabaya,HB03_SBY_GATEWAY,Central Java,ST09_Semarang,HB04_CTG_NATIONAL,Inter-Region,Regular,Prepaid,CR113,Bike,1.33,1.26,1.33,1525342,17985,13908,8,1,0,,87.0,72,0,0,,1,1,Capacity Delay,0,,90.27,8.7,26.1,ST09_Semarang,Hub Bottleneck
SHPM003248,AWB260003248,2026-03-26 20:00:50.662392,2026-03-26 20:44:50.662392,2026-03-26 21:00:50.662392,2026-03-26 22:31:13.455090,2026-03-26 23:34:13.455090,2026-03-27 01:01:13.455090,2026-03-27 02:43:11.841679,2026-03-27 11:07:17.954014,2026-03-27 14:51:05.675799,2026-03-28 08:15:35.277776,2026-03-28 12:52:44.313564,2026-03-28 08:00:50.662392,Delivered,Closed,SHP084,Shipper 084,Enterprise,Central Java,ST11_Yogyakarta,HB04_CTG_NATIONAL,East Java,ST12_Surabaya,HB03_SBY_GATEWAY,Inter-Region,Next Day,Prepaid,CR100,Bike,0.93,1.01,1.01,1501213,24545,13940,4,1,0,,63.0,36,0,0,,1,0,,0,,40.86,1.7,3.73,ST12_Surabaya,Last Mile Delay
SHPM003249,AWB260003249,2026-03-19 07:47:42.130028,2026-03-19 08:29:42.130028,2026-03-19 08:56:42.130028,2026-03-19 09:40:07.674918,2026-03-19 09:56:07.674918,2026-03-19 11:10:07.674918,2026-03-19 13:30:43.937416,2026-03-19 18:57:00.126563,2026-03-20 03:14:34.396944,2026-03-20 20:00:44.789069,2026-03-20 23:10:26.112457,2026-03-20 19:47:42.130028,Delivered,Closed,SHP088,Shipper 088,SME,Outer Java,ST20_Banjarmasin,HB06_EASTERN_GATEWAY,West Java,ST06_Bandung,HB01_JKT_GATEWAY,Inter-Region,Next Day,Prepaid,CR183,Truck,0.59,0.94,0.94,1387267,24230,22000,4,1,0,,16.0,36,0,0,,1,0,,0,,39.38,2.34,8.29,ST06_Bandung,Last Mile Delay
SHPM003250,AWB260003250,2026-03-08 22:54:15.511174,2026-03-08 23:28:15.511174,2026-03-08 23:56:15.511174,2026-03-09 04:55:33.850347,2026-03-09 05:43:33.850347,2026-03-09 06:03:33.850347,2026-03-09 10:57:04.028203,2026-03-09 14:31:16.362250,2026-03-09 21:02:13.071490,2026-03-10 12:00:28.300697,2026-03-11 10:50:16.882402,2026-03-11 22:54:15.511174,Delivered,Closed,SHP005,Shipper 005,Enterprise,Central Java,ST09_Semarang,HB04_CTG_NATIONAL,Outer Java,ST16_Palembang,HB05_SUMATRA_GATEWAY,Inter-Region,Regular,COD,CR086,Van,0.46,0.48,0.48,1554465,18160,16036,8,1,0,,48.0,72,1,0,,1,0,,0,,59.93,4.89,6.52,ST16_Palembang,
SHPM003251,AWB260003251,2026-03-03 19:11:18.115247,2026-03-03 19:16:18.115247,2026-03-03 19:44:18.115247,2026-03-03 23:38:58.190575,2026-03-04 00:16:58.190575,2026-03-04 01:20:58.190575,2026-03-04 06:43:25.760282,2026-03-04 08:47:15.902062,2026-03-04 23:05:56.464222,2026-03-05 01:42:44.143460,,2026-03-04 19:11:18.115247,Delivery Exception,Exception,SHP055,Shipper 055,Marketplace,East Java,ST14_Kediri,HB03_SBY_GATEWAY,East Java,ST13_Malang,HB03_SBY_GATEWAY,Intra-Region,Next Day,Prepaid,CR136,Van,0.9,1.07,1.07,1754923,24815,16675,4,0,0,,38.0,24,0,1,Customer Reschedule,2,0,,0,,808.81,5.37,14.31,ST13_Malang,Hub Bottleneck
SHPM003252,AWB260003252,2026-02-21 19:10:59.987434,2026-02-21 19:48:59.987434,2026-02-21 20:28:59.987434,2026-02-22 02:58:49.424174,2026-02-22 03:43:49.424174,2026-02-22 04:01:49.424174,2026-02-22 05:40:15.140002,2026-02-22 10:55:55.461144,2026-02-22 20:28:03.610661,2026-02-23 08:21:15.265877,2026-02-24 06:26:23.609085,2026-02-24 19:10:59.987434,Delivered,Closed,SHP070,Shipper 070,Enterprise,Jabodetabek,ST04_Bekasi,HB01_JKT_GATEWAY,Outer Java,ST19_Denpasar,HB06_EASTERN_GATEWAY,Inter-Region,Regular,COD,CR036,Bike,1.3,1.79,1.79,1104307,24055,21339,8,1,0,,45.0,72,1,0,,1,0,,0,,59.26,1.64,9.54,ST19_Denpasar,
SHPM003253,AWB260003253,2026-03-14 08:24:14.572870,2026-03-14 09:00:14.572870,2026-03-14 09:41:14.572870,2026-03-14 12:33:11.539622,2026-03-14 13:02:11.539622,2026-03-14 13:25:11.539622,2026-03-14 17:00:58.509977,2026-03-15 01:36:54.259971,2026-03-15 10:22:01.634874,2026-03-15 22:11:49.198907,2026-03-16 03:38:00.903687,2026-03-17 08:24:14.572870,Delivered,Closed,SHP062,Shipper 062,Enterprise,Jabodetabek,ST04_Bekasi,HB01_JKT_GATEWAY,East Java,ST13_Malang,HB03_SBY_GATEWAY,Inter-Region,Regular,Prepaid,CR043,Bike,1.3,1.27,1.3,744937,17850,11575,8,1,0,,29.0,72,1,0,,1,0,,0,,43.23,3.6,8.75,ST13_Malang,
SHPM003254,AWB260003254,2026-03-27 19:58:45.618339,2026-03-27 20:39:45.618339,2026-03-27 20:57:45.618339,2026-03-28 05:01:32.009820,2026-03-28 05:09:32.009820,2026-03-28 06:11:32.009820,2026-03-28 11:23:21.863929,2026-03-28 17:41:35.377299,2026-03-29 00:41:51.431778,2026-03-29 11:45:04.760368,2026-03-30 03:07:21.849651,2026-03-30 19:58:45.618339,Delivered,Closed,SHP077,Shipper 077,Marketplace,Outer Java,ST16_Palembang,HB05_SUMATRA_GATEWAY,Central Java,ST11_Yogyakarta,HB04_CTG_NATIONAL,Inter-Region,Regular,Prepaid,CR149,Bike,2.13,2.07,2.13,1956138,21585,18528,8,0,0,,8.0,72,1,0,,1,0,,0,,55.14,5.2,7.0,ST11_Yogyakarta,
SHPM003255,AWB260003255,2026-03-18 13:25:03.849609,2026-03-18 13:42:03.849609,2026-03-18 14:30:03.849609,2026-03-18 22:26:04.950817,2026-03-18 23:07:04.950817,2026-03-19 00:20:04.950817,2026-03-19 06:08:17.816095,2026-03-19 15:26:11.805823,2026-03-19 18:09:49.682874,2026-03-20 03:58:03.259577,2026-03-20 09:25:03.810855,2026-03-21 13:25:03.849609,Delivered,Closed,SHP072,Shipper 072,Enterprise,Outer Java,ST18_Balikpapan,HB06_EASTERN_GATEWAY,West Java,ST07_Cirebon,HB02_BDG_TRANSIT,Inter-Region,Regular,COD,CR164,Truck,0.66,0.63,0.66,573855,18970,12167,8,0,0,,41.0,72,1,0,,1,0,,0,,44.0,5.8,2.73,ST07_Cirebon,
SHPM003256,AWB260003256,2026-02-22 02:20:23.902756,2026-02-22 02:45:23.902756,2026-02-22 03:24:23.902756,2026-02-22 03:53:19.144411,2026-02-22 04:30:19.144411,2026-02-22 05:13:19.144411,2026-02-22 09:20:36.452324,2026-02-22 16:49:56.851717,2026-02-23 03:07:21.903161,2026-02-23 09:17:55.009734,2026-02-23 14:27:01.687357,2026-02-22 18:20:23.902756,Delivered,Closed,SHP034,Shipper 034,Enterprise,Jabodetabek,ST01_JKT_Central,HB01_JKT_GATEWAY,West Java,ST08_Bogor,HB01_JKT_GATEWAY,Inter-Region,Same Day,COD,CR008,Van,1.22,1.25,1.25,1576445,36625,23808,2,1,0,,37.0,16,0,0,,1,0,,0,,36.11,4.12,10.29,ST08_Bogor,Hub Bottleneck
SHPM003257,AWB260003257,2026-03-02 14:44:46.988664,2026-03-02 15:27:46.988664,2026-03-02 15:57:46.988664,2026-03-02 18:27:59.560907,2026-03-02 18:55:59.560907,2026-03-02 20:21:59.560907,2026-03-03 00:32:55.953956,2026-03-03 09:32:44.282304,2026-03-04 12:54:04.991368,2026-03-05 03:05:42.955139,2026-03-05 11:19:24.695484,2026-03-05 14:44:46.988664,Delivered,Closed,SHP021,Shipper 021,Marketplace,East Java,ST14_Kediri,HB03_SBY_GATEWAY,West Java,ST08_Bogor,HB01_JKT_GATEWAY,Inter-Region,Regular,Prepaid,CR129,Bike,0.55,0.57,0.57,2102408,14565,11399,8,1,0,,28.0,72,1,0,,1,0,,0,,68.58,4.18,27.36,ST08_Bogor,
SHPM003258,AWB260003258,2026-03-04 12:00:27.559278,2026-03-04 12:21:27.559278,2026-03-04 12:48:27.559278,2026-03-04 20:57:38.636359,2026-03-04 21:42:38.636359,2026-03-04 22:53:38.636359,2026-03-05 00:52:46.306707,2026-03-05 07:31:25.858333,2026-03-06 10:18:08.274101,2026-03-06 23:27:11.235974,2026-03-07 09:48:07.828826,2026-03-07 12:00:27.559278,Delivered,Closed,SHP093,Shipper 093,SME,East Java,ST13_Malang,HB03_SBY_GATEWAY,Jabodetabek,ST05_Tangerang,HB01_JKT_GATEWAY,Inter-Region,Regular,COD,CR124,Truck,2.59,3.25,3.25,1144071,30625,20119,8,0,0,,45.0,72,1,0,,1,0,,0,,69.79,1.99,26.78,ST05_Tangerang,
SHPM003259,AWB260003259,2026-03-16 02:46:48.522951,2026-03-16 03:19:48.522951,2026-03-16 03:56:48.522951,2026-03-16 08:06:13.630570,2026-03-16 08:33:13.630570,2026-03-16 09:42:13.630570,2026-03-16 15:11:37.929232,2026-03-16 19:48:38.614910,2026-03-16 23:21:34.471900,2026-03-17 00:59:19.310138,2026-03-17 11:31:37.340109,2026-03-17 02:46:48.522951,Delivered,Closed,SHP001,Shipper 001,Marketplace,Jabodetabek,ST03_JKT_East,HB01_JKT_GATEWAY,Jabodetabek,ST03_JKT_East,HB01_JKT_GATEWAY,Intra-Region,Next Day,Prepaid,CR023,Van,0.46,0.49,0.49,421467,22205,20045,4,0,0,,27.0,24,0,0,,1,0,,0,,32.75,5.49,3.55,ST03_JKT_East,First Mile Delay
SHPM003260,AWB260003260,2026-02-21 03:31:04.868049,2026-02-21 04:15:04.868049,2026-02-21 05:02:04.868049,2026-02-21 07:57:06.216341,2026-02-21 08:16:06.216341,2026-02-21 08:32:06.216341,2026-02-21 11:23:55.209210,2026-02-21 14:36:39.667392,2026-02-22 02:10:35.185774,2026-02-22 12:54:56.028417,2026-02-22 21:51:56.821188,2026-02-22 15:31:04.868049,Delivered,Closed,SHP080,Shipper 080,SME,Outer Java,ST19_Denpasar,HB06_EASTERN_GATEWAY,West Java,ST08_Bogor,HB01_JKT_GATEWAY,Inter-Region,Next Day,Prepaid,CR176,Bike,2.9,3.14,3.14,1942984,34130,28253,4,1,0,,19.0,36,0,0,,1,0,,0,,42.35,2.86,11.57,ST08_Bogor,Hub Bottleneck
SHPM003261,AWB260003261,2026-02-22 05:49:38.342298,2026-02-22 06:03:38.342298,2026-02-22 06:31:38.342298,2026-02-22 08:30:40.843142,2026-02-22 08:54:40.843142,2026-02-22 10:45:40.843142,2026-02-22 16:01:00.694701,2026-02-22 21:45:20.200941,2026-02-23 10:14:29.964427,2026-02-23 15:55:37.127768,2026-02-24 10:15:08.779203,2026-02-23 17:49:38.342298,Delivered,Closed,SHP062,Shipper 062,Enterprise,Jabodetabek,ST02_JKT_West,HB01_JKT_GATEWAY,Outer Java,ST18_Balikpapan,HB06_EASTERN_GATEWAY,Inter-Region,Next Day,Prepaid,CR013,Truck,1.6,1.65,1.65,1678898,27425,22611,4,1,0,,24.0,36,0,0,,1,0,,0,,52.43,5.26,12.49,ST18_Balikpapan,Hub Bottleneck
SHPM003262,AWB260003262,2026-02-28 17:30:19.560593,2026-02-28 17:46:19.560593,2026-02-28 18:16:19.560593,2026-02-28 18:49:34.600550,2026-02-28 19:20:34.600550,2026-02-28 20:25:34.600550,2026-02-28 22:11:38.214311,2026-03-01 07:51:23.771342,2026-03-01 11:55:57.131511,2026-03-01 22:45:47.282014,2026-03-02 04:06:05.728479,2026-03-02 05:30:19.560593,Delivered,Closed,SHP039,Shipper 039,Marketplace,Central Java,ST09_Semarang,HB04_CTG_NATIONAL,East Java,ST13_Malang,HB03_SBY_GATEWAY,Inter-Region,Next Day,Prepaid,CR088,Bike,1.57,1.63,1.63,283832,27335,15925,4,1,0,,31.0,36,1,0,,1,0,,0,,34.6,1.77,4.08,ST13_Malang,
SHPM003263,AWB260003263,2026-03-18 00:28:00.407578,2026-03-18 00:39:00.407578,2026-03-18 01:15:00.407578,2026-03-18 03:43:02.712646,2026-03-18 03:51:02.712646,2026-03-18 05:17:02.712646,2026-03-18 08:02:53.013292,2026-03-18 09:55:44.850436,2026-03-18 20:52:32.717423,2026-03-19 00:24:12.901225,2026-03-19 04:51:26.637540,2026-03-20 00:28:00.407578,Delivered,Closed,SHP087,Shipper 087,Enterprise,Jabodetabek,ST02_JKT_West,HB01_JKT_GATEWAY,Jabodetabek,ST02_JKT_West,HB01_JKT_GATEWAY,Intra-Region,Regular,COD,CR018,Bike,3.64,3.36,3.64,366872,32380,25061,8,1,0,,8.0,48,1,0,,1,0,,0,,28.39,2.76,10.95,ST02_JKT_West,
SHPM003264,AWB260003264,2026-02-24 16:17:07.639936,2026-02-24 16:34:07.639936,2026-02-24 16:46:07.639936,2026-02-24 23:11:26.317599,2026-02-24 23:42:26.317599,2026-02-25 00:36:26.317599,2026-02-25 05:19:47.071794,2026-02-25 09:38:47.181143,2026-02-25 18:03:50.453667,2026-02-26 10:07:50.719440,,2026-02-27 16:17:07.639936,Delivery Exception,Exception,SHP028,Shipper 028,Marketplace,Jabodetabek,ST04_Bekasi,HB01_JKT_GATEWAY,Outer Java,ST15_Medan,HB05_SUMATRA_GATEWAY,Inter-Region,Regular,COD,CR032,Bike,1.37,1.39,1.39,348718,22255,20561,8,1,0,,31.0,72,0,1,Remote Area Delay,1,0,,0,,979.71,4.72,8.42,ST15_Medan,Delivery Exception
SHPM003265,AWB260003265,2026-03-13 19:00:34.317198,2026-03-13 19:22:34.317198,2026-03-13 19:56:34.317198,2026-03-13 22:52:43.059950,2026-03-13 23:29:43.059950,2026-03-14 00:07:43.059950,2026-03-14 01:38:54.588328,2026-03-14 05:20:45.162717,2026-03-14 15:11:18.419435,2026-03-15 06:00:23.756120,2026-03-15 15:03:28.783617,2026-03-16 19:00:34.317198,Delivered,Closed,SHP087,Shipper 087,Enterprise,Jabodetabek,ST02_JKT_West,HB01_JKT_GATEWAY,West Java,ST08_Bogor,HB01_JKT_GATEWAY,Inter-Region,Regular,COD,CR012,Bike,0.22,0.28,0.28,370806,17260,16167,8,1,0,,37.0,72,1,0,,1,0,,0,,44.05,1.52,9.84,ST08_Bogor,
SHPM003266,AWB260003266,2026-02-21 21:37:33.095610,2026-02-21 21:50:33.095610,2026-02-21 22:46:33.095610,2026-02-22 01:03:42.785685,2026-02-22 02:06:42.785685,2026-02-22 03:55:42.785685,2026-02-22 07:23:48.860245,2026-02-22 15:48:05.815007,2026-02-23 05:45:05.233880,2026-02-23 15:33:09.290832,2026-02-24 01:39:26.510821,2026-02-24 21:37:33.095610,Delivered,Closed,SHP046,Shipper 046,SME,East Java,ST13_Malang,HB03_SBY_GATEWAY,Outer Java,ST18_Balikpapan,HB06_EASTERN_GATEWAY,Inter-Region,Regular,Prepaid,CR117,Bike,1.82,3.0,3.0,1832698,25500,18632,8,1,0,,63.0,72,1,0,,1,0,,0,,52.03,3.47,13.95,ST18_Balikpapan,
SHPM003267,AWB260003267,2026-03-05 02:06:43.698133,2026-03-05 02:28:43.698133,2026-03-05 03:01:43.698133,2026-03-05 04:43:20.199477,2026-03-05 04:51:20.199477,2026-03-05 05:51:20.199477,2026-03-05 08:03:36.158079,2026-03-05 12:38:49.906600,2026-03-05 17:18:36.521813,2026-03-06 05:20:25.453409,2026-03-06 08:39:27.929767,2026-03-05 18:06:43.698133,Delivered,Closed,SHP044,Shipper 044,Marketplace,Jabodetabek,ST05_Tangerang,HB01_JKT_GATEWAY,Central Java,ST09_Semarang,HB04_CTG_NATIONAL,Inter-Region,Same Day,Prepaid,CR044,Bike,1.36,1.55,1.55,181648,33975,30346,2,0,0,,8.0,16,0,0,,1,0,,0,,30.55,2.2,4.66,ST09_Semarang,First Mile Delay
SHPM003268,AWB260003268,2026-02-21 00:57:31.979246,2026-02-21 01:17:31.979246,2026-02-21 01:42:31.979246,2026-02-21 05:13:43.443890,2026-02-21 05:41:43.443890,2026-02-21 07:19:43.443890,2026-02-21 09:15:42.740666,2026-02-21 18:05:18.683048,2026-02-22 03:59:46.316778,2026-02-22 13:31:40.198335,2026-02-22 22:49:08.883318,2026-02-24 00:57:31.979246,Delivered,Closed,SHP080,Shipper 080,SME,Outer Java,ST19_Denpasar,HB06_EASTERN_GATEWAY,East Java,ST13_Malang,HB03_SBY_GATEWAY,Inter-Region,Regular,Prepaid,CR181,Bike,0.74,0.79,0.79,853124,15555,10731,8,1,0,,28.0,72,1,0,,1,0,,0,,45.86,1.93,9.91,ST13_Malang,
SHPM003269,AWB260003269,2026-03-09 12:31:00.187047,2026-03-09 13:05:00.187047,2026-03-09 13:50:00.187047,2026-03-09 21:12:46.996047,2026-03-09 22:45:46.996047,2026-03-09 23:16:46.996047,2026-03-10 02:54:16.086686,2026-03-10 10:29:04.982525,2026-03-10 16:24:42.904405,2026-03-10 22:44:37.199804,2026-03-11 03:22:34.382142,2026-03-11 00:31:00.187047,Delivered,Closed,SHP040,Shipper 040,Marketplace,West Java,ST07_Cirebon,HB02_BDG_TRANSIT,East Java,ST13_Malang,HB03_SBY_GATEWAY,Inter-Region,Next Day,Prepaid,CR070,Bike,0.82,0.75,0.82,402853,23690,18545,4,0,0,,93.0,36,0,0,,1,0,,0,,38.86,3.62,5.93,ST13_Malang,First Mile Delay
SHPM003270,AWB260003270,2026-02-27 19:30:24.534890,2026-02-27 19:52:24.534890,2026-02-27 20:12:24.534890,2026-02-27 23:57:04.337282,2026-02-28 01:03:04.337282,2026-02-28 01:34:04.337282,2026-02-28 06:28:17.401992,2026-02-28 09:04:58.380373,2026-02-28 14:29:22.792058,2026-03-01 08:28:31.014108,2026-03-02 00:44:55.569847,2026-03-02 19:30:24.534890,Delivered,Closed,SHP089,Shipper 089,Enterprise,Central Java,ST11_Yogyakarta,HB04_CTG_NATIONAL,Jabodetabek,ST03_JKT_East,HB01_JKT_GATEWAY,Inter-Region,Regular,COD,CR101,Van,1.32,1.23,1.32,1574917,21940,15267,8,1,0,,66.0,72,1,0,,1,0,,0,,53.24,4.9,5.41,ST03_JKT_East,
SHPM003271,AWB260003271,2026-03-21 08:21:39.903659,2026-03-21 08:53:39.903659,2026-03-21 09:22:39.903659,2026-03-21 13:15:37.420144,2026-03-21 13:47:37.420144,2026-03-21 14:30:37.420144,2026-03-21 16:02:08.333175,2026-03-21 23:42:39.404183,2026-03-22 05:06:26.659127,2026-03-22 14:16:11.670160,2026-03-22 22:56:26.526260,2026-03-22 20:21:39.903659,Delivered,Closed,SHP087,Shipper 087,Enterprise,Jabodetabek,ST02_JKT_West,HB01_JKT_GATEWAY,Outer Java,ST16_Palembang,HB05_SUMATRA_GATEWAY,Inter-Region,Next Day,COD,CR013,Van,1.19,1.55,1.55,1263722,30975,23546,4,0,0,,32.0,36,0,0,,1,0,,0,,38.58,1.53,5.4,ST16_Palembang,First Mile Delay
SHPM003272,AWB260003272,2026-03-18 09:16:59.213087,2026-03-18 09:28:59.213087,2026-03-18 10:07:59.213087,2026-03-18 17:58:04.296889,2026-03-18 18:23:04.296889,2026-03-18 19:23:04.296889,2026-03-19 00:26:47.824775,2026-03-19 02:45:01.700393,2026-03-19 11:10:27.921161,2026-03-19 16:12:17.554585,2026-03-20 01:41:01.473628,2026-03-20 09:16:59.213087,Delivered,Closed,SHP050,Shipper 050,Marketplace,Jabodetabek,ST04_Bekasi,HB01_JKT_GATEWAY,Jabodetabek,ST02_JKT_West,HB01_JKT_GATEWAY,Intra-Region,Regular,COD,CR041,Van,1.53,2.29,2.29,2515862,26305,15803,8,0,0,,25.0,48,1,0,,1,0,,0,,40.4,5.06,8.42,ST02_JKT_West,
SHPM003273,AWB260003273,2026-02-27 20:16:04.567866,2026-02-27 20:56:04.567866,2026-02-27 21:15:04.567866,2026-02-27 23:25:50.732786,2026-02-27 23:48:50.732786,2026-02-28 01:26:50.732786,2026-02-28 04:13:31.140240,2026-02-28 10:05:06.145375,2026-02-28 20:41:51.662485,2026-03-01 10:16:39.862609,2026-03-01 20:57:05.642841,2026-03-01 08:16:04.567866,Delivered,Closed,SHP072,Shipper 072,Enterprise,Outer Java,ST18_Balikpapan,HB06_EASTERN_GATEWAY,East Java,ST14_Kediri,HB03_SBY_GATEWAY,Inter-Region,Next Day,Prepaid,CR169,Van,0.8,0.87,0.87,1883143,23915,19203,4,1,0,,23.0,36,0,0,,1,0,,0,,48.68,2.78,10.61,ST14_Kediri,Hub Bottleneck
SHPM003274,AWB260003274,2026-03-01 20:14:34.504290,2026-03-01 20:51:34.504290,2026-03-01 21:33:34.504290,,,,,,,,,2026-03-02 20:14:34.504290,Failed Pickup,Exception,SHP018,Shipper 018,Enterprise,West Java,ST07_Cirebon,HB02_BDG_TRANSIT,West Java,ST06_Bandung,HB01_JKT_GATEWAY,Intra-Region,Next Day,COD,CR073,Van,1.62,1.65,1.65,314743,31425,23154,4,0,1,Shipper Not Ready,,24,0,0,,0,0,,0,,855.76,,,ST07_Cirebon,
SHPM003275,AWB260003275,2026-02-17 14:50:02.968015,2026-02-17 15:03:02.968015,2026-02-17 15:08:02.968015,2026-02-17 17:20:37.887029,2026-02-17 17:46:37.887029,2026-02-17 19:25:37.887029,2026-02-17 23:44:59.657704,2026-02-18 06:17:20.820391,2026-02-18 16:24:53.377840,2026-02-19 01:27:43.380001,2026-02-19 02:36:58.274567,2026-02-18 06:50:02.968015,Delivered,Closed,SHP044,Shipper 044,Marketplace,Jabodetabek,ST05_Tangerang,HB01_JKT_GATEWAY,Central Java,ST09_Semarang,HB04_CTG_NATIONAL,Inter-Region,Same Day,Prepaid,CR053,Truck,0.7,0.84,0.84,803831,30780,18128,2,0,0,,26.0,16,0,0,,1,0,,0,,35.78,4.32,10.13,ST09_Semarang,First Mile Delay
SHPM003276,AWB260003276,2026-02-24 05:26:34.388377,2026-02-24 06:03:34.388377,2026-02-24 06:28:34.388377,2026-02-24 13:57:24.948195,2026-02-24 14:26:24.948195,2026-02-24 15:18:24.948195,2026-02-24 18:55:16.822993,2026-02-24 22:51:25.728112,2026-02-25 05:27:50.258746,2026-02-25 09:44:27.581019,2026-02-25 23:50:16.621463,2026-02-26 05:26:34.388377,Delivered,Closed,SHP023,Shipper 023,Enterprise,West Java,ST08_Bogor,HB01_JKT_GATEWAY,West Java,ST07_Cirebon,HB02_BDG_TRANSIT,Intra-Region,Regular,COD,CR080,Truck,0.86,1.17,1.17,1179758,21265,12156,8,1,0,,29.0,48,1,0,,1,0,,0,,42.4,3.61,6.61,ST07_Cirebon,
SHPM003277,AWB260003277,2026-03-28 00:28:27.983887,2026-03-28 00:47:27.983887,2026-03-28 01:00:27.983887,2026-03-28 02:20:12.025668,2026-03-28 03:28:12.025668,2026-03-28 05:08:12.025668,2026-03-28 08:26:18.844176,2026-03-28 11:39:45.767685,2026-03-29 02:16:29.180599,2026-03-29 17:59:57.217173,2026-03-29 22:50:53.771000,2026-03-28 16:28:27.983887,Delivered,Closed,SHP057,Shipper 057,SME,Central Java,ST09_Semarang,HB04_CTG_NATIONAL,Outer Java,ST15_Medan,HB05_SUMATRA_GATEWAY,Inter-Region,Same Day,Prepaid,CR090,Bike,1.79,2.2,2.2,1119694,36900,30755,2,1,0,,68.0,16,0,0,,1,0,,0,,46.37,3.3,14.61,ST15_Medan,Hub Bottleneck
SHPM003278,AWB260003278,2026-02-22 22:54:39.731520,2026-02-22 23:03:39.731520,2026-02-22 23:45:39.731520,2026-02-23 01:22:16.611723,2026-02-23 01:42:16.611723,2026-02-23 03:08:16.611723,2026-02-23 07:09:36.121058,2026-02-23 09:25:36.920672,2026-02-23 15:48:21.303737,2026-02-24 00:43:21.989946,2026-02-24 04:56:51.133836,2026-02-23 14:54:39.731520,Delivered,Closed,SHP048,Shipper 048,Enterprise,Outer Java,ST17_Makassar,HB06_EASTERN_GATEWAY,East Java,ST14_Kediri,HB03_SBY_GATEWAY,Inter-Region,Same Day,COD,CR154,Van,2.62,2.87,2.87,783101,43915,27651,2,0,0,,20.0,16,0,0,,1,0,,0,,30.04,4.02,6.38,ST14_Kediri,First Mile Delay
SHPM003279,AWB260003279,2026-02-25 20:17:45.065805,2026-02-25 20:41:45.065805,2026-02-25 21:12:45.065805,2026-02-25 21:52:07.670623,2026-02-25 22:17:07.670623,2026-02-26 00:14:07.670623,2026-02-26 02:45:32.686489,2026-02-26 12:19:45.714475,2026-02-26 20:54:14.389861,2026-02-27 06:08:03.220712,2026-02-27 13:50:58.489558,2026-02-27 08:17:45.065805,Delivered,Closed,SHP097,Shipper 097,SME,Jabodetabek,ST05_Tangerang,HB01_JKT_GATEWAY,West Java,ST08_Bogor,HB01_JKT_GATEWAY,Inter-Region,Next Day,Prepaid,CR050,Bike,0.84,0.87,0.87,766020,23915,21167,4,1,0,,25.0,36,0,0,,1,0,,0,,41.55,2.52,8.57,ST08_Bogor,Last Mile Delay
SHPM003280,AWB260003280,2026-02-17 19:26:00.988489,2026-02-17 19:35:00.988489,2026-02-17 19:56:00.988489,2026-02-17 21:50:53.867818,2026-02-17 22:39:53.867818,2026-02-17 23:17:53.867818,2026-02-18 03:33:24.530172,2026-02-18 07:55:45.636054,2026-02-18 10:54:30.938601,2026-02-19 02:58:59.925007,2026-02-19 11:03:44.802868,2026-02-19 07:26:00.988489,Delivered,Closed,SHP045,Shipper 045,Marketplace,Jabodetabek,ST02_JKT_West,HB01_JKT_GATEWAY,East Java,ST12_Surabaya,HB03_SBY_GATEWAY,Inter-Region,Next Day,COD,CR018,Bike,2.3,2.48,2.48,1164284,35160,32718,4,1,0,,49.0,36,0,0,,1,0,,0,,39.63,4.26,2.98,ST12_Surabaya,Last Mile Delay
SHPM003281,AWB260003281,2026-02-26 12:24:09.865945,2026-02-26 12:33:09.865945,2026-02-26 12:55:09.865945,2026-02-26 14:46:59.140576,2026-02-26 15:06:59.140576,2026-02-26 16:48:59.140576,2026-02-26 17:50:04.114839,2026-02-26 23:18:29.881603,2026-02-27 06:39:06.992464,2026-02-27 22:13:08.959870,2026-02-28 07:50:52.972539,2026-03-01 12:24:09.865945,Delivered,Closed,SHP076,Shipper 076,Enterprise,West Java,ST06_Bandung,HB01_JKT_GATEWAY,Jabodetabek,ST01_JKT_Central,HB01_JKT_GATEWAY,Inter-Region,Regular,Prepaid,CR057,Bike,2.99,4.39,4.39,866139,31755,24970,8,1,0,,20.0,72,1,0,,1,0,,0,,43.45,1.02,7.34,ST01_JKT_Central,
SHPM003282,AWB260003282,2026-02-21 11:02:11.876875,2026-02-21 11:35:11.876875,2026-02-21 12:10:11.876875,2026-02-21 16:03:43.736776,2026-02-21 17:10:43.736776,2026-02-21 18:57:43.736776,2026-02-21 22:59:38.772254,2026-02-22 05:00:33.082397,2026-02-22 15:25:13.070283,2026-02-23 06:38:35.153651,,2026-02-22 23:02:11.876875,Delivery Exception,Exception,SHP056,Shipper 056,Enterprise,Jabodetabek,ST03_JKT_East,HB01_JKT_GATEWAY,Outer Java,ST19_Denpasar,HB06_EASTERN_GATEWAY,Inter-Region,Next Day,COD,CR023,Bike,1.73,1.75,1.75,1154286,31875,22912,4,0,0,,67.0,36,0,1,Customer Not Home,1,0,,0,,1056.96,4.03,10.41,ST19_Denpasar,Hub Bottleneck
SHPM003283,AWB260003283,2026-03-23 18:12:12.516273,2026-03-23 18:54:12.516273,2026-03-23 19:28:12.516273,2026-03-23 19:53:06.297785,2026-03-23 20:11:06.297785,2026-03-23 21:40:06.297785,2026-03-24 01:05:54.706664,2026-03-24 08:38:45.704015,2026-03-24 10:15:38.240674,2026-03-25 03:38:56.381657,2026-03-25 04:34:31.680435,2026-03-24 10:12:12.516273,Delivered,Closed,SHP076,Shipper 076,Enterprise,West Java,ST06_Bandung,HB01_JKT_GATEWAY,East Java,ST14_Kediri,HB03_SBY_GATEWAY,Inter-Region,Same Day,Prepaid,CR057,Bike,0.53,0.48,0.53,1707199,29385,24101,2,1,0,,18.0,16,0,0,,1,0,,0,,34.37,3.43,1.61,ST14_Kediri,Last Mile Delay
SHPM003284,AWB260003284,2026-03-25 08:18:19.350960,2026-03-25 08:28:19.350960,2026-03-25 09:03:19.350960,2026-03-25 12:06:47.177792,2026-03-25 12:37:47.177792,2026-03-25 13:58:47.177792,2026-03-25 16:56:39.316082,2026-03-26 00:00:50.402228,2026-03-26 20:02:26.698329,2026-03-27 07:40:28.190271,2026-03-27 17:09:21.253245,2026-03-28 08:18:19.350960,Delivered,Closed,SHP034,Shipper 034,Enterprise,Jabodetabek,ST03_JKT_East,HB01_JKT_GATEWAY,Outer Java,ST20_Banjarmasin,HB06_EASTERN_GATEWAY,Inter-Region,Regular,COD,CR030,Bike,0.7,0.68,0.7,2043761,19150,16651,8,1,0,,31.0,72,1,0,,1,0,,0,,56.85,2.96,20.03,ST20_Banjarmasin,
SHPM003285,AWB260003285,2026-02-20 21:00:00.554021,2026-02-20 21:34:00.554021,2026-02-20 22:16:00.554021,2026-02-20 23:28:45.817001,2026-02-21 00:10:45.817001,2026-02-21 00:31:45.817001,2026-02-21 05:53:06.135004,2026-02-21 14:18:44.313045,2026-02-21 15:57:31.008979,2026-02-22 07:19:52.815063,2026-02-22 11:43:37.596610,2026-02-21 13:00:00.554021,Delivered,Closed,SHP008,Shipper 008,SME,Outer Java,ST16_Palembang,HB05_SUMATRA_GATEWAY,West Java,ST07_Cirebon,HB02_BDG_TRANSIT,Inter-Region,Same Day,Prepaid,CR149,Bike,1.68,1.7,1.7,1451572,34650,19417,2,1,0,,42.0,16,0,0,,1,0,,0,,38.73,5.36,1.65,ST07_Cirebon,Last Mile Delay
SHPM003286,AWB260003286,2026-03-29 11:58:19.853158,2026-03-29 12:30:19.853158,2026-03-29 13:03:19.853158,2026-03-29 13:48:19.555576,2026-03-29 13:56:19.555576,2026-03-29 15:54:19.555576,2026-03-29 21:42:58.301838,2026-03-30 00:00:04.099352,2026-03-30 05:17:40.916457,2026-03-30 14:16:12.433923,2026-03-30 18:09:53.707731,2026-03-30 03:58:19.853158,Delivered,Closed,SHP070,Shipper 070,Enterprise,Jabodetabek,ST02_JKT_West,HB01_JKT_GATEWAY,East Java,ST13_Malang,HB03_SBY_GATEWAY,Inter-Region,Same Day,Prepaid,CR013,Bike,1.03,1.66,1.66,775147,34470,30603,2,1,0,,8.0,16,0,0,,1,0,,0,,30.19,5.81,5.29,ST13_Malang,Last Mile Delay
SHPM003287,AWB260003287,2026-03-11 01:19:17.528639,2026-03-11 02:04:17.528639,2026-03-11 02:35:17.528639,2026-03-11 05:51:50.513717,2026-03-11 06:19:50.513717,2026-03-11 07:58:50.513717,2026-03-11 09:34:45.789343,2026-03-11 16:52:47.702786,2026-03-12 10:56:34.730875,2026-03-12 21:57:20.018489,2026-03-13 03:36:28.248037,2026-03-12 13:19:17.528639,Delivered,Closed,SHP030,Shipper 030,Enterprise,Jabodetabek,ST03_JKT_East,HB01_JKT_GATEWAY,Outer Java,ST15_Medan,HB05_SUMATRA_GATEWAY,Inter-Region,Next Day,Prepaid,CR022,Bike,0.57,0.61,0.61,311662,22745,14190,4,1,0,,28.0,36,0,0,,1,0,,0,,50.29,1.6,18.06,ST15_Medan,Hub Bottleneck
SHPM003288,AWB260003288,2026-03-18 05:20:03.210916,2026-03-18 05:34:03.210916,2026-03-18 05:56:03.210916,2026-03-18 12:44:04.409928,2026-03-18 13:15:04.409928,2026-03-18 13:43:04.409928,2026-03-18 16:37:08.224128,2026-03-19 02:18:30.800311,2026-03-19 12:42:08.994498,2026-03-19 18:44:41.271736,2026-03-20 10:54:22.671701,2026-03-21 05:20:03.210916,Delivered,Closed,SHP071,Shipper 071,Enterprise,Jabodetabek,ST04_Bekasi,HB01_JKT_GATEWAY,Central Java,ST11_Yogyakarta,HB04_CTG_NATIONAL,Inter-Region,Regular,Prepaid,CR036,Bike,1.17,1.26,1.26,507732,17670,10153,8,1,0,,31.0,72,1,0,,1,0,,0,,53.57,2.9,10.39,ST11_Yogyakarta,
SHPM003289,AWB260003289,2026-03-06 12:46:42.012486,2026-03-06 13:07:42.012486,2026-03-06 13:48:42.012486,2026-03-06 17:11:43.586797,2026-03-06 18:02:43.586797,2026-03-06 19:50:43.586797,2026-03-06 21:42:23.203649,2026-03-07 04:40:40.124456,2026-03-07 11:29:12.744400,2026-03-07 19:07:30.063842,2026-03-08 04:30:54.771007,2026-03-08 00:46:42.012486,Delivered,Closed,SHP024,Shipper 024,Marketplace,Jabodetabek,ST03_JKT_East,HB01_JKT_GATEWAY,West Java,ST06_Bandung,HB01_JKT_GATEWAY,Inter-Region,Next Day,Prepaid,CR030,Bike,0.78,0.75,0.78,1381601,23510,19902,4,0,0,,51.0,36,0,0,,1,0,,0,,39.74,1.86,6.81,ST06_Bandung,First Mile Delay
SHPM003290,AWB260003290,2026-02-19 10:18:40.915362,2026-02-19 10:25:40.915362,2026-02-19 10:47:40.915362,2026-02-19 17:20:41.309299,2026-02-19 17:28:41.309299,2026-02-19 18:21:41.309299,2026-02-20 00:12:30.685144,2026-02-20 05:52:10.330641,2026-02-20 11:34:55.032789,2026-02-20 20:42:12.288353,2026-02-21 08:16:03.351176,2026-02-22 10:18:40.915362,Delivered,Closed,SHP087,Shipper 087,Enterprise,Jabodetabek,ST02_JKT_West,HB01_JKT_GATEWAY,Central Java,ST11_Yogyakarta,HB04_CTG_NATIONAL,Inter-Region,Regular,Prepaid,CR013,Bike,0.54,0.57,0.57,1904494,14565,8221,8,1,0,,8.0,72,1,0,,1,0,,0,,45.96,5.85,5.71,ST11_Yogyakarta,
SHPM003291,AWB260003291,2026-03-13 04:54:44.985406,2026-03-13 05:32:44.985406,2026-03-13 05:58:44.985406,2026-03-13 14:19:24.720121,2026-03-13 14:39:24.720121,2026-03-13 16:38:24.720121,2026-03-13 20:58:00.661298,2026-03-13 23:31:35.829985,2026-03-14 11:22:57.278385,2026-03-14 22:22:11.502802,,2026-03-16 04:54:44.985406,Damaged,Exception,SHP057,Shipper 057,SME,Central Java,ST09_Semarang,HB04_CTG_NATIONAL,Jabodetabek,ST04_Bekasi,HB01_JKT_GATEWAY,Inter-Region,Regular,COD,CR087,Van,1.59,1.63,1.63,1866333,23335,16317,8,0,0,,20.0,72,0,0,,1,1,Damaged,0,,583.09,4.33,11.86,ST09_Semarang,
SHPM003292,AWB260003292,2026-03-28 18:37:31.111137,2026-03-28 19:21:31.111137,2026-03-28 19:34:31.111137,2026-03-28 22:17:05.065547,2026-03-28 22:55:05.065547,2026-03-28 23:43:05.065547,2026-03-29 03:50:09.290538,2026-03-29 08:20:26.939200,2026-03-29 11:49:04.310850,2026-03-29 16:15:54.438418,2026-03-30 07:14:04.877627,2026-03-30 18:37:31.111137,Delivered,Closed,SHP002,Shipper 002,Enterprise,Jabodetabek,ST05_Tangerang,HB01_JKT_GATEWAY,Jabodetabek,ST01_JKT_Central,HB01_JKT_GATEWAY,Intra-Region,Regular,Prepaid,CR044,Bike,1.49,1.48,1.49,570540,18705,13052,8,1,0,,38.0,48,1,0,,1,0,,0,,36.61,4.12,3.48,ST01_JKT_Central,
SHPM003293,AWB260003293,2026-02-24 12:30:10.799925,2026-02-24 13:12:10.799925,2026-02-24 13:22:10.799925,2026-02-24 14:13:38.400171,2026-02-24 14:25:38.400171,2026-02-24 16:00:38.400171,2026-02-24 21:19:05.619242,2026-02-25 06:37:45.099401,2026-02-25 18:00:12.686606,2026-02-26 09:10:48.154042,2026-02-26 14:13:21.311053,2026-02-26 00:30:10.799925,Delivered,Closed,SHP084,Shipper 084,Enterprise,Central Java,ST11_Yogyakarta,HB04_CTG_NATIONAL,West Java,ST06_Bandung,HB01_JKT_GATEWAY,Inter-Region,Next Day,Prepaid,CR100,Van,1.83,1.7,1.83,863430,28235,16650,4,1,0,,12.0,36,0,0,,1,0,,0,,49.72,5.31,11.37,ST06_Bandung,Hub Bottleneck
SHPM003294,AWB260003294,2026-03-20 12:04:43.015493,2026-03-20 12:47:43.015493,2026-03-20 13:38:43.015493,2026-03-20 17:09:17.858401,2026-03-20 17:42:17.858401,2026-03-20 19:01:17.858401,2026-03-20 20:07:28.653569,2026-03-21 03:26:36.095068,2026-03-21 11:34:20.572216,2026-03-22 00:05:01.334915,2026-03-22 05:43:32.171019,2026-03-22 00:04:43.015493,Delivered,Closed,SHP030,Shipper 030,Enterprise,Jabodetabek,ST05_Tangerang,HB01_JKT_GATEWAY,Central Java,ST10_Solo,HB04_CTG_NATIONAL,Inter-Region,Next Day,Prepaid,CR049,Bike,1.14,1.11,1.14,1018021,25130,17341,4,0,0,,33.0,36,0,0,,1,0,,0,,41.65,1.1,8.13,ST10_Solo,First Mile Delay
SHPM003295,AWB260003295,2026-03-13 00:23:29.591690,2026-03-13 00:30:29.591690,2026-03-13 01:01:29.591690,2026-03-13 02:31:32.603839,2026-03-13 03:33:32.603839,2026-03-13 04:34:32.603839,2026-03-13 06:15:04.293871,2026-03-13 09:14:26.735725,2026-03-13 16:11:19.178573,2026-03-14 04:08:44.929582,2026-03-14 11:56:21.064622,2026-03-14 12:23:29.591690,Delivered,Closed,SHP035,Shipper 035,Enterprise,Jabodetabek,ST04_Bekasi,HB01_JKT_GATEWAY,East Java,ST12_Surabaya,HB03_SBY_GATEWAY,Inter-Region,Next Day,Prepaid,CR031,Truck,2.81,2.65,2.81,497413,32645,20419,4,1,0,,62.0,36,1,0,,1,0,,0,,35.55,1.68,6.95,ST12_Surabaya,
SHPM003296,AWB260003296,2026-03-07 20:22:17.651526,2026-03-07 20:37:17.651526,2026-03-07 20:58:17.651526,2026-03-07 22:17:24.412941,2026-03-07 22:58:24.412941,2026-03-07 23:45:24.412941,2026-03-08 01:38:14.366916,2026-03-08 05:20:40.066559,2026-03-08 10:51:54.435580,2026-03-08 15:01:12.095430,2026-03-08 17:31:59.710015,2026-03-08 20:22:17.651526,Delivered,Closed,SHP042,Shipper 042,Marketplace,Jabodetabek,ST04_Bekasi,HB01_JKT_GATEWAY,Jabodetabek,ST02_JKT_West,HB01_JKT_GATEWAY,Intra-Region,Next Day,COD,CR041,Van,2.32,2.41,2.41,97979,34845,22694,4,1,0,,41.0,24,1,0,,1,0,,0,,21.16,1.88,5.52,ST02_JKT_West,
SHPM003297,AWB260003297,2026-02-26 16:31:45.309328,2026-02-26 16:49:45.309328,2026-02-26 16:55:45.309328,2026-02-26 19:59:54.917945,2026-02-26 20:24:54.917945,2026-02-26 21:47:54.917945,2026-02-27 01:37:38.048931,2026-02-27 10:32:37.985939,2026-02-27 15:01:18.106117,2026-02-27 23:57:23.114331,2026-02-28 06:15:53.873638,2026-03-01 16:31:45.309328,Delivered,Closed,SHP092,Shipper 092,Marketplace,Jabodetabek,ST04_Bekasi,HB01_JKT_GATEWAY,West Java,ST06_Bandung,HB01_JKT_GATEWAY,Inter-Region,Regular,COD,CR035,Bike,1.1,1.3,1.3,979574,21850,19334,8,1,0,,25.0,72,1,0,,1,0,,0,,37.74,3.83,4.48,ST06_Bandung,
SHPM003298,AWB260003298,2026-02-18 15:56:33.350749,2026-02-18 16:09:33.350749,2026-02-18 16:46:33.350749,2026-02-19 00:46:19.881640,2026-02-19 01:00:19.881640,2026-02-19 01:28:19.881640,2026-02-19 06:53:24.804645,2026-02-19 09:00:50.775389,2026-02-19 11:10:37.719634,2026-02-20 03:12:42.107987,2026-02-20 13:03:38.525389,2026-02-21 15:56:33.350749,Delivered,Closed,SHP057,Shipper 057,SME,Central Java,ST09_Semarang,HB04_CTG_NATIONAL,Jabodetabek,ST01_JKT_Central,HB01_JKT_GATEWAY,Inter-Region,Regular,Prepaid,CR087,Truck,0.8,0.75,0.8,1646284,15600,9465,8,0,0,,14.0,72,1,0,,1,0,,0,,45.12,5.42,2.16,ST01_JKT_Central,
SHPM003299,AWB260003299,2026-03-11 19:46:34.973092,2026-03-11 20:19:34.973092,2026-03-11 20:48:34.973092,2026-03-11 22:24:24.017402,2026-03-11 23:14:24.017402,2026-03-11 23:59:24.017402,2026-03-12 04:33:43.991847,2026-03-12 07:44:06.080780,2026-03-12 18:25:36.028261,2026-03-12 21:11:01.400358,2026-03-13 01:26:08.055735,2026-03-12 05:46:34.973092,Delivered,Closed,SHP084,Shipper 084,Enterprise,Central Java,ST09_Semarang,HB04_CTG_NATIONAL,Central Java,ST11_Yogyakarta,HB04_CTG_NATIONAL,Intra-Region,Same Day,Prepaid,CR085,Van,0.87,0.83,0.87,2014825,30915,22321,2,0,0,,50.0,10,0,0,,1,0,,0,,29.66,4.57,10.69,ST11_Yogyakarta,First Mile Delay
SHPM003300,AWB260003300,2026-02-16 08:03:44.304176,2026-02-16 08:43:44.304176,2026-02-16 08:57:44.304176,2026-02-16 11:32:09.960360,2026-02-16 11:42:09.960360,2026-02-16 12:44:09.960360,2026-02-16 15:26:06.384303,2026-02-17 00:13:01.468652,2026-02-17 07:54:01.162109,2026-02-17 19:15:54.188250,2026-02-17 23:54:24.409526,2026-02-17 20:03:44.304176,Delivered,Closed,SHP061,Shipper 061,Enterprise,Outer Java,ST17_Makassar,HB06_EASTERN_GATEWAY,West Java,ST06_Bandung,HB01_JKT_GATEWAY,Inter-Region,Next Day,COD,CR158,Bike,5.26,5.53,5.53,880866,48885,41344,4,1,0,,10.0,36,0,0,,1,0,,0,,39.84,2.7,7.68,ST06_Bandung,Last Mile Delay
SHPM003301,AWB260003301,2026-02-20 08:24:15.974453,2026-02-20 08:29:15.974453,2026-02-20 08:34:15.974453,2026-02-20 09:38:04.596764,2026-02-20 10:16:04.596764,2026-02-20 10:38:04.596764,2026-02-20 13:14:54.947125,2026-02-20 17:13:59.085524,2026-02-21 01:44:55.391300,2026-02-21 14:03:13.742755,2026-02-21 23:29:01.716435,2026-02-21 20:24:15.974453,Delivered,Closed,SHP080,Shipper 080,SME,Outer Java,ST15_Medan,HB05_SUMATRA_GATEWAY,West Java,ST06_Bandung,HB01_JKT_GATEWAY,Inter-Region,Next Day,Prepaid,CR144,Truck,1.8,2.25,2.25,552425,30125,21379,4,1,0,,38.0,36,0,0,,1,0,,0,,39.08,2.61,8.52,ST06_Bandung,Last Mile Delay
SHPM003302,AWB260003302,2026-02-23 13:38:47.713681,2026-02-23 14:09:47.713681,2026-02-23 14:58:47.713681,2026-02-23 19:44:53.563326,2026-02-23 21:01:53.563326,2026-02-23 21:27:53.563326,2026-02-24 00:59:49.253870,2026-02-24 09:08:31.459043,2026-02-24 23:36:54.839415,2026-02-25 14:36:48.449986,2026-02-26 03:31:53.233815,2026-02-26 13:38:47.713681,Delivered,Closed,SHP084,Shipper 084,Enterprise,Central Java,ST11_Yogyakarta,HB04_CTG_NATIONAL,Outer Java,ST18_Balikpapan,HB06_EASTERN_GATEWAY,Inter-Region,Regular,Prepaid,CR103,Van,0.62,0.65,0.65,954844,14925,9045,8,1,0,,77.0,72,1,0,,1,0,,0,,61.88,3.53,14.47,ST18_Balikpapan,
SHPM003303,AWB260003303,2026-03-23 16:24:42.883848,2026-03-23 16:38:42.883848,2026-03-23 17:19:42.883848,2026-03-24 01:24:01.617359,2026-03-24 02:05:01.617359,2026-03-24 02:58:01.617359,2026-03-24 04:35:00.259288,2026-03-24 09:58:45.987836,2026-03-24 21:24:39.343207,2026-03-25 07:30:51.942486,2026-03-26 00:45:46.211926,2026-03-26 16:24:42.883848,Delivered,Closed,SHP029,Shipper 029,SME,Outer Java,ST18_Balikpapan,HB06_EASTERN_GATEWAY,Central Java,ST09_Semarang,HB04_CTG_NATIONAL,Inter-Region,Regular,Prepaid,CR165,Bike,0.66,1.03,1.03,971271,16635,10718,8,0,0,,41.0,72,1,0,,1,0,,0,,56.35,1.62,11.43,ST09_Semarang,
SHPM003304,AWB260003304,2026-03-24 12:10:39.980978,2026-03-24 12:23:39.980978,2026-03-24 12:41:39.980978,2026-03-24 16:08:10.069903,2026-03-24 16:43:10.069903,2026-03-24 17:58:10.069903,2026-03-24 22:51:28.689090,2026-03-25 02:54:28.850889,2026-03-25 07:08:14.334117,2026-03-25 17:19:18.416484,2026-03-26 08:15:57.445170,2026-03-27 12:10:39.980978,Delivered,Closed,SHP087,Shipper 087,Enterprise,Jabodetabek,ST05_Tangerang,HB01_JKT_GATEWAY,East Java,ST14_Kediri,HB03_SBY_GATEWAY,Inter-Region,Regular,Prepaid,CR050,Bike,1.59,1.49,1.59,559561,19155,14441,8,1,0,,35.0,72,1,0,,1,0,,0,,44.09,4.89,4.23,ST14_Kediri,
SHPM003305,AWB260003305,2026-03-13 18:17:34.328985,2026-03-13 18:26:34.328985,2026-03-13 18:58:34.328985,2026-03-13 19:28:36.374087,2026-03-13 19:36:36.374087,2026-03-13 20:09:36.374087,2026-03-13 21:48:33.775524,2026-03-14 06:02:47.045635,2026-03-14 11:07:28.785888,2026-03-15 01:31:22.141042,2026-03-15 11:08:04.066992,2026-03-15 06:17:34.328985,Delivered,Closed,SHP002,Shipper 002,Enterprise,Jabodetabek,ST01_JKT_Central,HB01_JKT_GATEWAY,Outer Java,ST15_Medan,HB05_SUMATRA_GATEWAY,Inter-Region,Next Day,Prepaid,CR002,Bike,0.93,0.99,0.99,1765701,24455,20915,4,1,0,,8.0,36,0,0,,1,0,,0,,40.84,1.65,5.08,ST15_Medan,Remote Area
SHPM003306,AWB260003306,2026-03-08 23:09:10.400105,2026-03-08 23:19:10.400105,2026-03-09 00:04:10.400105,2026-03-09 01:32:47.702220,2026-03-09 02:28:47.702220,2026-03-09 03:21:47.702220,2026-03-09 05:31:51.325409,2026-03-09 10:17:38.864943,2026-03-09 20:58:51.380231,2026-03-10 07:05:36.218541,2026-03-10 09:46:02.908972,2026-03-10 11:09:10.400105,Delivered,Closed,SHP074,Shipper 074,Enterprise,Outer Java,ST15_Medan,HB05_SUMATRA_GATEWAY,Jabodetabek,ST01_JKT_Central,HB01_JKT_GATEWAY,Inter-Region,Next Day,Prepaid,CR143,Bike,1.25,1.79,1.79,858418,28055,22214,4,1,0,,56.0,36,1,0,,1,0,,0,,34.61,2.17,10.69,ST01_JKT_Central,
SHPM003307,AWB260003307,2026-02-24 20:25:28.390453,2026-02-24 20:30:28.390453,2026-02-24 21:01:28.390453,2026-02-24 22:52:37.446114,2026-02-24 23:01:37.446114,2026-02-24 23:16:37.446114,2026-02-25 01:02:54.922130,2026-02-25 05:30:46.138383,2026-02-25 12:33:25.798666,2026-02-25 19:52:24.957645,2026-02-26 04:39:47.465702,2026-02-26 20:25:28.390453,Delivered,Closed,SHP014,Shipper 014,Enterprise,Jabodetabek,ST05_Tangerang,HB01_JKT_GATEWAY,Jabodetabek,ST01_JKT_Central,HB01_JKT_GATEWAY,Intra-Region,Regular,COD,CR045,Bike,1.85,1.67,1.85,203931,24325,18289,8,1,0,,9.0,48,1,0,,1,0,,0,,32.24,1.77,7.04,ST01_JKT_Central,
SHPM003308,AWB260003308,2026-02-22 16:18:47.889924,2026-02-22 17:01:47.889924,2026-02-22 17:07:47.889924,2026-02-22 18:53:21.782194,2026-02-22 19:15:21.782194,2026-02-22 21:05:21.782194,2026-02-22 22:39:48.055909,2026-02-23 08:00:03.365203,2026-02-23 11:03:06.705122,2026-02-23 18:23:06.330808,2026-02-23 21:08:40.074643,2026-02-23 08:18:47.889924,Delivered,Closed,SHP088,Shipper 088,SME,Outer Java,ST19_Denpasar,HB06_EASTERN_GATEWAY,Central Java,ST09_Semarang,HB04_CTG_NATIONAL,Inter-Region,Same Day,COD,CR181,Bike,1.25,1.32,1.32,1236410,36940,34693,2,1,0,,22.0,16,0,0,,1,0,,0,,28.83,1.57,3.05,ST09_Semarang,Last Mile Delay
SHPM003309,AWB260003309,2026-03-30 06:51:29.353295,2026-03-30 07:00:29.353295,2026-03-30 07:28:29.353295,2026-03-30 10:29:06.038620,2026-03-30 11:00:06.038620,2026-03-30 12:48:06.038620,2026-03-30 14:27:18.800217,2026-03-31 00:12:47.543161,2026-03-31 12:09:53.067502,2026-04-01 05:13:49.781998,2026-04-01 20:50:08.590370,2026-03-31 18:51:29.353295,Delivered,Closed,SHP023,Shipper 023,Enterprise,West Java,ST06_Bandung,HB01_JKT_GATEWAY,Outer Java,ST19_Denpasar,HB06_EASTERN_GATEWAY,Inter-Region,Next Day,COD,CR063,Truck,0.71,0.77,0.77,413160,27465,18839,4,1,0,,31.0,36,0,0,,1,0,,0,,61.98,1.65,11.95,ST19_Denpasar,Hub Bottleneck
SHPM003310,AWB260003310,2026-02-27 12:30:15.478163,2026-02-27 12:49:15.478163,2026-02-27 13:11:15.478163,2026-02-27 15:20:16.749420,2026-02-27 15:50:16.749420,2026-02-27 16:09:16.749420,2026-02-27 18:32:12.901162,2026-02-28 03:52:43.067037,2026-02-28 06:08:03.380317,2026-02-28 16:39:19.461935,2026-02-28 18:50:33.259859,2026-03-01 00:30:15.478163,Delivered,Closed,SHP037,Shipper 037,Marketplace,Central Java,ST11_Yogyakarta,HB04_CTG_NATIONAL,West Java,ST07_Cirebon,HB02_BDG_TRANSIT,Inter-Region,Next Day,Prepaid,CR101,Van,3.45,4.45,4.45,1478413,40025,30518,4,1,0,,30.0,36,1,0,,1,0,,0,,30.34,2.38,2.26,ST07_Cirebon,
SHPM003311,AWB260003311,2026-03-26 00:19:53.828651,2026-03-26 00:46:53.828651,2026-03-26 01:11:53.828651,2026-03-26 02:02:32.131361,2026-03-26 02:17:32.131361,2026-03-26 02:57:32.131361,2026-03-26 08:47:41.308506,2026-03-26 15:36:43.694819,2026-03-27 05:11:47.316402,2026-03-27 14:07:02.490852,2026-03-28 00:44:52.757287,2026-03-27 12:19:53.828651,Delivered,Closed,SHP069,Shipper 069,SME,West Java,ST06_Bandung,HB01_JKT_GATEWAY,Outer Java,ST20_Banjarmasin,HB06_EASTERN_GATEWAY,Inter-Region,Next Day,Prepaid,CR059,Bike,2.67,2.91,2.91,805374,33095,21537,4,1,0,,15.0,36,0,0,,1,0,,0,,48.42,5.84,13.58,ST20_Banjarmasin,Hub Bottleneck
SHPM003312,AWB260003312,2026-04-01 02:47:09.890167,2026-04-01 02:53:09.890167,2026-04-01 03:15:09.890167,2026-04-01 05:00:34.555680,2026-04-01 05:52:34.555680,2026-04-01 07:11:34.555680,2026-04-01 13:04:23.615792,2026-04-01 22:26:31.112400,2026-04-02 06:28:51.217652,2026-04-02 20:05:57.972432,2026-04-02 22:47:15.198351,2026-04-02 14:47:09.890167,Delivered,Closed,SHP048,Shipper 048,Enterprise,Outer Java,ST20_Banjarmasin,HB06_EASTERN_GATEWAY,Jabodetabek,ST01_JKT_Central,HB01_JKT_GATEWAY,Inter-Region,Next Day,COD,CR193,Van,0.68,0.64,0.68,464962,27060,16818,4,1,0,,52.0,36,0,0,,1,0,,0,,44.0,5.88,8.04,ST01_JKT_Central,Last Mile Delay
SHPM003313,AWB260003313,2026-03-16 20:24:19.850046,2026-03-16 20:47:19.850046,2026-03-16 21:09:19.850046,2026-03-17 01:47:53.724714,2026-03-17 02:05:53.724714,2026-03-17 02:38:53.724714,2026-03-17 03:39:10.201591,2026-03-17 08:06:26.001408,2026-03-17 17:38:48.569351,2026-03-17 21:24:01.373366,2026-03-18 03:23:04.615720,2026-03-18 20:24:19.850046,Delivered,Closed,SHP007,Shipper 007,SME,Jabodetabek,ST05_Tangerang,HB01_JKT_GATEWAY,Jabodetabek,ST01_JKT_Central,HB01_JKT_GATEWAY,Intra-Region,Regular,Prepaid,CR044,Van,0.35,0.33,0.35,770471,13575,11812,8,1,0,,18.0,48,1,0,,1,0,,0,,30.98,1.0,9.54,ST01_JKT_Central,
SHPM003314,AWB260003314,2026-03-10 16:04:12.116194,2026-03-10 16:11:12.116194,2026-03-10 16:38:12.116194,,,,,,,,,2026-03-12 04:04:12.116194,Failed Pickup,Exception,SHP013,Shipper 013,SME,Jabodetabek,ST04_Bekasi,HB01_JKT_GATEWAY,West Java,ST08_Bogor,HB01_JKT_GATEWAY,Inter-Region,Next Day,Prepaid,CR032,Bike,0.77,0.75,0.77,1414866,23465,21828,4,0,1,Capacity Full,,36,0,0,,0,0,,0,,643.93,,,ST04_Bekasi,
SHPM003315,AWB260003315,2026-03-23 18:29:35.528505,2026-03-23 19:14:35.528505,2026-03-23 19:23:35.528505,2026-03-23 23:10:16.736007,2026-03-23 23:18:16.736007,2026-03-24 00:01:16.736007,2026-03-24 05:42:59.660405,2026-03-24 11:41:54.871554,2026-03-24 20:05:43.869270,2026-03-25 02:23:10.266877,2026-03-25 12:55:00.269418,2026-03-26 18:29:35.528505,Delivered,Closed,SHP087,Shipper 087,Enterprise,Jabodetabek,ST02_JKT_West,HB01_JKT_GATEWAY,West Java,ST08_Bogor,HB01_JKT_GATEWAY,Inter-Region,Regular,Prepaid,CR017,Bike,1.19,1.11,1.19,2031264,17355,15492,8,1,0,,8.0,72,1,0,,1,0,,0,,42.42,5.7,8.4,ST08_Bogor,
SHPM003316,AWB260003316,2026-02-17 21:28:44.321533,2026-02-17 21:38:44.321533,2026-02-17 21:55:44.321533,2026-02-18 00:06:37.076931,2026-02-18 00:58:37.076931,2026-02-18 02:33:37.076931,2026-02-18 03:57:00.536020,2026-02-18 10:23:54.942668,2026-02-18 19:05:25.632950,2026-02-19 07:57:16.397071,2026-02-19 18:21:54.847098,2026-02-19 09:28:44.321533,Delivered,Closed,SHP090,Shipper 090,Enterprise,East Java,ST14_Kediri,HB03_SBY_GATEWAY,Central Java,ST10_Solo,HB04_CTG_NATIONAL,Inter-Region,Next Day,Prepaid,CR133,Bike,1.72,1.84,1.84,603662,28280,26580,4,1,0,,52.0,36,0,0,,1,0,,0,,44.89,1.39,8.69,ST10_Solo,Last Mile Delay
SHPM003317,AWB260003317,2026-04-01 08:03:26.476740,2026-04-01 08:35:26.476740,2026-04-01 08:56:26.476740,2026-04-01 13:21:56.769742,2026-04-01 14:02:56.769742,2026-04-01 15:12:56.769742,2026-04-01 16:23:28.406270,2026-04-01 19:29:01.032032,2026-04-01 22:19:17.379328,2026-04-02 04:06:19.158129,2026-04-02 10:39:08.292959,2026-04-04 08:03:26.476740,Delivered,Closed,SHP069,Shipper 069,SME,West Java,ST06_Bandung,HB01_JKT_GATEWAY,Jabodetabek,ST02_JKT_West,HB01_JKT_GATEWAY,Inter-Region,Regular,Prepaid,CR055,Van,0.54,0.49,0.54,2079046,14430,11470,8,1,0,,41.0,72,1,0,,1,0,,0,,26.59,1.18,2.84,ST02_JKT_West,
SHPM003318,AWB260003318,2026-03-17 17:15:21.409491,2026-03-17 17:52:21.409491,2026-03-17 18:44:21.409491,2026-03-17 22:57:30.665387,2026-03-18 00:53:30.665387,2026-03-18 01:19:30.665387,2026-03-18 05:52:15.611690,2026-03-18 10:56:10.315750,2026-03-19 09:57:26.056545,2026-03-19 22:52:45.492024,2026-03-20 11:43:12.110214,2026-03-20 17:15:21.409491,Delivered,Closed,SHP060,Shipper 060,Enterprise,East Java,ST12_Surabaya,HB03_SBY_GATEWAY,Outer Java,ST15_Medan,HB05_SUMATRA_GATEWAY,Inter-Region,Regular,COD,CR112,Bike,1.28,1.48,1.48,572297,22660,20179,8,1,0,,116.0,72,1,0,,1,0,,0,,66.46,4.55,23.02,ST15_Medan,
SHPM003319,AWB260003319,2026-03-17 09:19:20.677623,2026-03-17 09:26:20.677623,2026-03-17 09:44:20.677623,2026-03-17 17:45:02.484112,2026-03-17 18:44:02.484112,2026-03-17 19:14:02.484112,2026-03-17 22:28:12.021842,2026-03-18 05:04:06.828453,2026-03-18 10:43:42.393861,2026-03-19 01:25:40.045400,2026-03-19 07:28:14.490456,2026-03-20 09:19:20.677623,Delivered,Closed,SHP063,Shipper 063,Enterprise,Jabodetabek,ST05_Tangerang,HB01_JKT_GATEWAY,Outer Java,ST17_Makassar,HB06_EASTERN_GATEWAY,Inter-Region,Regular,Prepaid,CR053,Van,3.43,3.25,3.43,1461280,27435,23672,8,0,0,,59.0,72,1,0,,1,0,,0,,46.15,3.24,5.66,ST17_Makassar,
SHPM003320,AWB260003320,2026-02-28 03:07:35.088380,2026-02-28 03:48:35.088380,2026-02-28 04:42:35.088380,,,,,,,,,2026-03-01 15:07:35.088380,Failed Pickup,Exception,SHP025,Shipper 025,Marketplace,East Java,ST12_Surabaya,HB03_SBY_GATEWAY,Central Java,ST10_Solo,HB04_CTG_NATIONAL,Inter-Region,Next Day,Prepaid,CR113,Bike,2.02,2.06,2.06,542207,29270,18591,4,0,1,Capacity Full,,36,0,0,,0,0,,0,,896.87,,,ST12_Surabaya,
SHPM003321,AWB260003321,2026-03-22 15:07:26.486469,2026-03-22 15:52:26.486469,2026-03-22 16:34:26.486469,2026-03-22 18:10:15.106712,2026-03-22 18:38:15.106712,2026-03-22 19:53:15.106712,2026-03-23 00:19:24.453070,2026-03-23 03:47:37.061005,2026-03-23 12:23:03.340482,2026-03-23 22:09:51.153236,,2026-03-24 03:07:26.486469,Return To Sender,RTS,SHP099,Shipper 099,SME,West Java,ST08_Bogor,HB01_JKT_GATEWAY,Central Java,ST11_Yogyakarta,HB04_CTG_NATIONAL,Inter-Region,Next Day,COD,CR079,Bike,0.71,0.67,0.71,292317,27195,21544,4,1,0,,28.0,36,0,1,Customer Not Home,2,0,,1,Customer Not Home,356.88,4.44,8.59,ST11_Yogyakarta,Delivery Exception
SHPM003322,AWB260003322,2026-02-15 16:10:08.033512,2026-02-15 16:23:08.033512,2026-02-15 17:04:08.033512,2026-02-15 18:17:14.523520,2026-02-15 18:47:14.523520,2026-02-15 19:37:14.523520,2026-02-16 01:06:20.768503,2026-02-16 08:19:46.422398,2026-02-16 23:48:26.452171,2026-02-17 10:50:31.644458,2026-02-18 02:43:31.428854,2026-02-17 04:10:08.033512,Delivered,Closed,SHP055,Shipper 055,Marketplace,East Java,ST14_Kediri,HB03_SBY_GATEWAY,Outer Java,ST16_Palembang,HB05_SUMATRA_GATEWAY,Inter-Region,Next Day,Prepaid,CR134,Van,0.89,1.44,1.44,528598,26480,17077,4,1,0,,30.0,36,0,0,,1,0,,0,,58.56,5.49,15.48,ST16_Palembang,Hub Bottleneck
SHPM003323,AWB260003323,2026-03-24 01:16:12.417089,2026-03-24 01:55:12.417089,2026-03-24 02:53:12.417089,2026-03-24 10:29:14.106406,2026-03-24 10:52:14.106406,2026-03-24 12:03:14.106406,2026-03-24 15:01:55.139461,2026-03-24 23:07:17.838305,2026-03-25 10:03:44.760227,2026-03-25 22:04:51.403952,2026-03-26 14:03:54.835801,2026-03-27 01:16:12.417089,Delivered,Closed,SHP023,Shipper 023,Enterprise,West Java,ST08_Bogor,HB01_JKT_GATEWAY,Jabodetabek,ST01_JKT_Central,HB01_JKT_GATEWAY,Inter-Region,Regular,Prepaid,CR080,Bike,0.63,0.65,0.65,374071,14925,10100,8,0,0,,23.0,72,1,0,,1,0,,0,,60.8,2.98,10.94,ST01_JKT_Central,
SHPM003324,AWB260003324,2026-03-09 16:24:53.789325,2026-03-09 16:54:53.789325,2026-03-09 17:34:53.789325,2026-03-09 21:02:37.273753,2026-03-09 21:17:37.273753,2026-03-09 22:36:37.273753,2026-03-10 02:07:10.285810,2026-03-10 09:24:47.492422,2026-03-11 04:08:57.456384,2026-03-11 12:02:08.745868,2026-03-11 17:15:20.787072,2026-03-11 04:24:53.789325,Delivered,Closed,SHP062,Shipper 062,Enterprise,Jabodetabek,ST04_Bekasi,HB01_JKT_GATEWAY,Outer Java,ST19_Denpasar,HB06_EASTERN_GATEWAY,Inter-Region,Next Day,Prepaid,CR034,Van,1.32,1.49,1.49,1451346,26705,18843,4,0,0,,15.0,36,0,0,,1,0,,0,,48.84,3.51,18.74,ST19_Denpasar,First Mile Delay
SHPM003325,AWB260003325,2026-03-10 01:47:19.158726,2026-03-10 02:16:19.158726,2026-03-10 02:37:19.158726,2026-03-10 06:46:18.749722,2026-03-10 07:21:18.749722,2026-03-10 08:34:18.749722,2026-03-10 10:40:25.601805,2026-03-10 14:58:13.464336,2026-03-10 16:33:54.856497,2026-03-11 01:05:54.924569,2026-03-11 05:51:13.963967,2026-03-13 01:47:19.158726,Delivered,Closed,SHP061,Shipper 061,Enterprise,Outer Java,ST20_Banjarmasin,HB06_EASTERN_GATEWAY,West Java,ST08_Bogor,HB01_JKT_GATEWAY,Inter-Region,Regular,Prepaid,CR190,Bike,1.93,2.63,2.63,415467,23835,20335,8,1,0,,35.0,72,1,0,,1,0,,0,,28.07,2.1,1.59,ST08_Bogor,
SHPM003326,AWB260003326,2026-02-20 14:51:10.054143,2026-02-20 15:19:10.054143,2026-02-20 15:35:10.054143,2026-02-20 18:26:07.430878,2026-02-20 19:37:07.430878,2026-02-20 20:27:07.430878,2026-02-21 01:08:43.368425,2026-02-21 03:19:03.323685,2026-02-21 11:28:45.832377,2026-02-22 00:49:10.654773,2026-02-22 11:05:38.241802,2026-02-22 02:51:10.054143,Delivered,Closed,SHP030,Shipper 030,Enterprise,Jabodetabek,ST05_Tangerang,HB01_JKT_GATEWAY,West Java,ST07_Cirebon,HB02_BDG_TRANSIT,Inter-Region,Next Day,COD,CR051,Bike,0.45,0.7,0.7,1412252,27150,23155,4,1,0,,71.0,36,0,0,,1,0,,0,,44.24,4.69,8.16,ST07_Cirebon,Last Mile Delay
SHPM003327,AWB260003327,2026-02-20 09:32:33.558987,2026-02-20 10:02:33.558987,2026-02-20 10:31:33.558987,2026-02-20 12:29:34.110307,2026-02-20 12:44:34.110307,2026-02-20 13:06:34.110307,2026-02-20 14:51:46.618119,2026-02-21 00:39:04.020419,2026-02-21 05:42:12.249388,2026-02-21 16:31:01.385562,2026-02-22 06:55:21.161913,2026-02-23 09:32:33.558987,Delivered,Closed,SHP071,Shipper 071,Enterprise,Jabodetabek,ST02_JKT_West,HB01_JKT_GATEWAY,Central Java,ST09_Semarang,HB04_CTG_NATIONAL,Inter-Region,Regular,Prepaid,CR018,Bike,1.77,1.73,1.77,931045,19965,14627,8,1,0,,15.0,72,1,0,,1,0,,0,,45.38,1.75,5.05,ST09_Semarang,
SHPM003328,AWB260003328,2026-03-04 23:40:34.597409,2026-03-05 00:02:34.597409,2026-03-05 00:15:34.597409,2026-03-05 03:57:25.879155,2026-03-05 05:01:25.879155,2026-03-05 06:20:25.879155,2026-03-05 10:39:07.372316,2026-03-05 19:41:21.958504,2026-03-06 07:26:05.838135,2026-03-06 15:13:18.436178,2026-03-07 07:24:20.116011,2026-03-07 23:40:34.597409,Delivered,Closed,SHP005,Shipper 005,Enterprise,Central Java,ST09_Semarang,HB04_CTG_NATIONAL,Outer Java,ST16_Palembang,HB05_SUMATRA_GATEWAY,Inter-Region,Regular,Prepaid,CR087,Van,0.32,0.41,0.41,1332191,13845,11429,8,1,0,,64.0,72,1,0,,1,0,,0,,55.73,4.31,11.75,ST16_Palembang,
SHPM003329,AWB260003329,2026-03-02 04:43:45.254469,2026-03-02 05:00:45.254469,2026-03-02 05:14:45.254469,2026-03-02 13:12:24.402075,2026-03-02 14:22:24.402075,2026-03-02 16:11:24.402075,2026-03-02 20:01:26.315947,2026-03-03 00:55:08.111395,2026-03-03 05:58:04.900669,2026-03-03 20:29:58.223007,2026-03-04 13:43:19.857685,2026-03-05 04:43:45.254469,Delivered,Closed,SHP070,Shipper 070,Enterprise,Jabodetabek,ST03_JKT_East,HB01_JKT_GATEWAY,Outer Java,ST15_Medan,HB05_SUMATRA_GATEWAY,Inter-Region,Regular,COD,CR024,Truck,1.4,1.5,1.5,182127,22750,18782,8,0,0,,70.0,72,1,0,,1,0,,0,,56.99,3.83,5.05,ST15_Medan,
SHPM003330,AWB260003330,2026-03-14 00:09:42.476258,2026-03-14 00:50:42.476258,2026-03-14 01:20:42.476258,2026-03-14 02:31:25.587687,2026-03-14 03:33:25.587687,2026-03-14 04:07:25.587687,2026-03-14 08:21:14.733097,2026-03-14 11:56:27.120713,2026-03-14 23:42:51.499674,2026-03-15 15:36:02.047863,2026-03-15 19:13:43.890979,2026-03-15 12:09:42.476258,Delivered,Closed,SHP077,Shipper 077,Marketplace,Outer Java,ST16_Palembang,HB05_SUMATRA_GATEWAY,Central Java,ST09_Semarang,HB04_CTG_NATIONAL,Inter-Region,Next Day,Prepaid,CR153,Bike,3.37,3.39,3.39,1040123,35255,19854,4,1,0,,62.0,36,0,0,,1,0,,0,,43.07,4.23,11.77,ST09_Semarang,Hub Bottleneck
SHPM003331,AWB260003331,2026-04-01 01:23:24.545963,2026-04-01 02:07:24.545963,2026-04-01 02:23:24.545963,2026-04-01 08:23:57.201025,2026-04-01 08:52:57.201025,2026-04-01 09:40:57.201025,2026-04-01 15:18:41.397457,2026-04-01 20:14:47.888716,2026-04-01 23:15:11.905896,2026-04-02 05:09:51.545495,2026-04-02 23:01:20.418093,2026-04-04 01:23:24.545963,Delivered,Closed,SHP039,Shipper 039,Marketplace,Central Java,ST11_Yogyakarta,HB04_CTG_NATIONAL,Jabodetabek,ST04_Bekasi,HB01_JKT_GATEWAY,Inter-Region,Regular,COD,CR106,Bike,1.74,1.59,1.74,794858,23830,19029,8,1,0,,29.0,72,1,0,,1,0,,0,,45.63,5.63,3.01,ST04_Bekasi,
SHPM003332,AWB260003332,2026-03-19 16:19:10.982705,2026-03-19 16:44:10.982705,2026-03-19 17:10:10.982705,2026-03-19 17:53:00.504922,2026-03-19 18:13:00.504922,2026-03-19 20:12:00.504922,2026-03-19 23:02:50.872767,2026-03-20 07:55:40.572222,2026-03-20 15:34:13.642410,2026-03-21 05:47:42.166928,2026-03-21 11:10:27.828645,2026-03-21 04:19:10.982705,Delivered,Closed,SHP002,Shipper 002,Enterprise,Jabodetabek,ST01_JKT_Central,HB01_JKT_GATEWAY,East Java,ST12_Surabaya,HB03_SBY_GATEWAY,Inter-Region,Next Day,Prepaid,CR002,Bike,0.84,0.86,0.86,1916147,23870,19617,4,1,0,,20.0,36,0,0,,1,0,,0,,42.85,2.85,7.64,ST12_Surabaya,Last Mile Delay
SHPM003333,AWB260003333,2026-03-14 19:34:12.739062,2026-03-14 20:19:12.739062,2026-03-14 20:52:12.739062,2026-03-14 21:17:02.096989,2026-03-14 22:14:02.096989,2026-03-14 22:58:02.096989,2026-03-15 01:47:03.165296,2026-03-15 06:46:30.488092,2026-03-15 08:49:07.784575,2026-03-15 16:39:37.731771,2026-03-15 22:07:23.470867,2026-03-15 11:34:12.739062,Delivered,Closed,SHP061,Shipper 061,Enterprise,Outer Java,ST20_Banjarmasin,HB06_EASTERN_GATEWAY,Central Java,ST11_Yogyakarta,HB04_CTG_NATIONAL,Inter-Region,Same Day,COD,CR187,Van,0.68,0.68,0.68,1236672,34060,28700,2,1,0,,57.0,16,0,0,,1,0,,0,,26.55,2.82,2.04,ST11_Yogyakarta,Last Mile Delay
SHPM003334,AWB260003334,2026-03-03 21:29:42.899068,2026-03-03 21:52:42.899068,2026-03-03 22:18:42.899068,2026-03-03 23:13:28.820451,2026-03-04 00:03:28.820451,2026-03-04 00:19:28.820451,2026-03-04 04:16:16.501753,2026-03-04 11:14:01.287584,2026-03-04 15:35:58.964005,2026-03-06 04:28:28.980035,2026-03-06 09:36:25.784881,2026-03-04 13:29:42.899068,Delivered,Closed,SHP072,Shipper 072,Enterprise,Outer Java,ST20_Banjarmasin,HB06_EASTERN_GATEWAY,Central Java,ST11_Yogyakarta,HB04_CTG_NATIONAL,Inter-Region,Same Day,Prepaid,CR186,Bike,0.75,0.73,0.75,939513,30375,17825,2,1,0,,50.0,16,0,0,,1,1,Missed Cut-Off,0,,60.11,3.95,4.37,ST11_Yogyakarta,Last Mile Delay
SHPM003335,AWB260003335,2026-02-19 00:04:08.298806,2026-02-19 00:17:08.298806,2026-02-19 00:25:08.298806,2026-02-19 03:20:05.926639,2026-02-19 03:49:05.926639,2026-02-19 05:32:05.926639,2026-02-19 07:00:47.186612,2026-02-19 12:55:27.765301,2026-02-19 15:27:01.134382,2026-02-20 07:10:51.353314,2026-02-20 17:54:55.395515,2026-02-20 12:04:08.298806,Delivered,Closed,SHP011,Shipper 011,Enterprise,Jabodetabek,ST01_JKT_Central,HB01_JKT_GATEWAY,Central Java,ST09_Semarang,HB04_CTG_NATIONAL,Inter-Region,Next Day,COD,CR003,Bike,0.57,0.79,0.79,1164950,27555,20855,4,1,0,,29.0,36,0,0,,1,0,,0,,41.85,1.48,2.53,ST09_Semarang,Last Mile Delay
SHPM003336,AWB260003336,2026-03-06 17:59:35.164090,2026-03-06 18:40:35.164090,2026-03-06 18:55:35.164090,2026-03-06 21:03:55.781560,2026-03-06 22:01:55.781560,2026-03-06 23:05:55.781560,2026-03-07 04:25:45.410782,2026-03-07 11:22:24.171207,2026-03-07 19:56:09.678293,2026-03-08 04:05:01.657065,2026-03-08 11:01:40.319565,2026-03-08 05:59:35.164090,Delivered,Closed,SHP084,Shipper 084,Enterprise,Central Java,ST11_Yogyakarta,HB04_CTG_NATIONAL,East Java,ST12_Surabaya,HB03_SBY_GATEWAY,Inter-Region,Next Day,Prepaid,CR106,Van,1.54,1.67,1.67,2313823,27515,16814,4,1,0,,58.0,36,0,0,,1,0,,0,,41.03,5.33,8.56,ST12_Surabaya,Last Mile Delay
SHPM003337,AWB260003337,2026-03-23 21:03:06.070910,2026-03-23 21:21:06.070910,2026-03-23 21:40:06.070910,,,,,,,,,2026-03-25 09:03:06.070910,Failed Pickup,Exception,SHP030,Shipper 030,Enterprise,Jabodetabek,ST05_Tangerang,HB01_JKT_GATEWAY,Outer Java,ST16_Palembang,HB05_SUMATRA_GATEWAY,Inter-Region,Next Day,Prepaid,CR052,Van,2.02,2.8,2.8,1748421,32600,25685,4,0,1,Shipper Not Ready,,36,0,0,,0,0,,0,,326.95,,,ST05_Tangerang,
SHPM003338,AWB260003338,2026-02-23 22:46:42.321559,2026-02-23 22:58:42.321559,2026-02-23 23:22:42.321559,2026-02-24 06:50:56.660665,2026-02-24 07:09:56.660665,2026-02-24 07:37:56.660665,2026-02-24 10:10:24.022142,2026-02-24 19:26:04.672610,2026-02-25 03:17:48.791706,2026-02-25 17:45:39.634669,2026-02-26 04:43:04.883623,2026-02-26 22:46:42.321559,Delivered,Closed,SHP095,Shipper 095,Enterprise,Central Java,ST10_Solo,HB04_CTG_NATIONAL,Jabodetabek,ST03_JKT_East,HB01_JKT_GATEWAY,Inter-Region,Regular,Prepaid,CR091,Van,0.62,0.92,0.92,824925,16140,10561,8,1,0,,19.0,72,1,0,,1,0,,0,,53.94,2.54,7.86,ST03_JKT_East,
SHPM003339,AWB260003339,2026-03-26 12:47:01.516345,2026-03-26 13:21:01.516345,2026-03-26 13:54:01.516345,2026-03-26 14:52:49.160694,2026-03-26 15:11:49.160694,2026-03-26 16:14:49.160694,2026-03-26 19:42:55.395488,2026-03-27 03:36:40.189082,2026-03-27 14:27:17.751043,2026-03-28 06:10:19.833400,2026-03-28 09:18:16.877019,2026-03-27 04:47:01.516345,Delivered,Closed,SHP095,Shipper 095,Enterprise,Central Java,ST11_Yogyakarta,HB04_CTG_NATIONAL,Outer Java,ST15_Medan,HB05_SUMATRA_GATEWAY,Inter-Region,Same Day,COD,CR102,Van,0.91,0.98,0.98,829526,35410,23287,2,1,0,,19.0,16,0,0,,1,0,,0,,44.52,3.47,10.84,ST15_Medan,Hub Bottleneck
SHPM003340,AWB260003340,2026-02-26 18:53:51.615784,2026-02-26 19:23:51.615784,2026-02-26 20:02:51.615784,2026-02-27 00:53:48.558081,2026-02-27 01:11:48.558081,2026-02-27 02:16:48.558081,2026-02-27 04:48:09.249181,2026-02-27 12:43:18.485370,2026-02-28 00:21:41.551138,2026-02-28 17:48:21.715417,2026-03-01 03:21:37.613903,2026-03-01 18:53:51.615784,Delivered,Closed,SHP070,Shipper 070,Enterprise,Jabodetabek,ST04_Bekasi,HB01_JKT_GATEWAY,Central Java,ST09_Semarang,HB04_CTG_NATIONAL,Inter-Region,Regular,COD,CR035,Bike,0.38,0.41,0.41,945682,17845,11624,8,1,0,,18.0,72,1,0,,1,0,,0,,56.46,2.52,11.64,ST09_Semarang,
SHPM003341,AWB260003341,2026-03-06 11:39:19.500884,2026-03-06 12:14:19.500884,2026-03-06 12:36:19.500884,2026-03-06 19:18:30.234236,2026-03-06 19:31:30.234236,2026-03-06 21:30:30.234236,2026-03-07 02:04:31.447584,2026-03-07 06:49:44.460781,2026-03-07 10:21:22.652505,2026-03-08 01:34:35.845942,2026-03-08 12:30:49.170864,2026-03-09 11:39:19.500884,Delivered,Closed,SHP089,Shipper 089,Enterprise,Central Java,ST11_Yogyakarta,HB04_CTG_NATIONAL,Jabodetabek,ST01_JKT_Central,HB01_JKT_GATEWAY,Inter-Region,Regular,Prepaid,CR104,Van,2.61,3.96,3.96,1733117,29820,26439,8,1,0,,13.0,72,1,0,,1,0,,0,,48.86,4.57,3.53,ST01_JKT_Central,
SHPM003342,AWB260003342,2026-02-18 15:33:43.765699,2026-02-18 15:59:43.765699,2026-02-18 16:22:43.765699,2026-02-18 20:02:56.489347,2026-02-18 20:42:56.489347,2026-02-18 22:18:56.489347,2026-02-19 07:52:48.085265,2026-02-19 13:48:12.701667,2026-02-20 09:37:57.655223,2026-02-20 18:43:51.520945,2026-02-21 03:57:48.875833,2026-02-20 03:33:43.765699,Delivered,Closed,SHP025,Shipper 025,Marketplace,East Java,ST12_Surabaya,HB03_SBY_GATEWAY,Outer Java,ST18_Balikpapan,HB06_EASTERN_GATEWAY,Inter-Region,Next Day,Prepaid,CR111,Truck,2.81,2.95,2.95,674440,33275,22524,4,0,0,,40.0,36,0,0,,1,0,,0,,60.4,9.56,19.83,ST18_Balikpapan,First Mile Delay
SHPM003343,AWB260003343,2026-02-26 16:01:03.888610,2026-02-26 16:34:03.888610,2026-02-26 17:07:03.888610,2026-02-26 18:00:08.444335,2026-02-26 18:38:08.444335,2026-02-26 20:02:08.444335,2026-02-27 00:20:39.463806,2026-02-27 09:46:40.611344,2026-02-27 19:01:18.240925,2026-02-28 05:35:55.583111,2026-02-28 07:49:15.239664,2026-02-27 08:01:03.888610,Delivered,Closed,SHP008,Shipper 008,SME,Outer Java,ST16_Palembang,HB05_SUMATRA_GATEWAY,Central Java,ST10_Solo,HB04_CTG_NATIONAL,Inter-Region,Same Day,Prepaid,CR147,Bike,0.78,0.83,0.83,2653363,30735,22706,2,1,0,,38.0,16,0,0,,1,0,,0,,39.8,4.31,9.24,ST10_Solo,Last Mile Delay
SHPM003344,AWB260003344,2026-03-31 02:32:28.376857,2026-03-31 02:47:28.376857,2026-03-31 03:04:28.376857,2026-03-31 10:04:17.607294,2026-03-31 10:51:17.607294,2026-03-31 12:49:17.607294,2026-03-31 17:34:31.147686,2026-03-31 23:40:10.094721,2026-04-01 04:42:36.449535,2026-04-01 15:20:04.539876,2026-04-02 01:19:12.087504,2026-04-03 02:32:28.376857,Delivered,Closed,SHP027,Shipper 027,SME,Jabodetabek,ST05_Tangerang,HB01_JKT_GATEWAY,East Java,ST13_Malang,HB03_SBY_GATEWAY,Inter-Region,Regular,COD,CR049,Bike,1.51,1.6,1.6,2789405,23200,13934,8,1,0,,47.0,72,1,0,,1,0,,0,,46.78,4.75,5.04,ST13_Malang,
SHPM003345,AWB260003345,2026-03-08 20:56:22.895649,2026-03-08 21:28:22.895649,2026-03-08 21:56:22.895649,2026-03-09 03:55:30.195512,2026-03-09 04:38:30.195512,2026-03-09 06:20:30.195512,2026-03-09 11:46:28.544169,2026-03-09 13:51:22.100088,2026-03-09 20:17:33.241324,2026-03-10 01:21:14.413819,2026-03-10 04:09:00.016356,2026-03-10 08:56:22.895649,Delivered,Closed,SHP018,Shipper 018,Enterprise,West Java,ST06_Bandung,HB01_JKT_GATEWAY,Central Java,ST09_Semarang,HB04_CTG_NATIONAL,Inter-Region,Next Day,Prepaid,CR057,Truck,0.26,0.28,0.28,561209,21260,14030,4,0,0,,43.0,36,1,0,,1,0,,0,,31.21,5.43,6.44,ST09_Semarang,
SHPM003346,AWB260003346,2026-03-25 11:09:30.627416,2026-03-25 11:26:30.627416,2026-03-25 11:46:30.627416,2026-03-25 12:29:17.378440,2026-03-25 12:53:17.378440,2026-03-25 13:14:17.378440,2026-03-25 18:07:19.063227,2026-03-25 21:33:06.427439,2026-03-26 07:48:50.759372,2026-03-27 01:32:27.908143,2026-03-27 10:58:22.442138,2026-03-26 23:09:30.627416,Delivered,Closed,SHP022,Shipper 022,Marketplace,Central Java,ST10_Solo,HB04_CTG_NATIONAL,Jabodetabek,ST05_Tangerang,HB01_JKT_GATEWAY,Inter-Region,Next Day,COD,CR093,Bike,1.13,1.15,1.15,2421233,29175,16701,4,1,0,,24.0,36,0,0,,1,0,,0,,47.81,4.88,10.26,ST05_Tangerang,Hub Bottleneck
SHPM003347,AWB260003347,2026-03-26 15:23:59.831693,2026-03-26 16:08:59.831693,2026-03-26 16:34:59.831693,2026-03-26 21:32:30.917830,2026-03-26 22:02:30.917830,2026-03-26 22:43:30.917830,2026-03-26 23:55:30.806901,2026-03-27 04:33:52.874773,2026-03-27 12:28:07.891208,2026-03-27 23:58:37.989907,2026-03-28 09:50:01.036258,2026-03-29 15:23:59.831693,Delivered,Closed,SHP034,Shipper 034,Enterprise,Jabodetabek,ST01_JKT_Central,HB01_JKT_GATEWAY,Outer Java,ST19_Denpasar,HB06_EASTERN_GATEWAY,Inter-Region,Regular,Prepaid,CR002,Bike,3.27,3.4,3.4,1601850,27300,16214,8,1,0,,30.0,72,1,0,,1,0,,0,,42.43,1.2,7.9,ST19_Denpasar,
SHPM003348,AWB260003348,2026-03-22 15:45:30.301253,2026-03-22 16:16:30.301253,2026-03-22 16:58:30.301253,2026-03-22 23:41:48.494216,2026-03-22 23:49:48.494216,2026-03-23 01:17:48.494216,2026-03-23 03:33:57.922065,2026-03-23 11:29:26.587839,2026-03-23 19:10:13.196890,2026-03-24 12:13:51.620820,2026-03-24 20:34:10.867638,2026-03-25 15:45:30.301253,Delivered,Closed,SHP007,Shipper 007,SME,Jabodetabek,ST05_Tangerang,HB01_JKT_GATEWAY,Outer Java,ST15_Medan,HB05_SUMATRA_GATEWAY,Inter-Region,Regular,Prepaid,CR050,Van,0.31,0.3,0.31,2101242,13395,7439,8,1,0,,8.0,72,1,0,,1,0,,0,,52.81,2.27,7.68,ST15_Medan,
SHPM003349,AWB260003349,2026-03-11 13:35:16.530745,2026-03-11 14:18:16.530745,2026-03-11 14:23:16.530745,2026-03-11 17:39:30.893525,2026-03-11 18:37:30.893525,2026-03-11 19:01:30.893525,2026-03-11 20:37:52.104433,2026-03-12 01:59:51.663549,2026-03-12 06:13:06.401120,2026-03-12 17:39:39.187140,2026-03-13 06:16:52.007575,2026-03-14 13:35:16.530745,Delivered,Closed,SHP082,Shipper 082,SME,Outer Java,ST15_Medan,HB05_SUMATRA_GATEWAY,Jabodetabek,ST04_Bekasi,HB01_JKT_GATEWAY,Inter-Region,Regular,Prepaid,CR143,Bike,1.77,1.63,1.77,484867,19965,12679,8,1,0,,58.0,72,1,0,,1,0,,0,,40.69,1.61,4.22,ST04_Bekasi,
SHPM003350,AWB260003350,2026-02-19 09:58:57.674157,2026-02-19 10:08:57.674157,2026-02-19 10:39:57.674157,2026-02-19 15:27:22.148477,2026-02-19 15:35:22.148477,2026-02-19 16:24:22.148477,2026-02-19 18:53:08.440262,2026-02-20 03:11:26.146210,2026-02-20 07:44:19.071843,2026-02-20 23:40:38.838085,2026-02-21 10:12:06.059019,2026-02-22 09:58:57.674157,Delivered,Closed,SHP099,Shipper 099,SME,West Java,ST08_Bogor,HB01_JKT_GATEWAY,Outer Java,ST19_Denpasar,HB06_EASTERN_GATEWAY,Inter-Region,Regular,Prepaid,CR079,Truck,1.25,1.31,1.31,1080452,17895,14808,8,1,0,,8.0,72,1,0,,1,0,,0,,48.22,2.48,4.55,ST19_Denpasar,
SHPM003351,AWB260003351,2026-02-20 19:58:30.041136,2026-02-20 20:36:30.041136,2026-02-20 21:05:30.041136,2026-02-21 00:41:00.445543,2026-02-21 01:21:00.445543,2026-02-21 01:52:00.445543,2026-02-21 03:10:55.954890,2026-02-21 06:57:36.741014,2026-02-21 17:26:20.472856,2026-02-21 20:24:25.505880,2026-02-22 13:29:51.435426,2026-02-22 19:58:30.041136,Delivered,Closed,SHP033,Shipper 033,Marketplace,Jabodetabek,ST04_Bekasi,HB01_JKT_GATEWAY,Jabodetabek,ST03_JKT_East,HB01_JKT_GATEWAY,Intra-Region,Regular,Prepaid,CR040,Bike,0.61,0.82,0.82,1046484,15690,10129,8,1,0,,40.0,48,1,0,,1,0,,0,,41.52,1.32,10.48,ST03_JKT_East,
SHPM003352,AWB260003352,2026-03-01 11:06:09.951299,2026-03-01 11:32:09.951299,2026-03-01 12:01:09.951299,2026-03-01 15:28:58.569634,2026-03-01 16:00:58.569634,2026-03-01 16:33:58.569634,2026-03-01 20:06:25.573360,2026-03-02 01:55:35.742404,2026-03-02 11:26:56.412379,2026-03-02 19:42:33.303334,2026-03-03 04:09:20.690079,2026-03-02 23:06:09.951299,Delivered,Closed,SHP063,Shipper 063,Enterprise,Jabodetabek,ST05_Tangerang,HB01_JKT_GATEWAY,Outer Java,ST17_Makassar,HB06_EASTERN_GATEWAY,Inter-Region,Next Day,Prepaid,CR045,Van,0.52,0.53,0.53,1331886,22385,16014,4,1,0,,32.0,36,0,0,,1,0,,0,,41.05,3.54,9.52,ST17_Makassar,Remote Area
SHPM003353,AWB260003353,2026-03-13 15:29:04.198414,2026-03-13 15:35:04.198414,2026-03-13 15:57:04.198414,2026-03-13 23:43:27.836905,2026-03-14 00:30:27.836905,2026-03-14 01:20:27.836905,2026-03-14 06:10:54.076429,2026-03-14 11:23:17.611875,2026-03-14 20:43:25.729907,2026-03-15 02:25:10.823462,2026-03-15 18:27:02.194450,2026-03-16 15:29:04.198414,Delivered,Closed,SHP073,Shipper 073,Marketplace,Outer Java,ST15_Medan,HB05_SUMATRA_GATEWAY,East Java,ST14_Kediri,HB03_SBY_GATEWAY,Inter-Region,Regular,Prepaid,CR137,Truck,1.29,1.36,1.36,1695596,18120,14824,8,0,0,,47.0,72,1,0,,1,0,,0,,50.97,4.84,9.34,ST14_Kediri,
SHPM003354,AWB260003354,2026-03-16 12:59:32.772417,2026-03-16 13:05:32.772417,2026-03-16 13:32:32.772417,2026-03-16 17:32:10.679779,2026-03-16 18:30:10.679779,2026-03-16 18:56:10.679779,2026-03-16 23:31:46.069898,2026-03-17 02:10:20.704301,2026-03-17 13:33:21.678473,2026-03-18 04:43:06.670271,,2026-03-19 12:59:32.772417,Return To Sender,RTS,SHP035,Shipper 035,Enterprise,Jabodetabek,ST04_Bekasi,HB01_JKT_GATEWAY,Outer Java,ST17_Makassar,HB06_EASTERN_GATEWAY,Inter-Region,Regular,Prepaid,CR034,Bike,1.11,1.44,1.44,1351531,18480,10345,8,1,0,,58.0,72,0,1,Customer Not Home,1,0,,1,Customer Not Home,503.01,4.59,11.38,ST17_Makassar,Hub Bottleneck
SHPM003355,AWB260003355,2026-03-14 17:05:42.461897,2026-03-14 17:10:42.461897,2026-03-14 17:31:42.461897,2026-03-14 23:37:12.780841,2026-03-15 00:44:12.780841,2026-03-15 01:19:12.780841,2026-03-15 04:04:16.816841,2026-03-15 12:42:14.962576,2026-03-15 17:29:27.325954,2026-03-16 06:23:26.786470,2026-03-16 23:52:41.685904,2026-03-16 05:05:42.461897,Delivered,Closed,SHP060,Shipper 060,Enterprise,East Java,ST12_Surabaya,HB03_SBY_GATEWAY,Outer Java,ST17_Makassar,HB06_EASTERN_GATEWAY,Inter-Region,Next Day,Prepaid,CR109,Truck,1.56,1.59,1.59,1023234,27155,22119,4,0,0,,67.0,36,0,0,,1,0,,0,,54.78,2.75,4.79,ST17_Makassar,First Mile Delay
SHPM003356,AWB260003356,2026-02-25 19:17:59.598925,2026-02-25 19:46:59.598925,2026-02-25 20:11:59.598925,2026-02-25 23:12:00.611985,2026-02-25 23:26:00.611985,2026-02-26 00:30:00.611985,2026-02-26 04:45:07.511700,2026-02-26 08:09:37.215515,2026-02-26 15:16:31.725401,2026-02-26 20:32:45.543675,2026-02-27 12:02:07.273541,2026-02-28 19:17:59.598925,Delivered,Closed,SHP008,Shipper 008,SME,Outer Java,ST18_Balikpapan,HB06_EASTERN_GATEWAY,West Java,ST06_Bandung,HB01_JKT_GATEWAY,Inter-Region,Regular,Prepaid,CR169,Bike,2.06,2.06,2.06,348077,21270,16379,8,1,0,,14.0,72,1,0,,1,0,,0,,40.74,4.25,7.12,ST06_Bandung,
SHPM003357,AWB260003357,2026-02-22 06:20:51.655223,2026-02-22 06:40:51.655223,2026-02-22 07:02:51.655223,2026-02-22 09:03:43.574409,2026-02-22 09:56:43.574409,2026-02-22 11:12:43.574409,2026-02-22 13:20:52.872762,2026-02-22 22:36:27.397499,2026-02-23 03:48:25.699347,2026-02-23 08:55:02.868757,2026-02-24 01:28:04.299946,2026-02-25 06:20:51.655223,Delivered,Closed,SHP058,Shipper 058,Enterprise,Jabodetabek,ST01_JKT_Central,HB01_JKT_GATEWAY,East Java,ST13_Malang,HB03_SBY_GATEWAY,Inter-Region,Regular,Prepaid,CR009,Bike,1.39,1.41,1.41,2594015,18345,16028,8,1,0,,53.0,72,1,0,,1,0,,0,,43.12,2.14,5.2,ST13_Malang,
SHPM003358,AWB260003358,2026-03-26 19:06:52.441955,2026-03-26 19:26:52.441955,2026-03-26 19:59:52.441955,2026-03-26 21:54:48.361759,2026-03-26 22:30:48.361759,2026-03-26 23:22:48.361759,2026-03-27 02:23:34.581348,2026-03-27 06:27:56.273007,2026-03-27 14:18:38.497687,2026-03-27 19:34:45.118882,2026-03-28 05:33:57.902460,2026-03-28 07:06:52.441955,Delivered,Closed,SHP002,Shipper 002,Enterprise,Jabodetabek,ST01_JKT_Central,HB01_JKT_GATEWAY,Central Java,ST11_Yogyakarta,HB04_CTG_NATIONAL,Inter-Region,Next Day,Prepaid,CR008,Van,0.5,0.52,0.52,918265,22340,18774,4,1,0,,36.0,36,1,0,,1,0,,0,,34.45,3.01,7.85,ST11_Yogyakarta,
SHPM003359,AWB260003359,2026-02-24 10:50:49.738730,2026-02-24 11:35:49.738730,2026-02-24 12:04:49.738730,,,,,,,,,2026-02-27 10:50:49.738730,Failed Pickup,Exception,SHP063,Shipper 063,Enterprise,Jabodetabek,ST05_Tangerang,HB01_JKT_GATEWAY,Outer Java,ST18_Balikpapan,HB06_EASTERN_GATEWAY,Inter-Region,Regular,COD,CR049,Van,1.3,1.4,1.4,1814115,22300,20775,8,0,1,Shipper Not Ready,,72,0,0,,0,0,,0,,985.15,,,ST05_Tangerang,
SHPM003360,AWB260003360,2026-04-01 02:18:11.796386,2026-04-01 02:57:11.796386,2026-04-01 03:27:11.796386,,,,,,,,,2026-04-02 14:18:11.796386,Failed Pickup,Exception,SHP078,Shipper 078,SME,Outer Java,ST17_Makassar,HB06_EASTERN_GATEWAY,West Java,ST06_Bandung,HB01_JKT_GATEWAY,Inter-Region,Next Day,Prepaid,CR158,Truck,1.5,1.85,1.85,666505,28325,15732,4,0,1,Schedule Miss,,36,0,0,,0,0,,0,,129.7,,,ST17_Makassar,
SHPM003361,AWB260003361,2026-03-23 12:22:33.959513,2026-03-23 12:47:33.959513,2026-03-23 12:55:33.959513,2026-03-23 21:27:54.713872,2026-03-23 22:17:54.713872,2026-03-24 00:04:54.713872,2026-03-24 03:03:10.033910,2026-03-24 09:56:15.169844,2026-03-24 16:34:50.181891,2026-03-25 07:11:36.906623,2026-03-25 15:07:12.344140,2026-03-26 12:22:33.959513,Delivered,Closed,SHP087,Shipper 087,Enterprise,Jabodetabek,ST02_JKT_West,HB01_JKT_GATEWAY,Central Java,ST09_Semarang,HB04_CTG_NATIONAL,Inter-Region,Regular,COD,CR017,Bike,1.89,1.79,1.89,373378,24505,21882,8,0,0,,50.0,72,1,0,,1,0,,0,,50.74,2.97,6.64,ST09_Semarang,
SHPM003362,AWB260003362,2026-03-16 19:28:38.875433,2026-03-16 20:04:38.875433,2026-03-16 20:20:38.875433,2026-03-16 20:47:23.820987,2026-03-16 21:20:23.820987,2026-03-16 22:56:23.820987,2026-03-17 01:14:47.490160,2026-03-17 07:13:34.754206,2026-03-17 12:05:37.852664,2026-03-17 22:31:14.817942,,2026-03-17 11:28:38.875433,Delivery Exception,Exception,SHP030,Shipper 030,Enterprise,Jabodetabek,ST05_Tangerang,HB01_JKT_GATEWAY,Outer Java,ST15_Medan,HB05_SUMATRA_GATEWAY,Inter-Region,Same Day,COD,CR052,Bike,1.89,2.68,2.68,2739578,43060,29842,2,1,0,,33.0,16,0,1,Cash Issue,2,0,,0,,496.52,2.31,4.87,ST15_Medan,Delivery Exception
SHPM003363,AWB260003363,2026-03-20 05:59:36.074247,2026-03-20 06:38:36.074247,2026-03-20 07:14:36.074247,2026-03-20 07:57:24.641551,2026-03-20 08:26:24.641551,2026-03-20 10:23:24.641551,2026-03-20 13:00:08.295755,2026-03-20 16:42:54.399846,2026-03-21 04:35:58.633306,2026-03-21 18:19:28.408053,2026-03-22 02:44:44.372318,2026-03-21 17:59:36.074247,Delivered,Closed,SHP061,Shipper 061,Enterprise,Outer Java,ST17_Makassar,HB06_EASTERN_GATEWAY,Jabodetabek,ST04_Bekasi,HB01_JKT_GATEWAY,Inter-Region,Next Day,Prepaid,CR160,Van,1.11,1.48,1.48,2058713,26660,18467,4,1,0,,29.0,36,0,0,,1,0,,0,,44.75,2.61,11.88,ST04_Bekasi,Hub Bottleneck
SHPM003364,AWB260003364,2026-03-14 17:10:31.919218,2026-03-14 17:23:31.919218,2026-03-14 18:00:31.919218,2026-03-14 21:28:45.918731,2026-03-14 21:53:45.918731,2026-03-14 23:21:45.918731,2026-03-15 02:45:20.228341,2026-03-15 05:27:03.795734,2026-03-15 16:47:17.406933,2026-03-16 02:01:25.265021,2026-03-16 07:56:30.657644,2026-03-16 05:10:31.919218,Delivered,Closed,SHP086,Shipper 086,Marketplace,Jabodetabek,ST02_JKT_West,HB01_JKT_GATEWAY,East Java,ST13_Malang,HB03_SBY_GATEWAY,Inter-Region,Next Day,Prepaid,CR015,Bike,3.58,3.33,3.58,2355544,36110,24148,4,0,0,,25.0,36,0,0,,1,0,,0,,38.77,3.39,11.34,ST13_Malang,First Mile Delay
SHPM003365,AWB260003365,2026-02-21 19:54:53.137623,2026-02-21 20:02:53.137623,2026-02-21 20:56:53.137623,2026-02-21 22:22:25.768485,2026-02-21 22:57:25.768485,2026-02-22 00:08:25.768485,2026-02-22 05:05:58.568585,2026-02-22 08:47:36.892218,2026-02-22 16:10:10.945301,2026-02-23 01:17:42.641003,2026-02-23 07:31:20.852704,2026-02-23 07:54:53.137623,Delivered,Closed,SHP011,Shipper 011,Enterprise,Jabodetabek,ST03_JKT_East,HB01_JKT_GATEWAY,Central Java,ST09_Semarang,HB04_CTG_NATIONAL,Inter-Region,Next Day,Prepaid,CR024,Van,1.72,1.75,1.75,1199451,27875,18688,4,1,0,,35.0,36,1,0,,1,0,,0,,35.61,4.96,7.38,ST09_Semarang,
SHPM003366,AWB260003366,2026-02-15 10:03:56.724225,2026-02-15 10:46:56.724225,2026-02-15 11:06:56.724225,2026-02-15 21:02:39.653888,2026-02-15 22:34:39.653888,2026-02-16 00:06:39.653888,2026-02-16 07:09:38.756739,2026-02-16 12:40:10.407275,2026-02-16 22:05:24.060857,2026-02-17 05:25:36.126532,2026-02-17 11:40:24.359159,2026-02-18 10:03:56.724225,Delivered,Closed,SHP018,Shipper 018,Enterprise,West Java,ST07_Cirebon,HB02_BDG_TRANSIT,Outer Java,ST17_Makassar,HB06_EASTERN_GATEWAY,Inter-Region,Regular,COD,CR072,Van,0.47,0.62,0.62,2484661,18790,12210,8,0,0,,92.0,72,1,0,,1,0,,0,,49.61,7.05,9.42,ST17_Makassar,
SHPM003367,AWB260003367,2026-03-05 19:00:06.630149,2026-03-05 19:18:06.630149,2026-03-05 19:44:06.630149,2026-03-05 20:38:20.201401,2026-03-05 21:29:20.201401,2026-03-05 22:58:20.201401,2026-03-06 03:52:23.021864,2026-03-06 06:47:54.142887,2026-03-06 10:58:50.579877,2026-03-06 22:07:29.553911,2026-03-06 23:19:42.721802,2026-03-06 11:00:06.630149,Delivered,Closed,SHP060,Shipper 060,Enterprise,East Java,ST14_Kediri,HB03_SBY_GATEWAY,Jabodetabek,ST03_JKT_East,HB01_JKT_GATEWAY,Inter-Region,Same Day,Prepaid,CR131,Van,1.01,1.62,1.62,918440,34290,27903,2,1,0,,51.0,16,0,0,,1,0,,0,,28.33,4.9,4.18,ST03_JKT_East,Last Mile Delay
SHPM003368,AWB260003368,2026-03-01 18:10:58.185050,2026-03-01 18:18:58.185050,2026-03-01 18:48:58.185050,2026-03-01 19:12:03.292493,2026-03-01 20:17:03.292493,2026-03-01 22:09:03.292493,2026-03-02 00:08:57.217741,2026-03-02 07:32:08.637835,2026-03-02 17:48:50.361320,2026-03-03 05:11:46.877635,2026-03-03 09:59:37.611178,2026-03-02 10:10:58.185050,Delivered,Closed,SHP035,Shipper 035,Enterprise,Jabodetabek,ST04_Bekasi,HB01_JKT_GATEWAY,West Java,ST08_Bogor,HB01_JKT_GATEWAY,Inter-Region,Same Day,Prepaid,CR037,Bike,0.87,0.91,0.91,1701719,31095,22376,2,1,0,,65.0,16,0,0,,1,0,,0,,39.81,2.0,10.28,ST08_Bogor,Hub Bottleneck
SHPM003369,AWB260003369,2026-02-28 13:52:06.710581,2026-02-28 13:59:06.710581,2026-02-28 14:41:06.710581,2026-02-28 19:29:04.431752,2026-02-28 20:23:04.431752,2026-02-28 22:07:04.431752,2026-03-01 00:23:37.547443,2026-03-01 04:22:11.900105,2026-03-01 14:53:18.990856,2026-03-02 03:13:31.570638,2026-03-02 15:03:55.074550,2026-03-03 13:52:06.710581,Delivered,Closed,SHP057,Shipper 057,SME,Central Java,ST10_Solo,HB04_CTG_NATIONAL,Jabodetabek,ST02_JKT_West,HB01_JKT_GATEWAY,Inter-Region,Regular,Prepaid,CR093,Van,2.46,2.46,2.46,758177,23070,21209,8,1,0,,54.0,72,1,0,,1,0,,0,,49.2,2.28,10.52,ST02_JKT_West,
SHPM003370,AWB260003370,2026-03-26 08:51:14.387009,2026-03-26 09:23:14.387009,2026-03-26 10:15:14.387009,2026-03-26 11:07:23.480495,2026-03-26 11:51:23.480495,2026-03-26 13:14:23.480495,2026-03-26 19:10:32.552380,2026-03-26 23:41:10.123442,2026-03-27 06:55:13.748171,2026-03-27 15:13:42.061733,,2026-03-27 08:51:14.387009,Damaged,Exception,SHP061,Shipper 061,Enterprise,Outer Java,ST17_Makassar,HB06_EASTERN_GATEWAY,Outer Java,ST17_Makassar,HB06_EASTERN_GATEWAY,Intra-Region,Next Day,Prepaid,CR162,Truck,3.07,3.35,3.35,576642,35075,21444,4,1,0,,44.0,24,0,0,,1,1,Damaged,0,,267.15,5.94,7.23,HB06_EASTERN_GATEWAY,
SHPM003371,AWB260003371,2026-03-31 19:44:03.945947,2026-03-31 20:04:03.945947,2026-03-31 20:22:03.945947,2026-04-01 04:31:16.350130,2026-04-01 05:28:16.350130,2026-04-01 07:24:16.350130,2026-04-01 08:54:57.269046,2026-04-01 17:20:24.012813,2026-04-01 19:52:57.084032,2026-04-02 13:32:24.975046,2026-04-03 01:16:05.238955,2026-04-03 19:44:03.945947,Delivered,Closed,SHP094,Shipper 094,SME,Outer Java,ST20_Banjarmasin,HB06_EASTERN_GATEWAY,Jabodetabek,ST02_JKT_West,HB01_JKT_GATEWAY,Inter-Region,Regular,Prepaid,CR185,Truck,1.53,1.43,1.53,326158,18885,11711,8,0,0,,57.0,72,1,0,,1,0,,0,,53.53,1.51,2.54,ST02_JKT_West,
SHPM003372,AWB260003372,2026-03-12 18:13:23.449376,2026-03-12 18:51:23.449376,2026-03-12 19:44:23.449376,2026-03-13 01:11:00.726692,2026-03-13 02:53:00.726692,2026-03-13 04:46:00.726692,2026-03-13 12:50:40.983889,2026-03-13 19:56:35.903409,2026-03-14 02:24:50.292773,2026-03-14 13:11:52.764120,2026-03-14 17:58:44.805350,2026-03-14 06:13:23.449376,Delivered,Closed,SHP018,Shipper 018,Enterprise,West Java,ST07_Cirebon,HB02_BDG_TRANSIT,Jabodetabek,ST04_Bekasi,HB01_JKT_GATEWAY,Inter-Region,Next Day,Prepaid,CR064,Bike,0.44,0.4,0.44,901451,21980,17572,4,0,0,,102.0,36,0,0,,1,0,,0,,47.76,8.08,6.47,ST04_Bekasi,First Mile Delay
SHPM003373,AWB260003373,2026-03-23 17:10:41.648022,2026-03-23 17:55:41.648022,2026-03-23 18:55:41.648022,2026-03-23 22:50:39.020270,2026-03-24 00:27:39.020270,2026-03-24 02:01:39.020270,2026-03-24 08:22:55.812575,2026-03-24 11:58:27.732871,2026-03-24 15:51:03.012684,2026-03-25 09:20:27.503389,2026-03-25 14:30:53.818877,2026-03-25 05:10:41.648022,Delivered,Closed,SHP018,Shipper 018,Enterprise,West Java,ST07_Cirebon,HB02_BDG_TRANSIT,Outer Java,ST20_Banjarmasin,HB06_EASTERN_GATEWAY,Inter-Region,Next Day,COD,CR071,Bike,1.48,1.94,1.94,440323,32730,30701,4,0,0,,97.0,36,0,0,,1,0,,0,,45.34,6.35,3.88,ST20_Banjarmasin,First Mile Delay
SHPM003374,AWB260003374,2026-03-10 12:58:12.887469,2026-03-10 13:34:12.887469,2026-03-10 14:04:12.887469,2026-03-10 14:24:17.815813,2026-03-10 14:42:17.815813,2026-03-10 16:11:17.815813,2026-03-10 20:28:25.778585,2026-03-11 00:51:45.329490,2026-03-11 14:14:30.122198,2026-03-12 04:08:10.783745,2026-03-12 06:29:44.431797,2026-03-11 04:58:12.887469,Delivered,Closed,SHP021,Shipper 021,Marketplace,East Java,ST14_Kediri,HB03_SBY_GATEWAY,Jabodetabek,ST04_Bekasi,HB01_JKT_GATEWAY,Inter-Region,Same Day,Prepaid,CR129,Truck,1.68,2.23,2.23,359473,37035,33263,2,1,0,,18.0,16,0,0,,1,0,,0,,41.53,4.29,13.38,ST04_Bekasi,Hub Bottleneck
SHPM003375,AWB260003375,2026-03-11 23:58:13.191770,2026-03-12 00:27:13.191770,2026-03-12 01:05:13.191770,2026-03-12 05:11:32.189312,2026-03-12 06:00:32.189312,2026-03-12 07:56:32.189312,2026-03-12 13:35:01.421691,2026-03-12 15:46:14.093088,2026-03-13 02:06:08.692123,2026-03-13 10:31:59.600707,2026-03-13 21:21:58.360864,2026-03-13 11:58:13.191770,Delivered,Closed,SHP022,Shipper 022,Marketplace,Central Java,ST09_Semarang,HB04_CTG_NATIONAL,West Java,ST07_Cirebon,HB02_BDG_TRANSIT,Inter-Region,Next Day,COD,CR089,Van,1.68,2.34,2.34,1946553,34530,21149,4,0,0,,49.0,36,0,0,,1,0,,0,,45.4,5.64,10.33,ST07_Cirebon,First Mile Delay
SHPM003376,AWB260003376,2026-03-03 08:22:40.057934,2026-03-03 09:02:40.057934,2026-03-03 09:21:40.057934,2026-03-03 11:59:24.646980,2026-03-03 12:14:24.646980,2026-03-03 13:41:24.646980,2026-03-03 18:39:24.548649,2026-03-03 21:11:47.686474,2026-03-04 07:08:24.191295,2026-03-04 10:41:46.846335,2026-03-04 16:32:24.455527,2026-03-05 08:22:40.057934,Delivered,Closed,SHP053,Shipper 053,Marketplace,Jabodetabek,ST05_Tangerang,HB01_JKT_GATEWAY,Jabodetabek,ST02_JKT_West,HB01_JKT_GATEWAY,Intra-Region,Regular,Prepaid,CR050,Van,2.86,4.5,4.5,748227,32250,19845,8,1,0,,15.0,48,1,0,,1,0,,0,,32.16,4.97,9.94,ST02_JKT_West,
SHPM003377,AWB260003377,2026-03-19 06:34:01.737155,2026-03-19 07:18:01.737155,2026-03-19 07:46:01.737155,2026-03-19 09:57:34.029275,2026-03-19 10:29:34.029275,2026-03-19 11:00:34.029275,2026-03-19 16:30:34.775718,2026-03-19 22:24:52.810006,2026-03-20 05:05:54.637447,2026-03-20 10:30:51.395977,2026-03-20 16:16:30.855830,2026-03-20 18:34:01.737155,Delivered,Closed,SHP077,Shipper 077,Marketplace,Outer Java,ST16_Palembang,HB05_SUMATRA_GATEWAY,Central Java,ST11_Yogyakarta,HB04_CTG_NATIONAL,Inter-Region,Next Day,Prepaid,CR146,Van,4.17,4.93,4.93,1394530,42185,24872,4,1,0,,32.0,36,1,0,,1,0,,0,,33.71,5.5,6.68,ST11_Yogyakarta,
SHPM003378,AWB260003378,2026-03-29 02:45:09.564855,2026-03-29 02:56:09.564855,2026-03-29 03:18:09.564855,2026-03-29 08:08:28.769883,2026-03-29 09:06:28.769883,2026-03-29 10:32:28.769883,2026-03-29 13:43:41.369160,2026-03-29 16:32:37.832020,2026-03-29 21:37:03.763860,2026-03-31 01:06:02.361670,2026-03-31 13:37:15.197887,2026-04-01 02:45:09.564855,Delivered,Closed,SHP088,Shipper 088,SME,Outer Java,ST19_Denpasar,HB06_EASTERN_GATEWAY,East Java,ST13_Malang,HB03_SBY_GATEWAY,Inter-Region,Regular,Prepaid,CR177,Truck,1.37,1.91,1.91,1063590,20595,18866,8,1,0,,58.0,72,1,0,,1,1,Missed Cut-Off,0,,58.87,3.19,5.07,ST13_Malang,
SHPM003379,AWB260003379,2026-03-02 00:31:56.499293,2026-03-02 01:04:56.499293,2026-03-02 01:30:56.499293,2026-03-02 03:28:32.311664,2026-03-02 04:01:32.311664,2026-03-02 05:50:32.311664,2026-03-02 09:07:37.744028,2026-03-02 17:42:12.808758,2026-03-03 06:22:03.249232,2026-03-03 22:51:31.995642,2026-03-04 11:15:02.819916,2026-03-05 00:31:56.499293,Delivered,Closed,SHP011,Shipper 011,Enterprise,Jabodetabek,ST05_Tangerang,HB01_JKT_GATEWAY,Outer Java,ST15_Medan,HB05_SUMATRA_GATEWAY,Inter-Region,Regular,COD,CR050,Van,1.13,1.22,1.22,777355,21490,15014,8,1,0,,33.0,72,1,0,,1,0,,0,,58.72,3.28,12.66,ST15_Medan,
SHPM003380,AWB260003380,2026-03-17 19:14:46.778967,2026-03-17 19:48:46.778967,2026-03-17 20:26:46.778967,2026-03-17 23:22:10.796814,2026-03-17 23:30:10.796814,2026-03-17 23:46:10.796814,2026-03-18 02:27:00.919405,2026-03-18 11:53:21.934817,2026-03-19 00:06:04.850357,2026-03-19 17:10:29.357729,2026-03-19 23:16:34.639242,2026-03-19 07:14:46.778967,Delivered,Closed,SHP058,Shipper 058,Enterprise,Jabodetabek,ST01_JKT_Central,HB01_JKT_GATEWAY,Outer Java,ST17_Makassar,HB06_EASTERN_GATEWAY,Inter-Region,Next Day,Prepaid,CR007,Bike,2.55,2.3,2.55,292910,31475,20658,4,1,0,,8.0,36,0,0,,1,0,,0,,52.03,2.68,12.21,ST17_Makassar,Hub Bottleneck
SHPM003381,AWB260003381,2026-03-11 10:04:32.536050,2026-03-11 10:41:32.536050,2026-03-11 10:47:32.536050,2026-03-11 17:47:28.200063,2026-03-11 18:03:28.200063,2026-03-11 18:34:28.200063,2026-03-11 19:43:23.307785,2026-03-12 02:49:38.398976,2026-03-12 09:24:21.867757,2026-03-12 16:55:34.815520,2026-03-12 21:29:27.286049,2026-03-14 10:04:32.536050,Delivered,Closed,SHP007,Shipper 007,SME,Jabodetabek,ST03_JKT_East,HB01_JKT_GATEWAY,West Java,ST07_Cirebon,HB02_BDG_TRANSIT,Inter-Region,Regular,Prepaid,CR028,Bike,0.69,0.93,0.93,2837440,16185,9678,8,1,0,,16.0,72,1,0,,1,0,,0,,35.42,1.15,6.58,ST07_Cirebon,
SHPM003382,AWB260003382,2026-03-28 12:21:51.646164,2026-03-28 13:05:51.646164,2026-03-28 14:00:51.646164,2026-03-28 17:29:14.286373,2026-03-28 18:31:14.286373,2026-03-28 19:13:14.286373,2026-03-29 00:47:06.812719,2026-03-29 08:17:12.709172,2026-03-29 16:16:23.579616,2026-03-30 04:23:29.268740,2026-03-30 14:55:54.485781,2026-03-30 00:21:51.646164,Delivered,Closed,SHP061,Shipper 061,Enterprise,Outer Java,ST17_Makassar,HB06_EASTERN_GATEWAY,Central Java,ST11_Yogyakarta,HB04_CTG_NATIONAL,Inter-Region,Next Day,Prepaid,CR158,Truck,0.81,1.07,1.07,548594,24815,16234,4,0,0,,62.0,36,0,0,,1,0,,0,,50.57,5.56,7.99,ST11_Yogyakarta,First Mile Delay
SHPM003383,AWB260003383,2026-02-18 05:42:58.244767,2026-02-18 06:14:58.244767,2026-02-18 06:42:58.244767,2026-02-18 13:21:20.257592,2026-02-18 14:17:20.257592,2026-02-18 16:01:20.257592,2026-02-18 19:57:22.726476,2026-02-19 00:48:51.026476,2026-02-19 10:02:18.785672,2026-02-20 03:02:29.086460,2026-02-20 09:22:18.186632,2026-02-21 05:42:58.244767,Delivered,Closed,SHP063,Shipper 063,Enterprise,Jabodetabek,ST04_Bekasi,HB01_JKT_GATEWAY,West Java,ST08_Bogor,HB01_JKT_GATEWAY,Inter-Region,Regular,Prepaid,CR042,Bike,1.66,1.73,1.73,1633736,19785,11589,8,1,0,,56.0,72,1,0,,1,0,,0,,51.66,3.93,9.22,ST08_Bogor,
SHPM003384,AWB260003384,2026-03-09 05:12:58.513738,2026-03-09 05:44:58.513738,2026-03-09 06:08:58.513738,2026-03-09 07:07:21.452145,2026-03-09 07:21:21.452145,2026-03-09 08:40:21.452145,2026-03-09 10:13:18.262787,2026-03-09 16:02:17.283651,2026-03-09 19:55:20.771333,2026-03-10 01:07:26.873009,2026-03-10 08:35:41.913510,2026-03-10 17:12:58.513738,Delivered,Closed,SHP072,Shipper 072,Enterprise,Outer Java,ST18_Balikpapan,HB06_EASTERN_GATEWAY,Central Java,ST10_Solo,HB04_CTG_NATIONAL,Inter-Region,Next Day,Prepaid,CR173,Truck,3.51,3.35,3.51,818368,35795,22759,4,1,0,,14.0,36,1,0,,1,0,,0,,27.38,1.55,3.88,ST10_Solo,
SHPM003385,AWB260003385,2026-02-27 06:59:52.849352,2026-02-27 07:28:52.849352,2026-02-27 07:48:52.849352,2026-02-27 08:43:19.069771,2026-02-27 09:32:19.069771,2026-02-27 10:32:19.069771,2026-02-27 12:52:00.165584,2026-02-27 17:39:22.988335,2026-02-27 22:51:37.370342,2026-02-28 04:57:42.765800,2026-02-28 15:31:37.080843,2026-02-28 18:59:52.849352,Delivered,Closed,SHP052,Shipper 052,Marketplace,Jabodetabek,ST04_Bekasi,HB01_JKT_GATEWAY,West Java,ST08_Bogor,HB01_JKT_GATEWAY,Inter-Region,Next Day,Prepaid,CR039,Bike,0.66,0.79,0.79,1063429,23555,17981,4,1,0,,49.0,36,1,0,,1,0,,0,,32.53,2.33,5.2,ST08_Bogor,
SHPM003386,AWB260003386,2026-03-23 03:38:23.881456,2026-03-23 04:12:23.881456,2026-03-23 04:22:23.881456,2026-03-23 05:21:39.298438,2026-03-23 06:12:39.298438,2026-03-23 07:52:39.298438,2026-03-23 11:31:24.911111,2026-03-23 19:43:25.353262,2026-03-24 02:50:50.747946,2026-03-24 12:23:42.670072,2026-03-24 14:27:22.228974,2026-03-24 15:38:23.881456,Delivered,Closed,SHP098,Shipper 098,Marketplace,Outer Java,ST17_Makassar,HB06_EASTERN_GATEWAY,Jabodetabek,ST05_Tangerang,HB01_JKT_GATEWAY,Inter-Region,Next Day,Prepaid,CR155,Truck,0.85,0.9,0.9,456642,24050,22759,4,1,0,,51.0,36,1,0,,1,0,,0,,34.82,3.65,7.12,ST05_Tangerang,
SHPM003387,AWB260003387,2026-03-02 01:41:23.354997,2026-03-02 02:15:23.354997,2026-03-02 02:59:23.354997,2026-03-02 08:13:14.230907,2026-03-02 09:05:14.230907,2026-03-02 09:47:14.230907,2026-03-02 12:22:07.896854,2026-03-02 20:52:22.604620,2026-03-03 08:25:53.134703,2026-03-03 22:15:10.109522,,2026-03-05 01:41:23.354997,Return To Sender,RTS,SHP011,Shipper 011,Enterprise,Jabodetabek,ST01_JKT_Central,HB01_JKT_GATEWAY,Outer Java,ST15_Medan,HB05_SUMATRA_GATEWAY,Inter-Region,Regular,Prepaid,CR006,Van,0.64,0.7,0.7,1911418,15150,11508,8,1,0,,52.0,72,0,1,Customer Not Home,2,0,,1,Customer Not Home,850.31,2.58,11.56,ST15_Medan,Hub Bottleneck
SHPM003388,AWB260003388,2026-02-22 08:40:40.994181,2026-02-22 08:45:40.994181,2026-02-22 09:10:40.994181,2026-02-22 16:26:24.700322,2026-02-22 17:03:24.700322,2026-02-22 18:42:24.700322,2026-02-22 20:56:18.465298,2026-02-23 04:00:06.562433,2026-02-23 13:50:35.606476,2026-02-23 22:31:35.747922,2026-02-24 15:37:29.610189,2026-02-25 08:40:40.994181,Delivered,Closed,SHP087,Shipper 087,Enterprise,Jabodetabek,ST02_JKT_West,HB01_JKT_GATEWAY,West Java,ST08_Bogor,HB01_JKT_GATEWAY,Inter-Region,Regular,Prepaid,CR015,Bike,0.74,0.73,0.74,2758005,15330,12498,8,1,0,,37.0,72,1,0,,1,0,,0,,54.95,2.23,9.84,ST08_Bogor,
SHPM003389,AWB260003389,2026-03-30 12:05:52.081554,2026-03-30 12:13:52.081554,2026-03-30 12:46:52.081554,2026-03-30 15:25:46.334004,2026-03-30 15:33:46.334004,2026-03-30 16:10:46.334004,2026-03-30 19:17:37.363986,2026-03-31 02:03:27.232835,2026-03-31 06:58:05.280547,2026-03-31 20:52:16.257782,2026-04-01 12:20:31.115634,2026-04-02 12:05:52.081554,Delivered,Closed,SHP089,Shipper 089,Enterprise,Central Java,ST11_Yogyakarta,HB04_CTG_NATIONAL,East Java,ST12_Surabaya,HB03_SBY_GATEWAY,Inter-Region,Regular,COD,CR100,Van,2.72,2.9,2.9,840231,29050,24573,8,1,0,,8.0,72,1,0,,1,0,,0,,48.24,3.11,4.91,ST12_Surabaya,
SHPM003390,AWB260003390,2026-03-19 14:16:19.078713,2026-03-19 14:42:19.078713,2026-03-19 15:00:19.078713,2026-03-19 19:05:04.547261,2026-03-19 20:08:04.547261,2026-03-19 21:52:04.547261,2026-03-19 23:23:01.593578,2026-03-20 04:46:30.910520,2026-03-20 14:18:12.287565,2026-03-21 02:21:19.673790,2026-03-21 19:55:50.562416,2026-03-22 14:16:19.078713,Delivered,Closed,SHP089,Shipper 089,Enterprise,Central Java,ST11_Yogyakarta,HB04_CTG_NATIONAL,East Java,ST12_Surabaya,HB03_SBY_GATEWAY,Inter-Region,Regular,Prepaid,CR100,Bike,1.83,2.17,2.17,1921458,21765,13530,8,1,0,,63.0,72,1,0,,1,0,,0,,53.66,1.52,9.53,ST12_Surabaya,
SHPM003391,AWB260003391,2026-03-29 07:40:37.297685,2026-03-29 08:12:37.297685,2026-03-29 08:33:37.297685,2026-03-29 11:28:46.805136,2026-03-29 12:42:46.805136,2026-03-29 14:15:46.805136,2026-03-29 19:18:20.241423,2026-03-30 00:18:45.052603,2026-03-31 01:13:23.178647,2026-03-31 07:40:42.012717,,2026-04-01 07:40:37.297685,Delivery Exception,Exception,SHP090,Shipper 090,Enterprise,East Java,ST14_Kediri,HB03_SBY_GATEWAY,Outer Java,ST20_Banjarmasin,HB06_EASTERN_GATEWAY,Inter-Region,Regular,COD,CR127,Bike,0.37,0.4,0.4,2281944,17800,15641,8,1,0,,74.0,72,0,1,Customer Not Home,1,0,,0,,196.32,5.04,24.91,ST20_Banjarmasin,Hub Bottleneck
SHPM003392,AWB260003392,2026-02-24 12:01:51.062158,2026-02-24 12:18:51.062158,2026-02-24 12:51:51.062158,2026-02-24 13:33:43.802377,2026-02-24 14:05:43.802377,2026-02-24 14:45:43.802377,2026-02-24 15:52:29.622970,2026-02-24 21:42:25.894130,2026-02-25 08:42:02.297462,2026-02-26 00:33:22.091063,2026-02-26 10:01:49.463045,2026-02-26 00:01:51.062158,Delivered,Closed,SHP073,Shipper 073,Marketplace,Outer Java,ST15_Medan,HB05_SUMATRA_GATEWAY,Jabodetabek,ST02_JKT_West,HB01_JKT_GATEWAY,Inter-Region,Next Day,Prepaid,CR137,Truck,3.48,3.61,3.61,453175,36245,23041,4,1,0,,32.0,36,0,0,,1,0,,0,,46.0,1.11,10.99,ST02_JKT_West,Hub Bottleneck
SHPM003393,AWB260003393,2026-03-24 18:25:32.028908,2026-03-24 18:52:32.028908,2026-03-24 18:58:32.028908,2026-03-24 21:50:35.836321,2026-03-24 22:46:35.836321,2026-03-24 23:12:35.836321,2026-03-25 01:34:38.555062,2026-03-25 10:34:57.744563,2026-03-25 18:55:00.477658,2026-03-26 00:34:15.862930,2026-03-26 11:31:58.991404,2026-03-27 18:25:32.028908,Delivered,Closed,SHP062,Shipper 062,Enterprise,Jabodetabek,ST01_JKT_Central,HB01_JKT_GATEWAY,East Java,ST12_Surabaya,HB03_SBY_GATEWAY,Inter-Region,Regular,Prepaid,CR001,Truck,1.75,1.87,1.87,1329870,20415,18060,8,1,0,,56.0,72,1,0,,1,0,,0,,41.11,2.37,8.33,ST12_Surabaya,
SHPM003394,AWB260003394,2026-03-13 05:05:15.531538,2026-03-13 05:20:15.531538,2026-03-13 05:54:15.531538,2026-03-13 08:00:19.754533,2026-03-13 09:06:19.754533,2026-03-13 10:22:19.754533,2026-03-13 13:06:44.066318,2026-03-13 17:22:31.447179,2026-03-14 03:39:11.632215,2026-03-14 14:37:49.524878,2026-03-14 16:42:57.323275,2026-03-14 17:05:15.531538,Delivered,Closed,SHP011,Shipper 011,Enterprise,Jabodetabek,ST04_Bekasi,HB01_JKT_GATEWAY,Central Java,ST09_Semarang,HB04_CTG_NATIONAL,Inter-Region,Next Day,COD,CR031,Bike,0.45,0.55,0.55,1231473,26475,16790,4,1,0,,66.0,36,1,0,,1,0,,0,,35.63,2.74,10.28,ST09_Semarang,
SHPM003395,AWB260003395,2026-03-16 10:54:50.654750,2026-03-16 11:00:50.654750,2026-03-16 11:22:50.654750,2026-03-16 15:34:25.660590,2026-03-16 16:26:25.660590,2026-03-16 17:50:25.660590,2026-03-16 23:19:39.785516,2026-03-17 03:57:22.544354,2026-03-17 10:03:03.712189,2026-03-17 17:22:46.495405,2026-03-18 05:20:41.229564,2026-03-19 10:54:50.654750,Delivered,Closed,SHP062,Shipper 062,Enterprise,Jabodetabek,ST04_Bekasi,HB01_JKT_GATEWAY,West Java,ST06_Bandung,HB01_JKT_GATEWAY,Inter-Region,Regular,COD,CR035,Truck,0.66,0.63,0.66,2192135,18970,17497,8,1,0,,52.0,72,1,0,,1,0,,0,,42.43,5.49,6.09,ST06_Bandung,
SHPM003396,AWB260003396,2026-03-11 22:54:30.604281,2026-03-11 23:11:30.604281,2026-03-11 23:31:30.604281,2026-03-12 06:12:11.461821,2026-03-12 07:32:11.461821,2026-03-12 08:49:11.461821,2026-03-12 13:02:04.838888,2026-03-12 21:37:48.275846,2026-03-13 01:40:19.350140,2026-03-13 13:39:07.139957,2026-03-14 02:38:49.361829,2026-03-14 22:54:30.604281,Delivered,Closed,SHP093,Shipper 093,SME,East Java,ST13_Malang,HB03_SBY_GATEWAY,Outer Java,ST19_Denpasar,HB06_EASTERN_GATEWAY,Inter-Region,Regular,COD,CR116,Bike,1.37,1.45,1.45,926905,22525,15830,8,1,0,,80.0,72,1,0,,1,0,,0,,51.74,4.21,4.04,ST19_Denpasar,
SHPM003397,AWB260003397,2026-03-26 07:14:39.798363,2026-03-26 07:26:39.798363,2026-03-26 08:12:39.798363,2026-03-26 09:31:36.201524,2026-03-26 09:39:36.201524,2026-03-26 11:00:36.201524,2026-03-26 12:41:34.455038,2026-03-26 18:36:40.937670,2026-03-26 23:59:58.713637,2026-03-28 18:06:45.395275,2026-03-29 04:50:58.331810,2026-03-29 07:14:39.798363,Delivered,Closed,SHP030,Shipper 030,Enterprise,Jabodetabek,ST05_Tangerang,HB01_JKT_GATEWAY,West Java,ST08_Bogor,HB01_JKT_GATEWAY,Inter-Region,Regular,Prepaid,CR052,Van,0.31,0.33,0.33,291546,13485,9014,8,1,0,,8.0,72,1,0,,1,1,Missed Cut-Off,0,,69.61,1.68,5.39,ST08_Bogor,
SHPM003398,AWB260003398,2026-03-25 19:12:29.747534,2026-03-25 19:47:29.747534,2026-03-25 21:02:29.747534,2026-03-26 10:45:27.441691,2026-03-26 11:42:27.441691,2026-03-26 12:28:27.441691,2026-03-26 21:01:44.198760,2026-03-27 01:56:02.544172,2026-03-27 07:12:55.217084,2026-03-28 00:37:28.147547,2026-03-28 12:57:58.951130,2026-03-28 19:12:29.747534,Delivered,Closed,SHP018,Shipper 018,Enterprise,West Java,ST07_Cirebon,HB02_BDG_TRANSIT,East Java,ST12_Surabaya,HB03_SBY_GATEWAY,Inter-Region,Regular,Prepaid,CR068,Bike,1.51,2.2,2.2,487327,21900,19915,8,0,0,,57.0,72,1,0,,1,0,,0,,65.76,8.55,5.28,ST12_Surabaya,
SHPM003399,AWB260003399,2026-03-05 12:36:23.374804,2026-03-05 12:43:23.374804,2026-03-05 13:33:23.374804,2026-03-05 21:12:35.505644,2026-03-05 21:58:35.505644,2026-03-05 23:34:35.505644,2026-03-06 01:17:13.076742,2026-03-06 03:34:54.155785,2026-03-06 11:28:18.929707,2026-03-07 03:31:29.304842,2026-03-08 00:15:29.411816,2026-03-08 12:36:23.374804,Delivered,Closed,SHP041,Shipper 041,SME,West Java,ST08_Bogor,HB01_JKT_GATEWAY,Outer Java,ST20_Banjarmasin,HB06_EASTERN_GATEWAY,Inter-Region,Regular,Prepaid,CR076,Truck,0.9,0.97,0.97,1591585,16365,12222,8,0,0,,46.0,72,1,0,,1,0,,0,,59.65,1.71,7.89,ST20_Banjarmasin,
SHPM003400,AWB260003400,2026-02-16 21:18:15.912542,2026-02-16 21:56:15.912542,2026-02-16 22:14:15.912542,2026-02-17 05:16:42.628447,2026-02-17 05:57:42.628447,2026-02-17 06:57:42.628447,2026-02-17 12:23:12.078188,2026-02-17 14:37:08.331902,2026-02-18 01:07:33.785374,2026-02-18 12:32:30.086213,2026-02-19 04:53:37.213304,2026-02-19 21:18:15.912542,Delivered,Closed,SHP048,Shipper 048,Enterprise,Outer Java,ST17_Makassar,HB06_EASTERN_GATEWAY,Central Java,ST10_Solo,HB04_CTG_NATIONAL,Inter-Region,Regular,Prepaid,CR160,Bike,1.05,1.57,1.57,651759,19065,16555,8,1,0,,41.0,72,1,0,,1,0,,0,,55.59,5.42,10.51,ST10_Solo,
SHPM003401,AWB260003401,2026-02-18 07:25:23.276930,2026-02-18 07:45:23.276930,2026-02-18 07:57:23.276930,2026-02-18 11:45:35.275685,2026-02-18 12:32:35.275685,2026-02-18 14:16:35.275685,2026-02-18 17:16:48.311494,2026-02-18 21:44:20.358692,2026-02-19 00:57:00.758476,2026-02-19 14:51:57.626031,2026-02-19 16:55:04.788458,2026-02-19 19:25:23.276930,Delivered,Closed,SHP069,Shipper 069,SME,West Java,ST08_Bogor,HB01_JKT_GATEWAY,Jabodetabek,ST02_JKT_West,HB01_JKT_GATEWAY,Inter-Region,Next Day,COD,CR081,Truck,3.11,3.28,3.28,314658,38760,33565,4,0,0,,47.0,36,1,0,,1,0,,0,,33.49,3.0,3.21,ST02_JKT_West,
SHPM003402,AWB260003402,2026-03-22 11:35:38.549581,2026-03-22 11:56:38.549581,2026-03-22 12:17:38.549581,2026-03-22 13:12:37.193184,2026-03-22 13:27:37.193184,2026-03-22 14:57:37.193184,2026-03-22 20:50:42.763984,2026-03-23 03:10:57.002173,2026-03-23 11:17:48.398650,2026-03-23 16:46:05.361545,2026-03-23 21:05:26.879187,2026-03-23 23:35:38.549581,Delivered,Closed,SHP092,Shipper 092,Marketplace,Jabodetabek,ST03_JKT_East,HB01_JKT_GATEWAY,Outer Java,ST18_Balikpapan,HB06_EASTERN_GATEWAY,Inter-Region,Next Day,COD,CR021,Bike,1.77,2.82,2.82,835157,36690,32136,4,1,0,,15.0,36,1,0,,1,0,,0,,33.5,5.88,8.11,ST18_Balikpapan,
SHPM003403,AWB260003403,2026-03-04 12:53:11.609412,2026-03-04 13:24:11.609412,2026-03-04 13:51:11.609412,2026-03-04 15:00:03.443962,2026-03-04 15:30:03.443962,2026-03-04 16:57:03.443962,2026-03-04 19:36:12.378287,2026-03-05 01:25:34.467089,2026-03-05 13:24:36.315225,2026-03-06 01:34:37.277454,2026-03-06 11:30:07.374870,2026-03-06 00:53:11.609412,Delivered,Closed,SHP083,Shipper 083,Marketplace,Jabodetabek,ST05_Tangerang,HB01_JKT_GATEWAY,East Java,ST12_Surabaya,HB03_SBY_GATEWAY,Inter-Region,Next Day,Prepaid,CR048,Truck,0.9,0.91,0.91,738100,24095,20487,4,1,0,,30.0,36,0,0,,1,0,,0,,46.62,2.65,11.98,ST12_Surabaya,Hub Bottleneck
SHPM003404,AWB260003404,2026-02-21 00:41:48.871747,2026-02-21 01:23:48.871747,2026-02-21 01:28:48.871747,2026-02-21 03:36:34.942596,2026-02-21 04:28:34.942596,2026-02-21 05:05:34.942596,2026-02-21 06:29:56.734763,2026-02-21 09:35:41.434265,2026-02-21 14:55:43.963903,2026-02-22 05:29:11.009453,2026-02-22 09:54:24.391086,2026-02-24 00:41:48.871747,Delivered,Closed,SHP096,Shipper 096,Marketplace,Jabodetabek,ST02_JKT_West,HB01_JKT_GATEWAY,East Java,ST12_Surabaya,HB03_SBY_GATEWAY,Inter-Region,Regular,Prepaid,CR012,Bike,0.65,0.67,0.67,1333252,15015,9750,8,1,0,,52.0,72,1,0,,1,0,,0,,33.21,1.41,5.33,ST12_Surabaya,
SHPM003405,AWB260003405,2026-03-19 07:38:14.068267,2026-03-19 08:06:14.068267,2026-03-19 08:11:14.068267,2026-03-19 16:14:31.520233,2026-03-19 17:21:31.520233,2026-03-19 18:25:31.520233,2026-03-20 00:00:01.261974,2026-03-20 05:46:11.274540,2026-03-20 08:14:32.178986,2026-03-20 20:06:54.552259,2026-03-21 02:37:48.745148,2026-03-22 07:38:14.068267,Delivered,Closed,SHP027,Shipper 027,SME,Jabodetabek,ST05_Tangerang,HB01_JKT_GATEWAY,East Java,ST14_Kediri,HB03_SBY_GATEWAY,Inter-Region,Regular,COD,CR054,Bike,0.72,0.72,0.72,352698,19240,17789,8,0,0,,67.0,72,1,0,,1,0,,0,,42.99,5.57,2.47,ST14_Kediri,
SHPM003406,AWB260003406,2026-02-21 07:36:51.703375,2026-02-21 07:42:51.703375,2026-02-21 08:14:51.703375,2026-02-21 16:42:02.084117,2026-02-21 17:26:02.084117,2026-02-21 17:49:02.084117,2026-02-21 22:50:33.410417,2026-02-22 04:57:52.533796,2026-02-22 12:15:40.694518,2026-02-22 23:26:55.150127,2026-02-23 18:16:21.690133,2026-02-24 07:36:51.703375,Delivered,Closed,SHP035,Shipper 035,Enterprise,Jabodetabek,ST04_Bekasi,HB01_JKT_GATEWAY,Outer Java,ST15_Medan,HB05_SUMATRA_GATEWAY,Inter-Region,Regular,COD,CR031,Bike,1.57,1.87,1.87,571860,24415,18922,8,0,0,,44.0,72,1,0,,1,0,,0,,58.66,5.03,7.3,ST15_Medan,
SHPM003407,AWB260003407,2026-04-01 07:50:43.608537,2026-04-01 07:58:43.608537,2026-04-01 08:20:43.608537,2026-04-01 10:49:22.545800,2026-04-01 11:09:22.545800,2026-04-01 12:47:22.545800,2026-04-01 16:54:23.697379,2026-04-01 21:32:50.694912,2026-04-02 00:37:31.810421,2026-04-02 09:01:49.144173,2026-04-02 14:28:40.603242,2026-04-02 19:50:43.608537,Delivered,Closed,SHP071,Shipper 071,Enterprise,Jabodetabek,ST04_Bekasi,HB01_JKT_GATEWAY,East Java,ST13_Malang,HB03_SBY_GATEWAY,Inter-Region,Next Day,COD,CR036,Bike,2.84,2.64,2.84,202233,36780,25796,4,1,0,,20.0,36,1,0,,1,0,,0,,30.63,4.12,3.08,ST13_Malang,
SHPM003408,AWB260003408,2026-03-01 04:15:40.015995,2026-03-01 04:53:40.015995,2026-03-01 05:26:40.015995,2026-03-01 06:46:31.031115,2026-03-01 07:26:31.031115,2026-03-01 08:31:31.031115,2026-03-01 12:01:37.635732,2026-03-01 17:58:29.908870,2026-03-01 21:04:48.266271,2026-03-02 13:46:14.942256,2026-03-02 18:19:42.393290,2026-03-01 20:15:40.015995,Delivered,Closed,SHP029,Shipper 029,SME,Outer Java,ST18_Balikpapan,HB06_EASTERN_GATEWAY,Jabodetabek,ST04_Bekasi,HB01_JKT_GATEWAY,Inter-Region,Same Day,Prepaid,CR170,Van,0.79,0.78,0.79,231108,30555,17887,2,1,0,,40.0,16,0,0,,1,0,,0,,38.07,3.5,3.11,ST04_Bekasi,Last Mile Delay
SHPM003409,AWB260003409,2026-02-25 12:57:15.823252,2026-02-25 13:31:15.823252,2026-02-25 14:00:15.823252,2026-02-25 15:15:53.863660,2026-02-25 16:22:53.863660,2026-02-25 18:10:53.863660,2026-02-25 23:05:20.196623,2026-02-26 07:44:16.282363,2026-02-26 12:48:59.534361,2026-02-26 20:20:43.157945,2026-02-26 23:15:51.293209,2026-02-26 04:57:15.823252,Delivered,Closed,SHP096,Shipper 096,Marketplace,Jabodetabek,ST02_JKT_West,HB01_JKT_GATEWAY,West Java,ST07_Cirebon,HB02_BDG_TRANSIT,Inter-Region,Same Day,COD,CR015,Truck,0.53,0.49,0.53,1704326,33385,19468,2,1,0,,67.0,16,0,0,,1,0,,0,,34.31,4.91,5.08,ST07_Cirebon,Last Mile Delay
SHPM003410,AWB260003410,2026-02-16 03:16:47.764109,2026-02-16 03:30:47.764109,2026-02-16 04:29:47.764109,2026-02-16 11:05:48.458350,2026-02-16 12:02:48.458350,2026-02-16 14:02:48.458350,2026-02-16 22:30:40.261217,2026-02-17 05:27:36.986750,2026-02-17 16:16:57.605178,2026-02-19 11:04:53.166499,,2026-02-17 15:16:47.764109,Delivery Exception,Exception,SHP060,Shipper 060,Enterprise,East Java,ST12_Surabaya,HB03_SBY_GATEWAY,Jabodetabek,ST01_JKT_Central,HB01_JKT_GATEWAY,Inter-Region,Next Day,COD,CR110,Van,0.81,0.85,0.85,1018323,27825,24803,4,0,0,,57.0,36,0,1,Customer Reschedule,2,1,Capacity Delay,0,,1184.72,8.46,10.82,ST01_JKT_Central,Hub Bottleneck
SHPM003411,AWB260003411,2026-03-12 16:05:01.978092,2026-03-12 16:11:01.978092,2026-03-12 16:59:01.978092,2026-03-12 23:56:04.010779,2026-03-13 00:49:04.010779,2026-03-13 01:36:04.010779,2026-03-13 05:34:19.784495,2026-03-13 08:19:22.928772,2026-03-13 22:48:11.482466,2026-03-14 13:40:14.226648,2026-03-15 01:24:07.851258,2026-03-15 16:05:01.978092,Delivered,Closed,SHP060,Shipper 060,Enterprise,East Java,ST12_Surabaya,HB03_SBY_GATEWAY,Jabodetabek,ST05_Tangerang,HB01_JKT_GATEWAY,Inter-Region,Regular,Prepaid,CR110,Bike,2.08,2.07,2.08,370248,21360,11776,8,1,0,,53.0,72,1,0,,1,0,,0,,57.32,3.97,14.48,ST05_Tangerang,
SHPM003412,AWB260003412,2026-02-28 03:05:53.587729,2026-02-28 03:32:53.587729,2026-02-28 03:46:53.587729,2026-02-28 07:37:10.302665,2026-02-28 07:45:10.302665,2026-02-28 09:21:10.302665,2026-02-28 13:32:40.303467,2026-02-28 22:19:58.090113,2026-03-01 06:06:14.927699,2026-03-01 23:27:11.475487,2026-03-02 05:53:17.235980,2026-03-01 15:05:53.587729,Delivered,Closed,SHP062,Shipper 062,Enterprise,Jabodetabek,ST04_Bekasi,HB01_JKT_GATEWAY,West Java,ST07_Cirebon,HB02_BDG_TRANSIT,Inter-Region,Next Day,Prepaid,CR036,Bike,0.59,0.55,0.59,1420773,22655,16802,4,0,0,,8.0,36,0,0,,1,0,,0,,50.79,4.19,7.77,ST07_Cirebon,First Mile Delay
SHPM003413,AWB260003413,2026-02-28 00:03:09.920303,2026-02-28 00:15:09.920303,2026-02-28 01:07:09.920303,2026-02-28 09:33:01.980579,2026-02-28 10:29:01.980579,2026-02-28 12:16:01.980579,2026-02-28 15:42:20.877144,2026-02-28 19:35:48.258050,2026-02-28 23:15:42.795196,2026-03-01 13:53:01.377710,2026-03-01 22:36:03.334827,2026-03-03 00:03:09.920303,Delivered,Closed,SHP068,Shipper 068,Marketplace,East Java,ST12_Surabaya,HB03_SBY_GATEWAY,Jabodetabek,ST05_Tangerang,HB01_JKT_GATEWAY,Inter-Region,Regular,COD,CR108,Bike,2.02,2.3,2.3,1612734,26350,20017,8,0,0,,56.0,72,1,0,,1,0,,0,,46.55,3.44,3.67,ST05_Tangerang,
SHPM003414,AWB260003414,2026-03-03 03:24:35.461166,2026-03-03 03:34:35.461166,2026-03-03 04:20:35.461166,2026-03-03 05:42:41.244996,2026-03-03 06:39:41.244996,2026-03-03 07:34:41.244996,2026-03-03 11:36:05.269382,2026-03-03 14:59:05.852440,2026-03-03 17:18:39.780848,2026-03-03 23:01:44.595434,,2026-03-03 13:24:35.461166,Delivery Exception,Exception,SHP062,Shipper 062,Enterprise,Jabodetabek,ST04_Bekasi,HB01_JKT_GATEWAY,Jabodetabek,ST05_Tangerang,HB01_JKT_GATEWAY,Intra-Region,Same Day,COD,CR043,Van,0.77,0.73,0.77,1457863,34465,29972,2,0,0,,57.0,10,0,1,Customer Not Home,1,0,,0,,824.59,4.02,2.33,ST05_Tangerang,Delivery Exception
SHPM003415,AWB260003415,2026-03-08 19:16:47.500526,2026-03-08 19:37:47.500526,2026-03-08 19:43:47.500526,2026-03-08 23:03:22.345361,2026-03-08 23:33:22.345361,2026-03-09 00:29:22.345361,2026-03-09 05:55:58.253533,2026-03-09 08:39:01.736207,2026-03-09 14:10:53.793076,2026-03-10 03:58:57.542113,2026-03-10 09:14:59.632425,2026-03-10 07:16:47.500526,Delivered,Closed,SHP071,Shipper 071,Enterprise,Jabodetabek,ST04_Bekasi,HB01_JKT_GATEWAY,East Java,ST14_Kediri,HB03_SBY_GATEWAY,Inter-Region,Next Day,Prepaid,CR031,Van,2.31,2.72,2.72,1688153,32240,21685,4,1,0,,30.0,36,0,0,,1,0,,0,,37.97,5.44,5.53,ST14_Kediri,Last Mile Delay
SHPM003416,AWB260003416,2026-03-05 21:20:28.019796,2026-03-05 21:56:28.019796,2026-03-05 22:22:28.019796,2026-03-06 00:13:49.067983,2026-03-06 00:51:49.067983,2026-03-06 02:31:49.067983,2026-03-06 04:18:01.797099,2026-03-06 07:21:41.706037,2026-03-06 12:25:24.680549,2026-03-06 19:58:50.673858,2026-03-07 08:53:08.920746,2026-03-08 21:20:28.019796,Delivered,Closed,SHP061,Shipper 061,Enterprise,Outer Java,ST17_Makassar,HB06_EASTERN_GATEWAY,West Java,ST06_Bandung,HB01_JKT_GATEWAY,Inter-Region,Regular,Prepaid,CR156,Bike,0.8,0.8,0.8,916837,15600,9660,8,1,0,,38.0,72,1,0,,1,0,,0,,35.54,1.77,5.06,ST06_Bandung,
SHPM003417,AWB260003417,2026-03-13 11:27:43.839582,2026-03-13 12:06:43.839582,2026-03-13 12:31:43.839582,,,,,,,,,2026-03-14 23:27:43.839582,Failed Pickup,Exception,SHP031,Shipper 031,SME,East Java,ST13_Malang,HB03_SBY_GATEWAY,Jabodetabek,ST02_JKT_West,HB01_JKT_GATEWAY,Inter-Region,Next Day,Prepaid,CR122,Bike,1.14,1.81,1.81,597168,28145,25786,4,0,1,Address Not Found,,36,0,0,,0,0,,0,,576.54,,,ST13_Malang,
SHPM003418,AWB260003418,2026-02-24 01:15:34.044983,2026-02-24 01:58:34.044983,2026-02-24 02:28:34.044983,2026-02-24 04:44:46.844638,2026-02-24 05:02:46.844638,2026-02-24 06:50:46.844638,2026-02-24 09:36:09.016535,2026-02-24 11:50:54.617390,2026-02-24 14:41:15.732366,2026-02-25 02:00:13.279740,2026-02-25 09:09:24.795146,2026-02-25 13:15:34.044983,Delivered,Closed,SHP085,Shipper 085,Marketplace,Central Java,ST09_Semarang,HB04_CTG_NATIONAL,Jabodetabek,ST01_JKT_Central,HB01_JKT_GATEWAY,Inter-Region,Next Day,COD,CR086,Bike,1.24,1.35,1.35,1501271,30075,23300,4,1,0,,18.0,36,1,0,,1,0,,0,,31.9,2.76,2.84,ST01_JKT_Central,
SHPM003419,AWB260003419,2026-03-21 16:45:09.711721,2026-03-21 17:00:09.711721,2026-03-21 17:45:09.711721,2026-03-21 23:09:47.319499,2026-03-21 23:45:47.319499,2026-03-22 01:00:47.319499,2026-03-22 06:19:43.039016,2026-03-22 14:27:33.644225,2026-03-23 01:14:06.107176,2026-03-23 15:07:29.825802,2026-03-24 01:58:04.223827,2026-03-24 16:45:09.711721,Delivered,Closed,SHP005,Shipper 005,Enterprise,Central Java,ST09_Semarang,HB04_CTG_NATIONAL,Jabodetabek,ST04_Bekasi,HB01_JKT_GATEWAY,Inter-Region,Regular,COD,CR090,Truck,4.11,5.42,5.42,136773,40390,23578,8,1,0,,36.0,72,1,0,,1,0,,0,,57.22,5.32,10.78,ST04_Bekasi,
SHPM003420,AWB260003420,2026-02-20 09:29:12.675392,2026-02-20 10:06:12.675392,2026-02-20 10:31:12.675392,2026-02-20 13:21:36.531287,2026-02-20 13:52:36.531287,2026-02-20 15:35:36.531287,2026-02-20 21:24:55.009802,2026-02-21 05:15:33.115424,2026-02-21 10:01:13.488480,2026-02-21 21:42:13.612519,2026-02-22 01:39:14.397610,2026-02-21 21:29:12.675392,Delivered,Closed,SHP099,Shipper 099,SME,West Java,ST08_Bogor,HB01_JKT_GATEWAY,Jabodetabek,ST02_JKT_West,HB01_JKT_GATEWAY,Inter-Region,Next Day,Prepaid,CR080,Truck,5.07,4.81,5.07,1425709,42815,37215,4,1,0,,31.0,36,0,0,,1,0,,0,,40.17,5.82,4.76,ST02_JKT_West,Last Mile Delay
SHPM003421,AWB260003421,2026-02-15 23:51:44.180788,2026-02-16 00:36:44.180788,2026-02-16 00:41:44.180788,2026-02-16 08:08:52.898514,2026-02-16 08:53:52.898514,2026-02-16 09:14:52.898514,2026-02-16 11:40:00.756401,2026-02-16 14:43:03.303319,2026-02-16 22:36:13.571344,2026-02-17 09:58:54.551978,2026-02-17 23:07:44.617439,2026-02-18 23:51:44.180788,Delivered,Closed,SHP017,Shipper 017,Marketplace,Outer Java,ST16_Palembang,HB05_SUMATRA_GATEWAY,Jabodetabek,ST03_JKT_East,HB01_JKT_GATEWAY,Inter-Region,Regular,Prepaid,CR153,Van,0.86,0.81,0.86,567394,15870,8737,8,1,0,,45.0,72,1,0,,1,0,,0,,47.27,2.42,7.89,ST03_JKT_East,
SHPM003422,AWB260003422,2026-03-11 15:38:24.040981,2026-03-11 16:03:24.040981,2026-03-11 16:40:24.040981,2026-03-11 20:25:41.414642,2026-03-11 21:10:41.414642,2026-03-11 21:26:41.414642,2026-03-12 03:11:44.335155,2026-03-12 11:59:31.466148,2026-03-12 18:35:44.041845,2026-03-13 07:37:37.213790,2026-03-13 21:06:27.702753,2026-03-14 15:38:24.040981,Delivered,Closed,SHP012,Shipper 012,Marketplace,Outer Java,ST19_Denpasar,HB06_EASTERN_GATEWAY,East Java,ST12_Surabaya,HB03_SBY_GATEWAY,Inter-Region,Regular,Prepaid,CR175,Bike,0.68,0.74,0.74,2088103,15330,11829,8,1,0,,45.0,72,1,0,,1,0,,0,,53.47,5.75,6.6,ST12_Surabaya,
SHPM003423,AWB260003423,2026-02-22 09:36:38.284006,2026-02-22 09:54:38.284006,2026-02-22 10:41:38.284006,2026-02-22 14:01:37.818712,2026-02-22 14:16:37.818712,2026-02-22 15:11:37.818712,2026-02-22 16:49:39.249493,2026-02-23 02:19:02.220321,2026-02-23 04:17:11.451896,2026-02-23 20:12:51.625183,2026-02-24 01:09:57.299638,2026-02-23 21:36:38.284006,Delivered,Closed,SHP062,Shipper 062,Enterprise,Jabodetabek,ST04_Bekasi,HB01_JKT_GATEWAY,Outer Java,ST19_Denpasar,HB06_EASTERN_GATEWAY,Inter-Region,Next Day,COD,CR031,Van,0.93,0.96,0.96,1468468,28320,23181,4,0,0,,15.0,36,0,0,,1,0,,0,,39.56,1.63,1.97,ST19_Denpasar,First Mile Delay
SHPM003424,AWB260003424,2026-03-29 02:37:52.736590,2026-03-29 02:58:52.736590,2026-03-29 03:31:52.736590,2026-03-29 06:26:05.169000,2026-03-29 07:16:05.169000,2026-03-29 08:00:05.169000,2026-03-29 10:30:27.624315,2026-03-29 14:17:08.786884,2026-03-29 21:14:12.445678,2026-03-30 08:44:22.494052,2026-03-31 00:17:54.718526,2026-04-01 02:37:52.736590,Delivered,Closed,SHP099,Shipper 099,SME,West Java,ST08_Bogor,HB01_JKT_GATEWAY,East Java,ST13_Malang,HB03_SBY_GATEWAY,Inter-Region,Regular,Prepaid,CR080,Truck,2.96,4.11,4.11,191810,30495,20270,8,1,0,,50.0,72,1,0,,1,0,,0,,45.67,2.51,6.95,ST13_Malang,
SHPM003425,AWB260003425,2026-03-20 02:40:08.938262,2026-03-20 02:47:08.938262,2026-03-20 03:04:08.938262,2026-03-20 05:25:36.921258,2026-03-20 05:42:36.921258,2026-03-20 07:37:36.921258,2026-03-20 09:30:20.362935,2026-03-20 18:28:25.546777,2026-03-21 00:36:05.755867,2026-03-21 17:53:12.578336,2026-03-22 01:32:56.248352,2026-03-21 14:40:08.938262,Delivered,Closed,SHP024,Shipper 024,Marketplace,Jabodetabek,ST03_JKT_East,HB01_JKT_GATEWAY,Outer Java,ST18_Balikpapan,HB06_EASTERN_GATEWAY,Inter-Region,Next Day,COD,CR023,Truck,1.02,1.09,1.09,335078,28905,22253,4,1,0,,17.0,36,0,0,,1,0,,0,,46.88,1.88,6.13,ST18_Balikpapan,Remote Area
SHPM003426,AWB260003426,2026-03-30 03:08:11.369253,2026-03-30 03:37:11.369253,2026-03-30 04:11:11.369253,2026-03-30 06:05:47.833993,2026-03-30 06:27:47.833993,2026-03-30 07:13:47.833993,2026-03-30 10:27:38.464645,2026-03-30 13:17:23.234469,2026-03-30 17:29:46.019243,2026-03-30 20:48:41.776179,2026-03-31 06:15:41.337438,2026-03-31 03:08:11.369253,Delivered,Closed,SHP008,Shipper 008,SME,Outer Java,ST15_Medan,HB05_SUMATRA_GATEWAY,Outer Java,ST19_Denpasar,HB06_EASTERN_GATEWAY,Intra-Region,Next Day,Prepaid,CR143,Bike,0.29,0.29,0.29,1190360,21305,12722,4,1,0,,22.0,24,0,0,,1,0,,0,,27.12,3.23,4.21,ST19_Denpasar,Remote Area
SHPM003427,AWB260003427,2026-03-08 22:26:33.488939,2026-03-08 22:41:33.488939,2026-03-08 23:08:33.488939,2026-03-09 06:43:58.546376,2026-03-09 07:04:58.546376,2026-03-09 07:59:58.546376,2026-03-09 09:10:27.100501,2026-03-09 13:25:01.981972,2026-03-09 20:46:55.753977,2026-03-10 07:20:25.914548,,2026-03-11 22:26:33.488939,Delivery Exception,Exception,SHP082,Shipper 082,SME,Outer Java,ST19_Denpasar,HB06_EASTERN_GATEWAY,Jabodetabek,ST03_JKT_East,HB01_JKT_GATEWAY,Inter-Region,Regular,Prepaid,CR179,Bike,1.76,1.7,1.76,640649,19920,14940,8,0,0,,21.0,72,0,1,Customer Reschedule,3,0,,0,,685.56,1.17,7.36,ST03_JKT_East,Delivery Exception
SHPM003428,AWB260003428,2026-03-19 21:31:42.141868,2026-03-19 22:01:42.141868,2026-03-19 22:37:42.141868,2026-03-19 23:04:36.419759,2026-03-19 23:57:36.419759,2026-03-20 01:21:36.419759,2026-03-20 05:51:05.008998,2026-03-20 15:38:18.873700,2026-03-20 21:25:39.691270,2026-03-21 06:05:48.352343,2026-03-21 08:39:57.031546,2026-03-21 09:31:42.141868,Delivered,Closed,SHP061,Shipper 061,Enterprise,Outer Java,ST16_Palembang,HB05_SUMATRA_GATEWAY,Jabodetabek,ST01_JKT_Central,HB01_JKT_GATEWAY,Inter-Region,Next Day,Prepaid,CR149,Bike,1.73,1.73,1.73,1846667,27785,18844,4,1,0,,53.0,36,1,0,,1,0,,0,,35.14,4.49,5.79,ST01_JKT_Central,
SHPM003429,AWB260003429,2026-03-23 11:46:37.293052,2026-03-23 12:17:37.293052,2026-03-23 13:00:37.293052,2026-03-23 16:47:09.197334,2026-03-23 17:38:09.197334,2026-03-23 19:19:09.197334,2026-03-23 21:37:43.240002,2026-03-24 01:03:31.446782,2026-03-24 18:01:40.368474,2026-03-25 00:27:00.404524,2026-03-25 05:06:26.348904,2026-03-24 23:46:37.293052,Delivered,Closed,SHP060,Shipper 060,Enterprise,East Java,ST12_Surabaya,HB03_SBY_GATEWAY,West Java,ST06_Bandung,HB01_JKT_GATEWAY,Inter-Region,Next Day,Prepaid,CR112,Van,1.1,1.1,1.1,588675,24950,19656,4,0,0,,51.0,36,0,0,,1,0,,0,,41.33,2.31,16.97,ST06_Bandung,First Mile Delay
SHPM003430,AWB260003430,2026-02-25 12:29:36.230993,2026-02-25 13:11:36.230993,2026-02-25 13:44:36.230993,2026-02-25 15:51:26.053066,2026-02-25 16:01:26.053066,2026-02-25 16:30:26.053066,2026-02-25 17:51:52.948403,2026-02-25 23:32:40.654022,2026-02-26 01:22:49.170010,2026-02-26 10:09:17.800708,2026-02-26 18:02:07.983127,2026-02-27 00:29:36.230993,Delivered,Closed,SHP063,Shipper 063,Enterprise,Jabodetabek,ST05_Tangerang,HB01_JKT_GATEWAY,Outer Java,ST18_Balikpapan,HB06_EASTERN_GATEWAY,Inter-Region,Next Day,Prepaid,CR049,Van,1.24,1.49,1.49,603448,26705,14897,4,1,0,,10.0,36,1,0,,1,0,,0,,29.54,1.36,1.84,ST18_Balikpapan,
SHPM003431,AWB260003431,2026-03-18 17:37:32.145800,2026-03-18 17:53:32.145800,2026-03-18 18:11:32.145800,2026-03-18 20:25:03.361994,2026-03-18 21:05:03.361994,2026-03-18 22:33:03.361994,2026-03-19 03:31:30.400224,2026-03-19 11:30:20.982276,2026-03-19 17:14:44.483530,2026-03-20 00:51:58.281667,2026-03-20 06:19:21.094348,2026-03-20 05:37:32.145800,Delivered,Closed,SHP035,Shipper 035,Enterprise,Jabodetabek,ST04_Bekasi,HB01_JKT_GATEWAY,East Java,ST12_Surabaya,HB03_SBY_GATEWAY,Inter-Region,Next Day,COD,CR041,Bike,1.7,1.74,1.74,347794,31830,26798,4,1,0,,40.0,36,0,0,,1,0,,0,,36.7,4.97,5.74,ST12_Surabaya,Last Mile Delay
SHPM003432,AWB260003432,2026-02-22 16:07:35.265279,2026-02-22 16:17:35.265279,2026-02-22 17:06:35.265279,2026-02-22 22:13:14.070087,2026-02-22 23:02:14.070087,2026-02-22 23:56:14.070087,2026-02-23 01:09:59.604595,2026-02-23 05:31:52.726735,2026-02-23 16:21:04.691566,2026-02-24 07:05:49.086215,2026-02-24 20:23:49.737907,2026-02-25 16:07:35.265279,Delivered,Closed,SHP061,Shipper 061,Enterprise,Outer Java,ST15_Medan,HB05_SUMATRA_GATEWAY,West Java,ST07_Cirebon,HB02_BDG_TRANSIT,Inter-Region,Regular,Prepaid,CR137,Bike,1.63,1.49,1.63,684395,19335,18244,8,1,0,,49.0,72,1,0,,1,0,,0,,52.27,1.23,10.82,ST07_Cirebon,
SHPM003433,AWB260003433,2026-03-19 14:51:36.815423,2026-03-19 15:22:36.815423,2026-03-19 16:03:36.815423,2026-03-19 20:50:25.538583,2026-03-19 21:15:25.538583,2026-03-19 22:57:25.538583,2026-03-20 03:27:25.205353,2026-03-20 06:00:17.374627,2026-03-20 16:48:47.158066,2026-03-20 21:50:53.695689,2026-03-21 06:16:52.548424,2026-03-21 14:51:36.815423,Delivered,Closed,SHP091,Shipper 091,SME,Outer Java,ST16_Palembang,HB05_SUMATRA_GATEWAY,Outer Java,ST17_Makassar,HB06_EASTERN_GATEWAY,Intra-Region,Regular,Prepaid,CR152,Bike,1.25,1.3,1.3,1120817,17850,10816,8,1,0,,25.0,48,1,0,,1,0,,0,,39.42,4.5,10.81,ST17_Makassar,
SHPM003434,AWB260003434,2026-03-27 22:34:56.570831,2026-03-27 23:08:56.570831,2026-03-27 23:19:56.570831,2026-03-28 01:25:12.580109,2026-03-28 01:56:12.580109,2026-03-28 03:09:12.580109,2026-03-28 06:50:14.487224,2026-03-28 15:12:59.332959,2026-03-29 01:29:23.035646,2026-03-29 12:44:05.565045,,2026-03-28 14:34:56.570831,Return To Sender,RTS,SHP012,Shipper 012,Marketplace,Outer Java,ST20_Banjarmasin,HB06_EASTERN_GATEWAY,Jabodetabek,ST01_JKT_Central,HB01_JKT_GATEWAY,Inter-Region,Same Day,Prepaid,CR190,Van,0.5,0.45,0.5,309416,29250,24297,2,0,0,,31.0,16,0,1,Customer Not Home,2,0,,1,Customer Not Home,229.42,3.68,10.27,ST01_JKT_Central,Hub Bottleneck
SHPM003435,AWB260003435,2026-03-07 06:34:59.495083,2026-03-07 06:50:59.495083,2026-03-07 07:08:59.495083,2026-03-07 07:54:15.671268,2026-03-07 08:23:15.671268,2026-03-07 10:22:15.671268,2026-03-07 13:56:00.029899,2026-03-07 16:19:03.089903,2026-03-07 20:30:16.488527,2026-03-08 02:32:37.595858,2026-03-08 07:25:14.307530,2026-03-07 22:34:59.495083,Delivered,Closed,SHP056,Shipper 056,Enterprise,Jabodetabek,ST03_JKT_East,HB01_JKT_GATEWAY,Central Java,ST09_Semarang,HB04_CTG_NATIONAL,Inter-Region,Same Day,Prepaid,CR028,Van,2.31,2.51,2.51,945870,38295,31298,2,1,0,,29.0,16,0,0,,1,0,,0,,24.84,3.56,4.19,ST09_Semarang,Last Mile Delay
SHPM003436,AWB260003436,2026-03-10 01:30:50.350934,2026-03-10 01:38:50.350934,2026-03-10 02:29:50.350934,2026-03-10 03:25:23.126388,2026-03-10 03:56:23.126388,2026-03-10 05:05:23.126388,2026-03-10 10:51:19.234892,2026-03-10 13:59:12.637386,2026-03-10 17:28:25.506551,2026-03-11 01:53:47.572846,2026-03-11 03:04:58.445029,2026-03-10 17:30:50.350934,Delivered,Closed,SHP054,Shipper 054,Marketplace,West Java,ST06_Bandung,HB01_JKT_GATEWAY,Jabodetabek,ST02_JKT_West,HB01_JKT_GATEWAY,Inter-Region,Same Day,Prepaid,CR060,Bike,0.7,0.67,0.7,2186718,30150,20415,2,1,0,,31.0,16,0,0,,1,0,,0,,25.57,5.77,3.49,ST02_JKT_West,Last Mile Delay
SHPM003437,AWB260003437,2026-03-24 18:12:05.100404,2026-03-24 18:43:05.100404,2026-03-24 18:55:05.100404,2026-03-24 20:54:15.948513,2026-03-24 21:08:15.948513,2026-03-24 22:21:15.948513,2026-03-24 23:50:39.187683,2026-03-25 07:07:27.937396,2026-03-25 13:47:12.748599,2026-03-25 20:57:41.176424,2026-03-26 06:48:28.346348,2026-03-26 06:12:05.100404,Delivered,Closed,SHP080,Shipper 080,SME,Outer Java,ST19_Denpasar,HB06_EASTERN_GATEWAY,East Java,ST13_Malang,HB03_SBY_GATEWAY,Inter-Region,Next Day,Prepaid,CR174,Bike,0.42,0.41,0.42,945127,21890,16193,4,1,0,,14.0,36,0,0,,1,0,,0,,36.61,1.49,6.66,ST13_Malang,Last Mile Delay
SHPM003438,AWB260003438,2026-02-23 03:35:25.648894,2026-02-23 03:44:25.648894,2026-02-23 04:04:25.648894,2026-02-23 09:22:58.257710,2026-02-23 10:12:58.257710,2026-02-23 11:33:58.257710,2026-02-23 14:08:01.833987,2026-02-23 21:13:13.859093,2026-02-23 23:02:01.402325,2026-02-24 08:38:50.166957,2026-02-24 17:38:08.264903,2026-02-26 03:35:25.648894,Delivered,Closed,SHP092,Shipper 092,Marketplace,Jabodetabek,ST03_JKT_East,HB01_JKT_GATEWAY,East Java,ST12_Surabaya,HB03_SBY_GATEWAY,Inter-Region,Regular,Prepaid,CR025,Van,0.47,0.46,0.47,411892,14115,12383,8,1,0,,50.0,72,1,0,,1,0,,0,,38.05,2.57,1.81,ST12_Surabaya,
SHPM003439,AWB260003439,2026-03-10 09:02:48.889622,2026-03-10 09:27:48.889622,2026-03-10 10:02:48.889622,2026-03-10 14:48:10.225995,2026-03-10 15:30:10.225995,2026-03-10 16:22:10.225995,2026-03-10 19:00:07.226702,2026-03-10 21:43:31.519330,2026-03-11 01:48:16.660607,2026-03-11 14:27:16.682095,2026-03-12 02:32:42.866896,2026-03-13 09:02:48.889622,Delivered,Closed,SHP044,Shipper 044,Marketplace,Jabodetabek,ST05_Tangerang,HB01_JKT_GATEWAY,West Java,ST08_Bogor,HB01_JKT_GATEWAY,Inter-Region,Regular,Prepaid,CR049,Bike,3.21,2.99,3.21,1191975,26445,14704,8,1,0,,42.0,72,1,0,,1,0,,0,,41.5,2.63,4.08,ST08_Bogor,
SHPM003440,AWB260003440,2026-03-27 00:53:22.044971,2026-03-27 01:20:22.044971,2026-03-27 01:44:22.044971,2026-03-27 05:56:18.284649,2026-03-27 06:42:18.284649,2026-03-27 08:02:18.284649,2026-03-27 09:28:54.149135,2026-03-27 11:38:53.481916,2026-03-27 23:23:54.002929,2026-03-28 07:11:56.438185,2026-03-28 13:40:00.790491,2026-03-30 00:53:22.044971,Delivered,Closed,SHP051,Shipper 051,Marketplace,Outer Java,ST19_Denpasar,HB06_EASTERN_GATEWAY,Jabodetabek,ST04_Bekasi,HB01_JKT_GATEWAY,Inter-Region,Regular,Prepaid,CR179,Truck,3.16,5.11,5.11,233372,34995,29608,8,1,0,,46.0,72,1,0,,1,0,,0,,36.78,1.44,11.75,ST04_Bekasi,
SHPM003441,AWB260003441,2026-02-24 11:24:26.821591,2026-02-24 11:37:26.821591,2026-02-24 12:00:26.821591,2026-02-24 12:43:32.045048,2026-02-24 13:22:32.045048,2026-02-24 15:05:32.045048,2026-02-24 17:52:30.056899,2026-02-24 20:33:54.714865,2026-02-24 23:10:22.709832,2026-02-25 06:29:53.576674,2026-02-25 10:14:39.471428,2026-02-25 03:24:26.821591,Delivered,Closed,SHP076,Shipper 076,Enterprise,West Java,ST06_Bandung,HB01_JKT_GATEWAY,Jabodetabek,ST02_JKT_West,HB01_JKT_GATEWAY,Inter-Region,Same Day,Prepaid,CR056,Van,2.83,3.45,3.45,1927836,42525,24268,2,1,0,,39.0,16,0,0,,1,0,,0,,22.84,2.78,2.61,ST02_JKT_West,Last Mile Delay
SHPM003442,AWB260003442,2026-02-21 01:39:09.271345,2026-02-21 02:16:09.271345,2026-02-21 02:49:09.271345,2026-02-21 09:05:23.982397,2026-02-21 09:24:23.982397,2026-02-21 09:40:23.982397,2026-02-21 11:43:45.912032,2026-02-21 14:00:59.037696,2026-02-21 21:33:28.660006,2026-02-22 03:25:35.840688,,2026-02-24 01:39:09.271345,Damaged,Exception,SHP059,Shipper 059,Marketplace,Jabodetabek,ST02_JKT_West,HB01_JKT_GATEWAY,Central Java,ST10_Solo,HB04_CTG_NATIONAL,Inter-Region,Regular,Prepaid,CR016,Bike,1.57,1.62,1.62,698476,19290,15482,8,1,0,,19.0,72,0,0,,1,1,Damaged,0,,1066.35,2.06,7.54,ST02_JKT_West,
SHPM003443,AWB260003443,2026-03-10 20:56:32.851227,2026-03-10 21:33:32.851227,2026-03-10 22:00:32.851227,2026-03-11 04:13:22.440587,2026-03-11 04:34:22.440587,2026-03-11 05:18:22.440587,2026-03-11 09:19:11.019730,2026-03-11 11:31:45.722573,2026-03-11 20:21:40.069569,2026-03-12 09:48:26.402204,2026-03-12 23:57:56.676150,2026-03-13 20:56:32.851227,Delivered,Closed,SHP088,Shipper 088,SME,Outer Java,ST19_Denpasar,HB06_EASTERN_GATEWAY,Jabodetabek,ST02_JKT_West,HB01_JKT_GATEWAY,Inter-Region,Regular,Prepaid,CR174,Bike,1.66,1.71,1.71,436502,19695,13050,8,1,0,,21.0,72,1,0,,1,0,,0,,51.02,4.01,8.83,ST02_JKT_West,
SHPM003444,AWB260003444,2026-03-18 19:47:45.839682,2026-03-18 20:27:45.839682,2026-03-18 20:59:45.839682,2026-03-19 00:42:05.191755,2026-03-19 01:54:05.191755,2026-03-19 02:38:05.191755,2026-03-19 05:08:25.908052,2026-03-19 10:41:10.364506,2026-03-20 05:49:14.709485,2026-03-20 23:17:06.105827,2026-03-21 11:55:09.451155,2026-03-21 19:47:45.839682,Delivered,Closed,SHP070,Shipper 070,Enterprise,Jabodetabek,ST05_Tangerang,HB01_JKT_GATEWAY,Outer Java,ST18_Balikpapan,HB06_EASTERN_GATEWAY,Inter-Region,Regular,Prepaid,CR050,Bike,0.37,0.62,0.62,138540,14790,12795,8,1,0,,72.0,72,1,0,,1,0,,0,,64.12,2.51,19.13,ST18_Balikpapan,
SHPM003445,AWB260003445,2026-03-22 07:33:56.752339,2026-03-22 08:06:56.752339,2026-03-22 08:16:56.752339,2026-03-22 10:01:40.551337,2026-03-22 10:25:40.551337,2026-03-22 12:21:40.551337,2026-03-22 15:18:55.868249,2026-03-22 22:46:10.853204,2026-03-23 05:44:47.678878,2026-03-23 17:39:53.581981,2026-03-23 21:54:12.598076,2026-03-23 19:33:56.752339,Delivered,Closed,SHP050,Shipper 050,Marketplace,Jabodetabek,ST04_Bekasi,HB01_JKT_GATEWAY,West Java,ST06_Bandung,HB01_JKT_GATEWAY,Inter-Region,Next Day,Prepaid,CR035,Bike,0.42,0.39,0.42,667841,21890,13983,4,1,0,,24.0,36,0,0,,1,0,,0,,38.34,2.95,6.98,ST06_Bandung,Last Mile Delay
SHPM003446,AWB260003446,2026-02-20 02:30:44.812258,2026-02-20 02:46:44.812258,2026-02-20 03:09:44.812258,2026-02-20 04:59:44.931258,2026-02-20 05:43:44.931258,2026-02-20 06:05:44.931258,2026-02-20 07:59:33.936484,2026-02-20 13:07:00.751433,2026-02-20 21:40:56.405459,2026-02-21 05:54:36.161822,2026-02-21 09:08:16.476636,2026-02-20 18:30:44.812258,Delivered,Closed,SHP041,Shipper 041,SME,West Java,ST08_Bogor,HB01_JKT_GATEWAY,Jabodetabek,ST02_JKT_West,HB01_JKT_GATEWAY,Inter-Region,Same Day,Prepaid,CR079,Bike,0.9,1.39,1.39,1629598,33255,30467,2,0,0,,44.0,16,0,0,,1,0,,0,,30.63,1.9,8.57,ST02_JKT_West,First Mile Delay
SHPM003447,AWB260003447,2026-02-26 14:06:52.702236,2026-02-26 14:31:52.702236,2026-02-26 14:55:52.702236,2026-02-26 17:33:45.602258,2026-02-26 17:46:45.602258,2026-02-26 18:18:45.602258,2026-02-26 22:46:01.416446,2026-02-27 03:55:33.540037,2026-02-27 07:33:09.878336,2026-02-27 21:17:37.781716,2026-02-28 04:09:08.404192,2026-02-28 02:06:52.702236,Delivered,Closed,SHP070,Shipper 070,Enterprise,Jabodetabek,ST04_Bekasi,HB01_JKT_GATEWAY,East Java,ST14_Kediri,HB03_SBY_GATEWAY,Inter-Region,Next Day,Prepaid,CR041,Van,2.19,2.0,2.19,443100,29855,27625,4,1,0,,13.0,36,0,0,,1,0,,0,,38.04,4.45,3.63,ST14_Kediri,Last Mile Delay
SHPM003448,AWB260003448,2026-03-21 14:45:20.627307,2026-03-21 15:10:20.627307,2026-03-21 15:15:20.627307,2026-03-21 16:10:23.380775,2026-03-21 16:20:23.380775,2026-03-21 18:15:23.380775,2026-03-21 23:09:12.766012,2026-03-22 06:50:46.461446,2026-03-22 13:16:54.274109,2026-03-23 04:06:19.611150,2026-03-23 06:01:27.154968,2026-03-22 06:45:20.627307,Delivered,Closed,SHP034,Shipper 034,Enterprise,Jabodetabek,ST01_JKT_Central,HB01_JKT_GATEWAY,East Java,ST14_Kediri,HB03_SBY_GATEWAY,Inter-Region,Same Day,COD,CR009,Truck,0.66,0.63,0.66,1543258,33970,24527,2,1,0,,10.0,16,0,0,,1,0,,0,,39.27,4.9,6.44,ST14_Kediri,Last Mile Delay
SHPM003449,AWB260003449,2026-03-11 16:16:14.908227,2026-03-11 16:37:14.908227,2026-03-11 17:22:14.908227,2026-03-11 21:16:09.202167,2026-03-11 22:06:09.202167,2026-03-12 00:06:09.202167,2026-03-12 02:48:16.124987,2026-03-12 05:31:10.202802,2026-03-12 09:40:13.810227,2026-03-12 18:22:31.519336,2026-03-13 00:45:05.311219,2026-03-13 04:16:14.908227,Delivered,Closed,SHP081,Shipper 081,Marketplace,West Java,ST06_Bandung,HB01_JKT_GATEWAY,East Java,ST13_Malang,HB03_SBY_GATEWAY,Inter-Region,Next Day,Prepaid,CR056,Bike,1.74,2.13,2.13,954363,29585,20269,4,0,0,,50.0,36,1,0,,1,0,,0,,32.48,2.7,4.15,ST13_Malang,
SHPM003450,AWB260003450,2026-03-15 22:31:39.750252,2026-03-15 22:47:39.750252,2026-03-15 23:11:39.750252,2026-03-16 06:19:07.992105,2026-03-16 06:45:07.992105,2026-03-16 08:34:07.992105,2026-03-16 14:33:30.200721,2026-03-16 23:09:31.131277,2026-03-17 01:01:56.949494,2026-03-17 13:34:50.047757,2026-03-18 08:10:03.050784,2026-03-18 22:31:39.750252,Delivered,Closed,SHP014,Shipper 014,Enterprise,Jabodetabek,ST05_Tangerang,HB01_JKT_GATEWAY,Outer Java,ST16_Palembang,HB05_SUMATRA_GATEWAY,Inter-Region,Regular,Prepaid,CR046,Bike,0.79,0.79,0.79,2225566,15555,13185,8,1,0,,26.0,72,1,0,,1,0,,0,,57.64,5.99,1.87,ST16_Palembang,
SHPM003451,AWB260003451,2026-02-21 18:58:52.392407,2026-02-21 19:09:52.392407,2026-02-21 19:47:52.392407,2026-02-22 00:53:05.122318,2026-02-22 01:18:05.122318,2026-02-22 01:59:05.122318,2026-02-22 05:59:12.831184,2026-02-22 11:28:41.584398,2026-02-22 21:23:27.543273,2026-02-23 10:28:13.406789,2026-02-23 17:29:55.688906,2026-02-24 18:58:52.392407,Delivered,Closed,SHP077,Shipper 077,Marketplace,Outer Java,ST16_Palembang,HB05_SUMATRA_GATEWAY,East Java,ST13_Malang,HB03_SBY_GATEWAY,Inter-Region,Regular,Prepaid,CR152,Truck,1.61,2.12,2.12,1284305,21540,13692,8,1,0,,25.0,72,1,0,,1,0,,0,,46.52,4.0,9.91,ST13_Malang,
SHPM003452,AWB260003452,2026-03-11 10:17:09.493965,2026-03-11 10:38:09.493965,2026-03-11 11:19:09.493965,2026-03-11 15:18:27.636964,2026-03-11 15:57:27.636964,2026-03-11 16:21:27.636964,2026-03-11 19:03:45.600931,2026-03-12 01:56:19.943207,2026-03-12 13:47:57.862219,2026-03-13 00:44:46.733636,,2026-03-12 22:17:09.493965,Lost,Exception,SHP048,Shipper 048,Enterprise,Outer Java,ST19_Denpasar,HB06_EASTERN_GATEWAY,Jabodetabek,ST04_Bekasi,HB01_JKT_GATEWAY,Inter-Region,Next Day,Prepaid,CR174,Truck,2.83,2.97,2.97,399516,33365,29729,4,0,0,,39.0,36,0,0,,1,1,Lost,0,,625.71,2.7,11.86,HB06_EASTERN_GATEWAY,
SHPM003453,AWB260003453,2026-03-29 03:43:13.248756,2026-03-29 04:10:13.248756,2026-03-29 04:56:13.248756,2026-03-29 05:56:50.945911,2026-03-29 06:30:50.945911,2026-03-29 08:24:50.945911,2026-03-29 13:06:19.051645,2026-03-29 20:57:36.342134,2026-03-30 03:04:37.069720,2026-03-30 12:25:02.107768,2026-03-30 17:29:30.603814,2026-03-29 19:43:13.248756,Delivered,Closed,SHP099,Shipper 099,SME,West Java,ST08_Bogor,HB01_JKT_GATEWAY,Outer Java,ST15_Medan,HB05_SUMATRA_GATEWAY,Inter-Region,Same Day,Prepaid,CR079,Bike,0.49,0.53,0.53,1752414,29385,18521,2,1,0,,34.0,16,0,0,,1,0,,0,,37.77,4.69,6.12,ST15_Medan,Remote Area
SHPM003454,AWB260003454,2026-03-21 21:02:45.711686,2026-03-21 21:14:45.711686,2026-03-21 22:05:45.711686,2026-03-22 01:49:20.182501,2026-03-22 02:16:20.182501,2026-03-22 03:48:20.182501,2026-03-22 05:11:54.615856,2026-03-22 14:57:41.942003,2026-03-23 00:18:28.539799,2026-03-23 17:04:11.042442,2026-03-24 00:22:34.245515,2026-03-23 09:02:45.711686,Delivered,Closed,SHP094,Shipper 094,SME,Outer Java,ST15_Medan,HB05_SUMATRA_GATEWAY,East Java,ST14_Kediri,HB03_SBY_GATEWAY,Inter-Region,Next Day,Prepaid,CR140,Van,3.09,2.92,3.09,927549,33905,24449,4,0,0,,27.0,36,0,0,,1,0,,0,,51.33,1.39,9.35,ST14_Kediri,First Mile Delay
SHPM003455,AWB260003455,2026-02-27 06:35:15.037045,2026-02-27 07:11:15.037045,2026-02-27 07:26:15.037045,2026-02-27 11:47:10.933361,2026-02-27 12:40:10.933361,2026-02-27 12:59:10.933361,2026-02-27 14:36:26.024494,2026-02-27 23:05:58.896650,2026-02-28 06:55:40.872367,2026-02-28 20:29:14.611731,2026-03-01 06:26:28.699247,2026-03-02 06:35:15.037045,Delivered,Closed,SHP099,Shipper 099,SME,West Java,ST08_Bogor,HB01_JKT_GATEWAY,Jabodetabek,ST05_Tangerang,HB01_JKT_GATEWAY,Inter-Region,Regular,Prepaid,CR080,Bike,2.44,2.3,2.44,1575851,22980,19370,8,1,0,,53.0,72,1,0,,1,0,,0,,47.85,1.62,7.83,ST05_Tangerang,
SHPM003456,AWB260003456,2026-03-14 05:40:09.994904,2026-03-14 06:21:09.994904,2026-03-14 06:57:09.994904,2026-03-14 09:08:22.471963,2026-03-14 09:41:22.471963,2026-03-14 11:39:22.471963,2026-03-14 15:50:48.626580,2026-03-14 22:57:21.018319,2026-03-15 01:14:36.976917,2026-03-15 14:41:40.434603,2026-03-16 00:41:18.493876,2026-03-15 17:40:09.994904,Delivered,Closed,SHP002,Shipper 002,Enterprise,Jabodetabek,ST02_JKT_West,HB01_JKT_GATEWAY,Central Java,ST11_Yogyakarta,HB04_CTG_NATIONAL,Inter-Region,Next Day,COD,CR016,Van,0.44,0.4,0.44,655746,25980,22659,4,1,0,,33.0,36,0,0,,1,0,,0,,43.02,4.19,2.29,ST11_Yogyakarta,Last Mile Delay
SHPM003457,AWB260003457,2026-03-01 04:44:20.934331,2026-03-01 05:19:20.934331,2026-03-01 05:46:20.934331,2026-03-01 08:56:51.021917,2026-03-01 09:05:51.021917,2026-03-01 10:19:51.021917,2026-03-01 15:44:05.815059,2026-03-02 01:11:28.317086,2026-03-02 16:00:39.255102,2026-03-03 05:44:53.472949,2026-03-03 17:37:11.967883,2026-03-02 16:44:20.934331,Delivered,Closed,SHP076,Shipper 076,Enterprise,West Java,ST06_Bandung,HB01_JKT_GATEWAY,Outer Java,ST17_Makassar,HB06_EASTERN_GATEWAY,Inter-Region,Next Day,COD,CR059,Van,1.03,0.96,1.03,1004336,28635,16220,4,1,0,,9.0,36,0,0,,1,0,,0,,60.88,5.4,14.82,ST17_Makassar,Hub Bottleneck
SHPM003458,AWB260003458,2026-03-18 07:27:51.953605,2026-03-18 07:53:51.953605,2026-03-18 08:18:51.953605,2026-03-18 12:02:29.628520,2026-03-18 12:29:29.628520,2026-03-18 13:59:29.628520,2026-03-18 16:37:15.548056,2026-03-19 02:08:34.218455,2026-03-19 04:36:36.876146,2026-03-19 10:30:13.869741,2026-03-20 02:15:45.227264,2026-03-21 07:27:51.953605,Delivered,Closed,SHP034,Shipper 034,Enterprise,Jabodetabek,ST01_JKT_Central,HB01_JKT_GATEWAY,Outer Java,ST18_Balikpapan,HB06_EASTERN_GATEWAY,Inter-Region,Regular,Prepaid,CR011,Bike,1.59,2.5,2.5,1032913,23250,15265,8,1,0,,27.0,72,1,0,,1,0,,0,,42.8,2.63,2.47,ST18_Balikpapan,
SHPM003459,AWB260003459,2026-02-21 15:16:11.259159,2026-02-21 16:01:11.259159,2026-02-21 16:38:11.259159,2026-02-21 22:43:16.615814,2026-02-21 23:19:16.615814,2026-02-21 23:54:16.615814,2026-02-22 03:22:58.846389,2026-02-22 09:45:32.012823,2026-02-22 16:28:16.885468,2026-02-22 23:14:30.959594,2026-02-23 04:32:47.523139,2026-02-23 03:16:11.259159,Delivered,Closed,SHP066,Shipper 066,Marketplace,West Java,ST07_Cirebon,HB02_BDG_TRANSIT,Jabodetabek,ST03_JKT_East,HB01_JKT_GATEWAY,Inter-Region,Next Day,Prepaid,CR067,Bike,1.48,2.38,2.38,2022262,30710,25353,4,0,0,,36.0,36,0,0,,1,0,,0,,37.28,3.48,6.71,ST03_JKT_East,First Mile Delay
SHPM003460,AWB260003460,2026-03-25 11:30:41.453975,2026-03-25 11:41:41.453975,2026-03-25 12:18:41.453975,2026-03-25 18:43:28.934272,2026-03-25 18:57:28.934272,2026-03-25 20:18:28.934272,2026-03-26 01:13:07.544086,2026-03-26 07:20:34.988316,2026-03-26 13:48:43.533531,2026-03-27 05:07:57.398461,2026-03-27 16:51:30.723536,2026-03-28 11:30:41.453975,Delivered,Closed,SHP051,Shipper 051,Marketplace,Outer Java,ST19_Denpasar,HB06_EASTERN_GATEWAY,Central Java,ST09_Semarang,HB04_CTG_NATIONAL,Inter-Region,Regular,Prepaid,CR180,Truck,1.42,1.33,1.42,512859,18390,10195,8,1,0,,14.0,72,1,0,,1,0,,0,,53.35,4.91,6.47,ST09_Semarang,
SHPM003461,AWB260003461,2026-02-17 20:52:37.075053,2026-02-17 21:08:37.075053,2026-02-17 21:35:37.075053,2026-02-18 00:10:33.267390,2026-02-18 00:51:33.267390,2026-02-18 01:19:33.267390,2026-02-18 03:52:26.274019,2026-02-18 07:25:11.230345,2026-02-18 16:35:27.024778,2026-02-18 21:45:20.633524,2026-02-19 17:12:12.829435,2026-02-20 20:52:37.075053,Delivered,Closed,SHP062,Shipper 062,Enterprise,Jabodetabek,ST04_Bekasi,HB01_JKT_GATEWAY,Outer Java,ST17_Makassar,HB06_EASTERN_GATEWAY,Inter-Region,Regular,Prepaid,CR038,Bike,0.5,0.5,0.5,1010894,14250,9965,8,1,0,,41.0,72,1,0,,1,0,,0,,44.33,2.55,9.17,ST17_Makassar,
SHPM003462,AWB260003462,2026-02-25 09:16:07.937391,2026-02-25 09:35:07.937391,2026-02-25 10:22:07.937391,,,,,,,,,2026-02-26 01:16:07.937391,Failed Pickup,Exception,SHP010,Shipper 010,Enterprise,East Java,ST12_Surabaya,HB03_SBY_GATEWAY,Central Java,ST11_Yogyakarta,HB04_CTG_NATIONAL,Inter-Region,Same Day,COD,CR109,Bike,2.3,2.24,2.3,577098,41350,34796,2,0,1,Capacity Full,,16,0,0,,0,0,,0,,962.73,,,ST12_Surabaya,
SHPM003463,AWB260003463,2026-02-26 19:48:13.057056,2026-02-26 20:33:13.057056,2026-02-26 20:58:13.057056,2026-02-27 03:32:34.255649,2026-02-27 03:52:34.255649,2026-02-27 04:19:34.255649,2026-02-27 09:39:46.144889,2026-02-27 11:47:04.923940,2026-02-27 22:59:24.660374,2026-02-28 14:51:25.919057,2026-03-01 01:05:16.528472,2026-03-01 19:48:13.057056,Delivered,Closed,SHP002,Shipper 002,Enterprise,Jabodetabek,ST01_JKT_Central,HB01_JKT_GATEWAY,Central Java,ST09_Semarang,HB04_CTG_NATIONAL,Inter-Region,Regular,Prepaid,CR006,Bike,2.77,2.87,2.87,341638,24915,20870,8,1,0,,20.0,72,1,0,,1,0,,0,,53.28,5.34,11.21,ST09_Semarang,
SHPM003464,AWB260003464,2026-03-10 11:50:47.982645,2026-03-10 12:35:47.982645,2026-03-10 12:52:47.982645,2026-03-10 14:45:16.899522,2026-03-10 15:12:16.899522,2026-03-10 16:23:16.899522,2026-03-10 19:15:42.042169,2026-03-11 00:30:08.152351,2026-03-11 10:17:14.558295,2026-03-11 18:03:47.782855,2026-03-11 19:21:52.227824,2026-03-11 03:50:47.982645,Delivered,Closed,SHP099,Shipper 099,SME,West Java,ST08_Bogor,HB01_JKT_GATEWAY,Jabodetabek,ST05_Tangerang,HB01_JKT_GATEWAY,Inter-Region,Same Day,Prepaid,CR078,Bike,2.16,2.31,2.31,1589863,37395,24560,2,0,0,,27.0,16,0,0,,1,0,,0,,31.52,2.87,9.79,ST05_Tangerang,First Mile Delay
SHPM003465,AWB260003465,2026-02-21 16:49:56.291592,2026-02-21 17:09:56.291592,2026-02-21 17:32:56.291592,2026-02-21 18:40:58.297333,2026-02-21 19:01:58.297333,2026-02-21 19:45:58.297333,2026-02-21 23:32:35.083018,2026-02-22 00:58:50.139674,2026-02-22 16:53:44.321468,2026-02-23 01:16:32.321706,2026-02-23 08:40:50.501070,2026-02-22 02:49:56.291592,Delivered,Closed,SHP017,Shipper 017,Marketplace,Outer Java,ST17_Makassar,HB06_EASTERN_GATEWAY,Outer Java,ST18_Balikpapan,HB06_EASTERN_GATEWAY,Intra-Region,Same Day,Prepaid,CR155,Bike,1.13,1.14,1.14,2048633,32130,18479,2,1,0,,21.0,10,0,0,,1,0,,0,,39.85,3.78,15.92,ST18_Balikpapan,Hub Bottleneck
SHPM003466,AWB260003466,2026-03-27 21:32:29.579711,2026-03-27 21:40:29.579711,2026-03-27 22:08:29.579711,2026-03-28 02:47:16.084751,2026-03-28 02:55:16.084751,2026-03-28 03:28:16.084751,2026-03-28 08:23:06.793951,2026-03-28 12:55:01.735583,2026-03-28 16:04:23.540975,2026-03-28 21:06:05.024729,2026-03-29 10:40:49.991074,2026-03-30 21:32:29.579711,Delivered,Closed,SHP048,Shipper 048,Enterprise,Outer Java,ST19_Denpasar,HB06_EASTERN_GATEWAY,Central Java,ST11_Yogyakarta,HB04_CTG_NATIONAL,Inter-Region,Regular,Prepaid,CR180,Truck,1.64,1.56,1.64,167384,19380,18086,8,1,0,,8.0,72,1,0,,1,0,,0,,37.14,4.91,3.16,ST11_Yogyakarta,
SHPM003467,AWB260003467,2026-03-12 19:41:12.187989,2026-03-12 20:25:12.187989,2026-03-12 21:09:12.187989,2026-03-12 22:15:24.652021,2026-03-12 22:56:24.652021,2026-03-12 23:34:24.652021,2026-03-13 01:53:50.377220,2026-03-13 06:10:59.321363,2026-03-13 09:17:57.624887,2026-03-13 14:23:59.578061,2026-03-13 19:47:23.624880,2026-03-13 11:41:12.187989,Delivered,Closed,SHP072,Shipper 072,Enterprise,Outer Java,ST18_Balikpapan,HB06_EASTERN_GATEWAY,East Java,ST12_Surabaya,HB03_SBY_GATEWAY,Inter-Region,Same Day,Prepaid,CR166,Bike,1.32,1.53,1.53,1487939,33885,24551,2,1,0,,41.0,16,0,0,,1,0,,0,,24.1,2.32,3.12,ST12_Surabaya,Last Mile Delay
SHPM003468,AWB260003468,2026-03-10 09:59:22.536465,2026-03-10 10:17:22.536465,2026-03-10 11:01:22.536465,2026-03-10 12:00:39.358590,2026-03-10 12:22:39.358590,2026-03-10 13:00:39.358590,2026-03-10 16:03:12.000259,2026-03-10 18:46:39.821455,2026-03-11 01:46:02.949533,2026-03-11 08:54:29.124311,2026-03-11 19:49:04.468123,2026-03-11 21:59:22.536465,Delivered,Closed,SHP015,Shipper 015,Marketplace,West Java,ST06_Bandung,HB01_JKT_GATEWAY,East Java,ST12_Surabaya,HB03_SBY_GATEWAY,Inter-Region,Next Day,Prepaid,CR055,Bike,0.72,0.68,0.72,1853505,23240,15057,4,1,0,,22.0,36,1,0,,1,0,,0,,33.83,3.04,6.99,ST12_Surabaya,
SHPM003469,AWB260003469,2026-02-25 22:41:57.461508,2026-02-25 23:17:57.461508,2026-02-26 00:06:57.461508,2026-02-26 01:45:54.468112,2026-02-26 01:56:54.468112,2026-02-26 03:50:54.468112,2026-02-26 07:39:02.761475,2026-02-26 13:56:45.066225,2026-02-26 20:52:51.139480,2026-02-27 04:42:35.984660,2026-02-27 17:12:12.423852,2026-02-28 22:41:57.461508,Delivered,Closed,SHP056,Shipper 056,Enterprise,Jabodetabek,ST03_JKT_East,HB01_JKT_GATEWAY,Central Java,ST10_Solo,HB04_CTG_NATIONAL,Inter-Region,Regular,COD,CR026,Bike,2.22,2.32,2.32,1231863,26440,15174,8,1,0,,11.0,72,1,0,,1,0,,0,,42.5,3.8,6.94,ST10_Solo,
SHPM003470,AWB260003470,2026-03-07 04:15:20.068043,2026-03-07 04:42:20.068043,2026-03-07 04:57:20.068043,2026-03-07 08:34:00.882455,2026-03-07 09:07:00.882455,2026-03-07 10:39:00.882455,2026-03-07 16:13:45.116373,2026-03-07 21:56:17.638614,2026-03-08 12:56:36.292472,2026-03-08 21:37:57.701796,2026-03-09 06:51:23.173631,2026-03-10 04:15:20.068043,Delivered,Closed,SHP006,Shipper 006,Marketplace,East Java,ST14_Kediri,HB03_SBY_GATEWAY,Jabodetabek,ST04_Bekasi,HB01_JKT_GATEWAY,Inter-Region,Regular,COD,CR136,Bike,0.73,0.92,0.92,686850,20140,13117,8,1,0,,33.0,72,1,0,,1,0,,0,,50.6,5.58,15.01,ST04_Bekasi,
SHPM003471,AWB260003471,2026-02-24 09:18:16.664710,2026-02-24 09:23:16.664710,2026-02-24 10:06:16.664710,2026-02-24 12:20:24.448128,2026-02-24 13:15:24.448128,2026-02-24 13:33:24.448128,2026-02-24 18:36:03.493267,2026-02-24 22:02:37.187999,2026-02-25 07:05:45.124495,2026-02-26 00:30:17.759264,2026-02-26 10:48:17.700203,2026-02-27 09:18:16.664710,Delivered,Closed,SHP087,Shipper 087,Enterprise,Jabodetabek,ST02_JKT_West,HB01_JKT_GATEWAY,East Java,ST14_Kediri,HB03_SBY_GATEWAY,Inter-Region,Regular,Prepaid,CR012,Van,1.82,1.85,1.85,640396,20325,11204,8,1,0,,55.0,72,1,0,,1,0,,0,,49.5,5.04,9.05,ST14_Kediri,
SHPM003472,AWB260003472,2026-03-04 04:02:39.357773,2026-03-04 04:37:39.357773,2026-03-04 05:10:39.357773,2026-03-04 08:19:02.283805,2026-03-04 08:48:02.283805,2026-03-04 09:27:02.283805,2026-03-04 13:55:32.195819,2026-03-04 18:29:33.198103,2026-03-05 05:43:22.541785,2026-03-05 12:14:20.639101,2026-03-06 07:41:00.376112,2026-03-07 04:02:39.357773,Delivered,Closed,SHP023,Shipper 023,Enterprise,West Java,ST08_Bogor,HB01_JKT_GATEWAY,Outer Java,ST19_Denpasar,HB06_EASTERN_GATEWAY,Inter-Region,Regular,COD,CR081,Bike,1.46,2.26,2.26,2124589,26170,21547,8,1,0,,29.0,72,1,0,,1,0,,0,,51.64,4.47,11.23,ST19_Denpasar,
SHPM003473,AWB260003473,2026-03-30 11:52:08.093362,2026-03-30 12:19:08.093362,2026-03-30 13:10:08.093362,2026-03-30 16:59:33.469018,2026-03-30 17:19:33.469018,2026-03-30 18:28:33.469018,2026-03-30 22:24:40.870256,2026-03-31 03:10:47.088960,2026-03-31 17:13:58.428422,2026-04-01 09:45:33.183502,2026-04-01 23:45:49.414746,2026-04-02 11:52:08.093362,Delivered,Closed,SHP030,Shipper 030,Enterprise,Jabodetabek,ST05_Tangerang,HB01_JKT_GATEWAY,Outer Java,ST17_Makassar,HB06_EASTERN_GATEWAY,Inter-Region,Regular,Prepaid,CR051,Bike,1.46,1.4,1.46,2216504,18570,11592,8,1,0,,20.0,72,1,0,,1,0,,0,,59.89,3.94,14.05,ST17_Makassar,
SHPM003474,AWB260003474,2026-03-18 07:29:17.746179,2026-03-18 07:46:17.746179,2026-03-18 08:25:17.746179,2026-03-18 14:36:43.616239,2026-03-18 15:06:43.616239,2026-03-18 16:57:43.616239,2026-03-18 19:08:11.955717,2026-03-19 00:47:37.197627,2026-03-19 09:37:45.973515,2026-03-20 01:18:41.835990,2026-03-20 12:03:57.069064,2026-03-21 07:29:17.746179,Delivered,Closed,SHP078,Shipper 078,SME,Outer Java,ST19_Denpasar,HB06_EASTERN_GATEWAY,Jabodetabek,ST03_JKT_East,HB01_JKT_GATEWAY,Inter-Region,Regular,Prepaid,CR175,Bike,1.72,1.62,1.72,689740,19740,17109,8,1,0,,30.0,72,1,0,,1,0,,0,,52.58,2.17,8.84,ST03_JKT_East,
SHPM003475,AWB260003475,2026-03-07 13:07:22.653876,2026-03-07 13:31:22.653876,2026-03-07 13:55:22.653876,2026-03-07 20:34:06.190244,2026-03-07 21:28:06.190244,2026-03-07 22:20:06.190244,2026-03-08 00:42:07.909075,2026-03-08 04:19:46.409212,2026-03-08 21:13:38.475856,2026-03-09 12:35:46.882853,,2026-03-10 13:07:22.653876,Delivery Exception,Exception,SHP093,Shipper 093,SME,East Java,ST13_Malang,HB03_SBY_GATEWAY,Jabodetabek,ST04_Bekasi,HB01_JKT_GATEWAY,Inter-Region,Regular,Prepaid,CR119,Bike,0.49,0.47,0.49,452821,14205,13439,8,1,0,,54.0,72,0,1,Invalid Address,2,0,,0,,718.88,2.37,16.9,ST04_Bekasi,Hub Bottleneck
SHPM003476,AWB260003476,2026-02-27 20:10:21.899210,2026-02-27 20:40:21.899210,2026-02-27 21:38:21.899210,2026-02-27 23:03:04.974062,2026-02-28 00:41:04.974062,2026-02-28 01:18:04.974062,2026-02-28 06:32:34.551322,2026-02-28 10:01:01.402186,2026-02-28 22:13:01.759602,2026-03-01 10:10:28.488978,2026-03-01 13:01:35.284858,2026-03-01 08:10:21.899210,Delivered,Closed,SHP010,Shipper 010,Enterprise,East Java,ST14_Kediri,HB03_SBY_GATEWAY,Jabodetabek,ST05_Tangerang,HB01_JKT_GATEWAY,Inter-Region,Next Day,Prepaid,CR132,Bike,0.97,0.92,0.97,1200083,24365,16107,4,1,0,,98.0,36,0,0,,1,0,,0,,40.85,5.24,12.2,ST05_Tangerang,Hub Bottleneck
SHPM003477,AWB260003477,2026-02-23 14:44:09.497122,2026-02-23 15:12:09.497122,2026-02-23 15:31:09.497122,2026-02-23 17:01:13.323032,2026-02-23 17:23:13.323032,2026-02-23 18:25:13.323032,2026-02-23 20:20:49.087194,2026-02-24 01:40:24.580100,2026-02-24 06:11:24.065251,2026-02-24 21:34:14.562026,2026-02-25 07:19:28.821733,2026-02-25 02:44:09.497122,Delivered,Closed,SHP062,Shipper 062,Enterprise,Jabodetabek,ST04_Bekasi,HB01_JKT_GATEWAY,West Java,ST06_Bandung,HB01_JKT_GATEWAY,Inter-Region,Next Day,COD,CR041,Truck,0.62,0.67,0.67,1599260,27015,15482,4,1,0,,22.0,36,0,0,,1,0,,0,,40.59,1.93,4.52,ST06_Bandung,Last Mile Delay
SHPM003478,AWB260003478,2026-03-04 06:38:29.097638,2026-03-04 06:58:29.097638,2026-03-04 07:27:29.097638,2026-03-04 15:40:43.756963,2026-03-04 15:48:43.756963,2026-03-04 16:25:43.756963,2026-03-04 18:03:13.993236,2026-03-04 21:30:54.083425,2026-03-05 03:31:03.258597,2026-03-05 08:57:04.569032,2026-03-05 16:43:45.720815,2026-03-06 06:38:29.097638,Delivered,Closed,SHP030,Shipper 030,Enterprise,Jabodetabek,ST05_Tangerang,HB01_JKT_GATEWAY,Jabodetabek,ST03_JKT_East,HB01_JKT_GATEWAY,Intra-Region,Regular,Prepaid,CR052,Bike,1.18,1.2,1.2,1177710,17400,15477,8,0,0,,8.0,48,1,0,,1,0,,0,,34.09,1.63,6.0,ST03_JKT_East,
SHPM003479,AWB260003479,2026-03-20 11:01:28.765090,2026-03-20 11:13:28.765090,2026-03-20 11:41:28.765090,2026-03-20 15:14:37.630089,2026-03-20 15:22:37.630089,2026-03-20 16:37:37.630089,2026-03-20 21:17:31.084382,2026-03-21 02:19:31.571580,2026-03-21 11:52:11.901295,2026-03-22 05:04:05.921800,2026-03-22 15:52:05.105294,2026-03-21 23:01:28.765090,Delivered,Closed,SHP056,Shipper 056,Enterprise,Jabodetabek,ST03_JKT_East,HB01_JKT_GATEWAY,East Java,ST12_Surabaya,HB03_SBY_GATEWAY,Inter-Region,Next Day,Prepaid,CR023,Truck,4.79,5.12,5.12,221566,43040,34483,4,0,0,,8.0,36,0,0,,1,0,,0,,52.84,4.66,9.54,ST12_Surabaya,First Mile Delay
SHPM003480,AWB260003480,2026-03-06 08:28:54.908728,2026-03-06 09:08:54.908728,2026-03-06 09:25:54.908728,2026-03-06 12:06:16.039440,2026-03-06 12:50:16.039440,2026-03-06 14:50:16.039440,2026-03-06 18:24:45.550437,2026-03-06 21:52:50.427068,2026-03-07 06:10:37.247051,2026-03-07 17:01:00.796873,2026-03-08 01:56:03.352185,2026-03-07 20:28:54.908728,Delivered,Closed,SHP034,Shipper 034,Enterprise,Jabodetabek,ST01_JKT_Central,HB01_JKT_GATEWAY,East Java,ST12_Surabaya,HB03_SBY_GATEWAY,Inter-Region,Next Day,Prepaid,CR011,Bike,1.83,1.92,1.92,1151600,28640,19555,4,1,0,,44.0,36,0,0,,1,0,,0,,41.45,3.57,8.3,ST12_Surabaya,Last Mile Delay
SHPM003481,AWB260003481,2026-04-01 08:46:59.253136,2026-04-01 09:11:59.253136,2026-04-01 09:51:59.253136,2026-04-01 13:13:10.941159,2026-04-01 13:41:10.941159,2026-04-01 14:20:10.941159,2026-04-01 15:49:39.310675,2026-04-02 01:12:07.561185,2026-04-02 06:28:35.009516,2026-04-02 19:06:07.802885,2026-04-03 16:03:37.374219,2026-04-04 08:46:59.253136,Delivered,Closed,SHP062,Shipper 062,Enterprise,Jabodetabek,ST04_Bekasi,HB01_JKT_GATEWAY,Outer Java,ST18_Balikpapan,HB06_EASTERN_GATEWAY,Inter-Region,Regular,Prepaid,CR031,Van,1.02,1.07,1.07,1661130,16815,9530,8,1,0,,28.0,72,1,0,,1,0,,0,,55.28,1.49,5.27,ST18_Balikpapan,
SHPM003482,AWB260003482,2026-03-27 22:15:36.140120,2026-03-27 22:25:36.140120,2026-03-27 22:48:36.140120,2026-03-28 01:34:11.711616,2026-03-28 01:51:11.711616,2026-03-28 02:48:11.711616,2026-03-28 04:31:11.939789,2026-03-28 10:48:07.545484,2026-03-28 14:24:44.516062,2026-03-29 07:00:53.371547,2026-03-30 07:59:47.984517,2026-03-30 22:15:36.140120,Delivered,Closed,SHP056,Shipper 056,Enterprise,Jabodetabek,ST03_JKT_East,HB01_JKT_GATEWAY,Outer Java,ST20_Banjarmasin,HB06_EASTERN_GATEWAY,Inter-Region,Regular,Prepaid,CR026,Truck,1.1,1.32,1.32,1034332,17940,14194,8,1,0,,17.0,72,1,0,,1,0,,0,,57.74,1.72,3.61,ST20_Banjarmasin,
SHPM003483,AWB260003483,2026-03-28 00:44:58.638913,2026-03-28 01:17:58.638913,2026-03-28 02:01:58.638913,2026-03-28 08:29:58.148118,2026-03-28 09:00:58.148118,2026-03-28 10:31:58.148118,2026-03-28 15:37:14.881897,2026-03-28 18:13:12.545866,2026-03-28 23:21:49.731851,2026-03-29 11:45:56.484758,2026-03-29 23:33:15.383499,2026-03-31 00:44:58.638913,Delivered,Closed,SHP014,Shipper 014,Enterprise,Jabodetabek,ST05_Tangerang,HB01_JKT_GATEWAY,East Java,ST14_Kediri,HB03_SBY_GATEWAY,Inter-Region,Regular,Prepaid,CR050,Bike,4.44,4.14,4.44,1831008,31980,25077,8,1,0,,31.0,72,1,0,,1,0,,0,,46.8,5.09,5.14,ST14_Kediri,
SHPM003484,AWB260003484,2026-03-14 22:30:38.072160,2026-03-14 22:43:38.072160,2026-03-14 23:04:38.072160,2026-03-15 02:25:48.021225,2026-03-15 03:22:48.021225,2026-03-15 04:39:48.021225,2026-03-15 08:56:57.419937,2026-03-15 14:12:07.008492,2026-03-16 00:16:25.916364,2026-03-16 17:59:06.907684,2026-03-16 20:04:54.374711,2026-03-16 10:30:38.072160,Delivered,Closed,SHP030,Shipper 030,Enterprise,Jabodetabek,ST05_Tangerang,HB01_JKT_GATEWAY,West Java,ST08_Bogor,HB01_JKT_GATEWAY,Inter-Region,Next Day,Prepaid,CR045,Van,1.02,1.07,1.07,1201906,24815,16769,4,1,0,,57.0,36,0,0,,1,0,,0,,45.57,4.29,10.07,ST08_Bogor,Hub Bottleneck
SHPM003485,AWB260003485,2026-03-23 14:13:44.890810,2026-03-23 14:58:44.890810,2026-03-23 15:41:44.890810,2026-03-23 17:43:07.591984,2026-03-23 18:20:07.591984,2026-03-23 18:44:07.591984,2026-03-23 22:24:34.634978,2026-03-24 04:09:10.809168,2026-03-24 15:10:45.925840,2026-03-25 06:16:13.436734,2026-03-25 10:58:33.495263,2026-03-25 02:13:44.890810,Delivered,Closed,SHP052,Shipper 052,Marketplace,Jabodetabek,ST04_Bekasi,HB01_JKT_GATEWAY,Outer Java,ST20_Banjarmasin,HB06_EASTERN_GATEWAY,Inter-Region,Next Day,COD,CR043,Truck,1.84,2.49,2.49,1626190,35205,28987,4,1,0,,37.0,36,0,0,,1,0,,0,,44.75,3.67,11.03,ST20_Banjarmasin,Hub Bottleneck
SHPM003486,AWB260003486,2026-03-25 18:42:53.123213,2026-03-25 19:24:53.123213,2026-03-25 19:32:53.123213,2026-03-26 02:12:27.528025,2026-03-26 02:59:27.528025,2026-03-26 04:14:27.528025,2026-03-26 06:02:40.237461,2026-03-26 09:24:30.069204,2026-03-26 14:05:45.060920,2026-03-27 01:29:56.571303,2026-03-27 17:46:01.174445,2026-03-28 18:42:53.123213,Delivered,Closed,SHP036,Shipper 036,Marketplace,West Java,ST08_Bogor,HB01_JKT_GATEWAY,East Java,ST13_Malang,HB03_SBY_GATEWAY,Inter-Region,Regular,Prepaid,CR079,Bike,1.41,1.59,1.59,648428,19155,13316,8,1,0,,47.0,72,1,0,,1,0,,0,,47.05,1.8,4.69,ST13_Malang,
SHPM003487,AWB260003487,2026-03-11 12:34:18.195298,2026-03-11 13:09:18.195298,2026-03-11 13:23:18.195298,2026-03-11 14:37:09.726573,2026-03-11 16:01:09.726573,2026-03-11 16:44:09.726573,2026-03-11 20:46:09.150406,2026-03-12 03:40:35.944019,2026-03-12 06:56:29.614976,2026-03-12 21:11:21.270295,2026-03-13 08:10:44.203564,2026-03-13 00:34:18.195298,Delivered,Closed,SHP049,Shipper 049,Enterprise,Jabodetabek,ST04_Bekasi,HB01_JKT_GATEWAY,Central Java,ST11_Yogyakarta,HB04_CTG_NATIONAL,Inter-Region,Next Day,Prepaid,CR033,Van,0.8,0.77,0.8,2272223,23600,13972,4,1,0,,84.0,36,0,0,,1,0,,0,,43.61,4.03,3.26,ST11_Yogyakarta,Last Mile Delay
SHPM003488,AWB260003488,2026-03-08 13:25:19.176096,2026-03-08 13:31:19.176096,2026-03-08 13:51:19.176096,2026-03-08 19:12:27.052823,2026-03-08 19:50:27.052823,2026-03-08 20:50:27.052823,2026-03-09 02:09:25.690851,2026-03-09 05:05:12.578515,2026-03-09 09:58:48.631718,2026-03-09 17:38:17.760566,2026-03-10 02:10:13.236635,2026-03-10 13:25:19.176096,Delivered,Closed,SHP014,Shipper 014,Enterprise,Jabodetabek,ST05_Tangerang,HB01_JKT_GATEWAY,Jabodetabek,ST01_JKT_Central,HB01_JKT_GATEWAY,Intra-Region,Regular,COD,CR048,Bike,3.36,3.82,3.82,1613991,33190,29316,8,1,0,,38.0,48,1,0,,1,0,,0,,36.75,5.32,4.89,ST01_JKT_Central,
SHPM003489,AWB260003489,2026-03-04 01:30:05.322515,2026-03-04 01:47:05.322515,2026-03-04 02:38:05.322515,2026-03-04 09:33:17.214186,2026-03-04 10:07:17.214186,2026-03-04 11:41:17.214186,2026-03-04 14:21:58.933814,2026-03-04 20:37:47.093365,2026-03-04 23:07:54.899475,2026-03-05 11:26:59.138112,2026-03-06 03:52:08.634238,2026-03-07 01:30:05.322515,Delivered,Closed,SHP056,Shipper 056,Enterprise,Jabodetabek,ST03_JKT_East,HB01_JKT_GATEWAY,West Java,ST06_Bandung,HB01_JKT_GATEWAY,Inter-Region,Regular,Prepaid,CR022,Truck,1.12,1.34,1.34,533452,18030,15484,8,1,0,,34.0,72,1,0,,1,0,,0,,50.37,2.68,2.5,ST06_Bandung,
SHPM003490,AWB260003490,2026-03-28 00:43:46.479334,2026-03-28 01:15:46.479334,2026-03-28 01:52:46.479334,2026-03-28 03:45:33.358036,2026-03-28 04:00:33.358036,2026-03-28 05:22:33.358036,2026-03-28 10:00:55.900166,2026-03-28 17:41:09.546424,2026-03-29 03:31:51.813102,2026-03-29 16:52:32.368877,,2026-03-29 12:43:46.479334,Return To Sender,RTS,SHP095,Shipper 095,Enterprise,Central Java,ST11_Yogyakarta,HB04_CTG_NATIONAL,West Java,ST07_Cirebon,HB02_BDG_TRANSIT,Inter-Region,Next Day,COD,CR100,Van,1.3,1.27,1.3,1075665,29850,19317,4,1,0,,15.0,36,0,1,Customer Not Home,3,0,,1,Customer Not Home,227.27,4.64,9.85,ST07_Cirebon,Delivery Exception
SHPM003491,AWB260003491,2026-03-29 06:11:37.509838,2026-03-29 06:37:37.509838,2026-03-29 07:14:37.509838,2026-03-29 07:48:29.579228,2026-03-29 07:56:29.579228,2026-03-29 08:11:29.579228,2026-03-29 09:33:36.535141,2026-03-29 12:53:23.974123,2026-03-29 15:12:07.984986,2026-03-30 06:41:07.382373,2026-03-30 17:10:23.847220,2026-03-30 18:11:37.509838,Delivered,Closed,SHP035,Shipper 035,Enterprise,Jabodetabek,ST01_JKT_Central,HB01_JKT_GATEWAY,Central Java,ST10_Solo,HB04_CTG_NATIONAL,Inter-Region,Next Day,Prepaid,CR007,Bike,1.07,1.04,1.07,617173,24815,16296,4,1,0,,8.0,36,1,0,,1,0,,0,,34.98,1.37,2.31,ST10_Solo,
SHPM003492,AWB260003492,2026-02-18 12:47:03.220004,2026-02-18 13:20:03.220004,2026-02-18 14:01:03.220004,2026-02-18 19:21:32.787815,2026-02-18 20:04:32.787815,2026-02-18 21:22:32.787815,2026-02-19 01:31:46.048895,2026-02-19 04:44:49.778777,2026-02-19 14:18:13.874644,2026-02-20 03:32:15.298886,2026-02-20 09:48:45.408016,2026-02-21 12:47:03.220004,Delivered,Closed,SHP072,Shipper 072,Enterprise,Outer Java,ST18_Balikpapan,HB06_EASTERN_GATEWAY,West Java,ST08_Bogor,HB01_JKT_GATEWAY,Inter-Region,Regular,Prepaid,CR173,Truck,2.86,3.13,3.13,1026221,26085,22364,8,1,0,,43.0,72,1,0,,1,0,,0,,45.03,4.15,9.56,ST08_Bogor,
SHPM003493,AWB260003493,2026-03-30 12:58:26.083308,2026-03-30 13:18:26.083308,2026-03-30 13:58:26.083308,2026-03-30 14:28:47.990945,2026-03-30 15:19:47.990945,2026-03-30 16:52:47.990945,2026-03-30 21:28:00.323353,2026-03-31 01:54:09.053085,2026-03-31 06:46:20.622351,2026-03-31 16:55:44.674729,2026-03-31 22:07:38.115732,2026-03-31 04:58:26.083308,Delivered,Closed,SHP011,Shipper 011,Enterprise,Jabodetabek,ST03_JKT_East,HB01_JKT_GATEWAY,West Java,ST07_Cirebon,HB02_BDG_TRANSIT,Inter-Region,Same Day,Prepaid,CR024,Van,0.87,0.93,0.93,1275998,31185,29250,2,1,0,,51.0,16,0,0,,1,0,,0,,33.15,4.59,4.87,ST07_Cirebon,Last Mile Delay
SHPM003494,AWB260003494,2026-03-16 17:40:48.800811,2026-03-16 17:45:48.800811,2026-03-16 18:10:48.800811,2026-03-16 21:28:38.990544,2026-03-16 22:29:38.990544,2026-03-16 23:47:38.990544,2026-03-17 02:45:45.697112,2026-03-17 08:08:35.137584,2026-03-17 12:56:13.756507,2026-03-18 02:20:25.805112,,2026-03-18 05:40:48.800811,Return To Sender,RTS,SHP002,Shipper 002,Enterprise,Jabodetabek,ST01_JKT_Central,HB01_JKT_GATEWAY,Outer Java,ST20_Banjarmasin,HB06_EASTERN_GATEWAY,Inter-Region,Next Day,COD,CR010,Van,0.48,0.47,0.48,1084600,26160,16153,4,1,0,,61.0,36,0,1,Customer Not Home,2,0,,1,Customer Not Home,498.32,2.97,4.79,ST20_Banjarmasin,Delivery Exception
SHPM003495,AWB260003495,2026-03-28 09:56:30.971327,2026-03-28 10:17:30.971327,2026-03-28 10:33:30.971327,2026-03-28 11:32:29.115076,2026-03-28 12:20:29.115076,2026-03-28 12:49:29.115076,2026-03-28 14:07:31.857858,2026-03-28 22:25:53.698177,2026-03-29 02:26:36.084388,2026-03-29 14:27:33.988084,2026-03-29 17:54:32.977857,2026-03-29 01:56:30.971327,Delivered,Closed,SHP050,Shipper 050,Marketplace,Jabodetabek,ST02_JKT_West,HB01_JKT_GATEWAY,West Java,ST06_Bandung,HB01_JKT_GATEWAY,Inter-Region,Same Day,Prepaid,CR016,Bike,0.86,1.46,1.46,873844,33570,19141,2,1,0,,48.0,16,0,0,,1,0,,0,,31.97,1.3,4.01,ST06_Bandung,Last Mile Delay
SHPM003496,AWB260003496,2026-02-16 17:36:23.689867,2026-02-16 17:43:23.689867,2026-02-16 18:08:23.689867,2026-02-16 19:04:29.496503,2026-02-16 19:28:29.496503,2026-02-16 20:15:29.496503,2026-02-16 22:52:46.548422,2026-02-17 04:45:50.782527,2026-02-18 01:02:57.610635,2026-02-18 13:30:58.763576,2026-02-18 15:49:11.207529,2026-02-17 09:36:23.689867,Delivered,Closed,SHP067,Shipper 067,SME,East Java,ST14_Kediri,HB03_SBY_GATEWAY,Central Java,ST10_Solo,HB04_CTG_NATIONAL,Inter-Region,Same Day,Prepaid,CR131,Van,2.11,2.07,2.11,978982,36495,23856,2,1,0,,24.0,16,0,0,,1,0,,0,,46.21,2.62,20.29,ST10_Solo,Hub Bottleneck
SHPM003497,AWB260003497,2026-03-18 18:14:13.595152,2026-03-18 18:41:13.595152,2026-03-18 19:23:13.595152,2026-03-19 01:20:45.626208,2026-03-19 02:12:45.626208,2026-03-19 03:28:45.626208,2026-03-19 05:36:00.888718,2026-03-19 11:12:30.563263,2026-03-19 22:19:27.572926,2026-03-20 16:05:56.763262,2026-03-20 22:44:13.865672,2026-03-20 06:14:13.595152,Delivered,Closed,SHP018,Shipper 018,Enterprise,West Java,ST07_Cirebon,HB02_BDG_TRANSIT,Jabodetabek,ST04_Bekasi,HB01_JKT_GATEWAY,Inter-Region,Next Day,Prepaid,CR068,Bike,0.63,0.67,0.67,234250,23015,21700,4,0,0,,52.0,36,0,0,,1,0,,0,,52.5,2.12,11.12,ST04_Bekasi,First Mile Delay
SHPM003498,AWB260003498,2026-03-03 10:55:06.520802,2026-03-03 11:30:06.520802,2026-03-03 12:14:06.520802,2026-03-03 13:46:42.812542,2026-03-03 14:15:42.812542,2026-03-03 16:08:42.812542,2026-03-03 21:36:30.526516,2026-03-04 00:40:12.957560,2026-03-04 08:31:19.476437,2026-03-05 02:29:40.306390,2026-03-05 09:07:17.717114,2026-03-06 10:55:06.520802,Delivered,Closed,SHP088,Shipper 088,SME,Outer Java,ST17_Makassar,HB06_EASTERN_GATEWAY,East Java,ST12_Surabaya,HB03_SBY_GATEWAY,Inter-Region,Regular,Prepaid,CR157,Bike,0.99,1.06,1.06,2088527,16770,13485,8,1,0,,29.0,72,1,0,,1,0,,0,,46.2,5.46,7.85,ST12_Surabaya,
SHPM003499,AWB260003499,2026-03-30 11:31:17.339103,2026-03-30 11:38:17.339103,2026-03-30 11:47:17.339103,2026-03-30 17:17:04.591395,2026-03-30 18:00:04.591395,2026-03-30 19:15:04.591395,2026-03-30 23:14:37.927538,2026-03-31 02:31:40.902997,2026-03-31 17:29:18.114025,2026-03-31 22:38:28.723851,2026-04-01 13:55:39.483827,2026-04-02 11:31:17.339103,Delivered,Closed,SHP030,Shipper 030,Enterprise,Jabodetabek,ST05_Tangerang,HB01_JKT_GATEWAY,Outer Java,ST15_Medan,HB05_SUMATRA_GATEWAY,Inter-Region,Regular,Prepaid,CR051,Van,0.61,0.58,0.61,1900640,14745,8197,8,1,0,,43.0,72,1,0,,1,0,,0,,50.41,3.99,14.96,ST15_Medan,
SHPM003500,AWB260003500,2026-03-12 23:08:32.615157,2026-03-12 23:28:32.615157,2026-03-13 00:04:32.615157,2026-03-13 05:52:05.912663,2026-03-13 07:10:05.912663,2026-03-13 08:28:05.912663,2026-03-13 12:19:25.828682,2026-03-13 16:12:09.606191,2026-03-14 00:07:14.155337,2026-03-14 05:09:36.972093,2026-03-14 09:41:08.147596,2026-03-14 11:08:32.615157,Delivered,Closed,SHP066,Shipper 066,Marketplace,West Java,ST07_Cirebon,HB02_BDG_TRANSIT,East Java,ST14_Kediri,HB03_SBY_GATEWAY,Inter-Region,Next Day,Prepaid,CR072,Truck,3.86,4.64,4.64,818881,40880,34037,4,0,0,,78.0,36,1,0,,1,0,,0,,34.54,3.86,7.92,ST14_Kediri,
SHPM003501,AWB260003501,2026-02-19 23:55:21.751962,2026-02-20 00:24:21.751962,2026-02-20 01:11:21.751962,2026-02-20 15:25:21.094132,2026-02-20 16:46:21.094132,2026-02-20 17:42:21.094132,2026-02-20 22:25:39.907966,2026-02-21 02:25:19.324898,2026-02-21 18:17:00.066582,2026-02-21 23:41:38.495369,2026-02-22 04:38:44.881080,2026-02-22 23:55:21.751962,Delivered,Closed,SHP025,Shipper 025,Marketplace,East Java,ST12_Surabaya,HB03_SBY_GATEWAY,Jabodetabek,ST01_JKT_Central,HB01_JKT_GATEWAY,Inter-Region,Regular,Prepaid,CR113,Truck,0.7,0.93,0.93,396638,16185,15139,8,0,0,,81.0,72,1,0,,1,0,,0,,52.72,4.72,15.86,ST01_JKT_Central,
SHPM003502,AWB260003502,2026-02-18 05:54:59.863136,2026-02-18 06:14:59.863136,2026-02-18 07:13:59.863136,2026-02-18 13:03:08.491082,2026-02-18 13:35:08.491082,2026-02-18 13:58:08.491082,2026-02-18 16:58:14.866750,2026-02-18 21:10:18.776149,2026-02-19 00:10:46.155765,2026-02-19 11:45:55.706465,2026-02-20 04:51:06.664352,2026-02-21 05:54:59.863136,Delivered,Closed,SHP003,Shipper 003,Marketplace,Outer Java,ST19_Denpasar,HB06_EASTERN_GATEWAY,West Java,ST08_Bogor,HB01_JKT_GATEWAY,Inter-Region,Regular,COD,CR176,Bike,0.55,0.72,0.72,191602,19240,14150,8,1,0,,32.0,72,1,0,,1,0,,0,,46.94,3.0,3.01,ST08_Bogor,
SHPM003503,AWB260003503,2026-03-02 02:43:53.419542,2026-03-02 03:03:53.419542,2026-03-02 03:21:53.419542,2026-03-02 05:09:19.950419,2026-03-02 05:37:19.950419,2026-03-02 07:15:19.950419,2026-03-02 12:16:49.533346,2026-03-02 21:03:46.717538,2026-03-03 03:16:29.467507,2026-03-03 15:04:07.863222,2026-03-03 18:34:04.677370,2026-03-02 18:43:53.419542,Delivered,Closed,SHP026,Shipper 026,Marketplace,Outer Java,ST18_Balikpapan,HB06_EASTERN_GATEWAY,West Java,ST06_Bandung,HB01_JKT_GATEWAY,Inter-Region,Same Day,Prepaid,CR163,Bike,0.91,0.93,0.93,2311066,31185,28268,2,0,0,,28.0,16,0,0,,1,0,,0,,39.84,5.02,6.21,ST06_Bandung,First Mile Delay
SHPM003504,AWB260003504,2026-03-30 06:14:12.975575,2026-03-30 06:24:12.975575,2026-03-30 06:53:12.975575,2026-03-30 10:12:46.115776,2026-03-30 10:41:46.115776,2026-03-30 11:06:46.115776,2026-03-30 14:22:36.235920,2026-03-30 17:08:27.942415,2026-03-31 01:41:41.728669,2026-03-31 13:05:28.720982,2026-04-01 02:34:27.574406,2026-04-02 06:14:12.975575,Delivered,Closed,SHP058,Shipper 058,Enterprise,Jabodetabek,ST01_JKT_Central,HB01_JKT_GATEWAY,West Java,ST08_Bogor,HB01_JKT_GATEWAY,Inter-Region,Regular,COD,CR003,Bike,0.79,0.75,0.79,274859,19555,11634,8,1,0,,29.0,72,1,0,,1,0,,0,,44.34,3.26,8.55,ST08_Bogor,
SHPM003505,AWB260003505,2026-03-17 06:11:48.750083,2026-03-17 06:18:48.750083,2026-03-17 06:54:48.750083,2026-03-17 09:34:32.438625,2026-03-17 09:56:32.438625,2026-03-17 11:43:32.438625,2026-03-17 17:21:38.866867,2026-03-17 19:29:51.683599,2026-03-17 22:42:25.184727,2026-03-18 10:44:53.875697,2026-03-18 13:48:46.583884,2026-03-18 18:11:48.750083,Delivered,Closed,SHP078,Shipper 078,SME,Outer Java,ST17_Makassar,HB06_EASTERN_GATEWAY,West Java,ST08_Bogor,HB01_JKT_GATEWAY,Inter-Region,Next Day,Prepaid,CR162,Bike,0.87,0.87,0.87,336717,23915,16300,4,1,0,,22.0,36,1,0,,1,0,,0,,31.62,5.64,3.21,ST08_Bogor,
SHPM003506,AWB260003506,2026-03-23 22:56:30.580131,2026-03-23 23:36:30.580131,2026-03-24 00:09:30.580131,2026-03-24 07:57:21.072985,2026-03-24 09:14:21.072985,2026-03-24 09:56:21.072985,2026-03-24 14:44:43.868937,2026-03-24 19:19:13.016299,2026-03-25 02:29:19.129297,2026-03-25 14:40:48.941153,2026-03-26 07:21:59.033883,2026-03-26 22:56:30.580131,Delivered,Closed,SHP084,Shipper 084,Enterprise,Central Java,ST11_Yogyakarta,HB04_CTG_NATIONAL,East Java,ST13_Malang,HB03_SBY_GATEWAY,Inter-Region,Regular,Prepaid,CR104,Bike,1.31,1.29,1.31,1178553,17895,13701,8,0,0,,77.0,72,1,0,,1,0,,0,,56.42,4.81,7.17,ST13_Malang,
SHPM003507,AWB260003507,2026-03-19 02:29:56.086512,2026-03-19 03:06:56.086512,2026-03-19 03:57:56.086512,2026-03-19 06:01:53.024324,2026-03-19 06:25:53.024324,2026-03-19 08:09:53.024324,2026-03-19 11:51:13.030854,2026-03-19 19:42:35.341000,2026-03-20 05:55:28.071234,2026-03-20 13:51:41.212479,2026-03-21 00:50:51.425348,2026-03-20 14:29:56.086512,Delivered,Closed,SHP059,Shipper 059,Marketplace,Jabodetabek,ST02_JKT_West,HB01_JKT_GATEWAY,Central Java,ST10_Solo,HB04_CTG_NATIONAL,Inter-Region,Next Day,Prepaid,CR014,Bike,4.12,4.22,4.22,523462,38990,22341,4,1,0,,24.0,36,0,0,,1,0,,0,,46.35,3.69,10.21,ST10_Solo,Hub Bottleneck
SHPM003508,AWB260003508,2026-03-22 06:25:16.995129,2026-03-22 06:35:16.995129,2026-03-22 07:17:16.995129,2026-03-22 08:12:00.170691,2026-03-22 08:55:00.170691,2026-03-22 10:42:00.170691,2026-03-22 14:28:25.727216,2026-03-22 17:21:22.359273,2026-03-23 03:43:58.315548,2026-03-23 18:08:59.458530,2026-03-24 03:46:30.476148,2026-03-23 18:25:16.995129,Delivered,Closed,SHP067,Shipper 067,SME,East Java,ST14_Kediri,HB03_SBY_GATEWAY,Jabodetabek,ST03_JKT_East,HB01_JKT_GATEWAY,Inter-Region,Next Day,COD,CR136,Van,1.22,1.76,1.76,352651,31920,18540,4,1,0,,43.0,36,0,0,,1,0,,0,,45.35,3.77,10.38,ST03_JKT_East,Hub Bottleneck
SHPM003509,AWB260003509,2026-02-24 22:36:44.510722,2026-02-24 22:55:44.510722,2026-02-24 23:00:44.510722,2026-02-25 02:43:37.839201,2026-02-25 03:19:37.839201,2026-02-25 04:19:37.839201,2026-02-25 06:26:56.557087,2026-02-25 08:33:29.096125,2026-02-25 20:04:49.450956,2026-02-26 05:34:22.287914,2026-02-26 11:32:49.184503,2026-02-26 10:36:44.510722,Delivered,Closed,SHP082,Shipper 082,SME,Outer Java,ST17_Makassar,HB06_EASTERN_GATEWAY,West Java,ST06_Bandung,HB01_JKT_GATEWAY,Inter-Region,Next Day,Prepaid,CR155,Van,3.3,3.18,3.3,1459636,34850,23160,4,1,0,,36.0,36,0,0,,1,0,,0,,36.93,2.12,11.52,ST06_Bandung,Hub Bottleneck
SHPM003510,AWB260003510,2026-03-27 14:10:46.831503,2026-03-27 14:28:46.831503,2026-03-27 15:03:46.831503,2026-03-27 19:08:04.013160,2026-03-27 19:58:04.013160,2026-03-27 20:40:04.013160,2026-03-27 21:49:17.465482,2026-03-28 03:23:09.881336,2026-03-28 05:24:36.437821,2026-03-28 17:45:08.390688,2026-03-29 00:49:39.133124,2026-03-29 02:10:46.831503,Delivered,Closed,SHP056,Shipper 056,Enterprise,Jabodetabek,ST03_JKT_East,HB01_JKT_GATEWAY,East Java,ST12_Surabaya,HB03_SBY_GATEWAY,Inter-Region,Next Day,Prepaid,CR023,Bike,2.18,3.12,3.12,472949,34040,23722,4,0,0,,50.0,36,1,0,,1,0,,0,,34.65,1.15,2.02,ST12_Surabaya,
SHPM003511,AWB260003511,2026-03-17 15:36:27.362561,2026-03-17 16:21:27.362561,2026-03-17 16:57:27.362561,2026-03-18 00:53:52.324443,2026-03-18 02:01:52.324443,2026-03-18 03:05:52.324443,2026-03-18 04:48:32.099343,2026-03-18 09:19:02.193765,2026-03-18 13:31:19.369495,2026-03-19 03:22:53.881058,2026-03-19 17:23:05.115909,2026-03-20 15:36:27.362561,Delivered,Closed,SHP086,Shipper 086,Marketplace,Jabodetabek,ST02_JKT_West,HB01_JKT_GATEWAY,East Java,ST14_Kediri,HB03_SBY_GATEWAY,Inter-Region,Regular,Prepaid,CR012,Van,2.35,2.29,2.35,977890,22575,19644,8,0,0,,68.0,72,1,0,,1,0,,0,,49.78,1.71,4.2,ST14_Kediri,
SHPM003512,AWB260003512,2026-03-19 00:12:48.532876,2026-03-19 00:53:48.532876,2026-03-19 01:09:48.532876,2026-03-19 02:08:50.750729,2026-03-19 03:04:50.750729,2026-03-19 04:57:50.750729,2026-03-19 07:10:05.591453,2026-03-19 14:16:08.078220,2026-03-19 22:28:55.590286,2026-03-20 09:45:55.944334,2026-03-20 16:17:46.824963,2026-03-20 12:12:48.532876,Delivered,Closed,SHP076,Shipper 076,Enterprise,West Java,ST06_Bandung,HB01_JKT_GATEWAY,Jabodetabek,ST03_JKT_East,HB01_JKT_GATEWAY,Inter-Region,Next Day,Prepaid,CR060,Van,0.92,0.89,0.92,857416,24140,13886,4,1,0,,56.0,36,0,0,,1,0,,0,,40.08,2.2,8.21,ST03_JKT_East,Last Mile Delay
SHPM003513,AWB260003513,2026-03-25 22:58:41.142927,2026-03-25 23:35:41.142927,2026-03-26 00:21:41.142927,2026-03-26 02:12:54.113528,2026-03-26 02:40:54.113528,2026-03-26 04:32:54.113528,2026-03-26 08:39:00.127745,2026-03-26 17:38:30.693262,2026-03-26 23:32:07.614355,2026-03-27 12:02:07.738618,2026-03-27 18:02:13.714156,2026-03-27 10:58:41.142927,Delivered,Closed,SHP028,Shipper 028,Marketplace,Jabodetabek,ST04_Bekasi,HB01_JKT_GATEWAY,East Java,ST12_Surabaya,HB03_SBY_GATEWAY,Inter-Region,Next Day,COD,CR041,Bike,1.44,1.53,1.53,432031,30885,20922,4,1,0,,28.0,36,0,0,,1,0,,0,,43.06,4.1,5.89,ST12_Surabaya,Last Mile Delay
SHPM003514,AWB260003514,2026-03-27 09:23:25.885200,2026-03-27 09:46:25.885200,2026-03-27 10:02:25.885200,2026-03-27 10:33:36.060016,2026-03-27 11:18:36.060016,2026-03-27 11:52:36.060016,2026-03-27 14:12:05.218779,2026-03-27 20:28:13.976003,2026-03-28 06:21:36.947527,2026-03-28 13:40:39.662192,2026-03-28 17:27:18.217692,2026-03-28 01:23:25.885200,Delivered,Closed,SHP087,Shipper 087,Enterprise,Jabodetabek,ST02_JKT_West,HB01_JKT_GATEWAY,East Java,ST13_Malang,HB03_SBY_GATEWAY,Inter-Region,Same Day,Prepaid,CR012,Bike,0.52,0.5,0.52,1898401,29340,16815,2,1,0,,45.0,16,0,0,,1,0,,0,,32.06,2.32,9.89,ST13_Malang,Last Mile Delay
SHPM003515,AWB260003515,2026-03-25 18:02:27.563264,2026-03-25 18:28:27.563264,2026-03-25 18:47:27.563264,2026-03-26 01:20:23.428091,2026-03-26 02:42:23.428091,2026-03-26 04:09:23.428091,2026-03-26 06:29:27.030289,2026-03-26 09:01:54.658537,2026-03-26 14:36:03.737159,2026-03-26 21:48:30.504423,2026-03-27 09:19:19.190232,2026-03-28 18:02:27.563264,Delivered,Closed,SHP084,Shipper 084,Enterprise,Central Java,ST11_Yogyakarta,HB04_CTG_NATIONAL,East Java,ST13_Malang,HB03_SBY_GATEWAY,Inter-Region,Regular,Prepaid,CR101,Bike,0.72,0.69,0.72,1106819,15240,12628,8,1,0,,82.0,72,1,0,,1,0,,0,,39.28,2.33,5.57,ST13_Malang,
SHPM003516,AWB260003516,2026-03-09 22:11:47.907935,2026-03-09 22:34:47.907935,2026-03-09 22:51:47.907935,2026-03-10 04:09:05.367472,2026-03-10 05:00:05.367472,2026-03-10 06:57:05.367472,2026-03-10 12:53:50.064740,2026-03-10 21:17:38.828380,2026-03-11 08:51:32.677226,2026-03-11 14:57:28.587076,2026-03-12 19:01:32.902597,2026-03-12 22:11:47.907935,Delivered,Closed,SHP056,Shipper 056,Enterprise,Jabodetabek,ST03_JKT_East,HB01_JKT_GATEWAY,Outer Java,ST18_Balikpapan,HB06_EASTERN_GATEWAY,Inter-Region,Regular,COD,CR019,Van,4.45,4.66,4.66,270059,36970,25289,8,1,0,,51.0,72,1,0,,1,0,,0,,68.83,5.95,11.56,ST18_Balikpapan,
SHPM003517,AWB260003517,2026-03-28 15:09:11.025471,2026-03-28 15:19:11.025471,2026-03-28 15:43:11.025471,2026-03-28 17:18:25.768999,2026-03-28 18:13:25.768999,2026-03-28 20:05:25.768999,2026-03-28 22:20:41.709341,2026-03-29 01:34:52.596746,2026-03-29 08:27:31.002159,2026-03-29 13:22:44.063985,2026-03-29 16:46:48.010321,2026-03-29 01:09:11.025471,Delivered,Closed,SHP049,Shipper 049,Enterprise,Jabodetabek,ST05_Tangerang,HB01_JKT_GATEWAY,Jabodetabek,ST04_Bekasi,HB01_JKT_GATEWAY,Intra-Region,Same Day,COD,CR047,Van,1.1,1.34,1.34,394370,37030,22160,2,1,0,,55.0,10,0,0,,1,0,,0,,25.63,2.25,6.88,ST04_Bekasi,Last Mile Delay
SHPM003518,AWB260003518,2026-02-25 00:34:02.390333,2026-02-25 00:52:02.390333,2026-02-25 01:12:02.390333,2026-02-25 09:45:32.616078,2026-02-25 09:53:32.616078,2026-02-25 11:07:32.616078,2026-02-25 14:11:14.688537,2026-02-25 18:46:04.679931,2026-02-26 02:18:00.339284,2026-02-26 10:49:37.707432,2026-02-26 20:18:12.369183,2026-02-27 00:34:02.390333,Delivered,Closed,SHP094,Shipper 094,SME,Outer Java,ST15_Medan,HB05_SUMATRA_GATEWAY,Outer Java,ST15_Medan,HB05_SUMATRA_GATEWAY,Intra-Region,Regular,Prepaid,CR139,Bike,0.84,0.86,0.86,2545079,15870,14734,8,0,0,,8.0,48,1,0,,1,0,,0,,43.74,3.06,7.53,ST15_Medan,
SHPM003519,AWB260003519,2026-03-14 05:54:03.740188,2026-03-14 06:30:03.740188,2026-03-14 06:57:03.740188,2026-03-14 09:18:35.525877,2026-03-14 10:21:35.525877,2026-03-14 11:22:35.525877,2026-03-14 13:16:39.788744,2026-03-14 15:59:10.530789,2026-03-15 00:01:21.761437,2026-03-15 10:00:03.715588,2026-03-15 12:55:10.321295,2026-03-15 17:54:03.740188,Delivered,Closed,SHP003,Shipper 003,Marketplace,Outer Java,ST15_Medan,HB05_SUMATRA_GATEWAY,East Java,ST13_Malang,HB03_SBY_GATEWAY,Inter-Region,Next Day,Prepaid,CR144,Bike,2.54,2.74,2.74,1522938,32330,28707,4,1,0,,63.0,36,1,0,,1,0,,0,,31.02,1.9,8.04,ST13_Malang,
SHPM003520,AWB260003520,2026-02-25 08:30:30.204705,2026-02-25 08:37:30.204705,2026-02-25 09:21:30.204705,2026-02-25 15:42:38.316468,2026-02-25 15:57:38.316468,2026-02-25 17:39:38.316468,2026-02-25 23:24:47.297290,2026-02-26 01:49:57.657906,2026-02-26 12:51:20.194087,2026-02-26 23:02:19.350667,2026-02-27 09:23:18.057885,2026-02-28 08:30:30.204705,Delivered,Closed,SHP078,Shipper 078,SME,Outer Java,ST16_Palembang,HB05_SUMATRA_GATEWAY,Jabodetabek,ST03_JKT_East,HB01_JKT_GATEWAY,Inter-Region,Regular,Prepaid,CR146,Bike,0.56,0.51,0.56,1867709,14520,13145,8,1,0,,15.0,72,1,0,,1,0,,0,,48.88,5.75,11.02,ST03_JKT_East,
SHPM003521,AWB260003521,2026-03-17 00:25:03.302242,2026-03-17 00:39:03.302242,2026-03-17 00:53:03.302242,2026-03-17 01:59:25.198541,2026-03-17 02:35:25.198541,2026-03-17 03:41:25.198541,2026-03-17 06:31:02.041673,2026-03-17 08:59:45.640175,2026-03-17 18:51:41.055737,2026-03-18 05:39:44.745594,2026-03-18 14:36:29.197398,2026-03-18 12:25:03.302242,Delivered,Closed,SHP013,Shipper 013,SME,Jabodetabek,ST04_Bekasi,HB01_JKT_GATEWAY,Outer Java,ST16_Palembang,HB05_SUMATRA_GATEWAY,Inter-Region,Next Day,COD,CR041,Van,1.86,1.87,1.87,1572053,32415,25107,4,1,0,,36.0,36,0,0,,1,0,,0,,38.19,2.83,9.87,ST16_Palembang,Remote Area
SHPM003522,AWB260003522,2026-03-27 01:50:10.664557,2026-03-27 02:04:10.664557,2026-03-27 02:25:10.664557,2026-03-27 05:24:31.408478,2026-03-27 05:57:31.408478,2026-03-27 07:51:31.408478,2026-03-27 12:14:08.811174,2026-03-27 14:15:19.343715,2026-03-27 18:10:46.199116,2026-03-28 03:38:04.107845,2026-03-28 09:20:59.535064,2026-03-30 01:50:10.664557,Delivered,Closed,SHP067,Shipper 067,SME,East Java,ST14_Kediri,HB03_SBY_GATEWAY,Jabodetabek,ST05_Tangerang,HB01_JKT_GATEWAY,Inter-Region,Regular,Prepaid,CR134,Bike,1.63,2.17,2.17,1082366,21765,14137,8,1,0,,33.0,72,1,0,,1,0,,0,,31.51,4.38,3.92,ST05_Tangerang,
SHPM003523,AWB260003523,2026-03-22 01:18:42.352673,2026-03-22 01:58:42.352673,2026-03-22 02:28:42.352673,2026-03-22 05:01:45.312817,2026-03-22 05:53:45.312817,2026-03-22 06:31:45.312817,2026-03-22 11:02:08.942134,2026-03-22 17:03:57.996616,2026-03-23 10:06:00.451922,2026-03-23 18:00:35.520728,2026-03-24 09:30:41.091148,2026-03-25 01:18:42.352673,Delivered,Closed,SHP071,Shipper 071,Enterprise,Jabodetabek,ST04_Bekasi,HB01_JKT_GATEWAY,Outer Java,ST16_Palembang,HB05_SUMATRA_GATEWAY,Inter-Region,Regular,Prepaid,CR040,Bike,0.76,0.81,0.81,1516368,15645,10190,8,1,0,,52.0,72,1,0,,1,0,,0,,56.2,4.51,17.03,ST16_Palembang,
SHPM003524,AWB260003524,2026-02-22 20:42:57.937352,2026-02-22 20:53:57.937352,2026-02-22 21:33:57.937352,2026-02-22 21:59:58.094922,2026-02-22 22:38:58.094922,2026-02-22 23:32:58.094922,2026-02-23 02:28:24.375276,2026-02-23 09:29:34.972487,2026-02-23 13:00:32.506204,2026-02-23 20:54:57.538753,2026-02-23 23:49:15.467985,2026-02-23 12:42:57.937352,Delivered,Closed,SHP080,Shipper 080,SME,Outer Java,ST19_Denpasar,HB06_EASTERN_GATEWAY,East Java,ST14_Kediri,HB03_SBY_GATEWAY,Inter-Region,Same Day,Prepaid,CR174,Bike,1.42,1.28,1.42,783919,33390,29855,2,1,0,,39.0,16,0,0,,1,0,,0,,27.1,2.92,3.52,ST14_Kediri,Last Mile Delay
SHPM003525,AWB260003525,2026-03-10 03:31:55.179717,2026-03-10 04:12:55.179717,2026-03-10 04:21:55.179717,2026-03-10 06:16:38.059071,2026-03-10 06:39:38.059071,2026-03-10 08:10:38.059071,2026-03-10 11:28:25.934819,2026-03-10 20:55:13.402094,2026-03-11 04:29:11.753221,2026-03-11 09:46:25.996385,2026-03-11 13:52:24.001546,2026-03-11 15:31:55.179717,Delivered,Closed,SHP048,Shipper 048,Enterprise,Outer Java,ST17_Makassar,HB06_EASTERN_GATEWAY,Jabodetabek,ST01_JKT_Central,HB01_JKT_GATEWAY,Inter-Region,Next Day,Prepaid,CR158,Van,1.55,2.62,2.62,848792,31790,20985,4,1,0,,23.0,36,1,0,,1,0,,0,,34.34,3.3,7.57,ST01_JKT_Central,
SHPM003526,AWB260003526,2026-03-06 05:06:05.515856,2026-03-06 05:31:05.515856,2026-03-06 05:53:05.515856,2026-03-06 10:44:17.103998,2026-03-06 10:52:17.103998,2026-03-06 11:37:17.103998,2026-03-06 16:45:56.348352,2026-03-07 01:49:11.949774,2026-03-07 08:38:05.994899,2026-03-07 14:44:31.077277,2026-03-07 20:58:18.535669,2026-03-09 05:06:05.515856,Delivered,Closed,SHP029,Shipper 029,SME,Outer Java,ST18_Balikpapan,HB06_EASTERN_GATEWAY,Jabodetabek,ST05_Tangerang,HB01_JKT_GATEWAY,Inter-Region,Regular,COD,CR164,Van,2.49,2.73,2.73,305433,28285,23957,8,1,0,,8.0,72,1,0,,1,0,,0,,39.87,5.14,6.82,ST05_Tangerang,
SHPM003527,AWB260003527,2026-03-04 13:22:08.607142,2026-03-04 14:00:08.607142,2026-03-04 14:44:08.607142,2026-03-04 16:50:53.823764,2026-03-04 17:25:53.823764,2026-03-04 18:30:53.823764,2026-03-04 21:39:54.296623,2026-03-05 04:50:34.223970,2026-03-05 11:29:43.480907,2026-03-06 04:59:17.587754,2026-03-06 10:43:37.798454,2026-03-06 01:22:08.607142,Delivered,Closed,SHP056,Shipper 056,Enterprise,Jabodetabek,ST03_JKT_East,HB01_JKT_GATEWAY,West Java,ST06_Bandung,HB01_JKT_GATEWAY,Inter-Region,Next Day,COD,CR020,Bike,0.47,0.68,0.68,750501,27060,16627,4,1,0,,35.0,36,0,0,,1,0,,0,,45.36,3.15,6.65,ST06_Bandung,Last Mile Delay
SHPM003528,AWB260003528,2026-03-04 04:07:17.601896,2026-03-04 04:49:17.601896,2026-03-04 04:54:17.601896,2026-03-04 07:49:24.219204,2026-03-04 08:31:24.219204,2026-03-04 08:53:24.219204,2026-03-04 14:42:57.111216,2026-03-04 21:43:51.654035,2026-03-05 04:19:32.199819,2026-03-05 20:50:07.801888,2026-03-06 00:38:33.388694,2026-03-05 16:07:17.601896,Delivered,Closed,SHP012,Shipper 012,Marketplace,Outer Java,ST20_Banjarmasin,HB06_EASTERN_GATEWAY,West Java,ST07_Cirebon,HB02_BDG_TRANSIT,Inter-Region,Next Day,Prepaid,CR184,Van,0.46,0.49,0.49,2520982,22205,15373,4,1,0,,42.0,36,0,0,,1,0,,0,,44.52,5.83,6.59,ST07_Cirebon,Last Mile Delay
SHPM003529,AWB260003529,2026-02-20 17:19:00.033536,2026-02-20 17:27:00.033536,2026-02-20 17:50:00.033536,2026-02-20 20:26:05.518473,2026-02-20 20:49:05.518473,2026-02-20 21:51:05.518473,2026-02-21 01:17:35.890515,2026-02-21 10:05:49.425520,2026-02-21 15:58:44.872907,2026-02-22 07:07:47.776756,2026-02-22 15:03:51.814554,2026-02-23 17:19:00.033536,Delivered,Closed,SHP049,Shipper 049,Enterprise,Jabodetabek,ST05_Tangerang,HB01_JKT_GATEWAY,East Java,ST13_Malang,HB03_SBY_GATEWAY,Inter-Region,Regular,COD,CR048,Bike,0.97,0.88,0.97,521816,20365,13400,8,1,0,,23.0,72,1,0,,1,0,,0,,45.75,3.44,5.88,ST13_Malang,
SHPM003530,AWB260003530,2026-03-14 07:05:34.548395,2026-03-14 07:25:34.548395,2026-03-14 07:35:34.548395,2026-03-14 13:38:29.450709,2026-03-14 14:31:29.450709,2026-03-14 14:51:29.450709,2026-03-14 18:00:50.509064,2026-03-14 21:28:59.926079,2026-03-15 02:04:13.450701,2026-03-15 05:40:56.712705,2026-03-16 05:56:50.551006,2026-03-16 07:05:34.548395,Delivered,Closed,SHP051,Shipper 051,Marketplace,Outer Java,ST19_Denpasar,HB06_EASTERN_GATEWAY,Outer Java,ST19_Denpasar,HB06_EASTERN_GATEWAY,Intra-Region,Regular,Prepaid,CR177,Bike,1.49,2.28,2.28,714413,22260,16167,8,1,0,,53.0,48,1,0,,1,0,,0,,46.85,3.16,4.59,ST19_Denpasar,
SHPM003531,AWB260003531,2026-02-16 11:59:30.598391,2026-02-16 12:44:30.598391,2026-02-16 13:08:30.598391,2026-02-16 15:40:34.129523,2026-02-16 16:03:34.129523,2026-02-16 17:29:34.129523,2026-02-16 21:30:54.538727,2026-02-17 07:09:01.798374,2026-02-17 18:30:29.160812,2026-02-18 09:00:31.984083,2026-02-18 13:04:05.571956,2026-02-17 23:59:30.598391,Delivered,Closed,SHP094,Shipper 094,SME,Outer Java,ST15_Medan,HB05_SUMATRA_GATEWAY,East Java,ST14_Kediri,HB03_SBY_GATEWAY,Inter-Region,Next Day,Prepaid,CR141,Bike,1.53,1.66,1.66,833897,27470,21775,4,1,0,,23.0,36,0,0,,1,0,,0,,49.08,4.02,11.36,ST14_Kediri,Hub Bottleneck
SHPM003532,AWB260003532,2026-03-01 17:10:49.221800,2026-03-01 17:25:49.221800,2026-03-01 17:36:49.221800,2026-03-01 20:02:20.383941,2026-03-01 20:18:20.383941,2026-03-01 22:00:20.383941,2026-03-02 00:14:12.216563,2026-03-02 03:22:37.010694,2026-03-02 13:50:36.338555,2026-03-02 16:27:44.334161,2026-03-03 00:59:05.269922,2026-03-03 17:10:49.221800,Delivered,Closed,SHP035,Shipper 035,Enterprise,Jabodetabek,ST04_Bekasi,HB01_JKT_GATEWAY,Jabodetabek,ST04_Bekasi,HB01_JKT_GATEWAY,Intra-Region,Regular,Prepaid,CR041,Bike,2.25,3.21,3.21,314984,26445,17525,8,1,0,,16.0,48,1,0,,1,0,,0,,31.8,2.23,10.47,ST04_Bekasi,
SHPM003533,AWB260003533,2026-02-19 00:42:45.164272,2026-02-19 01:12:45.164272,2026-02-19 01:48:45.164272,2026-02-19 02:25:42.705734,2026-02-19 02:55:42.705734,2026-02-19 04:13:42.705734,2026-02-19 10:11:50.665771,2026-02-19 15:30:32.540743,2026-02-20 00:59:21.559821,2026-02-20 11:46:52.181031,2026-02-20 13:47:24.714909,2026-02-19 16:42:45.164272,Delivered,Closed,SHP039,Shipper 039,Marketplace,Central Java,ST10_Solo,HB04_CTG_NATIONAL,Jabodetabek,ST01_JKT_Central,HB01_JKT_GATEWAY,Inter-Region,Same Day,Prepaid,CR099,Bike,1.43,1.47,1.47,2717443,33615,30254,2,1,0,,30.0,16,0,0,,1,0,,0,,37.08,5.97,9.48,ST01_JKT_Central,Last Mile Delay
SHPM003534,AWB260003534,2026-03-15 13:42:07.372250,2026-03-15 14:00:07.372250,2026-03-15 14:24:07.372250,2026-03-15 19:29:20.754507,2026-03-15 20:25:20.754507,2026-03-15 22:22:20.754507,2026-03-16 01:54:37.375783,2026-03-16 06:02:14.804960,2026-03-16 08:38:24.898539,2026-03-16 15:48:13.094779,2026-03-16 21:47:27.049353,2026-03-18 13:42:07.372250,Delivered,Closed,SHP047,Shipper 047,Marketplace,Central Java,ST10_Solo,HB04_CTG_NATIONAL,Jabodetabek,ST02_JKT_West,HB01_JKT_GATEWAY,Inter-Region,Regular,Prepaid,CR098,Van,1.09,1.15,1.15,458312,17175,15280,8,1,0,,56.0,72,1,0,,1,0,,0,,32.09,3.54,2.6,ST02_JKT_West,
SHPM003535,AWB260003535,2026-02-24 01:48:18.144160,2026-02-24 02:26:18.144160,2026-02-24 02:52:18.144160,2026-02-24 09:25:47.150416,2026-02-24 09:52:47.150416,2026-02-24 10:25:47.150416,2026-02-24 14:55:47.401873,2026-02-24 17:24:25.289180,2026-02-25 05:03:48.446059,2026-02-25 14:29:08.017861,2026-02-26 02:39:03.423327,2026-02-27 01:48:18.144160,Delivered,Closed,SHP005,Shipper 005,Enterprise,Central Java,ST09_Semarang,HB04_CTG_NATIONAL,West Java,ST07_Cirebon,HB02_BDG_TRANSIT,Inter-Region,Regular,COD,CR089,Van,1.99,1.85,1.99,466059,24955,18994,8,1,0,,27.0,72,1,0,,1,0,,0,,48.85,4.5,11.66,ST07_Cirebon,
SHPM003536,AWB260003536,2026-03-23 23:22:44.946199,2026-03-24 00:04:44.946199,2026-03-24 00:43:44.946199,2026-03-24 04:37:19.627238,2026-03-24 05:00:19.627238,2026-03-24 06:55:19.627238,2026-03-24 12:49:06.476592,2026-03-24 14:06:09.831051,2026-03-25 01:26:34.620879,2026-03-25 09:02:32.731254,2026-03-25 16:00:28.100752,2026-03-24 23:22:44.946199,Delivered,Closed,SHP044,Shipper 044,Marketplace,Jabodetabek,ST05_Tangerang,HB01_JKT_GATEWAY,Jabodetabek,ST03_JKT_East,HB01_JKT_GATEWAY,Intra-Region,Next Day,Prepaid,CR045,Bike,2.26,2.44,2.44,722376,30980,19592,4,0,0,,23.0,24,0,0,,1,0,,0,,40.63,5.9,11.34,ST03_JKT_East,First Mile Delay
SHPM003537,AWB260003537,2026-03-06 06:17:05.800331,2026-03-06 06:28:05.800331,2026-03-06 06:44:05.800331,2026-03-06 11:10:28.343268,2026-03-06 12:24:28.343268,2026-03-06 13:44:28.343268,2026-03-06 18:30:15.464971,2026-03-06 20:23:18.183175,2026-03-07 03:52:57.202164,2026-03-07 10:28:23.961579,2026-03-07 19:16:44.420009,2026-03-07 06:17:05.800331,Delivered,Closed,SHP011,Shipper 011,Enterprise,Jabodetabek,ST03_JKT_East,HB01_JKT_GATEWAY,Jabodetabek,ST01_JKT_Central,HB01_JKT_GATEWAY,Intra-Region,Next Day,Prepaid,CR027,Van,0.96,1.28,1.28,2227027,25760,21946,4,0,0,,74.0,24,0,0,,1,0,,0,,36.99,4.76,7.49,ST01_JKT_Central,First Mile Delay
SHPM003538,AWB260003538,2026-03-01 14:21:59.185479,2026-03-01 14:27:59.185479,2026-03-01 14:40:59.185479,2026-03-01 16:16:41.119152,2026-03-01 16:51:41.119152,2026-03-01 17:44:41.119152,2026-03-01 20:55:50.892493,2026-03-02 02:04:53.465983,2026-03-02 11:18:41.718252,2026-03-02 16:54:17.939677,2026-03-02 21:45:28.621549,2026-03-03 02:21:59.185479,Delivered,Closed,SHP062,Shipper 062,Enterprise,Jabodetabek,ST03_JKT_East,HB01_JKT_GATEWAY,East Java,ST14_Kediri,HB03_SBY_GATEWAY,Inter-Region,Next Day,Prepaid,CR025,Bike,0.87,0.91,0.91,809567,24095,18772,4,1,0,,35.0,36,1,0,,1,0,,0,,31.39,3.19,9.23,ST14_Kediri,
SHPM003539,AWB260003539,2026-02-21 22:18:10.904995,2026-02-21 22:47:10.904995,2026-02-21 23:06:10.904995,2026-02-21 23:42:47.077908,2026-02-22 00:51:47.077908,2026-02-22 02:43:47.077908,2026-02-22 05:44:50.931751,2026-02-22 12:00:46.048072,2026-02-22 17:13:50.882038,2026-02-23 10:28:19.071280,2026-02-23 14:11:53.768858,2026-02-22 14:18:10.904995,Delivered,Closed,SHP089,Shipper 089,Enterprise,Central Java,ST09_Semarang,HB04_CTG_NATIONAL,East Java,ST14_Kediri,HB03_SBY_GATEWAY,Inter-Region,Same Day,Prepaid,CR085,Van,2.19,2.11,2.19,269693,36855,24484,2,1,0,,69.0,16,0,0,,1,0,,0,,39.9,3.02,5.22,ST14_Kediri,Last Mile Delay
SHPM003540,AWB260003540,2026-02-27 15:56:08.310496,2026-02-27 16:03:08.310496,2026-02-27 16:57:08.310496,2026-02-27 23:21:17.478004,2026-02-28 00:49:17.478004,2026-02-28 02:18:17.478004,2026-02-28 08:37:40.859287,2026-02-28 12:52:31.284755,2026-02-28 18:34:43.816149,2026-02-28 20:06:57.015301,2026-03-01 06:53:40.622019,2026-03-01 15:56:08.310496,Delivered,Closed,SHP025,Shipper 025,Marketplace,East Java,ST12_Surabaya,HB03_SBY_GATEWAY,East Java,ST14_Kediri,HB03_SBY_GATEWAY,Intra-Region,Regular,Prepaid,CR109,Bike,1.89,1.89,1.89,1904740,20505,18029,8,1,0,,88.0,48,1,0,,1,0,,0,,38.96,6.32,5.7,ST14_Kediri,
SHPM003541,AWB260003541,2026-03-06 00:49:44.937172,2026-03-06 01:09:44.937172,2026-03-06 01:32:44.937172,2026-03-06 02:18:47.067026,2026-03-06 02:57:47.067026,2026-03-06 03:31:47.067026,2026-03-06 06:50:50.901807,2026-03-06 12:06:56.359197,2026-03-06 15:57:49.741246,2026-03-07 07:01:51.823489,2026-03-07 15:10:07.201814,2026-03-06 16:49:44.937172,Delivered,Closed,SHP083,Shipper 083,Marketplace,Jabodetabek,ST05_Tangerang,HB01_JKT_GATEWAY,Outer Java,ST17_Makassar,HB06_EASTERN_GATEWAY,Inter-Region,Same Day,Prepaid,CR054,Van,0.86,1.4,1.4,633439,33300,30689,2,1,0,,39.0,16,0,0,,1,0,,0,,38.34,3.32,3.85,ST17_Makassar,Remote Area
SHPM003542,AWB260003542,2026-03-18 20:23:46.815535,2026-03-18 20:44:46.815535,2026-03-18 21:28:46.815535,2026-03-18 23:54:18.235101,2026-03-19 00:02:18.235101,2026-03-19 01:32:18.235101,2026-03-19 06:40:41.557757,2026-03-19 14:59:59.836183,2026-03-20 01:27:31.449269,2026-03-20 08:46:02.739298,2026-03-20 21:23:52.955659,2026-03-21 20:23:46.815535,Delivered,Closed,SHP088,Shipper 088,SME,Outer Java,ST19_Denpasar,HB06_EASTERN_GATEWAY,Jabodetabek,ST04_Bekasi,HB01_JKT_GATEWAY,Inter-Region,Regular,Prepaid,CR179,Truck,1.33,1.45,1.45,318440,18525,11405,8,1,0,,8.0,72,1,0,,1,0,,0,,49.0,5.14,10.46,ST04_Bekasi,
SHPM003543,AWB260003543,2026-03-26 21:54:08.121119,2026-03-26 22:38:08.121119,2026-03-26 23:09:08.121119,2026-03-27 04:51:56.824179,2026-03-27 05:28:56.824179,2026-03-27 05:44:56.824179,2026-03-27 09:35:42.547017,2026-03-27 13:30:00.165463,2026-03-27 21:14:47.842567,2026-03-28 07:53:44.904082,2026-03-28 14:48:54.982175,2026-03-29 21:54:08.121119,Delivered,Closed,SHP083,Shipper 083,Marketplace,Jabodetabek,ST03_JKT_East,HB01_JKT_GATEWAY,Outer Java,ST19_Denpasar,HB06_EASTERN_GATEWAY,Inter-Region,Regular,Prepaid,CR028,Bike,2.26,2.3,2.3,1486598,22350,20737,8,1,0,,37.0,72,1,0,,1,0,,0,,40.91,3.85,7.75,ST19_Denpasar,
SHPM003544,AWB260003544,2026-03-29 06:22:25.277267,2026-03-29 06:53:25.277267,2026-03-29 07:17:25.277267,2026-03-29 12:57:35.377565,2026-03-29 13:28:35.377565,2026-03-29 14:57:35.377565,2026-03-29 19:47:08.753468,2026-03-29 23:42:01.478999,2026-03-30 10:11:11.294330,2026-03-30 21:07:27.646286,2026-03-31 07:20:40.845173,2026-04-01 06:22:25.277267,Delivered,Closed,SHP076,Shipper 076,Enterprise,West Java,ST06_Bandung,HB01_JKT_GATEWAY,Jabodetabek,ST01_JKT_Central,HB01_JKT_GATEWAY,Inter-Region,Regular,Prepaid,CR063,Bike,6.07,5.7,6.07,458601,39315,35128,8,1,0,,31.0,72,1,0,,1,0,,0,,48.97,4.83,10.49,ST01_JKT_Central,
SHPM003545,AWB260003545,2026-03-15 11:11:25.038115,2026-03-15 11:46:25.038115,2026-03-15 12:09:25.038115,2026-03-15 13:29:33.710630,2026-03-15 13:49:33.710630,2026-03-15 14:10:33.710630,2026-03-15 19:37:15.481295,2026-03-16 03:09:49.465118,2026-03-16 17:45:09.004318,2026-03-16 23:35:05.703165,2026-03-17 16:29:19.915499,2026-03-16 23:11:25.038115,Delivered,Closed,SHP030,Shipper 030,Enterprise,Jabodetabek,ST05_Tangerang,HB01_JKT_GATEWAY,Outer Java,ST18_Balikpapan,HB06_EASTERN_GATEWAY,Inter-Region,Next Day,COD,CR046,Bike,1.3,1.79,1.79,2861551,32055,19273,4,1,0,,20.0,36,0,0,,1,0,,0,,53.3,5.44,14.59,ST18_Balikpapan,Hub Bottleneck
SHPM003546,AWB260003546,2026-03-15 19:46:17.188206,2026-03-15 20:16:17.188206,2026-03-15 20:57:17.188206,2026-03-16 05:05:23.690664,2026-03-16 06:08:23.690664,2026-03-16 07:38:23.690664,2026-03-16 08:45:37.120450,2026-03-16 13:08:34.740484,2026-03-17 07:38:34.130937,2026-03-17 16:41:17.158524,,2026-03-18 19:46:17.188206,Delivery Exception,Exception,SHP016,Shipper 016,Marketplace,Jabodetabek,ST01_JKT_Central,HB01_JKT_GATEWAY,Outer Java,ST19_Denpasar,HB06_EASTERN_GATEWAY,Inter-Region,Regular,Prepaid,CR005,Van,1.12,1.6,1.6,1759459,19200,13937,8,0,0,,63.0,72,0,1,Customer Not Home,2,0,,0,,520.23,1.12,18.5,ST19_Denpasar,Hub Bottleneck
SHPM003547,AWB260003547,2026-03-04 15:48:34.683443,2026-03-04 16:13:34.683443,2026-03-04 17:20:34.683443,2026-03-05 01:16:42.685920,2026-03-05 02:41:42.685920,2026-03-05 03:26:42.685920,2026-03-05 05:35:22.792801,2026-03-05 10:39:24.272885,2026-03-06 05:41:49.106682,2026-03-06 14:26:15.427240,2026-03-07 05:58:21.231136,2026-03-07 15:48:34.683443,Delivered,Closed,SHP010,Shipper 010,Enterprise,East Java,ST12_Surabaya,HB03_SBY_GATEWAY,West Java,ST07_Cirebon,HB02_BDG_TRANSIT,Inter-Region,Regular,Prepaid,CR110,Bike,1.11,1.2,1.2,659440,17400,14261,8,0,0,,85.0,72,1,0,,1,0,,0,,62.16,2.14,19.04,ST07_Cirebon,
SHPM003548,AWB260003548,2026-02-22 12:07:57.025648,2026-02-22 12:37:57.025648,2026-02-22 13:08:57.025648,2026-02-22 13:51:53.444506,2026-02-22 14:36:53.444506,2026-02-22 15:11:53.444506,2026-02-22 18:10:02.720592,2026-02-23 03:38:11.767585,2026-02-23 10:13:24.998173,2026-02-23 19:33:02.968758,2026-02-23 23:45:39.058060,2026-02-23 04:07:57.025648,Delivered,Closed,SHP085,Shipper 085,Marketplace,Central Java,ST11_Yogyakarta,HB04_CTG_NATIONAL,Outer Java,ST17_Makassar,HB06_EASTERN_GATEWAY,Inter-Region,Same Day,Prepaid,CR103,Bike,2.53,2.46,2.53,1580650,38385,32952,2,1,0,,45.0,16,0,0,,1,0,,0,,35.63,2.97,6.59,ST17_Makassar,Remote Area
SHPM003549,AWB260003549,2026-02-22 19:40:53.157336,2026-02-22 20:22:53.157336,2026-02-22 20:54:53.157336,2026-02-22 22:39:02.874199,2026-02-22 22:55:02.874199,2026-02-22 23:21:02.874199,2026-02-23 01:40:32.071378,2026-02-23 09:04:00.453926,2026-02-23 13:13:51.084283,2026-02-23 20:44:29.617998,2026-02-23 21:38:22.262071,2026-02-23 11:40:53.157336,Delivered,Closed,SHP031,Shipper 031,SME,East Java,ST13_Malang,HB03_SBY_GATEWAY,Jabodetabek,ST05_Tangerang,HB01_JKT_GATEWAY,Inter-Region,Same Day,Prepaid,CR118,Van,2.09,2.22,2.22,1984632,36990,30617,2,0,0,,16.0,16,0,0,,1,0,,0,,25.96,2.32,4.16,ST05_Tangerang,First Mile Delay
SHPM003550,AWB260003550,2026-03-19 23:28:09.665687,2026-03-20 00:01:09.665687,2026-03-20 00:44:09.665687,2026-03-20 05:09:08.829598,2026-03-20 05:42:08.829598,2026-03-20 07:00:08.829598,2026-03-20 08:46:57.708523,2026-03-20 12:16:24.696703,2026-03-21 03:58:02.845916,2026-03-21 16:29:23.887280,2026-03-22 03:44:17.269372,2026-03-22 23:28:09.665687,Delivered,Closed,SHP084,Shipper 084,Enterprise,Central Java,ST11_Yogyakarta,HB04_CTG_NATIONAL,Outer Java,ST18_Balikpapan,HB06_EASTERN_GATEWAY,Inter-Region,Regular,Prepaid,CR105,Bike,0.7,0.64,0.7,191982,15150,11152,8,1,0,,33.0,72,1,0,,1,0,,0,,52.27,1.78,15.69,ST18_Balikpapan,
SHPM003551,AWB260003551,2026-03-13 14:43:10.830488,2026-03-13 15:28:10.830488,2026-03-13 16:09:10.830488,2026-03-13 22:33:13.625637,2026-03-13 23:04:13.625637,2026-03-14 00:18:13.625637,2026-03-14 02:35:33.942110,2026-03-14 10:00:49.822211,2026-03-15 11:24:07.704657,2026-03-15 22:05:30.915144,2026-03-16 08:53:11.606209,2026-03-16 14:43:10.830488,Delivered,Closed,SHP020,Shipper 020,SME,East Java,ST14_Kediri,HB03_SBY_GATEWAY,Jabodetabek,ST01_JKT_Central,HB01_JKT_GATEWAY,Inter-Region,Regular,Prepaid,CR135,Bike,2.13,3.53,3.53,950404,27885,15634,8,1,0,,31.0,72,1,0,,1,0,,0,,66.17,2.29,25.39,ST01_JKT_Central,
SHPM003552,AWB260003552,2026-02-23 16:59:52.521797,2026-02-23 17:09:52.521797,2026-02-23 17:47:52.521797,2026-02-23 21:33:58.987612,2026-02-23 22:15:58.987612,2026-02-23 23:15:58.987612,2026-02-24 00:23:15.908604,2026-02-24 05:55:58.426666,2026-02-24 11:33:18.964279,2026-02-24 22:03:05.417142,2026-02-25 13:01:36.761458,2026-02-25 04:59:52.521797,Delivered,Closed,SHP023,Shipper 023,Enterprise,West Java,ST08_Bogor,HB01_JKT_GATEWAY,Outer Java,ST18_Balikpapan,HB06_EASTERN_GATEWAY,Inter-Region,Next Day,Prepaid,CR079,Bike,1.07,1.0,1.07,872089,24815,15146,4,0,0,,42.0,36,0,0,,1,0,,0,,44.03,1.12,5.62,ST18_Balikpapan,First Mile Delay
SHPM003553,AWB260003553,2026-02-18 14:08:10.238764,2026-02-18 14:39:10.238764,2026-02-18 15:10:10.238764,2026-02-18 16:44:36.280445,2026-02-18 17:28:36.280445,2026-02-18 19:26:36.280445,2026-02-18 20:59:25.726082,2026-02-19 04:15:01.472160,2026-02-19 08:55:42.984256,2026-02-19 22:54:09.395156,2026-02-20 15:52:12.223608,2026-02-21 14:08:10.238764,Delivered,Closed,SHP026,Shipper 026,Marketplace,Outer Java,ST18_Balikpapan,HB06_EASTERN_GATEWAY,East Java,ST14_Kediri,HB03_SBY_GATEWAY,Inter-Region,Regular,Prepaid,CR166,Van,1.53,1.64,1.64,910029,19380,15792,8,1,0,,44.0,72,1,0,,1,0,,0,,49.73,1.55,4.68,ST14_Kediri,
SHPM003554,AWB260003554,2026-03-18 17:15:13.031312,2026-03-18 17:27:13.031312,2026-03-18 17:58:13.031312,2026-03-19 00:50:48.467215,2026-03-19 01:28:48.467215,2026-03-19 02:03:48.467215,2026-03-19 04:32:43.644648,2026-03-19 10:37:38.463224,2026-03-19 19:44:44.952635,2026-03-20 11:12:56.354083,2026-03-21 03:19:22.953650,2026-03-21 17:15:13.031312,Delivered,Closed,SHP059,Shipper 059,Marketplace,Jabodetabek,ST02_JKT_West,HB01_JKT_GATEWAY,West Java,ST07_Cirebon,HB02_BDG_TRANSIT,Inter-Region,Regular,COD,CR012,Bike,2.4,2.56,2.56,1589400,27520,16969,8,1,0,,38.0,72,1,0,,1,0,,0,,58.07,2.48,9.12,ST07_Cirebon,
SHPM003555,AWB260003555,2026-03-03 17:44:47.664548,2026-03-03 18:13:47.664548,2026-03-03 18:31:47.664548,2026-03-03 19:38:35.632502,2026-03-03 20:43:35.632502,2026-03-03 21:19:35.632502,2026-03-04 01:05:22.739535,2026-03-04 05:45:47.961733,2026-03-04 17:16:26.422682,2026-03-05 08:53:24.480632,2026-03-05 12:27:56.997307,2026-03-04 09:44:47.664548,Delivered,Closed,SHP084,Shipper 084,Enterprise,Central Java,ST11_Yogyakarta,HB04_CTG_NATIONAL,Jabodetabek,ST03_JKT_East,HB01_JKT_GATEWAY,Inter-Region,Same Day,Prepaid,CR100,Van,2.94,3.9,3.9,472906,44550,41834,2,1,0,,65.0,16,0,0,,1,0,,0,,42.72,3.76,11.51,ST03_JKT_East,Hub Bottleneck
SHPM003556,AWB260003556,2026-03-23 11:39:24.821313,2026-03-23 11:46:24.821313,2026-03-23 13:06:24.821313,2026-03-23 17:09:43.623713,2026-03-23 18:12:43.623713,2026-03-23 19:06:43.623713,2026-03-24 03:40:22.671049,2026-03-24 07:38:32.954777,2026-03-25 05:40:42.189739,2026-03-25 21:53:59.925461,2026-03-26 10:27:28.581126,2026-03-24 23:39:24.821313,Delivered,Closed,SHP010,Shipper 010,Enterprise,East Java,ST12_Surabaya,HB03_SBY_GATEWAY,Outer Java,ST16_Palembang,HB05_SUMATRA_GATEWAY,Inter-Region,Next Day,Prepaid,CR112,Van,1.28,1.29,1.29,182396,25805,14452,4,0,0,,63.0,36,0,0,,1,0,,0,,70.8,8.56,22.04,ST16_Palembang,First Mile Delay
SHPM003557,AWB260003557,2026-03-08 16:43:00.286459,2026-03-08 17:21:00.286459,2026-03-08 17:52:00.286459,,,,,,,,,2026-03-11 16:43:00.286459,Failed Pickup,Exception,SHP100,Shipper 100,Marketplace,Central Java,ST11_Yogyakarta,HB04_CTG_NATIONAL,Outer Java,ST18_Balikpapan,HB06_EASTERN_GATEWAY,Inter-Region,Regular,Prepaid,CR103,Van,1.28,1.36,1.36,1812554,18120,10950,8,0,1,Capacity Full,,72,0,0,,0,0,,0,,691.28,,,ST11_Yogyakarta,
SHPM003558,AWB260003558,2026-03-02 02:55:27.446734,2026-03-02 03:23:27.446734,2026-03-02 03:56:27.446734,2026-03-02 06:50:22.483076,2026-03-02 07:39:22.483076,2026-03-02 09:37:22.483076,2026-03-02 12:01:53.626209,2026-03-02 21:50:36.556686,2026-03-03 02:55:39.766752,2026-03-03 15:29:25.431654,2026-03-04 02:25:32.935393,2026-03-05 02:55:27.446734,Delivered,Closed,SHP098,Shipper 098,Marketplace,Outer Java,ST17_Makassar,HB06_EASTERN_GATEWAY,East Java,ST13_Malang,HB03_SBY_GATEWAY,Inter-Region,Regular,Prepaid,CR161,Truck,1.32,1.42,1.42,451484,18390,16462,8,1,0,,49.0,72,1,0,,1,0,,0,,47.5,2.41,5.08,ST13_Malang,
SHPM003559,AWB260003559,2026-03-30 00:42:08.259965,2026-03-30 01:20:08.259965,2026-03-30 01:53:08.259965,2026-03-30 09:00:47.343426,2026-03-30 09:31:47.343426,2026-03-30 10:02:47.343426,2026-03-30 14:38:22.513381,2026-03-30 22:31:33.946835,2026-03-31 01:28:49.517973,2026-03-31 12:55:28.373438,2026-03-31 18:32:32.959603,2026-04-02 00:42:08.259965,Delivered,Closed,SHP029,Shipper 029,SME,Outer Java,ST18_Balikpapan,HB06_EASTERN_GATEWAY,East Java,ST13_Malang,HB03_SBY_GATEWAY,Inter-Region,Regular,Prepaid,CR169,Van,0.8,1.01,1.01,811902,16545,11981,8,1,0,,31.0,72,1,0,,1,0,,0,,41.84,4.59,2.95,ST13_Malang,
SHPM003560,AWB260003560,2026-02-26 02:44:46.956084,2026-02-26 03:11:46.956084,2026-02-26 03:32:46.956084,2026-02-26 08:10:02.391491,2026-02-26 08:41:02.391491,2026-02-26 10:17:02.391491,2026-02-26 13:35:06.520556,2026-02-26 23:08:53.493550,2026-02-27 08:54:12.521061,2026-02-27 21:02:53.383231,2026-02-28 03:27:18.287398,2026-03-01 02:44:46.956084,Delivered,Closed,SHP007,Shipper 007,SME,Jabodetabek,ST05_Tangerang,HB01_JKT_GATEWAY,West Java,ST08_Bogor,HB01_JKT_GATEWAY,Inter-Region,Regular,COD,CR048,Van,1.96,1.96,1.96,267448,24820,22688,8,1,0,,31.0,72,1,0,,1,0,,0,,48.71,3.3,9.76,ST08_Bogor,
SHPM003561,AWB260003561,2026-02-17 04:58:37.959909,2026-02-17 05:37:37.959909,2026-02-17 05:55:37.959909,2026-02-17 13:00:36.383134,2026-02-17 13:24:36.383134,2026-02-17 15:06:36.383134,2026-02-17 18:33:29.368352,2026-02-18 00:05:50.828685,2026-02-18 02:53:49.023054,2026-02-18 18:49:53.558697,2026-02-19 11:22:51.312545,2026-02-20 04:58:37.959909,Delivered,Closed,SHP011,Shipper 011,Enterprise,Jabodetabek,ST03_JKT_East,HB01_JKT_GATEWAY,West Java,ST06_Bandung,HB01_JKT_GATEWAY,Inter-Region,Regular,COD,CR028,Bike,2.43,3.67,3.67,672666,32515,28385,8,1,0,,24.0,72,1,0,,1,0,,0,,54.4,3.45,2.8,ST06_Bandung,
SHPM003562,AWB260003562,2026-03-29 19:29:58.634093,2026-03-29 20:14:58.634093,2026-03-29 20:30:58.634093,2026-03-29 21:22:43.467610,2026-03-29 21:41:43.467610,2026-03-29 22:39:43.467610,2026-03-30 00:01:16.824148,2026-03-30 06:15:27.005696,2026-03-30 13:37:39.769917,2026-03-31 00:21:26.658435,2026-03-31 04:53:03.716658,2026-03-30 11:29:58.634093,Delivered,Closed,SHP093,Shipper 093,SME,East Java,ST13_Malang,HB03_SBY_GATEWAY,Central Java,ST11_Yogyakarta,HB04_CTG_NATIONAL,Inter-Region,Same Day,COD,CR117,Van,1.29,1.25,1.29,283407,36805,34753,2,1,0,,19.0,16,0,0,,1,0,,0,,33.38,1.36,7.37,ST11_Yogyakarta,Last Mile Delay
SHPM003563,AWB260003563,2026-03-30 16:00:38.266342,2026-03-30 16:40:38.266342,2026-03-30 17:13:38.266342,2026-03-30 21:37:22.294481,2026-03-30 21:55:22.294481,2026-03-30 23:21:22.294481,2026-03-31 00:41:23.348448,2026-03-31 10:24:59.088356,2026-03-31 15:14:07.215983,2026-04-01 09:05:49.845620,2026-04-02 01:55:32.020072,2026-04-02 16:00:38.266342,Delivered,Closed,SHP075,Shipper 075,Marketplace,Outer Java,ST16_Palembang,HB05_SUMATRA_GATEWAY,Jabodetabek,ST03_JKT_East,HB01_JKT_GATEWAY,Inter-Region,Regular,COD,CR146,Van,4.27,4.36,4.36,894766,35620,31567,8,1,0,,18.0,72,1,0,,1,0,,0,,57.91,1.33,4.82,ST03_JKT_East,
SHPM003564,AWB260003564,2026-03-15 13:27:02.381025,2026-03-15 14:07:02.381025,2026-03-15 14:18:02.381025,2026-03-15 17:20:30.315835,2026-03-15 18:10:30.315835,2026-03-15 19:53:30.315835,2026-03-15 23:17:31.804587,2026-03-16 06:49:37.675324,2026-03-16 15:14:17.363434,2026-03-16 23:35:18.488698,2026-03-17 06:04:02.029972,2026-03-17 01:27:02.381025,Delivered,Closed,SHP089,Shipper 089,Enterprise,Central Java,ST09_Semarang,HB04_CTG_NATIONAL,East Java,ST13_Malang,HB03_SBY_GATEWAY,Inter-Region,Next Day,Prepaid,CR083,Bike,0.67,0.86,0.86,1401896,23870,21258,4,1,0,,50.0,36,0,0,,1,0,,0,,40.62,3.4,8.41,ST13_Malang,Last Mile Delay
SHPM003565,AWB260003565,2026-03-05 12:31:46.597994,2026-03-05 13:05:46.597994,2026-03-05 13:35:46.597994,2026-03-05 20:22:00.133798,2026-03-05 20:50:00.133798,2026-03-05 21:40:00.133798,2026-03-06 02:00:25.171244,2026-03-06 09:31:01.743443,2026-03-07 02:46:57.357671,2026-03-07 18:43:19.089100,2026-03-08 06:49:38.817732,2026-03-08 12:31:46.597994,Delivered,Closed,SHP053,Shipper 053,Marketplace,Jabodetabek,ST05_Tangerang,HB01_JKT_GATEWAY,Outer Java,ST17_Makassar,HB06_EASTERN_GATEWAY,Inter-Region,Regular,Prepaid,CR048,Van,0.49,0.52,0.52,127686,14340,10241,8,1,0,,28.0,72,1,0,,1,0,,0,,66.3,4.34,17.27,ST17_Makassar,
SHPM003566,AWB260003566,2026-02-22 15:53:24.414419,2026-02-22 16:37:24.414419,2026-02-22 17:04:24.414419,2026-02-22 18:10:12.402550,2026-02-22 18:43:12.402550,2026-02-22 20:33:12.402550,2026-02-22 23:51:30.743746,2026-02-23 06:49:33.493504,2026-02-23 13:37:24.090216,2026-02-23 22:45:18.064562,2026-02-24 08:09:31.850387,2026-02-24 03:53:24.414419,Delivered,Closed,SHP050,Shipper 050,Marketplace,Jabodetabek,ST04_Bekasi,HB01_JKT_GATEWAY,East Java,ST14_Kediri,HB03_SBY_GATEWAY,Inter-Region,Next Day,COD,CR040,Bike,1.83,3.05,3.05,691625,37725,28179,4,1,0,,33.0,36,0,0,,1,0,,0,,40.27,3.31,6.8,ST14_Kediri,Last Mile Delay
SHPM003567,AWB260003567,2026-03-05 19:16:03.954352,2026-03-05 19:30:03.954352,2026-03-05 19:50:03.954352,2026-03-06 00:32:29.026501,2026-03-06 00:58:29.026501,2026-03-06 02:38:29.026501,2026-03-06 05:13:46.012278,2026-03-06 11:20:45.321046,2026-03-06 15:10:09.947780,2026-03-07 03:15:44.236990,2026-03-07 08:43:32.168087,2026-03-08 19:16:03.954352,Delivered,Closed,SHP084,Shipper 084,Enterprise,Central Java,ST11_Yogyakarta,HB04_CTG_NATIONAL,Jabodetabek,ST03_JKT_East,HB01_JKT_GATEWAY,Inter-Region,Regular,COD,CR106,Bike,0.89,0.93,0.93,1144355,20185,14213,8,1,0,,26.0,72,1,0,,1,0,,0,,37.46,2.59,3.82,ST03_JKT_East,
SHPM003568,AWB260003568,2026-03-15 01:58:07.088562,2026-03-15 02:21:07.088562,2026-03-15 02:33:07.088562,2026-03-15 08:32:52.840238,2026-03-15 08:59:52.840238,2026-03-15 10:51:52.840238,2026-03-15 15:59:23.662531,2026-03-16 00:44:31.804651,2026-03-16 03:07:56.883970,2026-03-16 12:59:26.720304,2026-03-16 19:25:37.339496,2026-03-18 01:58:07.088562,Delivered,Closed,SHP077,Shipper 077,Marketplace,Outer Java,ST19_Denpasar,HB06_EASTERN_GATEWAY,Central Java,ST11_Yogyakarta,HB04_CTG_NATIONAL,Inter-Region,Regular,COD,CR177,Bike,1.85,1.74,1.85,628470,24325,20007,8,1,0,,27.0,72,1,0,,1,0,,0,,41.46,5.13,2.39,ST11_Yogyakarta,
SHPM003569,AWB260003569,2026-04-01 04:00:46.811996,2026-04-01 04:35:46.811996,2026-04-01 04:47:46.811996,2026-04-01 07:44:22.153870,2026-04-01 08:40:22.153870,2026-04-01 10:16:22.153870,2026-04-01 13:34:59.790689,2026-04-01 15:48:06.630624,2026-04-01 20:39:00.815993,2026-04-02 11:05:26.567933,,2026-04-02 16:00:46.811996,Delivery Exception,Exception,SHP023,Shipper 023,Enterprise,West Java,ST08_Bogor,HB01_JKT_GATEWAY,Outer Java,ST16_Palembang,HB05_SUMATRA_GATEWAY,Inter-Region,Next Day,Prepaid,CR076,Van,1.41,1.78,1.78,989091,28010,26602,4,1,0,,56.0,36,0,1,Customer Not Home,3,0,,0,,127.99,3.31,4.85,ST16_Palembang,Delivery Exception
SHPM003570,AWB260003570,2026-03-08 20:44:38.044102,2026-03-08 21:17:38.044102,2026-03-08 21:40:38.044102,2026-03-09 00:57:12.967186,2026-03-09 01:27:12.967186,2026-03-09 02:42:12.967186,2026-03-09 07:08:53.273540,2026-03-09 09:46:44.424789,2026-03-09 11:43:34.678793,2026-03-09 19:29:32.111218,2026-03-10 01:22:09.101686,2026-03-09 20:44:38.044102,Delivered,Closed,SHP035,Shipper 035,Enterprise,Jabodetabek,ST01_JKT_Central,HB01_JKT_GATEWAY,Jabodetabek,ST04_Bekasi,HB01_JKT_GATEWAY,Intra-Region,Next Day,Prepaid,CR010,Van,0.33,0.36,0.36,474277,21620,15129,4,1,0,,30.0,24,0,0,,1,0,,0,,28.63,4.44,1.95,ST04_Bekasi,Last Mile Delay
SHPM003571,AWB260003571,2026-02-26 00:44:09.504513,2026-02-26 00:55:09.504513,2026-02-26 01:13:09.504513,2026-02-26 03:08:13.745847,2026-02-26 03:16:13.745847,2026-02-26 03:49:13.745847,2026-02-26 05:56:43.494029,2026-02-26 11:58:27.502191,2026-02-26 17:32:25.333231,2026-02-27 01:38:35.626656,2026-02-27 08:29:41.315927,2026-02-27 12:44:09.504513,Delivered,Closed,SHP094,Shipper 094,SME,Outer Java,ST15_Medan,HB05_SUMATRA_GATEWAY,Jabodetabek,ST04_Bekasi,HB01_JKT_GATEWAY,Inter-Region,Next Day,Prepaid,CR141,Van,0.58,0.61,0.61,388402,22745,20789,4,1,0,,8.0,36,1,0,,1,0,,0,,31.76,2.12,5.57,ST04_Bekasi,
SHPM003572,AWB260003572,2026-03-05 22:51:23.111705,2026-03-05 23:16:23.111705,2026-03-05 23:43:23.111705,2026-03-06 04:33:02.721734,2026-03-06 05:44:02.721734,2026-03-06 07:02:02.721734,2026-03-06 09:08:52.357594,2026-03-06 14:56:56.743384,2026-03-07 06:54:24.489200,2026-03-07 19:40:33.390525,2026-03-09 00:49:39.668861,2026-03-08 22:51:23.111705,Delivered,Closed,SHP031,Shipper 031,SME,East Java,ST13_Malang,HB03_SBY_GATEWAY,Outer Java,ST17_Makassar,HB06_EASTERN_GATEWAY,Inter-Region,Regular,Prepaid,CR119,Bike,0.85,0.9,0.9,1423167,16050,13422,8,1,0,,71.0,72,0,0,,1,0,,0,,73.97,2.11,15.96,ST17_Makassar,Hub Bottleneck
SHPM003573,AWB260003573,2026-03-27 12:39:05.877090,2026-03-27 12:50:05.877090,2026-03-27 13:00:05.877090,2026-03-27 14:24:36.594277,2026-03-27 15:05:36.594277,2026-03-27 16:51:36.594277,2026-03-27 21:53:37.287680,2026-03-28 04:57:18.973501,2026-03-28 13:45:58.881698,2026-03-29 05:01:10.275115,2026-03-29 09:17:10.741048,2026-03-28 04:39:05.877090,Delivered,Closed,SHP062,Shipper 062,Enterprise,Jabodetabek,ST04_Bekasi,HB01_JKT_GATEWAY,Central Java,ST11_Yogyakarta,HB04_CTG_NATIONAL,Inter-Region,Same Day,Prepaid,CR032,Van,0.74,1.11,1.11,562199,31995,23788,2,1,0,,41.0,16,0,0,,1,0,,0,,44.63,5.03,8.81,ST11_Yogyakarta,Last Mile Delay
SHPM003574,AWB260003574,2026-03-15 18:00:18.884133,2026-03-15 18:08:18.884133,2026-03-15 18:18:18.884133,2026-03-15 22:14:10.302731,2026-03-15 22:52:10.302731,2026-03-15 23:42:10.302731,2026-03-16 04:57:31.161440,2026-03-16 10:44:45.159585,2026-03-16 14:50:24.274859,2026-03-17 06:31:25.640413,2026-03-17 16:52:04.588768,2026-03-17 06:00:18.884133,Delivered,Closed,SHP054,Shipper 054,Marketplace,West Java,ST08_Bogor,HB01_JKT_GATEWAY,Jabodetabek,ST02_JKT_West,HB01_JKT_GATEWAY,Inter-Region,Next Day,COD,CR079,Bike,0.94,1.32,1.32,1924098,29940,22662,4,0,0,,38.0,36,0,0,,1,0,,0,,46.86,5.26,4.09,ST02_JKT_West,First Mile Delay
SHPM003575,AWB260003575,2026-03-09 00:23:44.568466,2026-03-09 00:54:44.568466,2026-03-09 01:23:44.568466,2026-03-09 05:00:08.749831,2026-03-09 05:08:08.749831,2026-03-09 05:48:08.749831,2026-03-09 09:36:56.249068,2026-03-09 18:54:42.192369,2026-03-10 18:22:47.182539,2026-03-11 03:03:49.425775,2026-03-11 11:16:39.310093,2026-03-10 12:23:44.568466,Delivered,Closed,SHP020,Shipper 020,SME,East Java,ST14_Kediri,HB03_SBY_GATEWAY,Central Java,ST09_Semarang,HB04_CTG_NATIONAL,Inter-Region,Next Day,Prepaid,CR131,Truck,2.87,2.91,2.91,581146,33095,28233,4,0,0,,8.0,36,0,0,,1,0,,0,,58.88,3.81,23.47,ST09_Semarang,First Mile Delay
SHPM003576,AWB260003576,2026-03-16 18:29:13.455879,2026-03-16 19:14:13.455879,2026-03-16 19:52:13.455879,2026-03-16 21:00:00.371576,2026-03-16 21:27:00.371576,2026-03-16 22:25:00.371576,2026-03-16 23:42:00.489006,2026-03-17 03:11:10.691614,2026-03-17 07:46:46.346950,2026-03-17 16:33:40.358304,2026-03-18 09:58:29.782734,2026-03-18 06:29:13.455879,Delivered,Closed,SHP038,Shipper 038,Marketplace,Jabodetabek,ST03_JKT_East,HB01_JKT_GATEWAY,Outer Java,ST15_Medan,HB05_SUMATRA_GATEWAY,Inter-Region,Next Day,Prepaid,CR023,Bike,0.93,0.93,0.93,1028427,24185,21483,4,1,0,,27.0,36,0,0,,1,0,,0,,39.49,1.28,4.59,ST15_Medan,Remote Area
SHPM003577,AWB260003577,2026-02-26 20:59:59.311319,2026-02-26 21:16:59.311319,2026-02-26 21:55:59.311319,2026-02-26 22:54:10.172507,2026-02-26 23:37:10.172507,2026-02-27 00:14:10.172507,2026-02-27 04:59:56.217409,2026-02-27 12:48:08.534881,2026-02-27 21:11:15.786948,2026-02-28 07:31:50.101634,2026-02-28 14:10:07.507024,2026-02-28 08:59:59.311319,Delivered,Closed,SHP097,Shipper 097,SME,Jabodetabek,ST03_JKT_East,HB01_JKT_GATEWAY,Central Java,ST10_Solo,HB04_CTG_NATIONAL,Inter-Region,Next Day,Prepaid,CR025,Van,1.64,1.56,1.64,2201327,27380,20188,4,1,0,,43.0,36,0,0,,1,0,,0,,41.17,4.76,8.39,ST10_Solo,Last Mile Delay
SHPM003578,AWB260003578,2026-02-28 05:18:29.993360,2026-02-28 05:51:29.993360,2026-02-28 06:12:29.993360,2026-02-28 11:32:33.458844,2026-02-28 11:52:33.458844,2026-02-28 12:18:33.458844,2026-02-28 15:00:44.530975,2026-02-28 23:04:44.536083,2026-03-01 09:07:08.695557,2026-03-01 19:26:54.077046,2026-03-01 23:32:53.323253,2026-03-03 05:18:29.993360,Delivered,Closed,SHP017,Shipper 017,Marketplace,Outer Java,ST20_Banjarmasin,HB06_EASTERN_GATEWAY,East Java,ST12_Surabaya,HB03_SBY_GATEWAY,Inter-Region,Regular,Prepaid,CR187,Bike,0.91,1.04,1.04,749975,16680,13551,8,1,0,,20.0,72,1,0,,1,0,,0,,42.24,2.7,10.04,ST12_Surabaya,
SHPM003579,AWB260003579,2026-03-23 11:07:25.672176,2026-03-23 11:12:25.672176,2026-03-23 11:31:25.672176,2026-03-23 20:11:36.921622,2026-03-23 20:47:36.921622,2026-03-23 22:06:36.921622,2026-03-24 02:41:11.368647,2026-03-24 10:25:23.687509,2026-03-24 18:48:49.001911,2026-03-25 11:39:13.094699,2026-03-26 03:54:41.183198,2026-03-26 11:07:25.672176,Delivered,Closed,SHP029,Shipper 029,SME,Outer Java,ST18_Balikpapan,HB06_EASTERN_GATEWAY,East Java,ST14_Kediri,HB03_SBY_GATEWAY,Inter-Region,Regular,COD,CR163,Bike,2.86,4.18,4.18,2440737,34810,32884,8,0,0,,36.0,72,1,0,,1,0,,0,,64.79,4.58,8.39,ST14_Kediri,
SHPM003580,AWB260003580,2026-02-23 14:53:32.373484,2026-02-23 15:32:32.373484,2026-02-23 16:13:32.373484,2026-02-23 20:41:05.537153,2026-02-23 22:26:05.537153,2026-02-24 00:18:05.537153,2026-02-24 07:32:58.009302,2026-02-24 12:43:22.423012,2026-02-25 00:54:28.938048,2026-02-26 14:10:59.064724,2026-02-27 07:02:59.107526,2026-02-26 14:53:32.373484,Delivered,Closed,SHP025,Shipper 025,Marketplace,East Java,ST12_Surabaya,HB03_SBY_GATEWAY,Jabodetabek,ST05_Tangerang,HB01_JKT_GATEWAY,Inter-Region,Regular,COD,CR110,Bike,0.32,0.38,0.38,756160,17710,10506,8,1,0,,105.0,72,0,0,,1,1,Invalid Address,0,,88.16,7.25,12.19,ST05_Tangerang,Hub Bottleneck
SHPM003581,AWB260003581,2026-02-18 02:03:12.400778,2026-02-18 02:48:12.400778,2026-02-18 03:23:12.400778,2026-02-18 05:40:13.540290,2026-02-18 06:03:13.540290,2026-02-18 07:53:13.540290,2026-02-18 12:15:12.252656,2026-02-18 13:53:14.062623,2026-02-18 20:26:16.746345,2026-02-19 03:47:45.061652,2026-02-19 09:08:30.337377,2026-02-19 02:03:12.400778,Delivered,Closed,SHP058,Shipper 058,Enterprise,Jabodetabek,ST01_JKT_Central,HB01_JKT_GATEWAY,Jabodetabek,ST05_Tangerang,HB01_JKT_GATEWAY,Intra-Region,Next Day,Prepaid,CR004,Van,0.33,0.33,0.33,555799,21485,18249,4,1,0,,23.0,24,0,0,,1,0,,0,,31.09,4.37,6.55,ST05_Tangerang,Last Mile Delay
SHPM003582,AWB260003582,2026-03-16 08:09:35.057066,2026-03-16 08:14:35.057066,2026-03-16 08:48:35.057066,2026-03-16 11:48:54.307682,2026-03-16 12:26:54.307682,2026-03-16 13:27:54.307682,2026-03-16 14:29:25.258681,2026-03-16 20:24:43.224048,2026-03-17 14:12:45.500583,2026-03-18 01:18:24.967685,2026-03-18 11:43:23.001986,2026-03-19 08:09:35.057066,Delivered,Closed,SHP031,Shipper 031,SME,East Java,ST13_Malang,HB03_SBY_GATEWAY,Jabodetabek,ST03_JKT_East,HB01_JKT_GATEWAY,Inter-Region,Regular,Prepaid,CR124,Van,0.38,0.55,0.55,694155,14475,9038,8,1,0,,38.0,72,1,0,,1,0,,0,,51.56,1.03,17.8,ST03_JKT_East,
SHPM003583,AWB260003583,2026-03-14 04:35:55.796388,2026-03-14 04:46:55.796388,2026-03-14 05:27:55.796388,2026-03-14 12:02:58.215631,2026-03-14 13:41:58.215631,2026-03-14 15:36:58.215631,2026-03-14 23:46:53.974038,2026-03-15 05:30:21.628292,2026-03-15 20:49:59.584251,2026-03-16 11:53:29.049940,,2026-03-17 04:35:55.796388,Delivery Exception,Exception,SHP081,Shipper 081,Marketplace,West Java,ST07_Cirebon,HB02_BDG_TRANSIT,Outer Java,ST15_Medan,HB05_SUMATRA_GATEWAY,Inter-Region,Regular,Prepaid,CR070,Bike,0.88,0.95,0.95,399140,16275,12090,8,1,0,,99.0,72,0,1,Customer Not Home,2,0,,0,,559.4,8.17,15.33,ST15_Medan,Hub Bottleneck
SHPM003584,AWB260003584,2026-03-02 04:41:10.854195,2026-03-02 05:17:10.854195,2026-03-02 06:09:10.854195,2026-03-02 10:35:38.909932,2026-03-02 11:00:38.909932,2026-03-02 11:45:38.909932,2026-03-02 17:13:48.276595,2026-03-02 22:56:33.702674,2026-03-03 09:40:41.201949,2026-03-03 19:46:24.994890,2026-03-04 06:36:12.201142,2026-03-05 04:41:10.854195,Delivered,Closed,SHP063,Shipper 063,Enterprise,Jabodetabek,ST05_Tangerang,HB01_JKT_GATEWAY,West Java,ST07_Cirebon,HB02_BDG_TRANSIT,Inter-Region,Regular,Prepaid,CR051,Bike,0.71,0.69,0.71,2589333,15195,8764,8,1,0,,25.0,72,1,0,,1,0,,0,,49.92,5.47,10.74,ST07_Cirebon,
SHPM003585,AWB260003585,2026-03-28 07:30:05.199972,2026-03-28 07:39:05.199972,2026-03-28 08:25:05.199972,2026-03-28 10:03:55.304136,2026-03-28 11:08:55.304136,2026-03-28 12:03:55.304136,2026-03-28 16:55:42.215609,2026-03-28 21:49:28.885048,2026-03-29 00:26:01.983809,2026-03-29 07:50:26.142442,,2026-03-31 07:30:05.199972,Delivery Exception,Exception,SHP014,Shipper 014,Enterprise,Jabodetabek,ST05_Tangerang,HB01_JKT_GATEWAY,West Java,ST06_Bandung,HB01_JKT_GATEWAY,Inter-Region,Regular,Prepaid,CR048,Bike,0.62,0.77,0.77,1099616,15465,12233,8,1,0,,65.0,72,0,1,Customer Not Home,1,0,,0,,220.5,4.86,2.61,ST06_Bandung,Delivery Exception
SHPM003586,AWB260003586,2026-02-25 09:11:59.004646,2026-02-25 09:39:59.004646,2026-02-25 09:55:59.004646,2026-02-25 17:15:55.446474,2026-02-25 18:07:55.446474,2026-02-25 18:39:55.446474,2026-02-25 21:14:40.257370,2026-02-26 00:43:20.663483,2026-02-26 02:15:38.537933,2026-02-26 15:43:53.381339,2026-02-27 01:34:05.557063,2026-02-28 09:11:59.004646,Delivered,Closed,SHP061,Shipper 061,Enterprise,Outer Java,ST17_Makassar,HB06_EASTERN_GATEWAY,East Java,ST12_Surabaya,HB03_SBY_GATEWAY,Inter-Region,Regular,Prepaid,CR160,Van,0.31,0.33,0.33,295211,13485,7633,8,1,0,,52.0,72,1,0,,1,0,,0,,40.37,2.58,1.54,ST12_Surabaya,
SHPM003587,AWB260003587,2026-02-19 04:07:49.314701,2026-02-19 04:19:49.314701,2026-02-19 04:49:49.314701,2026-02-19 13:14:17.833256,2026-02-19 13:22:17.833256,2026-02-19 13:58:17.833256,2026-02-19 19:40:31.295804,2026-02-20 05:13:22.480301,2026-02-20 12:35:04.847869,2026-02-20 21:48:40.605282,2026-02-21 10:40:39.012371,2026-02-22 04:07:49.314701,Delivered,Closed,SHP095,Shipper 095,Enterprise,Central Java,ST09_Semarang,HB04_CTG_NATIONAL,West Java,ST06_Bandung,HB01_JKT_GATEWAY,Inter-Region,Regular,Prepaid,CR083,Truck,2.21,3.42,3.42,1118083,27390,18313,8,0,0,,8.0,72,1,0,,1,0,,0,,54.55,5.7,7.36,ST06_Bandung,
SHPM003588,AWB260003588,2026-02-27 23:47:27.904650,2026-02-27 23:54:27.904650,2026-02-28 00:18:27.904650,2026-02-28 04:33:45.567332,2026-02-28 05:06:45.567332,2026-02-28 06:52:45.567332,2026-02-28 08:23:48.550652,2026-02-28 13:48:11.567520,2026-02-28 20:09:37.209240,2026-03-01 03:27:37.393412,2026-03-01 06:15:18.430799,2026-03-01 11:47:27.904650,Delivered,Closed,SHP057,Shipper 057,SME,Central Java,ST09_Semarang,HB04_CTG_NATIONAL,Outer Java,ST15_Medan,HB05_SUMATRA_GATEWAY,Inter-Region,Next Day,COD,CR088,Truck,0.62,0.59,0.62,536921,26790,20285,4,0,0,,33.0,36,1,0,,1,0,,0,,30.46,1.52,6.36,ST15_Medan,
SHPM003589,AWB260003589,2026-03-16 14:57:41.983599,2026-03-16 15:09:41.983599,2026-03-16 15:39:41.983599,2026-03-16 16:55:26.655328,2026-03-16 17:33:26.655328,2026-03-16 18:39:26.655328,2026-03-16 20:00:47.956466,2026-03-17 05:47:33.901245,2026-03-17 08:01:23.134462,2026-03-17 15:45:42.600707,2026-03-17 16:39:52.972209,2026-03-17 06:57:41.983599,Delivered,Closed,SHP063,Shipper 063,Enterprise,Jabodetabek,ST05_Tangerang,HB01_JKT_GATEWAY,Central Java,ST11_Yogyakarta,HB04_CTG_NATIONAL,Inter-Region,Same Day,Prepaid,CR051,Bike,1.2,1.37,1.37,1250296,33165,28824,2,1,0,,38.0,16,0,0,,1,0,,0,,25.7,1.36,2.23,ST11_Yogyakarta,Last Mile Delay
SHPM003590,AWB260003590,2026-03-25 07:40:04.557083,2026-03-25 07:50:04.557083,2026-03-25 08:12:04.557083,2026-03-25 11:01:17.773422,2026-03-25 12:01:17.773422,2026-03-25 12:56:17.773422,2026-03-25 17:41:39.530925,2026-03-26 00:39:44.258582,2026-03-26 04:26:35.637907,2026-03-26 16:05:20.766599,2026-03-26 21:41:48.025573,2026-03-26 19:40:04.557083,Delivered,Closed,SHP089,Shipper 089,Enterprise,Central Java,ST11_Yogyakarta,HB04_CTG_NATIONAL,Jabodetabek,ST02_JKT_West,HB01_JKT_GATEWAY,Inter-Region,Next Day,Prepaid,CR100,Truck,1.32,2.22,2.22,1584031,29990,20857,4,1,0,,60.0,36,0,0,,1,0,,0,,38.03,4.76,3.78,ST02_JKT_West,Last Mile Delay
SHPM003591,AWB260003591,2026-02-22 03:17:28.556157,2026-02-22 04:02:28.556157,2026-02-22 04:32:28.556157,2026-02-22 05:45:15.588139,2026-02-22 06:29:15.588139,2026-02-22 07:43:15.588139,2026-02-22 11:43:14.043654,2026-02-22 18:56:05.295800,2026-02-22 23:29:02.918829,2026-02-23 15:16:12.473022,2026-02-23 16:05:41.188489,2026-02-22 19:17:28.556157,Delivered,Closed,SHP092,Shipper 092,Marketplace,Jabodetabek,ST03_JKT_East,HB01_JKT_GATEWAY,East Java,ST12_Surabaya,HB03_SBY_GATEWAY,Inter-Region,Same Day,Prepaid,CR021,Van,1.16,1.9,1.9,684070,35550,24682,2,1,0,,44.0,16,0,0,,1,0,,0,,36.8,4.0,4.55,ST12_Surabaya,Last Mile Delay
SHPM003592,AWB260003592,2026-03-26 23:56:49.718470,2026-03-27 00:37:49.718470,2026-03-27 01:14:49.718470,2026-03-27 04:33:31.754059,2026-03-27 04:53:31.754059,2026-03-27 05:59:31.754059,2026-03-27 08:43:57.238499,2026-03-27 14:20:35.824929,2026-03-28 10:01:25.143108,2026-03-28 19:53:20.134247,2026-03-29 03:09:42.159685,2026-03-29 23:56:49.718470,Delivered,Closed,SHP046,Shipper 046,SME,East Java,ST14_Kediri,HB03_SBY_GATEWAY,Jabodetabek,ST02_JKT_West,HB01_JKT_GATEWAY,Inter-Region,Regular,Prepaid,CR126,Van,2.01,2.19,2.19,1343576,21855,15160,8,1,0,,20.0,72,1,0,,1,0,,0,,51.21,2.74,19.68,ST02_JKT_West,
SHPM003593,AWB260003593,2026-03-24 14:50:08.425847,2026-03-24 15:22:08.425847,2026-03-24 15:39:08.425847,2026-03-24 18:16:35.813870,2026-03-24 19:05:35.813870,2026-03-24 19:37:35.813870,2026-03-25 00:25:40.100792,2026-03-25 07:11:41.202621,2026-03-25 09:16:57.904100,2026-03-26 02:22:53.607134,2026-03-26 05:22:38.349546,2026-03-26 02:50:08.425847,Delivered,Closed,SHP081,Shipper 081,Marketplace,West Java,ST06_Bandung,HB01_JKT_GATEWAY,Central Java,ST10_Solo,HB04_CTG_NATIONAL,Inter-Region,Next Day,Prepaid,CR060,Van,2.18,2.82,2.82,1639536,32690,25398,4,1,0,,49.0,36,0,0,,1,0,,0,,38.54,4.8,2.09,ST10_Solo,Last Mile Delay
SHPM003594,AWB260003594,2026-03-27 21:42:11.883253,2026-03-27 22:16:11.883253,2026-03-27 22:39:11.883253,2026-03-28 04:03:05.613347,2026-03-28 04:28:05.613347,2026-03-28 05:14:05.613347,2026-03-28 08:00:32.727712,2026-03-28 16:47:59.383368,2026-03-28 21:25:27.749118,2026-03-29 10:03:03.196590,2026-03-29 14:25:07.245932,2026-03-30 21:42:11.883253,Delivered,Closed,SHP087,Shipper 087,Enterprise,Jabodetabek,ST02_JKT_West,HB01_JKT_GATEWAY,Central Java,ST09_Semarang,HB04_CTG_NATIONAL,Inter-Region,Regular,Prepaid,CR015,Bike,0.85,1.01,1.01,1257016,16545,12890,8,1,0,,25.0,72,1,0,,1,0,,0,,40.72,2.77,4.62,ST09_Semarang,
SHPM003595,AWB260003595,2026-03-10 14:44:22.506096,2026-03-10 15:19:22.506096,2026-03-10 15:40:22.506096,2026-03-10 20:10:12.443042,2026-03-10 20:59:12.443042,2026-03-10 22:49:12.443042,2026-03-11 02:37:25.032761,2026-03-11 09:01:16.305717,2026-03-11 20:53:10.984558,2026-03-12 11:15:45.671345,2026-03-12 18:15:09.580589,2026-03-13 14:44:22.506096,Delivered,Closed,SHP099,Shipper 099,SME,West Java,ST08_Bogor,HB01_JKT_GATEWAY,East Java,ST14_Kediri,HB03_SBY_GATEWAY,Inter-Region,Regular,Prepaid,CR076,Bike,1.72,1.74,1.74,1860500,19830,12354,8,1,0,,49.0,72,1,0,,1,0,,0,,51.51,3.8,11.87,ST14_Kediri,
SHPM003596,AWB260003596,2026-02-18 06:47:43.534973,2026-02-18 07:11:43.534973,2026-02-18 07:18:43.534973,2026-02-18 10:54:39.493710,2026-02-18 11:46:39.493710,2026-02-18 12:33:39.493710,2026-02-18 14:46:43.798286,2026-02-18 16:06:22.040962,2026-02-19 02:50:59.860351,2026-02-19 14:03:55.357183,2026-02-20 02:32:22.527643,2026-02-20 06:47:43.534973,Delivered,Closed,SHP095,Shipper 095,Enterprise,Central Java,ST11_Yogyakarta,HB04_CTG_NATIONAL,Central Java,ST11_Yogyakarta,HB04_CTG_NATIONAL,Intra-Region,Regular,Prepaid,CR100,Van,0.64,0.6,0.64,1478963,14880,9252,8,1,0,,52.0,48,1,0,,1,1,Missed Cut-Off,0,,43.74,2.22,10.74,ST11_Yogyakarta,
SHPM003597,AWB260003597,2026-02-18 16:38:06.345784,2026-02-18 17:06:06.345784,2026-02-18 17:41:06.345784,2026-02-18 20:37:24.404786,2026-02-18 21:38:24.404786,2026-02-18 22:15:24.404786,2026-02-19 02:15:17.472393,2026-02-19 04:46:14.486747,2026-02-19 16:12:01.741149,2026-02-19 23:59:44.000824,2026-02-20 05:59:18.020042,2026-02-20 04:38:06.345784,Delivered,Closed,SHP003,Shipper 003,Marketplace,Outer Java,ST15_Medan,HB05_SUMATRA_GATEWAY,West Java,ST06_Bandung,HB01_JKT_GATEWAY,Inter-Region,Next Day,Prepaid,CR141,Bike,2.17,2.24,2.24,1646659,30080,26934,4,1,0,,61.0,36,0,0,,1,0,,0,,37.35,4.0,11.43,ST06_Bandung,Hub Bottleneck
SHPM003598,AWB260003598,2026-03-06 13:00:46.860388,2026-03-06 13:38:46.860388,2026-03-06 13:58:46.860388,2026-03-06 21:10:19.563074,2026-03-06 21:27:19.563074,2026-03-06 22:27:19.563074,2026-03-07 02:29:28.972774,2026-03-07 06:04:43.057969,2026-03-07 13:10:48.587648,2026-03-07 23:21:52.087270,2026-03-08 16:46:33.170793,2026-03-09 13:00:46.860388,Delivered,Closed,SHP036,Shipper 036,Marketplace,West Java,ST08_Bogor,HB01_JKT_GATEWAY,Jabodetabek,ST04_Bekasi,HB01_JKT_GATEWAY,Inter-Region,Regular,Prepaid,CR082,Bike,18.52,28.19,28.19,584808,138855,103123,8,1,0,,17.0,72,1,0,,1,0,,0,,51.76,4.04,7.1,ST04_Bekasi,
SHPM003599,AWB260003599,2026-03-03 10:53:25.692958,2026-03-03 11:19:25.692958,2026-03-03 11:31:25.692958,2026-03-03 13:20:56.103458,2026-03-03 14:07:56.103458,2026-03-03 15:53:56.103458,2026-03-03 19:01:40.255758,2026-03-04 03:09:08.586385,2026-03-04 08:15:48.249887,2026-03-04 21:25:30.505657,2026-03-05 10:26:40.205101,2026-03-06 10:53:25.692958,Delivered,Closed,SHP046,Shipper 046,SME,East Java,ST14_Kediri,HB03_SBY_GATEWAY,West Java,ST08_Bogor,HB01_JKT_GATEWAY,Inter-Region,Regular,Prepaid,CR130,Truck,1.17,1.23,1.23,1718691,17535,11670,8,1,0,,47.0,72,1,0,,1,0,,0,,47.55,3.13,5.11,ST08_Bogor,
SHPM003600,AWB260003600,2026-02-25 11:54:10.472601,2026-02-25 12:03:10.472601,2026-02-25 12:32:10.472601,2026-02-25 16:46:30.826136,2026-02-25 17:29:30.826136,2026-02-25 19:28:30.826136,2026-02-25 22:16:46.579523,2026-02-26 03:00:30.602768,2026-02-26 14:57:55.900268,2026-02-27 00:00:51.027836,2026-02-27 10:04:15.073790,2026-02-26 23:54:10.472601,Delivered,Closed,SHP013,Shipper 013,SME,Jabodetabek,ST04_Bekasi,HB01_JKT_GATEWAY,West Java,ST06_Bandung,HB01_JKT_GATEWAY,Inter-Region,Next Day,Prepaid,CR037,Bike,1.6,1.44,1.6,524314,27200,21461,4,0,0,,43.0,36,0,0,,1,0,,0,,46.17,2.8,11.96,ST06_Bandung,First Mile Delay
SHPM003601,AWB260003601,2026-02-19 04:57:14.771868,2026-02-19 05:31:14.771868,2026-02-19 05:59:14.771868,2026-02-19 09:17:02.781991,2026-02-19 09:25:02.781991,2026-02-19 09:48:02.781991,2026-02-19 13:52:34.441307,2026-02-19 19:17:01.902623,2026-02-20 06:15:26.837533,2026-02-20 23:00:39.942480,2026-02-21 05:28:19.925681,2026-02-20 16:57:14.771868,Delivered,Closed,SHP038,Shipper 038,Marketplace,Jabodetabek,ST01_JKT_Central,HB01_JKT_GATEWAY,West Java,ST06_Bandung,HB01_JKT_GATEWAY,Inter-Region,Next Day,Prepaid,CR009,Truck,0.66,0.65,0.66,433314,22970,17663,4,1,0,,8.0,36,0,0,,1,0,,0,,48.52,4.08,10.97,ST06_Bandung,Hub Bottleneck
SHPM003602,AWB260003602,2026-02-23 00:33:10.004116,2026-02-23 00:54:10.004116,2026-02-23 01:46:10.004116,2026-02-23 03:44:18.685952,2026-02-23 04:19:18.685952,2026-02-23 04:46:18.685952,2026-02-23 09:54:01.055516,2026-02-23 17:06:23.556005,2026-02-23 23:02:00.627678,2026-02-24 16:30:29.947040,2026-02-25 00:18:30.094301,2026-02-24 12:33:10.004116,Delivered,Closed,SHP002,Shipper 002,Enterprise,Jabodetabek,ST01_JKT_Central,HB01_JKT_GATEWAY,West Java,ST07_Cirebon,HB02_BDG_TRANSIT,Inter-Region,Next Day,COD,CR005,Van,0.78,0.83,0.83,757973,27735,19332,4,1,0,,35.0,36,0,0,,1,0,,0,,47.76,5.13,5.93,ST07_Cirebon,Last Mile Delay
SHPM003603,AWB260003603,2026-03-14 09:37:03.796331,2026-03-14 09:44:03.796331,2026-03-14 09:54:03.796331,2026-03-14 18:19:15.473989,2026-03-14 19:02:15.473989,2026-03-14 19:35:15.473989,2026-03-15 00:19:34.874640,2026-03-15 10:04:45.944899,2026-03-15 14:41:56.869357,2026-03-15 22:23:26.036104,2026-03-16 06:08:45.355570,2026-03-17 09:37:03.796331,Delivered,Closed,SHP005,Shipper 005,Enterprise,Central Java,ST09_Semarang,HB04_CTG_NATIONAL,Jabodetabek,ST01_JKT_Central,HB01_JKT_GATEWAY,Inter-Region,Regular,Prepaid,CR083,Bike,0.32,0.31,0.32,676075,13440,12635,8,0,0,,43.0,72,1,0,,1,0,,0,,44.53,4.74,4.62,ST01_JKT_Central,
SHPM003604,AWB260003604,2026-02-20 06:04:24.288810,2026-02-20 06:10:24.288810,2026-02-20 06:25:24.288810,2026-02-20 10:41:47.860781,2026-02-20 11:53:47.860781,2026-02-20 12:16:47.860781,2026-02-20 17:45:11.656597,2026-02-21 00:57:07.176696,2026-02-21 08:37:59.137223,2026-02-21 16:35:59.351493,2026-02-22 01:28:30.115096,2026-02-21 18:04:24.288810,Delivered,Closed,SHP094,Shipper 094,SME,Outer Java,ST15_Medan,HB05_SUMATRA_GATEWAY,Jabodetabek,ST01_JKT_Central,HB01_JKT_GATEWAY,Inter-Region,Next Day,Prepaid,CR142,Truck,1.59,1.55,1.59,388094,27155,21070,4,0,0,,72.0,36,0,0,,1,0,,0,,43.4,5.47,7.68,ST01_JKT_Central,First Mile Delay
SHPM003605,AWB260003605,2026-03-18 15:42:40.950685,2026-03-18 15:58:40.950685,2026-03-18 16:55:40.950685,2026-03-18 16:54:59.722087,2026-03-18 17:02:59.722087,2026-03-18 18:05:59.722087,2026-03-18 23:32:29.277040,2026-03-19 07:41:12.560197,2026-03-20 01:51:40.034408,2026-03-20 14:42:43.724274,2026-03-20 18:32:29.356881,2026-03-19 07:42:40.950685,Delivered,Closed,SHP004,Shipper 004,Marketplace,Jabodetabek,ST04_Bekasi,HB01_JKT_GATEWAY,Outer Java,ST16_Palembang,HB05_SUMATRA_GATEWAY,Inter-Region,Same Day,COD,CR032,Bike,3.03,5.06,5.06,932936,53770,37161,2,1,0,,8.0,16,0,0,,1,0,,0,,50.83,5.44,18.17,ST16_Palembang,Hub Bottleneck
SHPM003606,AWB260003606,2026-03-02 11:44:18.505358,2026-03-02 11:54:18.505358,2026-03-02 12:21:18.505358,2026-03-02 20:48:33.783259,2026-03-02 22:08:33.783259,2026-03-02 23:39:33.783259,2026-03-03 04:10:29.444856,2026-03-03 08:01:01.955224,2026-03-03 18:34:43.546544,2026-03-04 05:48:44.976875,2026-03-04 18:49:08.941217,2026-03-05 11:44:18.505358,Delivered,Closed,SHP032,Shipper 032,Marketplace,West Java,ST06_Bandung,HB01_JKT_GATEWAY,East Java,ST13_Malang,HB03_SBY_GATEWAY,Inter-Region,Regular,Prepaid,CR061,Bike,1.04,1.07,1.07,1293806,16815,11502,8,0,0,,80.0,72,1,0,,1,0,,0,,55.08,4.52,10.56,ST13_Malang,
SHPM003607,AWB260003607,2026-02-28 13:27:34.871087,2026-02-28 13:48:34.871087,2026-02-28 14:17:34.871087,2026-02-28 15:53:02.571043,2026-02-28 16:41:02.571043,2026-02-28 18:16:02.571043,2026-02-28 19:59:11.485956,2026-03-01 04:10:03.150929,2026-03-01 10:24:08.119142,2026-03-01 18:35:31.501854,2026-03-02 01:03:38.110395,2026-03-02 01:27:34.871087,Delivered,Closed,SHP090,Shipper 090,Enterprise,East Java,ST14_Kediri,HB03_SBY_GATEWAY,Central Java,ST10_Solo,HB04_CTG_NATIONAL,Inter-Region,Next Day,COD,CR136,Bike,0.73,0.71,0.73,359629,27285,16493,4,1,0,,48.0,36,1,0,,1,0,,0,,35.6,1.72,6.23,ST10_Solo,
SHPM003608,AWB260003608,2026-03-27 02:44:20.527282,2026-03-27 03:12:20.527282,2026-03-27 03:37:20.527282,2026-03-27 10:14:49.683584,2026-03-27 11:41:49.683584,2026-03-27 12:36:49.683584,2026-03-27 15:34:55.330044,2026-03-27 19:03:12.348608,2026-03-28 05:50:29.872135,2026-03-28 08:06:44.420987,2026-03-29 05:51:15.564232,2026-03-29 02:44:20.527282,Delivered,Closed,SHP098,Shipper 098,Marketplace,Outer Java,ST17_Makassar,HB06_EASTERN_GATEWAY,Outer Java,ST18_Balikpapan,HB06_EASTERN_GATEWAY,Intra-Region,Regular,COD,CR160,Van,3.38,4.18,4.18,1021952,34810,19260,8,1,0,,87.0,48,0,0,,1,0,,0,,51.12,2.97,10.79,ST18_Balikpapan,Hub Bottleneck
SHPM003609,AWB260003609,2026-03-07 03:13:21.810179,2026-03-07 03:48:21.810179,2026-03-07 04:22:21.810179,2026-03-07 05:48:56.466811,2026-03-07 06:19:56.466811,2026-03-07 07:29:56.466811,2026-03-07 11:06:32.536679,2026-03-07 13:16:31.287552,2026-03-08 02:39:40.760842,2026-03-08 18:49:19.406953,2026-03-08 23:21:38.487189,2026-03-07 19:13:21.810179,Delivered,Closed,SHP010,Shipper 010,Enterprise,East Java,ST14_Kediri,HB03_SBY_GATEWAY,Jabodetabek,ST05_Tangerang,HB01_JKT_GATEWAY,Inter-Region,Same Day,Prepaid,CR135,Van,0.93,1.14,1.14,1327465,32130,22353,2,0,0,,31.0,16,0,0,,1,0,,0,,44.14,3.61,13.39,ST05_Tangerang,First Mile Delay
SHPM003610,AWB260003610,2026-03-24 12:20:36.690434,2026-03-24 12:25:36.690434,2026-03-24 12:49:36.690434,2026-03-24 13:06:42.966934,2026-03-24 13:14:42.966934,2026-03-24 14:16:42.966934,2026-03-24 20:13:28.878779,2026-03-25 01:37:30.828757,2026-03-25 10:35:07.485244,2026-03-25 21:27:42.066109,2026-03-26 00:12:48.808857,2026-03-25 04:20:36.690434,Delivered,Closed,SHP002,Shipper 002,Enterprise,Jabodetabek,ST01_JKT_Central,HB01_JKT_GATEWAY,Outer Java,ST15_Medan,HB05_SUMATRA_GATEWAY,Inter-Region,Same Day,Prepaid,CR003,Bike,0.79,0.73,0.79,1124277,30555,27010,2,1,0,,8.0,16,0,0,,1,0,,0,,35.87,5.95,8.96,ST15_Medan,Remote Area
SHPM003611,AWB260003611,2026-03-16 02:27:06.986833,2026-03-16 02:56:06.986833,2026-03-16 03:20:06.986833,2026-03-16 05:42:42.691764,2026-03-16 06:15:42.691764,2026-03-16 07:40:42.691764,2026-03-16 11:30:53.821478,2026-03-16 14:48:16.452915,2026-03-17 02:05:04.904074,2026-03-17 17:18:11.628813,2026-03-17 21:21:45.797552,2026-03-17 14:27:06.986833,Delivered,Closed,SHP061,Shipper 061,Enterprise,Outer Java,ST17_Makassar,HB06_EASTERN_GATEWAY,Central Java,ST10_Solo,HB04_CTG_NATIONAL,Inter-Region,Next Day,Prepaid,CR156,Van,2.93,2.74,2.93,1359515,33185,28987,4,1,0,,33.0,36,0,0,,1,0,,0,,42.91,3.84,11.28,ST10_Solo,Hub Bottleneck
SHPM003612,AWB260003612,2026-03-27 01:57:17.322284,2026-03-27 02:14:17.322284,2026-03-27 02:56:17.322284,2026-03-27 13:03:37.040329,2026-03-27 14:15:37.040329,2026-03-27 16:13:37.040329,2026-03-27 19:52:33.991353,2026-03-28 03:53:00.475965,2026-03-28 10:33:59.734257,2026-03-28 19:52:02.506456,2026-03-29 02:56:47.342528,2026-03-30 01:57:17.322284,Delivered,Closed,SHP040,Shipper 040,Marketplace,West Java,ST07_Cirebon,HB02_BDG_TRANSIT,Jabodetabek,ST05_Tangerang,HB01_JKT_GATEWAY,Inter-Region,Regular,COD,CR069,Bike,1.75,1.89,1.89,529343,24505,19640,8,0,0,,72.0,72,1,0,,1,0,,0,,48.99,3.65,6.68,ST05_Tangerang,
SHPM003613,AWB260003613,2026-03-12 10:20:36.057420,2026-03-12 10:35:36.057420,2026-03-12 10:55:36.057420,2026-03-12 17:56:38.300151,2026-03-12 18:54:38.300151,2026-03-12 19:42:38.300151,2026-03-13 01:06:12.160423,2026-03-13 04:00:03.385706,2026-03-13 11:06:16.266699,2026-03-13 16:58:31.631433,2026-03-14 06:24:57.452938,2026-03-15 10:20:36.057420,Delivered,Closed,SHP034,Shipper 034,Enterprise,Jabodetabek,ST05_Tangerang,HB01_JKT_GATEWAY,East Java,ST13_Malang,HB03_SBY_GATEWAY,Inter-Region,Regular,COD,CR050,Bike,1.79,1.65,1.79,212408,24055,19372,8,1,0,,58.0,72,1,0,,1,0,,0,,44.07,5.39,7.1,ST13_Malang,
SHPM003614,AWB260003614,2026-03-23 15:35:32.400547,2026-03-23 16:18:32.400547,2026-03-23 16:43:32.400547,2026-03-23 20:28:04.350623,2026-03-23 21:22:04.350623,2026-03-23 22:00:04.350623,2026-03-24 00:11:43.877263,2026-03-24 10:00:55.811571,2026-03-24 21:52:46.205896,2026-03-25 07:18:44.310728,2026-03-26 01:14:43.379011,2026-03-26 15:35:32.400547,Delivered,Closed,SHP087,Shipper 087,Enterprise,Jabodetabek,ST02_JKT_West,HB01_JKT_GATEWAY,West Java,ST06_Bandung,HB01_JKT_GATEWAY,Inter-Region,Regular,Prepaid,CR015,Bike,0.79,0.75,0.79,1331275,15555,10228,8,1,0,,54.0,72,1,0,,1,0,,0,,57.65,2.19,11.86,ST06_Bandung,
SHPM003615,AWB260003615,2026-02-25 13:03:13.321612,2026-02-25 13:47:13.321612,2026-02-25 14:30:13.321612,2026-02-25 15:48:23.898060,2026-02-25 15:59:23.898060,2026-02-25 16:53:23.898060,2026-02-25 18:06:33.538509,2026-02-25 21:04:24.409219,2026-02-25 23:14:18.605560,2026-02-26 04:25:18.632587,,2026-02-26 05:03:13.321612,Delivery Exception,Exception,SHP086,Shipper 086,Marketplace,Jabodetabek,ST02_JKT_West,HB01_JKT_GATEWAY,Central Java,ST10_Solo,HB04_CTG_NATIONAL,Inter-Region,Same Day,Prepaid,CR016,Bike,1.33,1.85,1.85,1529383,35325,20407,2,0,0,,11.0,16,0,1,Cash Issue,1,0,,0,,958.95,1.22,2.17,ST10_Solo,Delivery Exception
SHPM003616,AWB260003616,2026-04-01 07:26:17.849991,2026-04-01 07:45:17.849991,2026-04-01 08:44:17.849991,2026-04-01 14:05:21.060411,2026-04-01 14:40:21.060411,2026-04-01 15:08:21.060411,2026-04-01 18:20:48.273972,2026-04-01 20:23:28.924732,2026-04-02 00:04:31.882962,2026-04-02 09:38:35.516760,2026-04-02 18:42:47.207910,2026-04-04 07:26:17.849991,Delivered,Closed,SHP043,Shipper 043,Marketplace,Central Java,ST09_Semarang,HB04_CTG_NATIONAL,Jabodetabek,ST02_JKT_West,HB01_JKT_GATEWAY,Inter-Region,Regular,Prepaid,CR086,Truck,1.43,1.44,1.44,2464961,18480,10992,8,1,0,,35.0,72,1,0,,1,0,,0,,35.27,3.21,3.68,ST02_JKT_West,
SHPM003617,AWB260003617,2026-03-06 22:21:04.806238,2026-03-06 22:37:04.806238,2026-03-06 22:59:04.806238,2026-03-07 00:29:57.824285,2026-03-07 01:16:57.824285,2026-03-07 02:53:57.824285,2026-03-07 08:16:21.407090,2026-03-07 13:16:54.992226,2026-03-07 15:10:18.843677,2026-03-08 05:07:52.370743,2026-03-08 09:36:33.103024,2026-03-07 14:21:04.806238,Delivered,Closed,SHP037,Shipper 037,Marketplace,Central Java,ST09_Semarang,HB04_CTG_NATIONAL,East Java,ST13_Malang,HB03_SBY_GATEWAY,Inter-Region,Same Day,COD,CR088,Van,1.41,1.6,1.6,1716455,38200,28019,2,1,0,,47.0,16,0,0,,1,0,,0,,35.26,5.37,1.89,ST13_Malang,Last Mile Delay
SHPM003618,AWB260003618,2026-03-21 08:53:39.260288,2026-03-21 09:21:39.260288,2026-03-21 09:26:39.260288,2026-03-21 13:41:58.270260,2026-03-21 14:25:58.270260,2026-03-21 16:06:58.270260,2026-03-21 22:06:17.596180,2026-03-22 07:50:39.826889,2026-03-22 15:26:39.275769,2026-03-22 21:12:04.623393,2026-03-23 09:39:42.441967,2026-03-24 08:53:39.260288,Delivered,Closed,SHP064,Shipper 064,Marketplace,Jabodetabek,ST04_Bekasi,HB01_JKT_GATEWAY,East Java,ST14_Kediri,HB03_SBY_GATEWAY,Inter-Region,Regular,Prepaid,CR041,Van,1.51,1.63,1.63,2210306,19335,15777,8,1,0,,44.0,72,1,0,,1,0,,0,,48.77,5.99,7.6,ST14_Kediri,
SHPM003619,AWB260003619,2026-03-15 05:57:02.539524,2026-03-15 06:15:02.539524,2026-03-15 06:41:02.539524,2026-03-15 08:05:00.900911,2026-03-15 08:52:00.900911,2026-03-15 10:32:00.900911,2026-03-15 12:08:02.119413,2026-03-15 19:57:25.757103,2026-03-15 23:56:47.858427,2026-03-16 10:04:27.571973,2026-03-16 17:46:37.242925,2026-03-16 17:57:02.539524,Delivered,Closed,SHP087,Shipper 087,Enterprise,Jabodetabek,ST02_JKT_West,HB01_JKT_GATEWAY,Central Java,ST09_Semarang,HB04_CTG_NATIONAL,Inter-Region,Next Day,Prepaid,CR014,Bike,8.0,7.21,8.0,324187,56000,42478,4,1,0,,47.0,36,1,0,,1,0,,0,,35.83,1.6,3.99,ST09_Semarang,
SHPM003620,AWB260003620,2026-03-17 18:53:52.382091,2026-03-17 19:05:52.382091,2026-03-17 19:51:52.382091,2026-03-17 23:03:59.111324,2026-03-17 23:45:59.111324,2026-03-18 01:08:59.111324,2026-03-18 05:20:08.964655,2026-03-18 12:03:23.119721,2026-03-18 15:35:06.817645,2026-03-19 02:38:49.184363,2026-03-19 06:45:27.213390,2026-03-19 06:53:52.382091,Delivered,Closed,SHP037,Shipper 037,Marketplace,Central Java,ST11_Yogyakarta,HB04_CTG_NATIONAL,Outer Java,ST20_Banjarmasin,HB06_EASTERN_GATEWAY,Inter-Region,Next Day,COD,CR105,Bike,0.93,0.87,0.93,535391,28185,22551,4,1,0,,42.0,36,1,0,,1,0,,0,,35.86,4.19,3.53,ST20_Banjarmasin,
SHPM003621,AWB260003621,2026-03-23 13:56:30.075791,2026-03-23 14:37:30.075791,2026-03-23 14:59:30.075791,2026-03-23 17:43:05.093740,2026-03-23 18:05:05.093740,2026-03-23 20:01:05.093740,2026-03-23 21:49:11.398876,2026-03-24 00:15:58.469440,2026-03-24 10:20:33.887863,2026-03-25 01:20:22.281033,2026-03-25 07:09:42.449704,2026-03-25 01:56:30.075791,Delivered,Closed,SHP057,Shipper 057,SME,Central Java,ST09_Semarang,HB04_CTG_NATIONAL,West Java,ST08_Bogor,HB01_JKT_GATEWAY,Inter-Region,Next Day,COD,CR090,Bike,0.91,1.21,1.21,901875,29445,20212,4,1,0,,22.0,36,0,0,,1,0,,0,,41.22,1.8,10.08,ST08_Bogor,Hub Bottleneck
SHPM003622,AWB260003622,2026-03-03 23:48:30.099535,2026-03-04 00:24:30.099535,2026-03-04 00:37:30.099535,2026-03-04 08:02:14.212250,2026-03-04 08:16:14.212250,2026-03-04 09:05:14.212250,2026-03-04 12:59:23.621425,2026-03-04 19:13:51.496146,2026-03-04 21:46:28.460256,2026-03-05 14:19:52.560342,2026-03-06 16:35:17.543632,2026-03-06 23:48:30.099535,Delivered,Closed,SHP004,Shipper 004,Marketplace,Jabodetabek,ST01_JKT_Central,HB01_JKT_GATEWAY,Outer Java,ST15_Medan,HB05_SUMATRA_GATEWAY,Inter-Region,Regular,Prepaid,CR003,Bike,1.27,1.55,1.55,1818414,18975,10999,8,1,0,,14.0,72,1,0,,1,0,,0,,64.78,3.9,2.54,ST15_Medan,
SHPM003623,AWB260003623,2026-03-05 20:55:15.874659,2026-03-05 21:23:15.874659,2026-03-05 21:49:15.874659,2026-03-06 05:09:07.105493,2026-03-06 06:03:07.105493,2026-03-06 06:41:07.105493,2026-03-06 08:58:57.258595,2026-03-06 17:16:43.046015,2026-03-06 21:46:21.348599,2026-03-07 11:07:53.821651,2026-03-08 00:39:16.822386,2026-03-08 20:55:15.874659,Delivered,Closed,SHP048,Shipper 048,Enterprise,Outer Java,ST15_Medan,HB05_SUMATRA_GATEWAY,West Java,ST08_Bogor,HB01_JKT_GATEWAY,Inter-Region,Regular,COD,CR140,Van,0.82,0.75,0.82,607336,19690,17893,8,1,0,,54.0,72,1,0,,1,0,,0,,51.73,2.3,4.49,ST08_Bogor,
SHPM003624,AWB260003624,2026-03-14 21:40:41.878497,2026-03-14 22:08:41.878497,2026-03-14 22:33:41.878497,2026-03-15 00:14:32.540620,2026-03-15 00:53:32.540620,2026-03-15 02:42:32.540620,2026-03-15 05:27:30.559123,2026-03-15 11:57:11.695971,2026-03-15 15:42:29.375667,2026-03-16 03:45:02.825709,2026-03-16 09:44:40.202809,2026-03-16 09:40:41.878497,Delivered,Closed,SHP095,Shipper 095,Enterprise,Central Java,ST10_Solo,HB04_CTG_NATIONAL,West Java,ST07_Cirebon,HB02_BDG_TRANSIT,Inter-Region,Next Day,Prepaid,CR092,Bike,1.3,1.88,1.88,718640,28460,23699,4,1,0,,39.0,36,0,0,,1,0,,0,,36.07,2.75,3.75,ST07_Cirebon,Last Mile Delay
SHPM003625,AWB260003625,2026-03-18 21:41:12.335992,2026-03-18 21:53:12.335992,2026-03-18 22:29:12.335992,2026-03-18 23:55:01.788478,2026-03-19 00:21:01.788478,2026-03-19 01:25:01.788478,2026-03-19 04:29:32.790702,2026-03-19 08:57:37.560113,2026-03-19 19:21:04.402982,2026-03-19 21:36:39.299227,2026-03-20 01:01:03.852059,2026-03-19 07:41:12.335992,Delivered,Closed,SHP050,Shipper 050,Marketplace,Jabodetabek,ST04_Bekasi,HB01_JKT_GATEWAY,Jabodetabek,ST01_JKT_Central,HB01_JKT_GATEWAY,Intra-Region,Same Day,Prepaid,CR034,Van,2.12,2.25,2.25,1815652,37125,21006,2,0,0,,26.0,10,0,0,,1,0,,0,,27.33,3.08,10.39,ST01_JKT_Central,First Mile Delay
SHPM003626,AWB260003626,2026-02-17 03:17:01.969933,2026-02-17 03:38:01.969933,2026-02-17 04:07:01.969933,,,,,,,,,2026-02-20 03:17:01.969933,Failed Pickup,Exception,SHP011,Shipper 011,Enterprise,Jabodetabek,ST03_JKT_East,HB01_JKT_GATEWAY,Central Java,ST10_Solo,HB04_CTG_NATIONAL,Inter-Region,Regular,COD,CR021,Truck,2.07,2.55,2.55,669909,27475,17957,8,0,1,Shipper Not Ready,,72,0,0,,0,0,,0,,1160.72,,,ST03_JKT_East,
SHPM003627,AWB260003627,2026-03-29 01:31:15.120098,2026-03-29 01:59:15.120098,2026-03-29 02:39:15.120098,2026-03-29 07:19:11.356922,2026-03-29 07:48:11.356922,2026-03-29 09:36:11.356922,2026-03-29 11:30:50.828831,2026-03-29 15:40:50.237998,2026-03-30 08:17:14.950526,2026-03-30 16:16:23.414976,2026-03-31 07:01:20.717925,2026-04-01 01:31:15.120098,Delivered,Closed,SHP010,Shipper 010,Enterprise,East Java,ST14_Kediri,HB03_SBY_GATEWAY,Central Java,ST11_Yogyakarta,HB04_CTG_NATIONAL,Inter-Region,Regular,Prepaid,CR135,Van,3.85,6.26,6.26,435779,40170,23689,8,1,0,,29.0,72,1,0,,1,0,,0,,53.5,1.91,16.61,ST11_Yogyakarta,
SHPM003628,AWB260003628,2026-02-21 08:11:13.507900,2026-02-21 08:41:13.507900,2026-02-21 09:18:13.507900,2026-02-21 14:45:04.691828,2026-02-21 14:55:04.691828,2026-02-21 15:58:04.691828,2026-02-21 20:13:04.001143,2026-02-22 03:47:17.699690,2026-02-22 06:10:16.351651,2026-02-22 18:57:41.344642,2026-02-23 05:46:34.711294,2026-02-24 08:11:13.507900,Delivered,Closed,SHP097,Shipper 097,SME,Jabodetabek,ST05_Tangerang,HB01_JKT_GATEWAY,Central Java,ST09_Semarang,HB04_CTG_NATIONAL,Inter-Region,Regular,Prepaid,CR049,Van,0.96,1.18,1.18,2547965,17310,12700,8,1,0,,10.0,72,1,0,,1,0,,0,,45.59,4.25,2.38,ST09_Semarang,
SHPM003629,AWB260003629,2026-02-22 16:38:40.081244,2026-02-22 17:20:40.081244,2026-02-22 17:37:40.081244,2026-02-22 19:31:04.615794,2026-02-22 20:08:04.615794,2026-02-22 20:57:04.615794,2026-02-23 00:15:47.347790,2026-02-23 03:02:36.570820,2026-02-23 05:36:20.397145,2026-02-23 17:47:05.434788,2026-02-23 22:29:45.065962,2026-02-23 08:38:40.081244,Delivered,Closed,SHP005,Shipper 005,Enterprise,Central Java,ST09_Semarang,HB04_CTG_NATIONAL,East Java,ST14_Kediri,HB03_SBY_GATEWAY,Inter-Region,Same Day,COD,CR085,Bike,1.48,1.48,1.48,877281,37660,26691,2,0,0,,37.0,16,0,0,,1,0,,0,,29.85,3.31,2.56,ST14_Kediri,First Mile Delay
SHPM003630,AWB260003630,2026-03-16 13:27:08.851020,2026-03-16 13:51:08.851020,2026-03-16 14:30:08.851020,2026-03-16 16:46:40.700747,2026-03-16 17:34:40.700747,2026-03-16 19:15:40.700747,2026-03-16 22:15:27.999628,2026-03-17 06:09:07.072960,2026-03-17 16:49:51.116449,2026-03-18 01:26:11.001065,2026-03-18 08:17:04.049418,2026-03-18 01:27:08.851020,Delivered,Closed,SHP034,Shipper 034,Enterprise,Jabodetabek,ST01_JKT_Central,HB01_JKT_GATEWAY,Outer Java,ST16_Palembang,HB05_SUMATRA_GATEWAY,Inter-Region,Next Day,Prepaid,CR007,Bike,3.51,3.64,3.64,1642825,36380,21976,4,1,0,,48.0,36,0,0,,1,0,,0,,42.83,3.0,10.68,ST16_Palembang,Hub Bottleneck
SHPM003631,AWB260003631,2026-03-01 17:43:26.467726,2026-03-01 18:11:26.467726,2026-03-01 18:42:26.467726,2026-03-01 23:48:19.920180,2026-03-02 00:31:19.920180,2026-03-02 02:23:19.920180,2026-03-02 05:06:47.207974,2026-03-02 07:00:59.242269,2026-03-02 19:45:29.223746,2026-03-02 23:41:49.009849,2026-03-03 20:47:47.561310,2026-03-03 17:43:26.467726,Delivered,Closed,SHP078,Shipper 078,SME,Outer Java,ST20_Banjarmasin,HB06_EASTERN_GATEWAY,Outer Java,ST15_Medan,HB05_SUMATRA_GATEWAY,Intra-Region,Regular,Prepaid,CR183,Bike,3.43,3.74,3.74,2277136,28830,23097,8,1,0,,43.0,48,0,0,,1,0,,0,,51.07,2.72,12.74,ST15_Medan,Hub Bottleneck
SHPM003632,AWB260003632,2026-03-02 23:28:37.055115,2026-03-02 23:35:37.055115,2026-03-03 00:29:37.055115,2026-03-03 01:42:46.775625,2026-03-03 02:17:46.775625,2026-03-03 02:55:46.775625,2026-03-03 05:03:09.940577,2026-03-03 12:02:46.937018,2026-03-04 03:53:38.412135,2026-03-04 20:21:21.016751,2026-03-04 23:49:50.146313,2026-03-03 15:28:37.055115,Delivered,Closed,SHP039,Shipper 039,Marketplace,Central Java,ST10_Solo,HB04_CTG_NATIONAL,Outer Java,ST17_Makassar,HB06_EASTERN_GATEWAY,Inter-Region,Same Day,Prepaid,CR092,Bike,1.12,1.1,1.12,497518,32040,26721,2,0,0,,35.0,16,0,0,,1,0,,0,,48.35,2.12,15.85,ST17_Makassar,First Mile Delay
SHPM003633,AWB260003633,2026-02-16 20:37:32.884629,2026-02-16 20:59:32.884629,2026-02-16 21:26:32.884629,2026-02-16 23:19:37.616116,2026-02-16 23:50:37.616116,2026-02-17 01:10:37.616116,2026-02-17 05:27:34.362180,2026-02-17 07:53:46.693994,2026-02-17 19:11:13.067311,2026-02-18 00:21:24.628493,2026-02-18 14:06:38.507115,2026-02-19 20:37:32.884629,Delivered,Closed,SHP087,Shipper 087,Enterprise,Jabodetabek,ST02_JKT_West,HB01_JKT_GATEWAY,East Java,ST12_Surabaya,HB03_SBY_GATEWAY,Inter-Region,Regular,COD,CR016,Truck,0.76,0.75,0.76,793316,19420,16579,8,1,0,,31.0,72,1,0,,1,0,,0,,41.48,4.28,11.29,ST12_Surabaya,
SHPM003634,AWB260003634,2026-02-18 21:54:51.098749,2026-02-18 22:09:51.098749,2026-02-18 22:30:51.098749,2026-02-19 02:59:57.067661,2026-02-19 04:03:57.067661,2026-02-19 05:20:57.067661,2026-02-19 08:25:49.456318,2026-02-19 17:40:20.879371,2026-02-20 03:33:17.984268,2026-02-20 14:16:35.210374,2026-02-21 01:51:33.137423,2026-02-21 21:54:51.098749,Delivered,Closed,SHP024,Shipper 024,Marketplace,Jabodetabek,ST03_JKT_East,HB01_JKT_GATEWAY,Central Java,ST11_Yogyakarta,HB04_CTG_NATIONAL,Inter-Region,Regular,Prepaid,CR028,Bike,0.92,1.49,1.49,986618,18705,12758,8,1,0,,64.0,72,1,0,,1,0,,0,,51.95,3.08,9.88,ST11_Yogyakarta,
SHPM003635,AWB260003635,2026-02-17 15:28:06.218721,2026-02-17 15:35:06.218721,2026-02-17 16:15:06.218721,2026-02-17 20:15:19.690303,2026-02-17 21:00:19.690303,2026-02-17 21:52:19.690303,2026-02-18 03:23:22.087908,2026-02-18 11:41:22.789910,2026-02-18 13:33:06.422551,2026-02-18 21:03:22.541462,2026-02-19 06:22:04.538423,2026-02-19 03:28:06.218721,Delivered,Closed,SHP075,Shipper 075,Marketplace,Outer Java,ST19_Denpasar,HB06_EASTERN_GATEWAY,Central Java,ST11_Yogyakarta,HB04_CTG_NATIONAL,Inter-Region,Next Day,Prepaid,CR180,Bike,1.36,1.45,1.45,1809920,26525,21307,4,0,0,,45.0,36,0,0,,1,0,,0,,38.9,5.52,1.86,ST11_Yogyakarta,First Mile Delay
SHPM003636,AWB260003636,2026-03-04 19:19:57.934121,2026-03-04 19:46:57.934121,2026-03-04 20:24:57.934121,2026-03-05 00:26:40.064714,2026-03-05 00:47:40.064714,2026-03-05 01:27:40.064714,2026-03-05 04:53:36.505527,2026-03-05 10:22:04.133681,2026-03-05 14:11:42.113557,2026-03-05 22:37:05.288405,2026-03-06 03:23:53.276053,2026-03-06 07:19:57.934121,Delivered,Closed,SHP094,Shipper 094,SME,Outer Java,ST15_Medan,HB05_SUMATRA_GATEWAY,Jabodetabek,ST05_Tangerang,HB01_JKT_GATEWAY,Inter-Region,Next Day,Prepaid,CR140,Bike,0.78,0.72,0.78,1392002,23510,17562,4,0,0,,21.0,36,1,0,,1,0,,0,,32.07,3.43,3.83,ST05_Tangerang,
SHPM003637,AWB260003637,2026-02-22 00:20:44.326723,2026-02-22 00:31:44.326723,2026-02-22 01:16:44.326723,2026-02-22 08:46:40.366747,2026-02-22 10:12:40.366747,2026-02-22 10:39:40.366747,2026-02-22 14:53:16.010967,2026-02-22 17:32:02.429939,2026-02-22 21:10:30.937975,2026-02-23 06:31:13.891626,2026-02-23 13:24:45.646116,2026-02-23 12:20:44.326723,Delivered,Closed,SHP060,Shipper 060,Enterprise,East Java,ST12_Surabaya,HB03_SBY_GATEWAY,Jabodetabek,ST05_Tangerang,HB01_JKT_GATEWAY,Inter-Region,Next Day,COD,CR112,Bike,1.01,1.01,1.01,102762,28545,18552,4,0,0,,86.0,36,0,0,,1,0,,0,,37.07,4.23,3.64,ST05_Tangerang,First Mile Delay
SHPM003638,AWB260003638,2026-03-18 19:31:58.395773,2026-03-18 20:05:58.395773,2026-03-18 20:34:58.395773,2026-03-18 22:30:30.391548,2026-03-18 22:38:30.391548,2026-03-18 23:17:30.391548,2026-03-19 01:56:55.179967,2026-03-19 10:35:18.534570,2026-03-19 15:19:53.422085,2026-03-20 00:22:59.749977,2026-03-20 10:42:45.649063,2026-03-20 07:31:58.395773,Delivered,Closed,SHP003,Shipper 003,Marketplace,Outer Java,ST15_Medan,HB05_SUMATRA_GATEWAY,Jabodetabek,ST01_JKT_Central,HB01_JKT_GATEWAY,Inter-Region,Next Day,Prepaid,CR142,Bike,1.64,1.79,1.79,2067141,28055,16549,4,1,0,,8.0,36,0,0,,1,0,,0,,39.18,2.66,4.74,ST01_JKT_Central,Last Mile Delay
SHPM003639,AWB260003639,2026-02-27 07:38:40.949330,2026-02-27 08:20:40.949330,2026-02-27 08:27:40.949330,2026-02-27 10:36:39.649223,2026-02-27 11:17:39.649223,2026-02-27 12:43:39.649223,2026-02-27 17:22:43.799659,2026-02-27 22:43:48.786291,2026-02-28 06:10:15.783911,2026-02-28 19:48:30.097466,2026-03-01 02:28:56.812363,2026-02-28 19:38:40.949330,Delivered,Closed,SHP074,Shipper 074,Enterprise,Outer Java,ST16_Palembang,HB05_SUMATRA_GATEWAY,Jabodetabek,ST01_JKT_Central,HB01_JKT_GATEWAY,Inter-Region,Next Day,Prepaid,CR152,Bike,2.94,3.71,3.71,587614,36695,33352,4,1,0,,41.0,36,0,0,,1,0,,0,,42.84,4.65,7.44,ST01_JKT_Central,Last Mile Delay
SHPM003640,AWB260003640,2026-03-28 10:48:34.753658,2026-03-28 11:22:34.753658,2026-03-28 11:49:34.753658,2026-03-28 17:26:03.102287,2026-03-28 18:26:03.102287,2026-03-28 19:53:03.102287,2026-03-29 00:42:46.330931,2026-03-29 03:18:48.058845,2026-03-29 09:48:32.332558,2026-03-29 21:44:44.222049,2026-03-30 11:55:13.431573,2026-03-31 10:48:34.753658,Delivered,Closed,SHP003,Shipper 003,Marketplace,Outer Java,ST15_Medan,HB05_SUMATRA_GATEWAY,West Java,ST08_Bogor,HB01_JKT_GATEWAY,Inter-Region,Regular,Prepaid,CR142,Bike,0.97,0.91,0.97,390169,16365,14494,8,1,0,,60.0,72,1,0,,1,0,,0,,49.11,4.83,6.5,ST08_Bogor,
SHPM003641,AWB260003641,2026-03-29 08:17:12.971505,2026-03-29 08:56:12.971505,2026-03-29 09:55:12.971505,2026-03-29 20:44:33.163025,2026-03-29 21:49:33.163025,2026-03-29 22:06:33.163025,2026-03-30 02:13:08.483123,2026-03-30 07:55:46.639149,2026-03-30 18:05:34.581235,2026-03-31 06:35:42.228591,2026-03-31 12:48:14.075881,2026-04-01 08:17:12.971505,Delivered,Closed,SHP076,Shipper 076,Enterprise,West Java,ST07_Cirebon,HB02_BDG_TRANSIT,Jabodetabek,ST01_JKT_Central,HB01_JKT_GATEWAY,Inter-Region,Regular,Prepaid,CR064,Van,0.93,1.3,1.3,1014684,17850,10363,8,0,0,,65.0,72,1,0,,1,0,,0,,52.52,4.11,10.16,ST01_JKT_Central,
SHPM003642,AWB260003642,2026-03-27 08:26:05.597123,2026-03-27 09:05:05.597123,2026-03-27 09:31:05.597123,2026-03-27 16:10:04.078152,2026-03-27 16:49:04.078152,2026-03-27 18:31:04.078152,2026-03-27 22:45:32.576371,2026-03-28 05:39:32.504374,2026-03-28 13:19:00.124891,2026-03-28 19:50:19.662302,2026-03-29 03:28:05.497063,2026-03-30 08:26:05.597123,Delivered,Closed,SHP098,Shipper 098,Marketplace,Outer Java,ST17_Makassar,HB06_EASTERN_GATEWAY,East Java,ST14_Kediri,HB03_SBY_GATEWAY,Inter-Region,Regular,Prepaid,CR156,Bike,1.12,1.05,1.12,1187210,17040,11963,8,1,0,,39.0,72,1,0,,1,0,,0,,43.03,4.24,7.66,ST14_Kediri,
SHPM003643,AWB260003643,2026-03-18 21:53:38.482754,2026-03-18 22:15:38.482754,2026-03-18 22:54:38.482754,2026-03-19 06:59:01.600942,2026-03-19 07:34:01.600942,2026-03-19 08:06:01.600942,2026-03-19 10:31:51.919770,2026-03-19 19:44:52.955292,2026-03-20 08:19:40.107232,2026-03-20 21:46:53.058504,2026-03-21 22:12:08.714140,2026-03-21 21:53:38.482754,Delivered,Closed,SHP046,Shipper 046,SME,East Java,ST14_Kediri,HB03_SBY_GATEWAY,Outer Java,ST19_Denpasar,HB06_EASTERN_GATEWAY,Inter-Region,Regular,Prepaid,CR132,Van,0.97,0.98,0.98,952249,16410,13797,8,0,0,,35.0,72,0,0,,1,0,,0,,72.31,2.43,12.58,ST19_Denpasar,First Mile Delay
SHPM003644,AWB260003644,2026-03-29 05:35:37.937115,2026-03-29 05:49:37.937115,2026-03-29 06:44:37.937115,2026-03-29 08:14:25.693080,2026-03-29 09:01:25.693080,2026-03-29 10:28:25.693080,2026-03-29 13:01:21.924014,2026-03-29 22:29:41.159993,2026-03-30 14:18:03.680783,2026-04-01 10:38:08.885132,2026-04-01 13:10:02.761172,2026-03-29 21:35:37.937115,Delivered,Closed,SHP010,Shipper 010,Enterprise,East Java,ST12_Surabaya,HB03_SBY_GATEWAY,Jabodetabek,ST03_JKT_East,HB01_JKT_GATEWAY,Inter-Region,Same Day,COD,CR107,Bike,1.2,1.22,1.22,1035204,36490,20622,2,0,0,,47.0,16,0,0,,1,1,Invalid Address,0,,79.57,2.55,15.81,ST03_JKT_East,First Mile Delay
SHPM003645,AWB260003645,2026-03-08 18:19:15.899641,2026-03-08 18:58:15.899641,2026-03-08 19:19:15.899641,2026-03-08 23:45:39.528392,2026-03-09 00:45:39.528392,2026-03-09 01:15:39.528392,2026-03-09 06:45:18.618056,2026-03-09 12:53:28.521494,2026-03-10 00:33:35.995977,2026-03-10 10:16:49.196449,2026-03-10 16:19:17.291211,2026-03-10 06:19:15.899641,Delivered,Closed,SHP044,Shipper 044,Marketplace,Jabodetabek,ST05_Tangerang,HB01_JKT_GATEWAY,East Java,ST13_Malang,HB03_SBY_GATEWAY,Inter-Region,Next Day,COD,CR045,Bike,1.25,1.17,1.25,593365,29625,27165,4,0,0,,60.0,36,0,0,,1,0,,0,,46.0,5.49,11.67,ST13_Malang,First Mile Delay
SHPM003646,AWB260003646,2026-03-05 19:39:30.895136,2026-03-05 19:47:30.895136,2026-03-05 20:41:30.895136,2026-03-05 22:02:00.604492,2026-03-05 23:00:00.604492,2026-03-06 00:22:00.604492,2026-03-06 04:50:31.508972,2026-03-06 10:20:09.973143,2026-03-06 12:27:27.828810,2026-03-07 02:32:54.793152,2026-03-07 04:32:51.211834,2026-03-06 11:39:30.895136,Delivered,Closed,SHP084,Shipper 084,Enterprise,Central Java,ST11_Yogyakarta,HB04_CTG_NATIONAL,Jabodetabek,ST02_JKT_West,HB01_JKT_GATEWAY,Inter-Region,Same Day,COD,CR101,Van,3.03,3.05,3.05,918828,44725,26033,2,0,0,,58.0,16,0,0,,1,0,,0,,32.89,4.48,2.12,ST02_JKT_West,First Mile Delay
SHPM003647,AWB260003647,2026-03-24 01:21:16.106423,2026-03-24 02:05:16.106423,2026-03-24 02:47:16.106423,2026-03-24 03:43:33.386440,2026-03-24 04:10:33.386440,2026-03-24 04:44:33.386440,2026-03-24 09:51:58.536268,2026-03-24 15:20:22.899808,2026-03-25 02:50:50.086599,2026-03-25 09:07:20.146259,2026-03-25 14:15:46.856161,2026-03-24 17:21:16.106423,Delivered,Closed,SHP076,Shipper 076,Enterprise,West Java,ST06_Bandung,HB01_JKT_GATEWAY,Outer Java,ST20_Banjarmasin,HB06_EASTERN_GATEWAY,Inter-Region,Same Day,COD,CR059,Bike,0.64,0.96,0.96,1308481,35320,28345,2,1,0,,27.0,16,0,0,,1,0,,0,,36.91,5.12,11.51,ST20_Banjarmasin,Hub Bottleneck
SHPM003648,AWB260003648,2026-03-21 03:31:11.512360,2026-03-21 03:59:11.512360,2026-03-21 04:39:11.512360,2026-03-21 05:57:38.462592,2026-03-21 06:40:38.462592,2026-03-21 07:27:38.462592,2026-03-21 09:58:25.401690,2026-03-21 17:22:34.368525,2026-03-21 21:52:29.838113,2026-03-22 14:23:04.228462,2026-03-22 17:30:00.001470,2026-03-22 15:31:11.512360,Delivered,Closed,SHP017,Shipper 017,Marketplace,Outer Java,ST16_Palembang,HB05_SUMATRA_GATEWAY,East Java,ST13_Malang,HB03_SBY_GATEWAY,Inter-Region,Next Day,COD,CR147,Van,1.12,1.1,1.12,2040716,29040,17241,4,1,0,,43.0,36,0,0,,1,0,,0,,37.98,2.51,4.5,ST13_Malang,Last Mile Delay
SHPM003649,AWB260003649,2026-02-20 11:27:43.264788,2026-02-20 12:04:43.264788,2026-02-20 12:32:43.264788,2026-02-20 12:55:09.442880,2026-02-20 13:39:09.442880,2026-02-20 15:21:09.442880,2026-02-20 17:20:50.290799,2026-02-21 01:43:43.547955,2026-02-21 09:45:43.417081,2026-02-21 21:26:24.246966,2026-02-22 02:00:42.008507,2026-02-21 03:27:43.264788,Delivered,Closed,SHP026,Shipper 026,Marketplace,Outer Java,ST18_Balikpapan,HB06_EASTERN_GATEWAY,East Java,ST14_Kediri,HB03_SBY_GATEWAY,Inter-Region,Same Day,Prepaid,CR169,Van,0.6,0.57,0.6,1010908,29700,26556,2,1,0,,44.0,16,0,0,,1,0,,0,,38.55,1.99,8.03,ST14_Kediri,Last Mile Delay
SHPM003650,AWB260003650,2026-02-21 04:24:45.108013,2026-02-21 05:08:45.108013,2026-02-21 05:51:45.108013,2026-02-21 06:37:31.018088,2026-02-21 07:06:31.018088,2026-02-21 07:21:31.018088,2026-02-21 11:26:15.839038,2026-02-21 15:40:48.883126,2026-02-21 20:54:58.393904,2026-02-22 12:48:50.045329,2026-02-22 20:59:50.989518,2026-02-22 16:24:45.108013,Delivered,Closed,SHP049,Shipper 049,Enterprise,Jabodetabek,ST01_JKT_Central,HB01_JKT_GATEWAY,Central Java,ST09_Semarang,HB04_CTG_NATIONAL,Inter-Region,Next Day,COD,CR001,Truck,2.86,4.35,4.35,1229628,43575,40086,4,1,0,,29.0,36,0,0,,1,0,,0,,40.58,4.08,5.24,ST09_Semarang,Last Mile Delay
SHPM003651,AWB260003651,2026-02-16 04:15:54.420802,2026-02-16 04:37:54.420802,2026-02-16 05:03:54.420802,2026-02-16 11:58:13.505157,2026-02-16 12:20:13.505157,2026-02-16 13:19:13.505157,2026-02-16 19:11:53.089396,2026-02-17 03:08:01.165538,2026-02-17 04:52:52.396256,2026-02-17 14:05:00.347719,2026-02-17 19:34:04.635236,2026-02-19 04:15:54.420802,Delivered,Closed,SHP095,Shipper 095,Enterprise,Central Java,ST11_Yogyakarta,HB04_CTG_NATIONAL,Jabodetabek,ST02_JKT_West,HB01_JKT_GATEWAY,Inter-Region,Regular,Prepaid,CR105,Van,4.83,4.97,4.97,1558141,34365,26996,8,1,0,,22.0,72,1,0,,1,0,,0,,39.3,5.88,1.75,ST02_JKT_West,
SHPM003652,AWB260003652,2026-02-22 23:19:00.094904,2026-02-22 23:24:00.094904,2026-02-22 23:53:00.094904,2026-02-23 01:12:22.630213,2026-02-23 01:31:22.630213,2026-02-23 02:50:22.630213,2026-02-23 05:07:17.432057,2026-02-23 14:20:07.897697,2026-02-23 21:31:24.014390,2026-02-24 12:30:20.352158,,2026-02-23 15:19:00.094904,Return To Sender,RTS,SHP039,Shipper 039,Marketplace,Central Java,ST10_Solo,HB04_CTG_NATIONAL,West Java,ST06_Bandung,HB01_JKT_GATEWAY,Inter-Region,Same Day,COD,CR099,Bike,4.04,6.61,6.61,1173903,60745,47087,2,1,0,,19.0,16,0,1,Customer Not Home,1,0,,1,Customer Not Home,1020.68,2.28,7.19,ST06_Bandung,Delivery Exception
SHPM003653,AWB260003653,2026-03-17 03:26:55.467648,2026-03-17 03:53:55.467648,2026-03-17 04:18:55.467648,2026-03-17 06:45:04.425151,2026-03-17 07:07:04.425151,2026-03-17 08:19:04.425151,2026-03-17 11:27:01.536076,2026-03-17 15:28:34.296229,2026-03-17 21:27:38.337111,2026-03-18 12:35:51.792775,2026-03-18 14:48:13.706501,2026-03-18 15:26:55.467648,Delivered,Closed,SHP004,Shipper 004,Marketplace,Jabodetabek,ST01_JKT_Central,HB01_JKT_GATEWAY,Central Java,ST09_Semarang,HB04_CTG_NATIONAL,Inter-Region,Next Day,Prepaid,CR002,Bike,2.27,2.22,2.27,1950154,30215,19521,4,1,0,,22.0,36,1,0,,1,0,,0,,35.36,3.13,5.98,ST09_Semarang,
SHPM003654,AWB260003654,2026-02-28 03:39:40.107136,2026-02-28 04:10:40.107136,2026-02-28 04:42:40.107136,,,,,,,,,2026-02-28 19:39:40.107136,Failed Pickup,Exception,SHP066,Shipper 066,Marketplace,West Java,ST07_Cirebon,HB02_BDG_TRANSIT,Central Java,ST10_Solo,HB04_CTG_NATIONAL,Inter-Region,Same Day,Prepaid,CR073,Bike,1.47,1.82,1.82,1235468,35190,22600,2,0,1,Capacity Full,,16,0,0,,0,0,,0,,896.34,,,ST07_Cirebon,
SHPM003655,AWB260003655,2026-03-29 18:06:09.401897,2026-03-29 18:20:09.401897,2026-03-29 18:34:09.401897,2026-03-29 19:10:02.671701,2026-03-29 20:18:02.671701,2026-03-29 21:13:02.671701,2026-03-29 22:55:11.839130,2026-03-30 07:40:12.098644,2026-03-30 14:58:24.103021,2026-03-31 00:55:14.896089,2026-03-31 03:24:07.809188,2026-03-30 10:06:09.401897,Delivered,Closed,SHP093,Shipper 093,SME,East Java,ST13_Malang,HB03_SBY_GATEWAY,West Java,ST08_Bogor,HB01_JKT_GATEWAY,Inter-Region,Same Day,Prepaid,CR114,Bike,1.26,1.34,1.34,774033,33030,22410,2,1,0,,68.0,16,0,0,,1,0,,0,,33.3,1.7,7.3,ST08_Bogor,Last Mile Delay
SHPM003656,AWB260003656,2026-02-23 05:14:55.840154,2026-02-23 05:20:55.840154,2026-02-23 05:54:55.840154,2026-02-23 06:49:08.289938,2026-02-23 06:57:08.289938,2026-02-23 07:41:08.289938,2026-02-23 09:20:59.504267,2026-02-23 18:50:17.693982,2026-02-23 23:20:18.987360,2026-02-24 12:57:13.648449,2026-02-24 20:12:30.520442,2026-02-24 17:14:55.840154,Delivered,Closed,SHP024,Shipper 024,Marketplace,Jabodetabek,ST03_JKT_East,HB01_JKT_GATEWAY,Central Java,ST09_Semarang,HB04_CTG_NATIONAL,Inter-Region,Next Day,Prepaid,CR028,Bike,2.44,2.4,2.44,1176094,30980,27152,4,1,0,,8.0,36,0,0,,1,0,,0,,38.96,1.66,4.5,ST09_Semarang,Last Mile Delay
SHPM003657,AWB260003657,2026-03-03 13:59:35.051336,2026-03-03 14:07:35.051336,2026-03-03 14:22:35.051336,2026-03-03 15:42:34.561451,2026-03-03 16:10:34.561451,2026-03-03 17:59:34.561451,2026-03-03 21:53:04.467915,2026-03-04 02:15:16.582097,2026-03-04 14:02:00.501705,2026-03-05 02:05:46.859047,2026-03-05 06:29:34.490092,2026-03-05 01:59:35.051336,Delivered,Closed,SHP009,Shipper 009,Marketplace,West Java,ST08_Bogor,HB01_JKT_GATEWAY,Central Java,ST09_Semarang,HB04_CTG_NATIONAL,Inter-Region,Next Day,Prepaid,CR081,Van,2.19,2.02,2.19,2518616,29855,17308,4,1,0,,28.0,36,0,0,,1,0,,0,,40.5,3.89,11.78,ST09_Semarang,Hub Bottleneck
SHPM003658,AWB260003658,2026-03-29 03:14:46.374206,2026-03-29 03:57:46.374206,2026-03-29 04:15:46.374206,2026-03-29 11:45:56.268742,2026-03-29 12:07:56.268742,2026-03-29 13:06:56.268742,2026-03-29 15:19:21.055403,2026-03-29 16:51:01.253898,2026-03-29 19:52:09.361438,2026-03-29 21:51:21.522704,2026-03-30 09:46:27.802630,2026-03-31 03:14:46.374206,Delivered,Closed,SHP002,Shipper 002,Enterprise,Jabodetabek,ST01_JKT_Central,HB01_JKT_GATEWAY,Jabodetabek,ST04_Bekasi,HB01_JKT_GATEWAY,Intra-Region,Regular,Prepaid,CR007,Van,1.52,1.49,1.52,1278341,18840,15228,8,1,0,,22.0,48,1,0,,1,0,,0,,30.53,2.21,3.02,ST04_Bekasi,
SHPM003659,AWB260003659,2026-03-25 22:28:26.568938,2026-03-25 22:55:26.568938,2026-03-25 23:26:26.568938,2026-03-26 08:46:17.678397,2026-03-26 10:25:17.678397,2026-03-26 12:25:17.678397,2026-03-26 20:10:40.850121,2026-03-27 00:07:40.769688,2026-03-27 13:07:03.086834,2026-03-27 22:16:49.691919,2026-03-28 08:52:54.164316,2026-03-27 10:28:26.568938,Delivered,Closed,SHP018,Shipper 018,Enterprise,West Java,ST07_Cirebon,HB02_BDG_TRANSIT,Outer Java,ST18_Balikpapan,HB06_EASTERN_GATEWAY,Inter-Region,Next Day,Prepaid,CR070,Van,0.27,0.28,0.28,770106,21260,15581,4,0,0,,99.0,36,0,0,,1,0,,0,,58.41,7.76,12.99,ST18_Balikpapan,First Mile Delay
SHPM003660,AWB260003660,2026-03-09 15:44:19.283252,2026-03-09 15:54:19.283252,2026-03-09 16:17:19.283252,2026-03-09 21:39:06.811917,2026-03-09 22:38:06.811917,2026-03-10 00:22:06.811917,2026-03-10 04:00:10.641938,2026-03-10 06:45:56.587258,2026-03-10 18:38:47.910628,2026-03-11 01:18:43.027055,2026-03-11 08:42:03.002209,2026-03-12 15:44:19.283252,Delivered,Closed,SHP048,Shipper 048,Enterprise,Outer Java,ST17_Makassar,HB06_EASTERN_GATEWAY,West Java,ST06_Bandung,HB01_JKT_GATEWAY,Inter-Region,Regular,Prepaid,CR158,Bike,0.55,0.55,0.55,1311139,14475,8675,8,1,0,,59.0,72,1,0,,1,0,,0,,40.96,3.63,11.88,ST06_Bandung,
SHPM003661,AWB260003661,2026-03-06 05:30:07.659039,2026-03-06 06:07:07.659039,2026-03-06 06:33:07.659039,2026-03-06 07:15:59.460578,2026-03-06 08:16:59.460578,2026-03-06 08:54:59.460578,2026-03-06 14:13:48.003958,2026-03-06 21:02:09.540722,2026-03-07 04:35:10.895487,2026-03-07 14:34:43.880764,2026-03-07 18:24:21.460258,2026-03-06 21:30:07.659039,Delivered,Closed,SHP062,Shipper 062,Enterprise,Jabodetabek,ST03_JKT_East,HB01_JKT_GATEWAY,West Java,ST08_Bogor,HB01_JKT_GATEWAY,Inter-Region,Same Day,COD,CR030,Van,7.1,7.24,7.24,2312537,63580,53612,2,1,0,,61.0,16,0,0,,1,0,,0,,36.9,5.31,7.55,ST08_Bogor,Last Mile Delay
SHPM003662,AWB260003662,2026-03-22 21:16:54.369603,2026-03-22 21:46:54.369603,2026-03-22 22:29:54.369603,2026-03-23 04:47:43.370756,2026-03-23 05:30:43.370756,2026-03-23 07:06:43.370756,2026-03-23 11:26:01.936778,2026-03-23 16:59:37.669840,2026-03-24 03:58:25.725984,2026-03-24 12:49:28.451462,2026-03-24 20:13:28.071936,2026-03-25 21:16:54.369603,Delivered,Closed,SHP072,Shipper 072,Enterprise,Outer Java,ST17_Makassar,HB06_EASTERN_GATEWAY,East Java,ST12_Surabaya,HB03_SBY_GATEWAY,Inter-Region,Regular,COD,CR162,Bike,0.31,0.31,0.31,1392595,17395,15224,8,1,0,,43.0,72,1,0,,1,0,,0,,46.94,4.32,10.98,ST12_Surabaya,
SHPM003663,AWB260003663,2026-03-22 03:41:36.420290,2026-03-22 03:57:36.420290,2026-03-22 04:32:36.420290,2026-03-22 08:54:10.011810,2026-03-22 09:25:10.011810,2026-03-22 10:56:10.011810,2026-03-22 13:01:28.113647,2026-03-22 16:47:20.865401,2026-03-23 03:30:37.528524,2026-03-23 15:57:50.132119,2026-03-24 01:41:26.264724,2026-03-25 03:41:36.420290,Delivered,Closed,SHP088,Shipper 088,SME,Outer Java,ST16_Palembang,HB05_SUMATRA_GATEWAY,Central Java,ST09_Semarang,HB04_CTG_NATIONAL,Inter-Region,Regular,Prepaid,CR152,Bike,2.11,2.5,2.5,1082795,23250,13481,8,1,0,,31.0,72,1,0,,1,0,,0,,46.0,2.09,10.72,ST09_Semarang,
SHPM003664,AWB260003664,2026-03-20 05:30:04.774559,2026-03-20 05:58:04.774559,2026-03-20 06:41:04.774559,2026-03-20 08:20:16.311053,2026-03-20 09:25:16.311053,2026-03-20 11:17:16.311053,2026-03-20 14:07:47.708673,2026-03-20 22:17:25.477192,2026-03-21 04:15:21.953959,2026-03-21 12:44:49.285191,2026-03-21 17:33:29.994521,2026-03-20 21:30:04.774559,Delivered,Closed,SHP062,Shipper 062,Enterprise,Jabodetabek,ST04_Bekasi,HB01_JKT_GATEWAY,Outer Java,ST20_Banjarmasin,HB06_EASTERN_GATEWAY,Inter-Region,Same Day,Prepaid,CR035,Bike,0.89,0.88,0.89,1993792,31005,25693,2,0,0,,65.0,16,0,0,,1,0,,0,,36.06,2.84,5.97,ST20_Banjarmasin,First Mile Delay
SHPM003665,AWB260003665,2026-03-12 23:18:24.674843,2026-03-12 23:35:24.674843,2026-03-13 00:03:24.674843,2026-03-13 03:06:01.353362,2026-03-13 04:02:01.353362,2026-03-13 05:53:01.353362,2026-03-13 08:11:35.391621,2026-03-13 13:48:38.852616,2026-03-13 19:52:57.289185,2026-03-14 02:27:16.350942,2026-03-14 10:46:05.820890,2026-03-15 23:18:24.674843,Delivered,Closed,SHP002,Shipper 002,Enterprise,Jabodetabek,ST01_JKT_Central,HB01_JKT_GATEWAY,Central Java,ST11_Yogyakarta,HB04_CTG_NATIONAL,Inter-Region,Regular,Prepaid,CR009,Bike,1.14,1.11,1.14,942230,17130,11975,8,1,0,,56.0,72,1,0,,1,0,,0,,35.46,2.31,6.07,ST11_Yogyakarta,
SHPM003666,AWB260003666,2026-03-08 11:05:36.099103,2026-03-08 11:15:36.099103,2026-03-08 11:50:36.099103,2026-03-08 13:08:50.955833,2026-03-08 14:18:50.955833,2026-03-08 14:40:50.955833,2026-03-08 17:43:37.782366,2026-03-09 02:44:42.892003,2026-03-09 17:44:24.462470,2026-03-10 03:27:09.194906,2026-03-10 14:07:24.724342,2026-03-09 23:05:36.099103,Delivered,Closed,SHP006,Shipper 006,Marketplace,East Java,ST14_Kediri,HB03_SBY_GATEWAY,Central Java,ST10_Solo,HB04_CTG_NATIONAL,Inter-Region,Next Day,COD,CR129,Bike,0.67,1.03,1.03,885384,28635,21110,4,1,0,,70.0,36,0,0,,1,0,,0,,51.03,3.05,14.99,ST10_Solo,Hub Bottleneck
SHPM003667,AWB260003667,2026-03-28 19:32:28.322007,2026-03-28 20:10:28.322007,2026-03-28 20:34:28.322007,2026-03-28 21:26:03.531755,2026-03-28 21:55:03.531755,2026-03-28 22:28:03.531755,2026-03-29 03:22:49.606301,2026-03-29 07:47:50.552667,2026-03-29 18:40:31.522472,2026-03-30 10:27:03.277888,2026-03-30 12:35:22.525419,2026-03-29 11:32:28.322007,Delivered,Closed,SHP070,Shipper 070,Enterprise,Jabodetabek,ST04_Bekasi,HB01_JKT_GATEWAY,Central Java,ST10_Solo,HB04_CTG_NATIONAL,Inter-Region,Same Day,Prepaid,CR043,Bike,0.78,1.15,1.15,329184,32175,23008,2,1,0,,29.0,16,0,0,,1,0,,0,,41.05,4.91,10.88,ST10_Solo,Hub Bottleneck
SHPM003668,AWB260003668,2026-03-31 13:19:27.950472,2026-03-31 14:04:27.950472,2026-03-31 14:37:27.950472,2026-03-31 15:48:45.955083,2026-03-31 16:42:45.955083,2026-03-31 17:17:45.955083,2026-03-31 20:08:04.804092,2026-03-31 23:25:25.793242,2026-04-01 08:23:44.212767,2026-04-01 14:07:53.188101,2026-04-01 23:53:38.928074,2026-04-01 13:19:27.950472,Delivered,Closed,SHP049,Shipper 049,Enterprise,Jabodetabek,ST05_Tangerang,HB01_JKT_GATEWAY,Jabodetabek,ST04_Bekasi,HB01_JKT_GATEWAY,Intra-Region,Next Day,COD,CR053,Van,0.48,0.49,0.49,1059227,26205,16013,4,1,0,,54.0,24,0,0,,1,0,,0,,34.57,2.84,8.97,ST04_Bekasi,Last Mile Delay
SHPM003669,AWB260003669,2026-03-21 04:46:15.175037,2026-03-21 05:23:15.175037,2026-03-21 05:59:15.175037,2026-03-21 07:01:58.182390,2026-03-21 07:29:58.182390,2026-03-21 08:06:58.182390,2026-03-21 12:09:14.347985,2026-03-21 21:48:43.486298,2026-03-22 09:07:56.712503,2026-03-22 17:27:47.200188,2026-03-22 22:06:48.992246,2026-03-22 16:46:15.175037,Delivered,Closed,SHP094,Shipper 094,SME,Outer Java,ST17_Makassar,HB06_EASTERN_GATEWAY,Jabodetabek,ST01_JKT_Central,HB01_JKT_GATEWAY,Inter-Region,Next Day,Prepaid,CR158,Van,1.7,1.61,1.7,1346735,27650,22689,4,1,0,,28.0,36,0,0,,1,0,,0,,41.34,4.04,11.32,ST01_JKT_Central,Hub Bottleneck
SHPM003670,AWB260003670,2026-03-20 00:51:52.713599,2026-03-20 00:59:52.713599,2026-03-20 01:34:52.713599,2026-03-20 02:14:57.713648,2026-03-20 02:50:57.713648,2026-03-20 04:07:57.713648,2026-03-20 10:05:09.009640,2026-03-20 17:54:19.536611,2026-03-20 20:56:11.110666,2026-03-21 13:44:04.629173,2026-03-21 16:32:32.711327,2026-03-20 16:51:52.713599,Delivered,Closed,SHP080,Shipper 080,SME,Outer Java,ST19_Denpasar,HB06_EASTERN_GATEWAY,Jabodetabek,ST04_Bekasi,HB01_JKT_GATEWAY,Inter-Region,Same Day,COD,CR177,Bike,0.73,0.73,0.73,493820,34285,32249,2,1,0,,36.0,16,0,0,,1,0,,0,,39.68,5.95,3.03,ST04_Bekasi,Last Mile Delay
SHPM003671,AWB260003671,2026-03-04 23:28:00.128688,2026-03-04 23:56:00.128688,2026-03-05 00:01:00.128688,2026-03-05 06:16:13.636701,2026-03-05 07:03:13.636701,2026-03-05 07:55:13.636701,2026-03-05 12:39:28.944953,2026-03-05 16:32:54.992112,2026-03-05 22:07:30.467183,2026-03-06 00:46:00.510927,2026-03-06 04:46:55.320881,2026-03-06 23:28:00.128688,Delivered,Closed,SHP062,Shipper 062,Enterprise,Jabodetabek,ST04_Bekasi,HB01_JKT_GATEWAY,Jabodetabek,ST05_Tangerang,HB01_JKT_GATEWAY,Intra-Region,Regular,Prepaid,CR042,Van,1.69,1.77,1.77,1080492,19965,14029,8,1,0,,47.0,48,1,0,,1,0,,0,,29.32,4.74,5.58,ST05_Tangerang,
SHPM003672,AWB260003672,2026-03-25 16:15:57.663157,2026-03-25 16:21:57.663157,2026-03-25 16:59:57.663157,2026-03-25 18:36:15.647092,2026-03-25 18:44:15.647092,2026-03-25 19:51:15.647092,2026-03-25 22:05:33.345269,2026-03-26 03:27:25.417635,2026-03-26 07:25:50.978586,2026-03-26 12:34:42.970498,2026-03-26 19:45:15.302777,2026-03-28 16:15:57.663157,Delivered,Closed,SHP076,Shipper 076,Enterprise,West Java,ST06_Bandung,HB01_JKT_GATEWAY,Central Java,ST11_Yogyakarta,HB04_CTG_NATIONAL,Inter-Region,Regular,Prepaid,CR057,Bike,0.49,0.52,0.52,1545738,14340,9285,8,1,0,,8.0,72,1,0,,1,0,,0,,27.49,2.24,3.97,ST11_Yogyakarta,
SHPM003673,AWB260003673,2026-03-14 21:48:20.602101,2026-03-14 22:01:20.602101,2026-03-14 22:27:20.602101,2026-03-14 23:39:21.399171,2026-03-14 23:55:21.399171,2026-03-15 01:05:21.399171,2026-03-15 02:36:04.400396,2026-03-15 10:48:48.999672,2026-03-16 05:58:30.907816,2026-03-16 18:36:51.659989,2026-03-16 23:27:30.714435,2026-03-15 13:48:20.602101,Delivered,Closed,SHP009,Shipper 009,Marketplace,West Java,ST06_Bandung,HB01_JKT_GATEWAY,Outer Java,ST18_Balikpapan,HB06_EASTERN_GATEWAY,Inter-Region,Same Day,Prepaid,CR062,Bike,1.14,1.07,1.14,1872082,32130,24268,2,1,0,,16.0,16,0,0,,1,0,,0,,49.65,1.51,19.16,ST18_Balikpapan,Hub Bottleneck
SHPM003674,AWB260003674,2026-02-26 17:21:15.112074,2026-02-26 18:01:15.112074,2026-02-26 18:40:15.112074,2026-02-26 22:07:53.739407,2026-02-26 22:31:53.739407,2026-02-26 23:49:53.739407,2026-02-27 03:26:02.105309,2026-02-27 05:45:58.779635,2026-02-27 19:04:17.195949,2026-02-28 03:12:06.213223,2026-02-28 07:15:04.157997,2026-03-01 17:21:15.112074,Delivered,Closed,SHP067,Shipper 067,SME,East Java,ST14_Kediri,HB03_SBY_GATEWAY,Jabodetabek,ST03_JKT_East,HB01_JKT_GATEWAY,Inter-Region,Regular,Prepaid,CR132,Bike,2.37,2.4,2.4,2022312,22800,18272,8,1,0,,24.0,72,1,0,,1,0,,0,,37.9,3.6,13.31,ST03_JKT_East,
SHPM003675,AWB260003675,2026-03-22 10:40:06.116248,2026-03-22 11:17:06.116248,2026-03-22 11:45:06.116248,2026-03-22 15:24:09.075932,2026-03-22 16:11:09.075932,2026-03-22 18:11:09.075932,2026-03-22 21:23:38.110103,2026-03-22 23:33:38.354638,2026-03-23 11:29:47.658370,2026-03-24 01:11:37.625067,2026-03-24 12:38:48.651816,2026-03-25 10:40:06.116248,Delivered,Closed,SHP002,Shipper 002,Enterprise,Jabodetabek,ST01_JKT_Central,HB01_JKT_GATEWAY,Central Java,ST11_Yogyakarta,HB04_CTG_NATIONAL,Inter-Region,Regular,COD,CR001,Bike,0.44,0.47,0.47,426390,18115,15211,8,1,0,,47.0,72,1,0,,1,0,,0,,49.98,3.21,11.94,ST11_Yogyakarta,
SHPM003676,AWB260003676,2026-02-28 14:00:18.587591,2026-02-28 14:21:18.587591,2026-02-28 14:40:18.587591,2026-02-28 18:34:34.461053,2026-02-28 19:14:34.461053,2026-02-28 19:51:34.461053,2026-03-01 00:39:05.387562,2026-03-01 06:41:37.890740,2026-03-01 16:23:09.347580,2026-03-02 05:48:09.496773,2026-03-02 13:05:25.888115,2026-03-03 14:00:18.587591,Delivered,Closed,SHP029,Shipper 029,SME,Outer Java,ST18_Balikpapan,HB06_EASTERN_GATEWAY,Jabodetabek,ST05_Tangerang,HB01_JKT_GATEWAY,Inter-Region,Regular,Prepaid,CR167,Van,3.03,3.19,3.19,960942,26355,15201,8,1,0,,40.0,72,1,0,,1,0,,0,,47.09,4.79,9.69,ST05_Tangerang,
SHPM003677,AWB260003677,2026-03-05 08:29:30.621388,2026-03-05 09:14:30.621388,2026-03-05 09:46:30.621388,2026-03-05 10:39:06.445202,2026-03-05 11:37:06.445202,2026-03-05 12:12:06.445202,2026-03-05 15:54:20.146822,2026-03-05 18:27:01.001117,2026-03-05 21:41:57.519632,2026-03-06 13:49:02.489752,2026-03-06 17:35:48.156007,2026-03-06 00:29:30.621388,Delivered,Closed,SHP008,Shipper 008,SME,Outer Java,ST16_Palembang,HB05_SUMATRA_GATEWAY,Jabodetabek,ST02_JKT_West,HB01_JKT_GATEWAY,Inter-Region,Same Day,Prepaid,CR152,Bike,1.0,1.05,1.05,631582,31725,24639,2,1,0,,58.0,16,0,0,,1,0,,0,,33.1,3.7,3.25,ST02_JKT_West,Last Mile Delay
SHPM003678,AWB260003678,2026-03-26 00:50:36.651315,2026-03-26 01:29:36.651315,2026-03-26 02:03:36.651315,2026-03-26 10:35:14.807444,2026-03-26 11:40:14.807444,2026-03-26 12:30:14.807444,2026-03-26 14:43:32.788786,2026-03-26 17:16:58.816656,2026-03-27 00:08:57.747006,2026-03-27 13:49:25.256264,,2026-03-29 00:50:36.651315,Damaged,Exception,SHP019,Shipper 019,Marketplace,West Java,ST07_Cirebon,HB02_BDG_TRANSIT,Jabodetabek,ST05_Tangerang,HB01_JKT_GATEWAY,Inter-Region,Regular,Prepaid,CR074,Bike,0.67,0.99,0.99,1357127,16455,11921,8,0,0,,65.0,72,0,0,,1,1,Damaged,0,,275.16,2.22,6.87,HB02_BDG_TRANSIT,
SHPM003679,AWB260003679,2026-03-10 10:07:48.482251,2026-03-10 10:27:48.482251,2026-03-10 11:12:48.482251,2026-03-10 14:45:44.087913,2026-03-10 15:23:44.087913,2026-03-10 16:13:44.087913,2026-03-10 17:15:04.744837,2026-03-10 22:11:34.017175,2026-03-11 05:06:17.156528,2026-03-11 10:03:49.931004,2026-03-11 20:10:04.491387,2026-03-11 10:07:48.482251,Delivered,Closed,SHP061,Shipper 061,Enterprise,Outer Java,ST18_Balikpapan,HB06_EASTERN_GATEWAY,Outer Java,ST17_Makassar,HB06_EASTERN_GATEWAY,Intra-Region,Next Day,Prepaid,CR165,Bike,1.0,0.97,1.0,773658,24500,14639,4,0,0,,38.0,24,0,0,,1,0,,0,,34.04,1.02,6.91,ST17_Makassar,First Mile Delay
SHPM003680,AWB260003680,2026-03-26 07:56:40.362104,2026-03-26 08:08:40.362104,2026-03-26 08:42:40.362104,2026-03-26 13:31:01.472388,2026-03-26 14:07:01.472388,2026-03-26 14:30:01.472388,2026-03-26 20:24:56.228607,2026-03-27 01:20:38.325515,2026-03-27 18:08:41.203071,2026-03-28 00:53:49.207574,2026-03-28 14:58:41.048782,2026-03-29 07:56:40.362104,Delivered,Closed,SHP021,Shipper 021,Marketplace,East Java,ST13_Malang,HB03_SBY_GATEWAY,West Java,ST06_Bandung,HB01_JKT_GATEWAY,Inter-Region,Regular,COD,CR114,Van,9.57,12.51,12.51,1338529,72295,46029,8,1,0,,36.0,72,1,0,,1,0,,0,,55.03,5.92,16.8,ST06_Bandung,
SHPM003681,AWB260003681,2026-03-06 11:34:24.131603,2026-03-06 12:06:24.131603,2026-03-06 12:23:24.131603,2026-03-06 16:25:13.805928,2026-03-06 17:29:13.805928,2026-03-06 19:17:13.805928,2026-03-07 00:59:30.467806,2026-03-07 06:09:10.296150,2026-03-07 15:40:00.427481,2026-03-08 07:35:00.032145,2026-03-08 18:01:47.967443,2026-03-07 23:34:24.131603,Delivered,Closed,SHP051,Shipper 051,Marketplace,Outer Java,ST19_Denpasar,HB06_EASTERN_GATEWAY,Jabodetabek,ST02_JKT_West,HB01_JKT_GATEWAY,Inter-Region,Next Day,COD,CR175,Bike,1.02,1.45,1.45,467384,30525,27933,4,0,0,,64.0,36,0,0,,1,0,,0,,54.46,5.7,9.51,ST02_JKT_West,First Mile Delay
SHPM003682,AWB260003682,2026-03-16 01:14:06.784056,2026-03-16 01:54:06.784056,2026-03-16 02:27:06.784056,2026-03-16 03:44:26.889370,2026-03-16 03:59:26.889370,2026-03-16 04:35:26.889370,2026-03-16 08:13:51.044854,2026-03-16 11:49:18.835812,2026-03-16 19:05:27.836546,2026-03-17 12:03:10.095199,2026-03-17 14:22:26.208936,2026-03-16 17:14:06.784056,Delivered,Closed,SHP095,Shipper 095,Enterprise,Central Java,ST11_Yogyakarta,HB04_CTG_NATIONAL,Jabodetabek,ST04_Bekasi,HB01_JKT_GATEWAY,Inter-Region,Same Day,Prepaid,CR100,Bike,1.57,1.92,1.92,134981,35640,33542,2,1,0,,15.0,16,0,0,,1,0,,0,,37.14,3.64,7.27,ST04_Bekasi,Last Mile Delay
SHPM003683,AWB260003683,2026-02-26 22:31:15.763919,2026-02-26 22:57:15.763919,2026-02-26 23:31:15.763919,2026-02-27 03:12:37.876362,2026-02-27 03:38:37.876362,2026-02-27 05:09:37.876362,2026-02-27 08:09:31.671967,2026-02-27 16:24:02.428704,2026-02-28 00:58:11.654600,2026-02-28 06:54:40.153808,2026-02-28 13:13:39.790241,2026-02-28 10:31:15.763919,Delivered,Closed,SHP028,Shipper 028,Marketplace,Jabodetabek,ST04_Bekasi,HB01_JKT_GATEWAY,Central Java,ST09_Semarang,HB04_CTG_NATIONAL,Inter-Region,Next Day,COD,CR039,Bike,1.83,2.6,2.6,1470879,35700,19682,4,0,0,,26.0,36,0,0,,1,0,,0,,38.71,3.0,8.57,ST09_Semarang,First Mile Delay
SHPM003684,AWB260003684,2026-03-20 22:12:45.445540,2026-03-20 22:53:45.445540,2026-03-20 23:36:45.445540,2026-03-21 06:55:28.297824,2026-03-21 07:29:28.297824,2026-03-21 09:04:28.297824,2026-03-21 14:23:13.781076,2026-03-21 17:10:18.130922,2026-03-23 07:40:17.563222,2026-03-23 23:16:36.916447,2026-03-24 08:58:52.137865,2026-03-23 22:12:45.445540,Delivered,Closed,SHP046,Shipper 046,SME,East Java,ST14_Kediri,HB03_SBY_GATEWAY,Outer Java,ST16_Palembang,HB05_SUMATRA_GATEWAY,Inter-Region,Regular,Prepaid,CR130,Bike,0.58,0.88,0.88,299129,15960,11028,8,0,0,,34.0,72,0,0,,1,0,,0,,82.77,5.31,38.5,ST16_Palembang,First Mile Delay
SHPM003685,AWB260003685,2026-02-26 04:17:23.864817,2026-02-26 04:23:23.864817,2026-02-26 04:40:23.864817,2026-02-26 09:08:09.128708,2026-02-26 09:48:09.128708,2026-02-26 11:46:09.128708,2026-02-26 14:24:39.210701,2026-02-26 20:57:37.403177,2026-02-27 02:33:12.589529,2026-02-27 11:23:39.751026,2026-02-28 01:26:13.281680,2026-03-01 04:17:23.864817,Delivered,Closed,SHP023,Shipper 023,Enterprise,West Java,ST08_Bogor,HB01_JKT_GATEWAY,Outer Java,ST18_Balikpapan,HB06_EASTERN_GATEWAY,Inter-Region,Regular,COD,CR078,Bike,0.37,0.37,0.37,1104384,17665,16190,8,1,0,,40.0,72,1,0,,1,0,,0,,45.15,2.64,5.59,ST18_Balikpapan,
SHPM003686,AWB260003686,2026-03-29 14:35:38.146807,2026-03-29 15:15:38.146807,2026-03-29 15:27:38.146807,2026-03-29 20:34:29.399772,2026-03-29 21:12:29.399772,2026-03-29 22:10:29.399772,2026-03-30 00:21:28.573489,2026-03-30 09:41:38.620812,2026-03-30 20:19:38.356600,2026-03-31 10:09:15.142574,2026-04-01 03:34:26.218544,2026-04-01 14:35:38.146807,Delivered,Closed,SHP087,Shipper 087,Enterprise,Jabodetabek,ST01_JKT_Central,HB01_JKT_GATEWAY,Central Java,ST09_Semarang,HB04_CTG_NATIONAL,Inter-Region,Regular,Prepaid,CR003,Bike,1.03,1.05,1.05,1388271,16725,13250,8,1,0,,38.0,72,1,0,,1,0,,0,,60.98,2.18,10.63,ST09_Semarang,
SHPM003687,AWB260003687,2026-02-18 23:38:50.285144,2026-02-19 00:10:50.285144,2026-02-19 00:38:50.285144,2026-02-19 03:30:46.496226,2026-02-19 04:28:46.496226,2026-02-19 06:01:46.496226,2026-02-19 08:50:50.075179,2026-02-19 17:55:13.738344,2026-02-19 23:57:25.279532,2026-02-20 10:28:58.140270,2026-02-20 18:59:44.923141,2026-02-21 23:38:50.285144,Delivered,Closed,SHP070,Shipper 070,Enterprise,Jabodetabek,ST04_Bekasi,HB01_JKT_GATEWAY,West Java,ST08_Bogor,HB01_JKT_GATEWAY,Inter-Region,Regular,Prepaid,CR039,Bike,4.0,4.97,4.97,874966,34365,28445,8,1,0,,58.0,72,1,0,,1,0,,0,,43.35,2.82,6.04,ST08_Bogor,
SHPM003688,AWB260003688,2026-02-20 19:59:19.971104,2026-02-20 20:11:19.971104,2026-02-20 20:55:19.971104,2026-02-20 21:26:35.443126,2026-02-20 21:50:35.443126,2026-02-20 22:17:35.443126,2026-02-21 03:47:23.467763,2026-02-21 07:30:31.032770,2026-02-21 12:41:48.542819,2026-02-21 17:52:41.076511,2026-02-22 00:15:58.854638,2026-02-21 05:59:19.971104,Delivered,Closed,SHP048,Shipper 048,Enterprise,Outer Java,ST17_Makassar,HB06_EASTERN_GATEWAY,Outer Java,ST20_Banjarmasin,HB06_EASTERN_GATEWAY,Intra-Region,Same Day,Prepaid,CR159,Van,0.45,0.41,0.45,1466530,29025,27284,2,1,0,,24.0,10,0,0,,1,0,,0,,28.28,5.5,5.19,ST20_Banjarmasin,Remote Area
SHPM003689,AWB260003689,2026-03-24 08:58:50.245715,2026-03-24 09:28:50.245715,2026-03-24 09:49:50.245715,2026-03-24 12:47:55.880101,2026-03-24 12:55:55.880101,2026-03-24 14:14:55.880101,2026-03-24 19:45:26.942283,2026-03-25 00:26:10.998528,2026-03-25 03:18:39.993029,2026-03-25 11:17:25.987186,2026-03-25 23:17:45.689932,2026-03-26 08:58:50.245715,Delivered,Closed,SHP070,Shipper 070,Enterprise,Jabodetabek,ST04_Bekasi,HB01_JKT_GATEWAY,Jabodetabek,ST02_JKT_West,HB01_JKT_GATEWAY,Intra-Region,Regular,Prepaid,CR033,Bike,1.17,1.1,1.17,416480,17265,15704,8,1,0,,8.0,48,1,0,,1,0,,0,,38.32,5.51,2.87,ST02_JKT_West,
SHPM003690,AWB260003690,2026-02-18 01:12:51.483166,2026-02-18 01:57:51.483166,2026-02-18 02:21:51.483166,2026-02-18 03:02:29.934753,2026-02-18 03:36:29.934753,2026-02-18 05:05:29.934753,2026-02-18 10:44:16.494618,2026-02-18 20:06:52.465339,2026-02-19 03:58:42.302491,2026-02-19 13:31:58.993567,2026-02-20 01:55:44.447053,2026-02-19 13:12:51.483166,Delivered,Closed,SHP034,Shipper 034,Enterprise,Jabodetabek,ST01_JKT_Central,HB01_JKT_GATEWAY,Outer Java,ST16_Palembang,HB05_SUMATRA_GATEWAY,Inter-Region,Next Day,Prepaid,CR004,Bike,1.18,1.22,1.22,374130,25490,21393,4,1,0,,34.0,36,0,0,,1,0,,0,,48.71,5.65,7.86,ST16_Palembang,Remote Area
SHPM003691,AWB260003691,2026-02-17 02:00:09.813900,2026-02-17 02:07:09.813900,2026-02-17 02:21:09.813900,2026-02-17 10:32:39.695503,2026-02-17 11:01:39.695503,2026-02-17 12:31:39.695503,2026-02-17 16:08:15.046518,2026-02-17 21:11:50.171239,2026-02-18 14:00:15.400020,2026-02-19 07:07:54.022939,2026-02-19 11:36:06.578179,2026-02-20 02:00:09.813900,Delivered,Closed,SHP021,Shipper 021,Marketplace,East Java,ST14_Kediri,HB03_SBY_GATEWAY,West Java,ST08_Bogor,HB01_JKT_GATEWAY,Inter-Region,Regular,Prepaid,CR135,Van,1.14,1.19,1.19,2296114,17355,10460,8,0,0,,29.0,72,1,0,,1,0,,0,,57.6,3.61,16.81,ST08_Bogor,
SHPM003692,AWB260003692,2026-03-24 10:08:41.818843,2026-03-24 10:43:41.818843,2026-03-24 11:50:41.818843,,,,,,,,,2026-03-27 10:08:41.818843,Failed Pickup,Exception,SHP010,Shipper 010,Enterprise,East Java,ST12_Surabaya,HB03_SBY_GATEWAY,Central Java,ST11_Yogyakarta,HB04_CTG_NATIONAL,Inter-Region,Regular,Prepaid,CR107,Van,2.7,2.71,2.71,2305307,24195,16187,8,0,1,Schedule Miss,,72,0,0,,0,0,,0,,313.86,,,ST12_Surabaya,
SHPM003693,AWB260003693,2026-03-08 13:02:16.895418,2026-03-08 13:35:16.895418,2026-03-08 14:09:16.895418,2026-03-08 20:32:43.485984,2026-03-08 21:34:43.485984,2026-03-08 22:21:43.485984,2026-03-09 03:57:47.398860,2026-03-09 11:43:18.432688,2026-03-09 21:27:51.252923,2026-03-10 05:44:56.323226,2026-03-10 14:32:51.515967,2026-03-11 13:02:16.895418,Delivered,Closed,SHP097,Shipper 097,SME,Jabodetabek,ST03_JKT_East,HB01_JKT_GATEWAY,Outer Java,ST17_Makassar,HB06_EASTERN_GATEWAY,Inter-Region,Regular,COD,CR030,Bike,0.54,0.58,0.58,1268595,18610,10302,8,1,0,,62.0,72,1,0,,1,0,,0,,49.51,5.6,9.74,ST17_Makassar,
SHPM003694,AWB260003694,2026-02-21 20:15:50.670685,2026-02-21 20:51:50.670685,2026-02-21 21:35:50.670685,2026-02-22 01:44:39.969342,2026-02-22 02:40:39.969342,2026-02-22 04:06:39.969342,2026-02-22 06:03:07.192089,2026-02-22 10:12:12.186990,2026-02-22 20:14:27.257695,2026-02-24 16:43:32.620114,2026-02-24 22:39:19.143003,2026-02-23 08:15:50.670685,Delivered,Closed,SHP060,Shipper 060,Enterprise,East Java,ST12_Surabaya,HB03_SBY_GATEWAY,Central Java,ST09_Semarang,HB04_CTG_NATIONAL,Inter-Region,Next Day,Prepaid,CR113,Bike,0.78,0.74,0.78,517687,23510,14517,4,0,0,,56.0,36,0,0,,1,1,Missed Cut-Off,0,,74.39,1.94,10.04,ST09_Semarang,First Mile Delay
SHPM003695,AWB260003695,2026-02-16 17:12:29.161686,2026-02-16 17:54:29.161686,2026-02-16 18:19:29.161686,2026-02-17 02:53:18.328217,2026-02-17 03:06:18.328217,2026-02-17 03:35:18.328217,2026-02-17 04:40:52.387675,2026-02-17 08:46:04.652388,2026-02-17 19:12:08.367797,2026-02-19 20:49:41.063190,2026-02-20 06:45:51.850294,2026-02-19 17:12:29.161686,Delivered,Closed,SHP028,Shipper 028,Marketplace,Jabodetabek,ST01_JKT_Central,HB01_JKT_GATEWAY,East Java,ST14_Kediri,HB03_SBY_GATEWAY,Inter-Region,Regular,Prepaid,CR011,Van,1.33,1.44,1.44,1023218,18480,13018,8,0,0,,13.0,72,0,0,,1,1,Weather Delay,0,,85.56,1.09,10.43,ST14_Kediri,First Mile Delay
SHPM003696,AWB260003696,2026-03-11 00:05:00.378526,2026-03-11 00:23:00.378526,2026-03-11 00:54:00.378526,2026-03-11 08:49:21.565805,2026-03-11 09:21:21.565805,2026-03-11 10:46:21.565805,2026-03-11 12:02:23.314105,2026-03-11 17:26:23.528885,2026-03-12 08:51:25.953636,2026-03-12 16:52:49.079483,,2026-03-14 00:05:00.378526,Delivery Exception,Exception,SHP031,Shipper 031,SME,East Java,ST13_Malang,HB03_SBY_GATEWAY,West Java,ST07_Cirebon,HB02_BDG_TRANSIT,Inter-Region,Regular,Prepaid,CR121,Van,2.53,3.15,3.15,454605,26175,22161,8,0,0,,32.0,72,0,1,Invalid Address,2,0,,0,,635.92,1.27,15.42,ST07_Cirebon,Hub Bottleneck
SHPM003697,AWB260003697,2026-03-17 16:36:01.170682,2026-03-17 16:57:01.170682,2026-03-17 17:25:01.170682,2026-03-17 17:38:34.287280,2026-03-17 18:14:34.287280,2026-03-17 19:43:34.287280,2026-03-18 00:43:38.196868,2026-03-18 05:25:39.896475,2026-03-19 02:15:42.985273,2026-03-19 10:29:32.903769,2026-03-19 13:46:50.338660,2026-03-18 08:36:01.170682,Delivered,Closed,SHP020,Shipper 020,SME,East Java,ST14_Kediri,HB03_SBY_GATEWAY,Jabodetabek,ST01_JKT_Central,HB01_JKT_GATEWAY,Inter-Region,Same Day,COD,CR131,Van,1.19,1.09,1.19,1443877,36355,25996,2,1,0,,36.0,16,0,0,,1,0,,0,,45.18,5.0,20.83,ST01_JKT_Central,Hub Bottleneck
SHPM003698,AWB260003698,2026-03-23 16:36:22.345952,2026-03-23 16:41:22.345952,2026-03-23 17:22:22.345952,2026-03-23 21:09:07.074708,2026-03-23 22:31:07.074708,2026-03-23 22:55:07.074708,2026-03-24 00:01:49.882165,2026-03-24 08:18:42.324791,2026-03-24 19:37:48.789162,2026-03-25 02:44:27.272143,2026-03-25 05:14:28.479330,2026-03-25 04:36:22.345952,Delivered,Closed,SHP027,Shipper 027,SME,Jabodetabek,ST05_Tangerang,HB01_JKT_GATEWAY,West Java,ST06_Bandung,HB01_JKT_GATEWAY,Inter-Region,Next Day,COD,CR048,Bike,0.94,1.13,1.13,1732252,29085,22375,4,0,0,,82.0,36,0,0,,1,0,,0,,36.64,1.11,11.32,ST06_Bandung,First Mile Delay
SHPM003699,AWB260003699,2026-03-08 09:50:32.464738,2026-03-08 10:31:32.464738,2026-03-08 11:11:32.464738,2026-03-08 18:03:24.319830,2026-03-08 18:17:24.319830,2026-03-08 20:00:24.319830,2026-03-08 21:06:22.884764,2026-03-09 03:14:41.102352,2026-03-09 14:12:18.299687,2026-03-10 01:23:47.917816,2026-03-10 15:42:39.725403,2026-03-11 09:50:32.464738,Delivered,Closed,SHP095,Shipper 095,Enterprise,Central Java,ST10_Solo,HB04_CTG_NATIONAL,West Java,ST07_Cirebon,HB02_BDG_TRANSIT,Inter-Region,Regular,Prepaid,CR092,Van,1.37,1.26,1.37,1096930,18165,10993,8,1,0,,14.0,72,1,0,,1,0,,0,,53.87,1.1,10.96,ST07_Cirebon,
SHPM003700,AWB260003700,2026-03-31 05:29:33.417475,2026-03-31 05:46:33.417475,2026-03-31 06:22:33.417475,2026-03-31 10:13:45.571344,2026-03-31 10:57:45.571344,2026-03-31 12:21:45.571344,2026-03-31 14:28:07.002577,2026-03-31 17:43:57.392484,2026-03-31 20:53:30.669530,2026-04-01 01:31:21.400606,2026-04-01 17:35:45.812876,2026-04-02 05:29:33.417475,Delivered,Closed,SHP038,Shipper 038,Marketplace,Jabodetabek,ST02_JKT_West,HB01_JKT_GATEWAY,Jabodetabek,ST05_Tangerang,HB01_JKT_GATEWAY,Intra-Region,Regular,COD,CR015,Bike,1.74,1.73,1.74,1288946,23830,16516,8,1,0,,44.0,48,1,0,,1,0,,0,,36.1,2.11,3.16,ST05_Tangerang,
SHPM003701,AWB260003701,2026-03-24 21:19:11.922208,2026-03-24 21:35:11.922208,2026-03-24 21:54:11.922208,2026-03-25 05:23:28.370734,2026-03-25 05:46:28.370734,2026-03-25 06:05:28.370734,2026-03-25 11:13:57.889447,2026-03-25 18:41:15.677662,2026-03-25 23:21:39.955838,2026-03-26 17:15:07.015973,2026-03-27 12:19:56.238049,2026-03-27 21:19:11.922208,Delivered,Closed,SHP004,Shipper 004,Marketplace,Jabodetabek,ST01_JKT_Central,HB01_JKT_GATEWAY,Outer Java,ST20_Banjarmasin,HB06_EASTERN_GATEWAY,Inter-Region,Regular,Prepaid,CR002,Bike,1.62,2.73,2.73,2436026,24285,15095,8,1,0,,23.0,72,1,0,,1,0,,0,,63.01,5.14,4.67,ST20_Banjarmasin,
SHPM003702,AWB260003702,2026-03-03 02:22:08.128879,2026-03-03 02:51:08.128879,2026-03-03 03:28:08.128879,2026-03-03 06:04:32.936033,2026-03-03 06:24:32.936033,2026-03-03 08:18:32.936033,2026-03-03 10:07:44.633857,2026-03-03 19:48:05.616897,2026-03-03 23:19:02.431347,2026-03-04 04:37:53.048793,2026-03-04 18:25:32.510907,2026-03-06 02:22:08.128879,Delivered,Closed,SHP074,Shipper 074,Enterprise,Outer Java,ST15_Medan,HB05_SUMATRA_GATEWAY,Central Java,ST10_Solo,HB04_CTG_NATIONAL,Inter-Region,Regular,COD,CR142,Bike,5.25,5.46,5.46,619347,40570,33922,8,1,0,,20.0,72,1,0,,1,0,,0,,40.06,1.82,3.52,ST10_Solo,
SHPM003703,AWB260003703,2026-03-04 12:39:35.799340,2026-03-04 13:05:35.799340,2026-03-04 13:24:35.799340,2026-03-04 19:37:15.815900,2026-03-04 20:17:15.815900,2026-03-04 22:08:15.815900,2026-03-05 00:21:07.073815,2026-03-05 05:59:29.057276,2026-03-05 17:15:01.552569,2026-03-06 01:54:39.895607,2026-03-06 10:37:15.877262,2026-03-07 12:39:35.799340,Delivered,Closed,SHP095,Shipper 095,Enterprise,Central Java,ST11_Yogyakarta,HB04_CTG_NATIONAL,East Java,ST13_Malang,HB03_SBY_GATEWAY,Inter-Region,Regular,COD,CR106,Truck,0.98,0.95,0.98,441899,20410,12237,8,1,0,,40.0,72,1,0,,1,0,,0,,45.96,2.21,11.26,ST13_Malang,
SHPM003704,AWB260003704,2026-03-12 21:42:48.408858,2026-03-12 22:19:48.408858,2026-03-12 22:48:48.408858,2026-03-12 23:46:19.242195,2026-03-13 00:42:19.242195,2026-03-13 01:06:19.242195,2026-03-13 02:35:36.605558,2026-03-13 11:49:28.363090,2026-03-13 20:44:55.664381,2026-03-14 03:33:00.529208,2026-03-14 05:53:12.420153,2026-03-13 13:42:48.408858,Delivered,Closed,SHP078,Shipper 078,SME,Outer Java,ST20_Banjarmasin,HB06_EASTERN_GATEWAY,Jabodetabek,ST05_Tangerang,HB01_JKT_GATEWAY,Inter-Region,Same Day,COD,CR189,Bike,0.48,0.49,0.49,854137,33205,18611,2,1,0,,56.0,16,0,0,,1,0,,0,,32.17,1.49,8.92,ST05_Tangerang,Last Mile Delay
SHPM003705,AWB260003705,2026-03-10 23:37:49.451878,2026-03-10 23:53:49.451878,2026-03-11 00:18:49.451878,2026-03-11 03:34:33.063191,2026-03-11 04:24:33.063191,2026-03-11 06:08:33.063191,2026-03-11 08:30:35.248831,2026-03-11 14:42:10.370004,2026-03-12 00:22:01.620334,2026-03-12 15:23:00.376549,2026-03-12 22:15:31.631822,2026-03-13 23:37:49.451878,Delivered,Closed,SHP078,Shipper 078,SME,Outer Java,ST17_Makassar,HB06_EASTERN_GATEWAY,Central Java,ST11_Yogyakarta,HB04_CTG_NATIONAL,Inter-Region,Regular,COD,CR160,Truck,1.93,1.92,1.93,1106659,24685,14429,8,1,0,,50.0,72,1,0,,1,0,,0,,46.63,2.37,9.66,ST11_Yogyakarta,
SHPM003706,AWB260003706,2026-03-01 01:03:22.386553,2026-03-01 01:08:22.386553,2026-03-01 01:22:22.386553,2026-03-01 04:03:59.290156,2026-03-01 04:49:59.290156,2026-03-01 06:23:59.290156,2026-03-01 11:26:14.668763,2026-03-01 20:30:35.278455,2026-03-02 00:10:29.185284,2026-03-02 07:08:29.542487,2026-03-02 14:58:48.903484,2026-03-02 13:03:22.386553,Delivered,Closed,SHP024,Shipper 024,Marketplace,Jabodetabek,ST03_JKT_East,HB01_JKT_GATEWAY,Outer Java,ST18_Balikpapan,HB06_EASTERN_GATEWAY,Inter-Region,Next Day,Prepaid,CR027,Bike,0.86,1.38,1.38,391372,26210,16093,4,1,0,,46.0,36,0,0,,1,0,,0,,37.92,5.04,3.66,ST18_Balikpapan,Remote Area
SHPM003707,AWB260003707,2026-03-08 21:22:48.970135,2026-03-08 21:37:48.970135,2026-03-08 21:48:48.970135,2026-03-09 01:34:00.755978,2026-03-09 02:09:00.755978,2026-03-09 02:53:00.755978,2026-03-09 08:29:48.352529,2026-03-09 16:17:09.560331,2026-03-10 04:04:17.951653,2026-03-10 14:06:23.092627,2026-03-10 18:42:11.965891,2026-03-10 09:22:48.970135,Delivered,Closed,SHP082,Shipper 082,SME,Outer Java,ST16_Palembang,HB05_SUMATRA_GATEWAY,Jabodetabek,ST04_Bekasi,HB01_JKT_GATEWAY,Inter-Region,Next Day,Prepaid,CR149,Bike,0.97,0.88,0.97,1420636,24365,15079,4,1,0,,35.0,36,0,0,,1,0,,0,,45.32,5.61,11.79,ST04_Bekasi,Hub Bottleneck
SHPM003708,AWB260003708,2026-02-24 08:19:26.752658,2026-02-24 08:32:26.752658,2026-02-24 08:56:26.752658,2026-02-24 12:07:24.666384,2026-02-24 12:24:24.666384,2026-02-24 13:00:24.666384,2026-02-24 18:55:30.931699,2026-02-24 21:39:38.082031,2026-02-25 02:32:43.169387,2026-02-25 14:17:09.492199,2026-02-25 16:31:45.433568,2026-02-25 20:19:26.752658,Delivered,Closed,SHP038,Shipper 038,Marketplace,Jabodetabek,ST01_JKT_Central,HB01_JKT_GATEWAY,East Java,ST14_Kediri,HB03_SBY_GATEWAY,Inter-Region,Next Day,Prepaid,CR003,Bike,1.26,1.33,1.33,2024664,25985,22784,4,1,0,,17.0,36,1,0,,1,0,,0,,32.21,5.92,4.88,ST14_Kediri,
SHPM003709,AWB260003709,2026-03-23 20:16:16.788684,2026-03-23 20:49:16.788684,2026-03-23 21:17:16.788684,2026-03-23 23:20:29.941764,2026-03-24 00:05:29.941764,2026-03-24 01:50:29.941764,2026-03-24 05:11:22.692526,2026-03-24 11:39:00.947102,2026-03-24 13:50:10.253705,2026-03-25 06:03:25.881109,2026-03-25 11:46:22.972282,2026-03-26 20:16:16.788684,Delivered,Closed,SHP002,Shipper 002,Enterprise,Jabodetabek,ST02_JKT_West,HB01_JKT_GATEWAY,West Java,ST07_Cirebon,HB02_BDG_TRANSIT,Inter-Region,Regular,Prepaid,CR018,Van,1.11,1.63,1.63,2350137,19335,16716,8,1,0,,45.0,72,1,0,,1,0,,0,,39.5,3.35,2.19,ST07_Cirebon,
SHPM003710,AWB260003710,2026-02-16 21:41:07.030040,2026-02-16 22:11:07.030040,2026-02-16 22:31:07.030040,2026-02-17 02:08:47.966853,2026-02-17 02:26:47.966853,2026-02-17 03:24:47.966853,2026-02-17 05:20:18.575101,2026-02-17 12:50:13.042462,2026-02-17 16:38:05.246224,2026-02-18 05:06:21.247058,2026-02-19 02:08:46.579921,2026-02-19 21:41:07.030040,Delivered,Closed,SHP071,Shipper 071,Enterprise,Jabodetabek,ST04_Bekasi,HB01_JKT_GATEWAY,Outer Java,ST16_Palembang,HB05_SUMATRA_GATEWAY,Inter-Region,Regular,Prepaid,CR042,Bike,3.42,3.36,3.42,1353779,27390,24026,8,1,0,,18.0,72,1,0,,1,0,,0,,52.46,1.93,3.8,ST16_Palembang,
SHPM003711,AWB260003711,2026-03-11 19:13:13.833463,2026-03-11 19:46:13.833463,2026-03-11 20:14:13.833463,,,,,,,,,2026-03-13 19:13:13.833463,Failed Pickup,Exception,SHP024,Shipper 024,Marketplace,Jabodetabek,ST03_JKT_East,HB01_JKT_GATEWAY,Jabodetabek,ST02_JKT_West,HB01_JKT_GATEWAY,Intra-Region,Regular,COD,CR021,Truck,0.44,0.44,0.44,732797,17980,15645,8,0,1,Capacity Full,,48,0,0,,0,0,,0,,616.78,,,ST03_JKT_East,
SHPM003712,AWB260003712,2026-03-23 12:12:15.437227,2026-03-23 12:38:15.437227,2026-03-23 13:03:15.437227,2026-03-23 17:12:38.006065,2026-03-23 17:50:38.006065,2026-03-23 19:49:38.006065,2026-03-24 01:39:22.729408,2026-03-24 11:26:45.478964,2026-03-24 13:21:13.229303,2026-03-25 04:57:10.798247,2026-03-25 15:50:41.445642,2026-03-26 12:12:15.437227,Delivered,Closed,SHP095,Shipper 095,Enterprise,Central Java,ST11_Yogyakarta,HB04_CTG_NATIONAL,West Java,ST06_Bandung,HB01_JKT_GATEWAY,Inter-Region,Regular,Prepaid,CR105,Bike,0.39,0.4,0.4,665590,13800,9752,8,1,0,,38.0,72,1,0,,1,0,,0,,51.64,5.83,1.91,ST06_Bandung,
SHPM003713,AWB260003713,2026-02-24 17:13:02.538208,2026-02-24 17:28:02.538208,2026-02-24 18:06:02.538208,2026-02-24 18:05:34.197298,2026-02-24 18:50:34.197298,2026-02-24 19:43:34.197298,2026-02-24 21:12:17.816665,2026-02-25 05:04:08.367973,2026-02-25 08:46:25.267271,2026-02-25 17:08:27.955019,2026-02-25 18:03:49.386892,2026-02-25 09:13:02.538208,Delivered,Closed,SHP065,Shipper 065,Marketplace,Jabodetabek,ST01_JKT_Central,HB01_JKT_GATEWAY,Central Java,ST10_Solo,HB04_CTG_NATIONAL,Inter-Region,Same Day,Prepaid,CR010,Bike,2.68,2.44,2.68,2424740,39060,26633,2,1,0,,45.0,16,0,0,,1,0,,0,,24.85,1.48,3.7,ST10_Solo,Last Mile Delay
SHPM003714,AWB260003714,2026-03-31 23:14:01.607137,2026-03-31 23:59:01.607137,2026-04-01 00:09:01.607137,2026-04-01 03:53:37.593042,2026-04-01 04:27:37.593042,2026-04-01 05:31:37.593042,2026-04-01 08:48:29.106706,2026-04-01 10:30:10.325883,2026-04-02 01:19:37.477700,2026-04-02 07:11:03.791345,2026-04-02 13:57:19.933379,2026-04-01 23:14:01.607137,Delivered,Closed,SHP072,Shipper 072,Enterprise,Outer Java,ST18_Balikpapan,HB06_EASTERN_GATEWAY,Outer Java,ST17_Makassar,HB06_EASTERN_GATEWAY,Intra-Region,Next Day,Prepaid,CR163,Bike,1.47,1.86,1.86,755382,28370,15647,4,1,0,,34.0,24,0,0,,1,0,,0,,38.72,3.28,14.82,ST17_Makassar,Hub Bottleneck
SHPM003715,AWB260003715,2026-02-17 12:31:35.647023,2026-02-17 13:02:35.647023,2026-02-17 13:22:35.647023,,,,,,,,,2026-02-19 12:31:35.647023,Failed Pickup,Exception,SHP024,Shipper 024,Marketplace,Jabodetabek,ST03_JKT_East,HB01_JKT_GATEWAY,Jabodetabek,ST02_JKT_West,HB01_JKT_GATEWAY,Intra-Region,Regular,Prepaid,CR028,Truck,0.46,0.42,0.46,975555,14070,10566,8,0,1,Shipper Not Ready,,48,0,0,,0,0,,0,,1151.47,,,ST03_JKT_East,
SHPM003716,AWB260003716,2026-03-13 12:52:05.890834,2026-03-13 13:32:05.890834,2026-03-13 13:50:05.890834,2026-03-13 20:52:47.659639,2026-03-13 21:32:47.659639,2026-03-13 22:23:47.659639,2026-03-14 01:35:26.684372,2026-03-14 11:07:49.681072,2026-03-14 19:58:42.225844,2026-03-15 13:52:03.860002,2026-03-15 21:58:42.956280,2026-03-16 12:52:05.890834,Delivered,Closed,SHP095,Shipper 095,Enterprise,Central Java,ST11_Yogyakarta,HB04_CTG_NATIONAL,East Java,ST12_Surabaya,HB03_SBY_GATEWAY,Inter-Region,Regular,Prepaid,CR102,Van,0.88,1.13,1.13,2322741,17085,10121,8,1,0,,40.0,72,1,0,,1,0,,0,,57.11,3.19,8.85,ST12_Surabaya,
SHPM003717,AWB260003717,2026-02-16 15:04:52.700805,2026-02-16 15:11:52.700805,2026-02-16 15:57:52.700805,2026-02-16 21:18:29.563079,2026-02-16 22:18:29.563079,2026-02-16 23:26:29.563079,2026-02-17 02:35:24.332458,2026-02-17 08:30:28.818986,2026-02-17 16:29:49.183568,2026-02-18 06:27:58.757198,2026-02-19 00:01:28.052633,2026-02-19 15:04:52.700805,Delivered,Closed,SHP066,Shipper 066,Marketplace,West Java,ST07_Cirebon,HB02_BDG_TRANSIT,East Java,ST14_Kediri,HB03_SBY_GATEWAY,Inter-Region,Regular,Prepaid,CR068,Truck,5.14,5.58,5.58,1185531,37110,32494,8,1,0,,60.0,72,1,0,,1,0,,0,,56.94,3.15,7.99,ST14_Kediri,
SHPM003718,AWB260003718,2026-03-17 11:29:56.422553,2026-03-17 11:37:56.422553,2026-03-17 11:51:56.422553,2026-03-17 16:53:12.037408,2026-03-17 17:36:12.037408,2026-03-17 18:15:12.037408,2026-03-17 20:02:57.702375,2026-03-18 05:01:35.419886,2026-03-18 08:27:13.160788,2026-03-18 16:47:37.774892,2026-03-19 10:36:01.483162,2026-03-20 11:29:56.422553,Delivered,Closed,SHP058,Shipper 058,Enterprise,Jabodetabek,ST01_JKT_Central,HB01_JKT_GATEWAY,West Java,ST06_Bandung,HB01_JKT_GATEWAY,Inter-Region,Regular,Prepaid,CR007,Bike,1.2,1.36,1.36,2783830,18120,13351,8,1,0,,43.0,72,1,0,,1,0,,0,,47.1,1.8,3.43,ST06_Bandung,
SHPM003719,AWB260003719,2026-03-04 07:21:18.061801,2026-03-04 07:59:18.061801,2026-03-04 08:35:18.061801,2026-03-04 10:13:09.580364,2026-03-04 10:38:09.580364,2026-03-04 11:21:09.580364,2026-03-04 15:21:58.768974,2026-03-04 18:15:58.901650,2026-03-05 00:51:26.229781,2026-03-05 13:12:20.210615,2026-03-05 15:47:12.141958,2026-03-04 23:21:18.061801,Delivered,Closed,SHP082,Shipper 082,SME,Outer Java,ST19_Denpasar,HB06_EASTERN_GATEWAY,West Java,ST06_Bandung,HB01_JKT_GATEWAY,Inter-Region,Same Day,COD,CR178,Bike,3.36,5.51,5.51,2254899,55795,42587,2,0,0,,25.0,16,0,0,,1,0,,0,,32.43,4.01,6.59,ST06_Bandung,First Mile Delay
SHPM003720,AWB260003720,2026-02-25 08:20:32.611963,2026-02-25 09:04:32.611963,2026-02-25 09:11:32.611963,2026-02-25 10:18:54.195207,2026-02-25 10:36:54.195207,2026-02-25 10:52:54.195207,2026-02-25 14:51:00.482744,2026-02-25 22:03:09.442965,2026-02-26 06:46:17.490558,2026-02-26 14:28:46.347698,2026-02-27 00:03:56.566739,2026-02-26 20:20:32.611963,Delivered,Closed,SHP021,Shipper 021,Marketplace,East Java,ST14_Kediri,HB03_SBY_GATEWAY,Outer Java,ST18_Balikpapan,HB06_EASTERN_GATEWAY,Inter-Region,Next Day,COD,CR132,Bike,3.91,3.8,3.91,159649,41595,37150,4,1,0,,18.0,36,0,0,,1,0,,0,,39.72,3.97,8.72,ST18_Balikpapan,Remote Area
SHPM003721,AWB260003721,2026-02-22 06:44:18.565318,2026-02-22 07:22:18.565318,2026-02-22 07:37:18.565318,2026-02-22 11:43:18.219747,2026-02-22 11:56:18.219747,2026-02-22 12:13:18.219747,2026-02-22 14:34:54.702545,2026-02-22 17:48:09.573519,2026-02-22 23:27:02.483247,2026-02-23 06:20:55.461364,2026-02-23 10:30:03.135347,2026-02-25 06:44:18.565318,Delivered,Closed,SHP051,Shipper 051,Marketplace,Outer Java,ST18_Balikpapan,HB06_EASTERN_GATEWAY,Jabodetabek,ST02_JKT_West,HB01_JKT_GATEWAY,Inter-Region,Regular,COD,CR165,Bike,1.23,1.31,1.31,1378538,21895,13819,8,1,0,,13.0,72,1,0,,1,0,,0,,27.76,2.36,5.65,ST02_JKT_West,
SHPM003722,AWB260003722,2026-04-01 08:14:10.169079,2026-04-01 08:30:10.169079,2026-04-01 09:00:10.169079,2026-04-01 10:11:44.787833,2026-04-01 11:03:44.787833,2026-04-01 11:32:44.787833,2026-04-01 16:58:03.112101,2026-04-01 21:17:13.054941,2026-04-02 06:01:12.032258,2026-04-02 12:48:22.193612,2026-04-02 22:54:52.869419,2026-04-02 20:14:10.169079,Delivered,Closed,SHP014,Shipper 014,Enterprise,Jabodetabek,ST05_Tangerang,HB01_JKT_GATEWAY,East Java,ST13_Malang,HB03_SBY_GATEWAY,Inter-Region,Next Day,COD,CR054,Van,3.13,4.48,4.48,1027641,44160,29837,4,1,0,,52.0,36,0,0,,1,0,,0,,38.68,5.42,8.73,ST13_Malang,Last Mile Delay
SHPM003723,AWB260003723,2026-03-14 09:24:44.580129,2026-03-14 09:33:44.580129,2026-03-14 09:52:44.580129,2026-03-14 13:52:41.170426,2026-03-14 14:14:41.170426,2026-03-14 16:03:41.170426,2026-03-14 17:36:09.932014,2026-03-14 22:03:18.511133,2026-03-15 04:30:51.461109,2026-03-15 21:04:45.785182,2026-03-16 04:19:35.617082,2026-03-15 21:24:44.580129,Delivered,Closed,SHP091,Shipper 091,SME,Outer Java,ST16_Palembang,HB05_SUMATRA_GATEWAY,Jabodetabek,ST04_Bekasi,HB01_JKT_GATEWAY,Inter-Region,Next Day,Prepaid,CR152,Bike,1.42,1.43,1.43,320136,26435,18622,4,0,0,,22.0,36,0,0,,1,0,,0,,42.91,1.54,6.46,ST04_Bekasi,First Mile Delay
SHPM003724,AWB260003724,2026-02-16 15:07:23.026825,2026-02-16 15:52:23.026825,2026-02-16 16:06:23.026825,2026-02-16 20:53:38.361699,2026-02-16 21:45:38.361699,2026-02-16 22:04:38.361699,2026-02-17 03:33:33.981941,2026-02-17 04:36:52.991262,2026-02-17 10:26:39.213114,2026-02-17 18:18:29.194030,2026-02-18 00:02:29.289479,2026-02-18 15:07:23.026825,Delivered,Closed,SHP011,Shipper 011,Enterprise,Jabodetabek,ST03_JKT_East,HB01_JKT_GATEWAY,Jabodetabek,ST04_Bekasi,HB01_JKT_GATEWAY,Intra-Region,Regular,Prepaid,CR022,Truck,0.68,1.05,1.05,1290482,16725,14452,8,1,0,,52.0,48,1,0,,1,0,,0,,32.92,5.48,5.83,ST04_Bekasi,
SHPM003725,AWB260003725,2026-04-01 04:55:41.771855,2026-04-01 05:19:41.771855,2026-04-01 06:08:41.771855,2026-04-01 20:11:26.051557,2026-04-01 21:24:26.051557,2026-04-01 22:04:26.051557,2026-04-02 01:31:28.822439,2026-04-02 04:16:50.607378,2026-04-02 11:28:41.079395,2026-04-02 17:39:42.545635,2026-04-03 01:54:48.987983,2026-04-04 04:55:41.771855,Delivered,Closed,SHP025,Shipper 025,Marketplace,East Java,ST12_Surabaya,HB03_SBY_GATEWAY,Jabodetabek,ST04_Bekasi,HB01_JKT_GATEWAY,Inter-Region,Regular,Prepaid,CR110,Bike,1.5,1.52,1.52,605983,18840,17884,8,0,0,,73.0,72,1,0,,1,0,,0,,44.99,3.45,7.2,ST04_Bekasi,
SHPM003726,AWB260003726,2026-03-25 01:30:14.902328,2026-03-25 01:45:14.902328,2026-03-25 02:15:14.902328,2026-03-25 04:08:58.504597,2026-03-25 04:16:58.504597,2026-03-25 05:04:58.504597,2026-03-25 06:21:06.135237,2026-03-25 13:51:52.064328,2026-03-25 15:51:23.126531,2026-03-26 04:32:20.782460,2026-03-26 09:42:51.208346,2026-03-25 17:30:14.902328,Delivered,Closed,SHP012,Shipper 012,Marketplace,Outer Java,ST20_Banjarmasin,HB06_EASTERN_GATEWAY,East Java,ST13_Malang,HB03_SBY_GATEWAY,Inter-Region,Same Day,Prepaid,CR183,Bike,1.47,1.58,1.58,335299,34110,25269,2,0,0,,8.0,16,0,0,,1,0,,0,,32.21,1.27,1.99,ST13_Malang,First Mile Delay
SHPM003727,AWB260003727,2026-02-17 21:07:37.057978,2026-02-17 21:16:37.057978,2026-02-17 22:07:37.057978,2026-02-18 04:57:52.208715,2026-02-18 05:18:52.208715,2026-02-18 06:43:52.208715,2026-02-18 12:24:50.943663,2026-02-18 21:49:15.575954,2026-02-18 23:53:01.564246,2026-02-19 05:49:25.301616,2026-02-19 12:00:41.209514,2026-02-20 21:07:37.057978,Delivered,Closed,SHP034,Shipper 034,Enterprise,Jabodetabek,ST01_JKT_Central,HB01_JKT_GATEWAY,Central Java,ST10_Solo,HB04_CTG_NATIONAL,Inter-Region,Regular,Prepaid,CR003,Bike,1.07,1.15,1.15,1087290,17175,13149,8,1,0,,21.0,72,1,0,,1,0,,0,,38.88,5.68,2.06,ST10_Solo,
SHPM003728,AWB260003728,2026-03-30 17:47:05.148072,2026-03-30 17:56:05.148072,2026-03-30 18:42:05.148072,2026-03-31 00:48:34.788250,2026-03-31 02:13:34.788250,2026-03-31 02:50:34.788250,2026-03-31 04:09:01.233090,2026-03-31 08:24:09.860485,2026-03-31 21:45:09.270187,2026-04-01 05:13:14.853370,2026-04-01 08:59:47.968364,2026-04-01 05:47:05.148072,Delivered,Closed,SHP093,Shipper 093,SME,East Java,ST12_Surabaya,HB03_SBY_GATEWAY,West Java,ST06_Bandung,HB01_JKT_GATEWAY,Inter-Region,Next Day,Prepaid,CR110,Bike,2.3,2.15,2.3,1333437,30350,26072,4,0,0,,85.0,36,0,0,,1,0,,0,,39.21,1.31,13.35,ST06_Bandung,First Mile Delay
SHPM003729,AWB260003729,2026-03-14 00:12:07.871547,2026-03-14 00:55:07.871547,2026-03-14 01:42:07.871547,2026-03-14 02:27:40.618056,2026-03-14 02:35:40.618056,2026-03-14 04:09:40.618056,2026-03-14 05:52:24.916833,2026-03-14 08:04:19.243053,2026-03-14 15:45:40.092640,2026-03-15 02:29:49.408008,2026-03-15 07:18:45.337316,2026-03-15 12:12:07.871547,Delivered,Closed,SHP045,Shipper 045,Marketplace,Jabodetabek,ST02_JKT_West,HB01_JKT_GATEWAY,West Java,ST08_Bogor,HB01_JKT_GATEWAY,Inter-Region,Next Day,Prepaid,CR015,Bike,0.28,0.27,0.28,1079577,21260,14294,4,1,0,,8.0,36,1,0,,1,0,,0,,31.11,1.71,7.69,ST08_Bogor,
SHPM003730,AWB260003730,2026-02-24 17:39:51.747681,2026-02-24 18:02:51.747681,2026-02-24 18:18:51.747681,2026-02-24 20:41:17.830296,2026-02-24 21:08:17.830296,2026-02-24 22:29:17.830296,2026-02-25 03:53:37.469134,2026-02-25 08:11:47.387210,2026-02-25 16:04:59.509892,2026-02-25 23:31:40.246070,2026-02-26 06:22:10.777896,2026-02-26 05:39:51.747681,Delivered,Closed,SHP002,Shipper 002,Enterprise,Jabodetabek,ST01_JKT_Central,HB01_JKT_GATEWAY,West Java,ST06_Bandung,HB01_JKT_GATEWAY,Inter-Region,Next Day,Prepaid,CR002,Van,1.2,1.2,1.2,981951,25400,14734,4,1,0,,27.0,36,0,0,,1,0,,0,,36.71,5.41,7.89,ST06_Bandung,Last Mile Delay
SHPM003731,AWB260003731,2026-02-19 13:04:24.670722,2026-02-19 13:33:24.670722,2026-02-19 14:08:24.670722,2026-02-19 22:27:51.025640,2026-02-19 22:38:51.025640,2026-02-20 00:23:51.025640,2026-02-20 04:49:27.211919,2026-02-20 09:58:20.873330,2026-02-20 12:21:29.443191,2026-02-21 04:52:12.083668,2026-02-21 16:29:11.010437,2026-02-22 13:04:24.670722,Delivered,Closed,SHP073,Shipper 073,Marketplace,Outer Java,ST15_Medan,HB05_SUMATRA_GATEWAY,East Java,ST14_Kediri,HB03_SBY_GATEWAY,Inter-Region,Regular,Prepaid,CR138,Bike,2.18,2.32,2.32,833629,22440,17183,8,0,0,,11.0,72,1,0,,1,0,,0,,51.41,4.43,2.39,ST14_Kediri,
SHPM003732,AWB260003732,2026-03-10 15:14:55.380436,2026-03-10 15:19:55.380436,2026-03-10 15:48:55.380436,2026-03-10 17:52:27.208334,2026-03-10 18:00:27.208334,2026-03-10 18:52:27.208334,2026-03-11 00:19:44.316241,2026-03-11 05:25:22.459093,2026-03-11 15:21:40.712104,2026-03-12 09:04:56.114083,2026-03-12 11:28:43.081721,2026-03-12 03:14:55.380436,Delivered,Closed,SHP079,Shipper 079,Marketplace,East Java,ST13_Malang,HB03_SBY_GATEWAY,Jabodetabek,ST01_JKT_Central,HB01_JKT_GATEWAY,Inter-Region,Next Day,Prepaid,CR116,Bike,0.28,0.27,0.28,1985432,21260,12832,4,1,0,,8.0,36,0,0,,1,0,,0,,44.23,5.45,9.94,ST01_JKT_Central,Last Mile Delay
SHPM003733,AWB260003733,2026-03-23 04:03:45.316334,2026-03-23 04:21:45.316334,2026-03-23 04:48:45.316334,2026-03-23 09:01:51.738190,2026-03-23 10:10:51.738190,2026-03-23 12:03:51.738190,2026-03-23 16:16:21.180647,2026-03-23 22:28:29.837350,2026-03-24 10:15:52.538991,2026-03-24 19:13:23.309621,2026-03-25 17:18:48.971154,2026-03-26 04:03:45.316334,Delivered,Closed,SHP084,Shipper 084,Enterprise,Central Java,ST11_Yogyakarta,HB04_CTG_NATIONAL,Outer Java,ST19_Denpasar,HB06_EASTERN_GATEWAY,Inter-Region,Regular,COD,CR106,Bike,1.38,2.23,2.23,836575,26035,21639,8,1,0,,69.0,72,1,0,,1,0,,0,,61.25,4.21,11.79,ST19_Denpasar,
SHPM003734,AWB260003734,2026-02-26 06:42:16.720225,2026-02-26 06:53:16.720225,2026-02-26 07:21:16.720225,2026-02-26 07:56:44.356134,2026-02-26 08:48:44.356134,2026-02-26 09:45:44.356134,2026-02-26 12:06:42.358272,2026-02-26 18:31:46.577185,2026-02-27 11:02:11.930962,2026-02-27 19:27:21.306297,2026-02-27 22:01:24.836085,2026-02-26 22:42:16.720225,Delivered,Closed,SHP031,Shipper 031,SME,East Java,ST13_Malang,HB03_SBY_GATEWAY,Jabodetabek,ST02_JKT_West,HB01_JKT_GATEWAY,Inter-Region,Same Day,Prepaid,CR114,Bike,1.98,3.02,3.02,349823,40590,29850,2,1,0,,52.0,16,0,0,,1,0,,0,,39.32,2.35,16.51,ST02_JKT_West,Hub Bottleneck
SHPM003735,AWB260003735,2026-02-21 05:01:26.935563,2026-02-21 05:31:26.935563,2026-02-21 06:08:26.935563,2026-02-21 07:03:22.143870,2026-02-21 07:11:22.143870,2026-02-21 08:18:22.143870,2026-02-21 13:42:09.169407,2026-02-21 18:02:43.292257,2026-02-22 08:45:13.538825,2026-02-22 19:39:59.881369,2026-02-23 09:41:54.716719,2026-02-22 17:01:26.935563,Delivered,Closed,SHP034,Shipper 034,Enterprise,Jabodetabek,ST04_Bekasi,HB01_JKT_GATEWAY,Outer Java,ST18_Balikpapan,HB06_EASTERN_GATEWAY,Inter-Region,Next Day,Prepaid,CR032,Van,3.54,3.33,3.54,739691,35930,32864,4,1,0,,8.0,36,0,0,,1,0,,0,,52.67,5.4,14.71,ST18_Balikpapan,Hub Bottleneck
SHPM003736,AWB260003736,2026-03-13 02:23:33.182018,2026-03-13 02:28:33.182018,2026-03-13 02:52:33.182018,2026-03-13 04:27:07.056149,2026-03-13 04:59:07.056149,2026-03-13 05:50:07.056149,2026-03-13 08:36:07.730835,2026-03-13 14:49:21.655833,2026-03-13 21:54:32.943122,2026-03-14 08:17:35.993725,2026-03-15 01:02:22.960513,2026-03-14 14:23:33.182018,Delivered,Closed,SHP037,Shipper 037,Marketplace,Central Java,ST11_Yogyakarta,HB04_CTG_NATIONAL,Outer Java,ST16_Palembang,HB05_SUMATRA_GATEWAY,Inter-Region,Next Day,Prepaid,CR105,Bike,1.59,1.61,1.61,1000518,27245,21262,4,1,0,,32.0,36,0,0,,1,0,,0,,46.65,2.77,7.09,ST16_Palembang,Remote Area
SHPM003737,AWB260003737,2026-02-19 10:14:16.038802,2026-02-19 10:51:16.038802,2026-02-19 11:18:16.038802,2026-02-19 13:02:43.172546,2026-02-19 13:16:43.172546,2026-02-19 14:53:43.172546,2026-02-19 20:39:22.840336,2026-02-20 03:54:30.853075,2026-02-20 12:12:47.314764,2026-02-20 17:35:13.010968,2026-02-20 20:12:41.672686,2026-02-20 22:14:16.038802,Delivered,Closed,SHP017,Shipper 017,Marketplace,Outer Java,ST16_Palembang,HB05_SUMATRA_GATEWAY,East Java,ST14_Kediri,HB03_SBY_GATEWAY,Inter-Region,Next Day,Prepaid,CR147,Bike,3.18,3.08,3.18,1087488,34310,31952,4,1,0,,14.0,36,1,0,,1,0,,0,,33.97,5.76,8.3,ST14_Kediri,
SHPM003738,AWB260003738,2026-03-03 12:50:30.189001,2026-03-03 13:13:30.189001,2026-03-03 13:27:30.189001,2026-03-03 17:07:03.833073,2026-03-03 17:45:03.833073,2026-03-03 18:41:03.833073,2026-03-04 00:20:26.468616,2026-03-04 07:09:38.912730,2026-03-04 09:29:36.793129,2026-03-04 17:19:48.676748,2026-03-04 21:21:49.536008,2026-03-05 00:50:30.189001,Delivered,Closed,SHP087,Shipper 087,Enterprise,Jabodetabek,ST02_JKT_West,HB01_JKT_GATEWAY,Outer Java,ST19_Denpasar,HB06_EASTERN_GATEWAY,Inter-Region,Next Day,Prepaid,CR012,Bike,2.54,2.7,2.7,716198,32150,28336,4,1,0,,38.0,36,1,0,,1,0,,0,,32.52,5.66,2.33,ST19_Denpasar,
SHPM003739,AWB260003739,2026-03-21 00:43:03.830855,2026-03-21 00:59:03.830855,2026-03-21 01:20:03.830855,2026-03-21 06:37:49.055284,2026-03-21 07:03:49.055284,2026-03-21 09:01:49.055284,2026-03-21 10:43:32.342704,2026-03-21 19:29:43.614322,2026-03-22 06:39:26.691514,2026-03-22 21:56:47.427138,2026-03-23 03:19:06.140351,2026-03-24 00:43:03.830855,Delivered,Closed,SHP080,Shipper 080,SME,Outer Java,ST19_Denpasar,HB06_EASTERN_GATEWAY,Central Java,ST11_Yogyakarta,HB04_CTG_NATIONAL,Inter-Region,Regular,Prepaid,CR177,Bike,0.96,0.87,0.96,346201,16320,15011,8,1,0,,26.0,72,1,0,,1,0,,0,,50.6,1.7,11.16,ST11_Yogyakarta,
SHPM003740,AWB260003740,2026-03-23 09:43:21.600173,2026-03-23 10:00:21.600173,2026-03-23 10:35:21.600173,2026-03-23 12:58:11.239841,2026-03-23 13:08:11.239841,2026-03-23 15:02:11.239841,2026-03-23 20:49:10.162998,2026-03-24 05:40:28.314488,2026-03-24 08:57:22.399117,2026-03-24 19:14:00.637017,2026-03-25 00:47:55.108413,2026-03-24 21:43:21.600173,Delivered,Closed,SHP084,Shipper 084,Enterprise,Central Java,ST11_Yogyakarta,HB04_CTG_NATIONAL,Jabodetabek,ST04_Bekasi,HB01_JKT_GATEWAY,Inter-Region,Next Day,Prepaid,CR104,Bike,1.23,1.15,1.23,1836788,25535,24101,4,1,0,,10.0,36,0,0,,1,0,,0,,39.08,5.78,3.28,ST04_Bekasi,Last Mile Delay
SHPM003741,AWB260003741,2026-02-16 12:12:42.403911,2026-02-16 12:29:42.403911,2026-02-16 12:55:42.403911,2026-02-16 17:14:55.176204,2026-02-16 18:01:55.176204,2026-02-16 19:41:55.176204,2026-02-16 21:17:39.218988,2026-02-17 02:06:04.881221,2026-02-17 12:16:38.118425,2026-02-17 17:42:14.813307,2026-02-17 21:47:50.392302,2026-02-17 12:12:42.403911,Delivered,Closed,SHP023,Shipper 023,Enterprise,West Java,ST08_Bogor,HB01_JKT_GATEWAY,West Java,ST07_Cirebon,HB02_BDG_TRANSIT,Intra-Region,Next Day,Prepaid,CR078,Bike,0.97,1.03,1.03,503211,24635,17939,4,0,0,,47.0,24,0,0,,1,0,,0,,33.59,1.6,10.18,ST07_Cirebon,First Mile Delay
SHPM003742,AWB260003742,2026-02-25 09:00:41.544466,2026-02-25 09:24:41.544466,2026-02-25 09:52:41.544466,2026-02-25 11:37:55.202407,2026-02-25 12:12:55.202407,2026-02-25 13:28:55.202407,2026-02-25 19:12:43.364762,2026-02-25 23:29:19.400656,2026-02-26 07:14:55.788368,2026-02-27 00:00:09.941061,2026-02-27 05:00:18.211796,2026-02-26 21:00:41.544466,Delivered,Closed,SHP012,Shipper 012,Marketplace,Outer Java,ST20_Banjarmasin,HB06_EASTERN_GATEWAY,East Java,ST13_Malang,HB03_SBY_GATEWAY,Inter-Region,Next Day,COD,CR187,Bike,0.81,0.97,0.97,1666869,28365,19528,4,1,0,,35.0,36,0,0,,1,0,,0,,43.99,5.73,7.76,ST13_Malang,Last Mile Delay
SHPM003743,AWB260003743,2026-03-06 15:09:45.370370,2026-03-06 15:44:45.370370,2026-03-06 16:32:45.370370,2026-03-06 17:32:11.236311,2026-03-06 18:03:11.236311,2026-03-06 18:39:11.236311,2026-03-06 23:28:19.896826,2026-03-07 01:52:23.449778,2026-03-07 10:28:14.690754,2026-03-08 02:19:02.360383,2026-03-08 11:24:29.310955,2026-03-08 03:09:45.370370,Delivered,Closed,SHP062,Shipper 062,Enterprise,Jabodetabek,ST04_Bekasi,HB01_JKT_GATEWAY,Central Java,ST11_Yogyakarta,HB04_CTG_NATIONAL,Inter-Region,Next Day,Prepaid,CR040,Bike,0.39,0.37,0.39,283532,21755,20633,4,1,0,,31.0,36,0,0,,1,0,,0,,44.25,4.82,8.6,ST11_Yogyakarta,Last Mile Delay
SHPM003744,AWB260003744,2026-02-24 09:56:29.682439,2026-02-24 10:36:29.682439,2026-02-24 11:09:29.682439,2026-02-24 12:21:50.158025,2026-02-24 12:54:50.158025,2026-02-24 14:45:50.158025,2026-02-24 19:10:59.332477,2026-02-24 22:33:04.250166,2026-02-25 10:20:42.084752,2026-02-25 22:49:36.692239,2026-02-26 01:08:01.479511,2026-02-25 21:56:29.682439,Delivered,Closed,SHP049,Shipper 049,Enterprise,Jabodetabek,ST05_Tangerang,HB01_JKT_GATEWAY,Central Java,ST09_Semarang,HB04_CTG_NATIONAL,Inter-Region,Next Day,Prepaid,CR048,Van,1.44,1.44,1.44,1468212,26480,20067,4,1,0,,33.0,36,0,0,,1,0,,0,,39.19,4.42,11.79,ST09_Semarang,Hub Bottleneck
SHPM003745,AWB260003745,2026-02-18 11:24:26.856408,2026-02-18 11:52:26.856408,2026-02-18 12:39:26.856408,2026-02-18 21:00:35.408261,2026-02-18 22:43:35.408261,2026-02-18 23:31:35.408261,2026-02-19 05:25:36.602486,2026-02-19 13:42:16.302963,2026-02-20 00:09:41.852379,2026-02-20 05:29:21.437176,2026-02-20 15:37:44.695311,2026-02-21 11:24:26.856408,Delivered,Closed,SHP046,Shipper 046,SME,East Java,ST12_Surabaya,HB03_SBY_GATEWAY,Jabodetabek,ST02_JKT_West,HB01_JKT_GATEWAY,Inter-Region,Regular,Prepaid,CR109,Van,0.51,0.84,0.84,1520214,15780,9414,8,0,0,,103.0,72,1,0,,1,0,,0,,52.22,5.9,10.46,ST02_JKT_West,
SHPM003746,AWB260003746,2026-02-20 19:46:00.146503,2026-02-20 20:05:00.146503,2026-02-20 21:22:00.146503,2026-02-21 03:08:59.956497,2026-02-21 04:29:59.956497,2026-02-21 05:36:59.956497,2026-02-21 11:47:08.046934,2026-02-21 14:54:32.514668,2026-02-21 20:49:28.212951,2026-02-22 02:58:36.841888,2026-02-22 12:24:57.398322,2026-02-21 19:46:00.146503,Delivered,Closed,SHP019,Shipper 019,Marketplace,West Java,ST07_Cirebon,HB02_BDG_TRANSIT,West Java,ST06_Bandung,HB01_JKT_GATEWAY,Intra-Region,Next Day,Prepaid,CR070,Truck,0.75,1.13,1.13,978233,25085,19584,4,0,0,,81.0,24,0,0,,1,0,,0,,40.65,6.17,5.92,ST06_Bandung,First Mile Delay
SHPM003747,AWB260003747,2026-03-24 23:03:49.655830,2026-03-24 23:48:49.655830,2026-03-25 00:18:49.655830,2026-03-25 02:50:05.390757,2026-03-25 03:01:05.390757,2026-03-25 03:28:05.390757,2026-03-25 08:33:34.379121,2026-03-25 15:42:53.928891,2026-03-25 21:27:12.679815,2026-03-26 08:08:09.740529,2026-03-27 00:43:09.021361,2026-03-27 23:03:49.655830,Delivered,Closed,SHP032,Shipper 032,Marketplace,West Java,ST08_Bogor,HB01_JKT_GATEWAY,East Java,ST13_Malang,HB03_SBY_GATEWAY,Inter-Region,Regular,COD,CR082,Van,2.97,3.34,3.34,1705459,31030,25652,8,1,0,,11.0,72,1,0,,1,0,,0,,49.66,5.09,5.74,ST13_Malang,
SHPM003748,AWB260003748,2026-02-28 09:26:22.266866,2026-02-28 10:11:22.266866,2026-02-28 10:57:22.266866,2026-02-28 12:26:07.516406,2026-02-28 12:48:07.516406,2026-02-28 14:41:07.516406,2026-02-28 19:44:53.091092,2026-02-28 22:46:04.244387,2026-03-01 02:07:05.451960,2026-03-01 11:03:15.255734,2026-03-01 15:16:16.050258,2026-02-28 19:26:22.266866,Delivered,Closed,SHP054,Shipper 054,Marketplace,West Java,ST06_Bandung,HB01_JKT_GATEWAY,West Java,ST07_Cirebon,HB02_BDG_TRANSIT,Intra-Region,Same Day,Prepaid,CR057,Bike,1.32,1.76,1.76,446236,34920,30975,2,0,0,,22.0,10,0,0,,1,0,,0,,29.83,5.06,3.35,ST07_Cirebon,First Mile Delay
SHPM003749,AWB260003749,2026-03-07 01:35:40.188423,2026-03-07 02:02:40.188423,2026-03-07 02:31:40.188423,2026-03-07 03:51:37.496019,2026-03-07 04:33:37.496019,2026-03-07 06:02:37.496019,2026-03-07 10:06:57.213970,2026-03-07 16:35:47.569878,2026-03-07 18:12:34.419781,2026-03-08 00:07:09.209279,2026-03-08 02:38:43.498869,2026-03-07 17:35:40.188423,Delivered,Closed,SHP071,Shipper 071,Enterprise,Jabodetabek,ST04_Bekasi,HB01_JKT_GATEWAY,Central Java,ST11_Yogyakarta,HB04_CTG_NATIONAL,Inter-Region,Same Day,Prepaid,CR038,Bike,1.55,1.64,1.64,1518976,34380,25043,2,1,0,,42.0,16,0,0,,1,0,,0,,25.05,4.07,1.61,ST11_Yogyakarta,Last Mile Delay
SHPM003750,AWB260003750,2026-03-13 18:24:22.697596,2026-03-13 18:46:22.697596,2026-03-13 19:13:22.697596,2026-03-13 19:42:31.821803,2026-03-13 20:16:31.821803,2026-03-13 20:56:31.821803,2026-03-13 22:00:01.803445,2026-03-14 04:15:54.185667,2026-03-14 05:58:20.722637,2026-03-14 18:50:15.201118,2026-03-14 20:17:13.897518,2026-03-14 10:24:22.697596,Delivered,Closed,SHP011,Shipper 011,Enterprise,Jabodetabek,ST03_JKT_East,HB01_JKT_GATEWAY,East Java,ST12_Surabaya,HB03_SBY_GATEWAY,Inter-Region,Same Day,Prepaid,CR019,Bike,0.87,1.38,1.38,1520049,33210,31343,2,1,0,,34.0,16,0,0,,1,0,,0,,25.88,1.06,1.71,ST12_Surabaya,Last Mile Delay
SHPM003751,AWB260003751,2026-02-26 02:02:15.250507,2026-02-26 02:14:15.250507,2026-02-26 02:58:15.250507,2026-02-26 04:44:00.271016,2026-02-26 05:16:00.271016,2026-02-26 05:47:00.271016,2026-02-26 08:24:46.423047,2026-02-26 13:41:20.855878,2026-02-27 05:58:31.349240,2026-02-27 16:56:42.847410,2026-02-28 00:29:28.248393,2026-02-27 14:02:15.250507,Delivered,Closed,SHP093,Shipper 093,SME,East Java,ST13_Malang,HB03_SBY_GATEWAY,Central Java,ST10_Solo,HB04_CTG_NATIONAL,Inter-Region,Next Day,Prepaid,CR122,Bike,1.89,2.0,2.0,2513079,29000,26342,4,1,0,,32.0,36,0,0,,1,0,,0,,46.45,2.63,16.29,ST10_Solo,Hub Bottleneck
SHPM003752,AWB260003752,2026-03-31 18:40:15.521828,2026-03-31 19:09:15.521828,2026-03-31 19:31:15.521828,2026-03-31 22:45:24.154409,2026-03-31 23:20:24.154409,2026-04-01 00:33:24.154409,2026-04-01 02:33:17.495404,2026-04-01 08:48:08.451340,2026-04-01 12:58:43.481438,2026-04-02 05:34:01.566926,2026-04-02 08:33:46.817364,2026-04-02 06:40:15.521828,Delivered,Closed,SHP034,Shipper 034,Enterprise,Jabodetabek,ST01_JKT_Central,HB01_JKT_GATEWAY,West Java,ST06_Bandung,HB01_JKT_GATEWAY,Inter-Region,Next Day,COD,CR006,Truck,10.13,16.7,16.7,1133572,99150,78994,4,1,0,,35.0,36,0,0,,1,0,,0,,37.89,2.0,4.18,ST06_Bandung,Last Mile Delay
SHPM003753,AWB260003753,2026-03-15 22:48:28.036505,2026-03-15 23:07:28.036505,2026-03-15 23:20:28.036505,2026-03-16 02:06:12.744149,2026-03-16 02:32:12.744149,2026-03-16 04:24:12.744149,2026-03-16 06:24:57.623703,2026-03-16 08:39:36.728863,2026-03-16 19:06:20.708283,2026-03-17 00:50:54.418866,2026-03-17 12:27:52.203948,2026-03-18 22:48:28.036505,Delivered,Closed,SHP049,Shipper 049,Enterprise,Jabodetabek,ST02_JKT_West,HB01_JKT_GATEWAY,Outer Java,ST16_Palembang,HB05_SUMATRA_GATEWAY,Inter-Region,Regular,COD,CR015,Bike,0.51,0.55,0.55,2889602,18475,11512,8,1,0,,26.0,72,1,0,,1,0,,0,,37.66,2.01,10.45,ST16_Palembang,
SHPM003754,AWB260003754,2026-03-10 21:55:36.554481,2026-03-10 22:40:36.554481,2026-03-10 23:35:36.554481,2026-03-11 04:19:04.745439,2026-03-11 04:33:04.745439,2026-03-11 06:33:04.745439,2026-03-11 09:31:09.908378,2026-03-11 13:20:08.026778,2026-03-11 23:50:08.978281,2026-03-12 13:58:16.079041,2026-03-12 19:24:44.853471,2026-03-13 21:55:36.554481,Delivered,Closed,SHP021,Shipper 021,Marketplace,East Java,ST14_Kediri,HB03_SBY_GATEWAY,Jabodetabek,ST05_Tangerang,HB01_JKT_GATEWAY,Inter-Region,Regular,Prepaid,CR132,Van,1.11,1.64,1.64,1688249,19380,15706,8,1,0,,14.0,72,1,0,,1,0,,0,,45.49,2.97,10.5,ST05_Tangerang,
SHPM003755,AWB260003755,2026-02-27 23:47:43.506238,2026-02-28 00:05:43.506238,2026-02-28 00:32:43.506238,2026-02-28 02:15:10.287037,2026-02-28 02:36:10.287037,2026-02-28 03:47:10.287037,2026-02-28 05:57:48.979626,2026-02-28 12:49:05.409611,2026-02-28 21:58:12.277537,2026-03-01 10:15:22.826576,2026-03-01 15:32:02.160901,2026-02-28 15:47:43.506238,Delivered,Closed,SHP059,Shipper 059,Marketplace,Jabodetabek,ST02_JKT_West,HB01_JKT_GATEWAY,Outer Java,ST16_Palembang,HB05_SUMATRA_GATEWAY,Inter-Region,Same Day,COD,CR017,Bike,0.98,0.89,0.98,883970,35410,33507,2,0,0,,21.0,16,0,0,,1,0,,0,,39.74,2.18,9.15,ST16_Palembang,First Mile Delay
SHPM003756,AWB260003756,2026-03-23 21:45:44.040486,2026-03-23 22:20:44.040486,2026-03-23 23:20:44.040486,2026-03-24 00:17:35.835669,2026-03-24 00:35:35.835669,2026-03-24 01:55:35.835669,2026-03-24 04:41:28.265497,2026-03-24 13:22:18.274442,2026-03-25 00:09:57.733690,2026-03-25 14:43:08.897532,2026-03-26 03:33:56.539163,2026-03-25 09:45:44.040486,Delivered,Closed,SHP070,Shipper 070,Enterprise,Jabodetabek,ST04_Bekasi,HB01_JKT_GATEWAY,Outer Java,ST16_Palembang,HB05_SUMATRA_GATEWAY,Inter-Region,Next Day,COD,CR035,Bike,0.85,1.2,1.2,443759,29400,22501,4,1,0,,18.0,36,0,0,,1,0,,0,,53.8,2.76,10.79,ST16_Palembang,Hub Bottleneck
SHPM003757,AWB260003757,2026-03-14 18:21:15.616027,2026-03-14 18:48:15.616027,2026-03-14 19:08:15.616027,2026-03-14 22:00:29.305492,2026-03-14 22:40:29.305492,2026-03-15 00:31:29.305492,2026-03-15 05:23:11.126795,2026-03-15 08:08:49.246020,2026-03-15 17:26:05.260504,2026-03-16 06:55:21.375771,2026-03-16 16:15:14.365226,2026-03-16 06:21:15.616027,Delivered,Closed,SHP072,Shipper 072,Enterprise,Outer Java,ST18_Balikpapan,HB06_EASTERN_GATEWAY,Jabodetabek,ST03_JKT_East,HB01_JKT_GATEWAY,Inter-Region,Next Day,COD,CR173,Bike,2.05,2.13,2.13,2574776,33585,29911,4,1,0,,40.0,36,0,0,,1,0,,0,,45.9,4.86,9.29,ST03_JKT_East,Last Mile Delay
SHPM003758,AWB260003758,2026-03-25 10:56:59.615192,2026-03-25 11:29:59.615192,2026-03-25 12:04:59.615192,2026-03-25 17:39:25.863651,2026-03-25 17:47:25.863651,2026-03-25 18:21:25.863651,2026-03-25 19:40:44.061647,2026-03-26 00:38:40.116288,2026-03-26 12:01:46.440642,2026-03-26 14:04:06.161040,2026-03-26 19:03:53.748095,2026-03-27 10:56:59.615192,Delivered,Closed,SHP023,Shipper 023,Enterprise,West Java,ST08_Bogor,HB01_JKT_GATEWAY,West Java,ST07_Cirebon,HB02_BDG_TRANSIT,Intra-Region,Regular,Prepaid,CR076,Bike,0.82,0.88,0.88,985852,15960,14163,8,1,0,,8.0,48,1,0,,1,0,,0,,32.12,1.32,11.39,ST07_Cirebon,
SHPM003759,AWB260003759,2026-03-01 03:23:07.775362,2026-03-01 03:32:07.775362,2026-03-01 03:45:07.775362,2026-03-01 10:59:54.493893,2026-03-01 11:34:54.493893,2026-03-01 13:10:54.493893,2026-03-01 18:58:53.816986,2026-03-02 02:18:00.966231,2026-03-02 12:07:13.573627,2026-03-02 21:07:00.753094,2026-03-03 10:31:11.697519,2026-03-04 03:23:07.775362,Delivered,Closed,SHP023,Shipper 023,Enterprise,West Java,ST08_Bogor,HB01_JKT_GATEWAY,Jabodetabek,ST01_JKT_Central,HB01_JKT_GATEWAY,Inter-Region,Regular,COD,CR078,Bike,1.35,1.82,1.82,2023322,24190,15508,8,1,0,,35.0,72,1,0,,1,0,,0,,55.13,5.8,9.82,ST01_JKT_Central,
SHPM003760,AWB260003760,2026-03-28 18:59:23.978525,2026-03-28 19:28:23.978525,2026-03-28 19:48:23.978525,2026-03-29 02:47:38.433513,2026-03-29 04:17:38.433513,2026-03-29 05:54:38.433513,2026-03-29 11:24:00.750082,2026-03-29 15:00:54.083986,2026-03-29 19:46:48.874053,2026-03-30 00:51:00.646921,2026-03-30 22:07:43.225383,2026-03-31 18:59:23.978525,Delivered,Closed,SHP005,Shipper 005,Enterprise,Central Java,ST09_Semarang,HB04_CTG_NATIONAL,Outer Java,ST19_Denpasar,HB06_EASTERN_GATEWAY,Inter-Region,Regular,COD,CR084,Bike,0.57,0.61,0.61,1081917,18745,16734,8,1,0,,90.0,72,1,0,,1,0,,0,,51.14,5.49,4.77,ST19_Denpasar,
SHPM003761,AWB260003761,2026-02-24 21:41:53.947127,2026-02-24 21:50:53.947127,2026-02-24 22:12:53.947127,2026-02-25 02:10:15.590050,2026-02-25 02:40:15.590050,2026-02-25 03:59:15.590050,2026-02-25 08:59:29.277539,2026-02-25 14:30:09.539244,2026-02-26 00:46:46.763400,2026-02-26 08:41:59.753894,2026-02-26 19:26:02.634481,2026-02-26 09:41:53.947127,Delivered,Closed,SHP077,Shipper 077,Marketplace,Outer Java,ST16_Palembang,HB05_SUMATRA_GATEWAY,West Java,ST06_Bandung,HB01_JKT_GATEWAY,Inter-Region,Next Day,COD,CR153,Van,0.66,0.6,0.66,1773235,26970,18351,4,0,0,,30.0,36,0,0,,1,0,,0,,45.74,5.0,10.28,ST06_Bandung,First Mile Delay
SHPM003762,AWB260003762,2026-03-03 17:11:12.541029,2026-03-03 17:48:12.541029,2026-03-03 18:28:12.541029,2026-03-03 23:23:35.779211,2026-03-04 00:49:35.779211,2026-03-04 02:13:35.779211,2026-03-04 08:06:25.909820,2026-03-04 11:18:53.142542,2026-03-04 22:05:58.004257,2026-03-05 06:10:03.283245,2026-03-05 12:59:22.895788,2026-03-05 05:11:12.541029,Delivered,Closed,SHP018,Shipper 018,Enterprise,West Java,ST07_Cirebon,HB02_BDG_TRANSIT,Jabodetabek,ST03_JKT_East,HB01_JKT_GATEWAY,Inter-Region,Next Day,COD,CR069,Van,0.87,0.81,0.87,2111971,27915,20797,4,0,0,,86.0,36,0,0,,1,0,,0,,43.8,5.88,10.78,ST03_JKT_East,First Mile Delay
SHPM003763,AWB260003763,2026-02-21 04:29:19.201236,2026-02-21 04:55:19.201236,2026-02-21 05:22:19.201236,2026-02-21 07:33:02.110503,2026-02-21 08:12:02.110503,2026-02-21 08:31:02.110503,2026-02-21 14:13:03.640309,2026-02-21 17:17:10.796602,2026-02-22 05:13:06.827731,2026-02-22 16:22:28.421482,2026-02-23 00:57:32.780403,2026-02-22 16:29:19.201236,Delivered,Closed,SHP089,Shipper 089,Enterprise,Central Java,ST11_Yogyakarta,HB04_CTG_NATIONAL,West Java,ST08_Bogor,HB01_JKT_GATEWAY,Inter-Region,Next Day,Prepaid,CR102,Van,0.43,0.44,0.44,1167246,21980,20363,4,1,0,,39.0,36,0,0,,1,0,,0,,44.47,5.7,11.93,ST08_Bogor,Hub Bottleneck
SHPM003764,AWB260003764,2026-03-07 18:27:01.006522,2026-03-07 19:03:01.006522,2026-03-07 19:43:01.006522,2026-03-07 21:19:04.172393,2026-03-07 21:52:04.172393,2026-03-07 22:44:04.172393,2026-03-08 03:52:09.444066,2026-03-08 12:29:11.039686,2026-03-08 15:33:55.988954,2026-03-09 01:47:05.804205,2026-03-09 04:18:29.796471,2026-03-08 10:27:01.006522,Delivered,Closed,SHP070,Shipper 070,Enterprise,Jabodetabek,ST04_Bekasi,HB01_JKT_GATEWAY,Outer Java,ST15_Medan,HB05_SUMATRA_GATEWAY,Inter-Region,Same Day,Prepaid,CR043,Bike,0.46,0.48,0.48,1345252,29160,19998,2,0,0,,33.0,16,0,0,,1,0,,0,,33.86,5.13,3.08,ST15_Medan,First Mile Delay
SHPM003765,AWB260003765,2026-03-04 13:18:55.696982,2026-03-04 13:38:55.696982,2026-03-04 14:06:55.696982,2026-03-04 15:38:21.686975,2026-03-04 15:46:21.686975,2026-03-04 17:33:21.686975,2026-03-04 23:20:53.411693,2026-03-05 03:41:06.251806,2026-03-05 13:27:25.251284,2026-03-06 07:08:23.395437,2026-03-06 09:54:14.817494,2026-03-05 05:18:55.696982,Delivered,Closed,SHP074,Shipper 074,Enterprise,Outer Java,ST15_Medan,HB05_SUMATRA_GATEWAY,Jabodetabek,ST02_JKT_West,HB01_JKT_GATEWAY,Inter-Region,Same Day,Prepaid,CR144,Bike,1.89,1.93,1.93,1624599,35685,29039,2,1,0,,8.0,16,0,0,,1,0,,0,,44.59,5.79,9.77,ST02_JKT_West,Last Mile Delay
SHPM003766,AWB260003766,2026-03-11 18:54:43.229338,2026-03-11 19:39:43.229338,2026-03-11 20:20:43.229338,2026-03-12 03:26:40.798033,2026-03-12 04:06:40.798033,2026-03-12 05:41:40.798033,2026-03-12 09:53:17.427500,2026-03-12 18:44:43.412292,2026-03-13 05:55:02.663431,2026-03-13 23:54:40.120646,2026-03-14 15:54:43.331254,2026-03-14 18:54:43.229338,Delivered,Closed,SHP070,Shipper 070,Enterprise,Jabodetabek,ST05_Tangerang,HB01_JKT_GATEWAY,Outer Java,ST17_Makassar,HB06_EASTERN_GATEWAY,Inter-Region,Regular,COD,CR047,Bike,2.64,2.41,2.64,489274,27880,23590,8,1,0,,40.0,72,1,0,,1,0,,0,,69.0,4.19,11.17,ST17_Makassar,
SHPM003767,AWB260003767,2026-03-16 15:15:04.308696,2026-03-16 15:45:04.308696,2026-03-16 16:49:04.308696,2026-03-17 09:22:00.571770,2026-03-17 10:15:00.571770,2026-03-17 10:39:00.571770,2026-03-17 12:56:27.245353,2026-03-17 21:01:34.123186,2026-03-18 06:06:59.004661,2026-03-18 22:56:51.023047,2026-03-19 11:41:51.103774,2026-03-19 15:15:04.308696,Delivered,Closed,SHP018,Shipper 018,Enterprise,West Java,ST07_Cirebon,HB02_BDG_TRANSIT,Jabodetabek,ST01_JKT_Central,HB01_JKT_GATEWAY,Inter-Region,Regular,Prepaid,CR068,Van,1.38,1.41,1.41,1626022,18345,10953,8,0,0,,53.0,72,1,0,,1,0,,0,,68.45,2.29,9.09,ST01_JKT_Central,
SHPM003768,AWB260003768,2026-03-31 07:18:18.443753,2026-03-31 07:38:18.443753,2026-03-31 08:25:18.443753,2026-03-31 10:46:12.983699,2026-03-31 11:37:12.983699,2026-03-31 13:10:12.983699,2026-03-31 16:46:48.752305,2026-03-31 23:41:20.848620,2026-04-01 10:13:26.017016,2026-04-01 20:36:20.705031,2026-04-02 06:30:43.306514,2026-04-01 19:18:18.443753,Delivered,Closed,SHP088,Shipper 088,SME,Outer Java,ST19_Denpasar,HB06_EASTERN_GATEWAY,West Java,ST08_Bogor,HB01_JKT_GATEWAY,Inter-Region,Next Day,COD,CR175,Bike,5.7,5.46,5.7,2050828,49650,40580,4,1,0,,51.0,36,0,0,,1,0,,0,,47.21,3.61,10.53,ST08_Bogor,Hub Bottleneck
SHPM003769,AWB260003769,2026-02-24 17:39:46.175901,2026-02-24 17:50:46.175901,2026-02-24 18:22:46.175901,2026-02-24 23:40:16.502934,2026-02-24 23:48:16.502934,2026-02-25 00:23:16.502934,2026-02-25 04:55:32.081369,2026-02-25 07:31:29.892285,2026-02-25 17:40:14.901179,2026-02-26 05:48:44.411629,2026-02-26 11:00:03.206959,2026-02-27 17:39:46.175901,Delivered,Closed,SHP069,Shipper 069,SME,West Java,ST06_Bandung,HB01_JKT_GATEWAY,Central Java,ST09_Semarang,HB04_CTG_NATIONAL,Inter-Region,Regular,COD,CR058,Van,0.6,0.58,0.6,584095,18700,16338,8,1,0,,8.0,72,1,0,,1,0,,0,,41.34,4.54,10.15,ST09_Semarang,
SHPM003770,AWB260003770,2026-03-15 15:19:40.198348,2026-03-15 15:44:40.198348,2026-03-15 15:50:40.198348,2026-03-15 17:29:00.152326,2026-03-15 17:46:00.152326,2026-03-15 18:23:00.152326,2026-03-15 22:01:13.067371,2026-03-16 07:16:25.642233,2026-03-16 18:37:49.905684,2026-03-17 11:20:29.921281,2026-03-18 01:33:25.462085,2026-03-17 03:19:40.198348,Delivered,Closed,SHP034,Shipper 034,Enterprise,Jabodetabek,ST01_JKT_Central,HB01_JKT_GATEWAY,Outer Java,ST20_Banjarmasin,HB06_EASTERN_GATEWAY,Inter-Region,Next Day,Prepaid,CR007,Truck,4.49,5.82,5.82,2226069,46190,41612,4,1,0,,17.0,36,0,0,,1,0,,0,,58.23,3.64,11.36,ST20_Banjarmasin,Hub Bottleneck
SHPM003771,AWB260003771,2026-03-25 03:36:16.343176,2026-03-25 03:53:16.343176,2026-03-25 04:32:16.343176,2026-03-25 11:53:24.639121,2026-03-25 12:11:24.639121,2026-03-25 12:26:24.639121,2026-03-25 16:26:14.113629,2026-03-26 01:58:32.186495,2026-03-26 08:33:32.855058,2026-03-26 17:03:40.067574,2026-03-27 10:26:57.845228,2026-03-28 03:36:16.343176,Delivered,Closed,SHP047,Shipper 047,Marketplace,Central Java,ST11_Yogyakarta,HB04_CTG_NATIONAL,West Java,ST07_Cirebon,HB02_BDG_TRANSIT,Inter-Region,Regular,Prepaid,CR102,Truck,0.32,0.31,0.32,502701,13440,8838,8,0,0,,18.0,72,1,0,,1,0,,0,,54.84,4.0,6.58,ST07_Cirebon,
SHPM003772,AWB260003772,2026-02-22 07:24:21.977768,2026-02-22 07:51:21.977768,2026-02-22 08:10:21.977768,2026-02-22 12:39:02.171477,2026-02-22 12:57:02.171477,2026-02-22 14:40:02.171477,2026-02-22 17:53:03.175634,2026-02-23 02:06:10.652190,2026-02-23 14:05:22.213832,2026-02-24 05:29:26.328895,2026-02-24 14:37:54.641089,2026-02-25 07:24:21.977768,Delivered,Closed,SHP082,Shipper 082,SME,Outer Java,ST15_Medan,HB05_SUMATRA_GATEWAY,Jabodetabek,ST03_JKT_East,HB01_JKT_GATEWAY,Inter-Region,Regular,Prepaid,CR137,Bike,8.55,8.34,8.55,321284,50475,37919,8,1,0,,18.0,72,1,0,,1,0,,0,,55.23,3.22,11.99,ST03_JKT_East,
SHPM003773,AWB260003773,2026-03-16 11:39:54.122869,2026-03-16 11:54:54.122869,2026-03-16 12:32:54.122869,2026-03-16 15:47:42.170999,2026-03-16 15:55:42.170999,2026-03-16 16:32:42.170999,2026-03-16 19:17:27.274594,2026-03-17 03:36:19.696572,2026-03-17 14:30:20.680583,2026-03-18 05:53:10.482702,2026-03-18 19:19:44.588126,2026-03-19 11:39:54.122869,Delivered,Closed,SHP034,Shipper 034,Enterprise,Jabodetabek,ST01_JKT_Central,HB01_JKT_GATEWAY,West Java,ST08_Bogor,HB01_JKT_GATEWAY,Inter-Region,Regular,Prepaid,CR004,Bike,0.39,0.37,0.39,895298,13755,10118,8,1,0,,8.0,72,1,0,,1,0,,0,,55.66,2.75,10.9,ST08_Bogor,
SHPM003774,AWB260003774,2026-02-19 08:01:35.225996,2026-02-19 08:40:35.225996,2026-02-19 09:12:35.225996,2026-02-19 11:44:13.236220,2026-02-19 12:23:13.236220,2026-02-19 13:20:13.236220,2026-02-19 18:43:38.815916,2026-02-19 22:06:56.743653,2026-02-20 02:09:45.528472,2026-02-20 07:23:54.824811,2026-02-20 10:20:06.529766,2026-02-20 08:01:35.225996,Delivered,Closed,SHP049,Shipper 049,Enterprise,Jabodetabek,ST05_Tangerang,HB01_JKT_GATEWAY,Jabodetabek,ST03_JKT_East,HB01_JKT_GATEWAY,Intra-Region,Next Day,Prepaid,CR045,Van,0.4,0.41,0.41,1484737,21845,18267,4,1,0,,39.0,24,0,0,,1,0,,0,,26.31,5.39,4.05,ST03_JKT_East,Last Mile Delay
SHPM003775,AWB260003775,2026-03-13 18:40:17.897575,2026-03-13 19:06:17.897575,2026-03-13 19:24:17.897575,2026-03-13 23:00:38.351451,2026-03-13 23:08:38.351451,2026-03-13 23:35:38.351451,2026-03-14 04:06:30.028267,2026-03-14 08:53:15.445018,2026-03-14 17:34:31.876422,2026-03-15 10:21:17.696677,2026-03-15 21:17:54.739074,2026-03-16 18:40:17.897575,Delivered,Closed,SHP094,Shipper 094,SME,Outer Java,ST15_Medan,HB05_SUMATRA_GATEWAY,West Java,ST07_Cirebon,HB02_BDG_TRANSIT,Inter-Region,Regular,Prepaid,CR144,Bike,4.25,7.0,7.0,1733323,43500,31636,8,1,0,,8.0,72,1,0,,1,0,,0,,50.63,4.51,8.69,ST07_Cirebon,
SHPM003776,AWB260003776,2026-02-20 03:16:04.010810,2026-02-20 03:25:04.010810,2026-02-20 04:06:04.010810,2026-02-20 06:51:17.568811,2026-02-20 07:42:17.568811,2026-02-20 08:02:17.568811,2026-02-20 17:09:04.556301,2026-02-20 22:49:45.572803,2026-02-21 05:07:15.894453,2026-02-21 11:56:16.956596,2026-02-22 01:48:22.728796,2026-02-21 15:16:04.010810,Delivered,Closed,SHP010,Shipper 010,Enterprise,East Java,ST12_Surabaya,HB03_SBY_GATEWAY,Outer Java,ST16_Palembang,HB05_SUMATRA_GATEWAY,Inter-Region,Next Day,Prepaid,CR112,Bike,1.88,1.92,1.92,644050,28640,26433,4,1,0,,51.0,36,0,0,,1,0,,0,,46.54,9.11,6.29,ST16_Palembang,Remote Area
SHPM003777,AWB260003777,2026-03-24 00:50:16.040460,2026-03-24 01:27:16.040460,2026-03-24 01:56:16.040460,2026-03-24 03:41:49.071701,2026-03-24 04:09:49.071701,2026-03-24 04:58:49.071701,2026-03-24 10:02:55.916928,2026-03-24 13:37:56.219461,2026-03-25 08:06:28.891419,2026-03-25 13:34:40.554283,2026-03-25 22:01:27.552141,2026-03-27 00:50:16.040460,Delivered,Closed,SHP041,Shipper 041,SME,West Java,ST08_Bogor,HB01_JKT_GATEWAY,Outer Java,ST15_Medan,HB05_SUMATRA_GATEWAY,Inter-Region,Regular,Prepaid,CR080,Bike,0.75,0.8,0.8,2476119,15600,11492,8,1,0,,28.0,72,1,0,,1,0,,0,,45.19,5.07,18.48,ST15_Medan,
SHPM003778,AWB260003778,2026-02-28 22:57:41.327638,2026-02-28 23:23:41.327638,2026-02-28 23:52:41.327638,2026-03-01 06:36:49.284181,2026-03-01 07:19:49.284181,2026-03-01 08:32:49.284181,2026-03-01 10:52:39.887419,2026-03-01 13:51:51.460934,2026-03-01 18:23:09.761906,2026-03-01 21:49:35.538476,2026-03-02 08:37:52.567837,2026-03-02 22:57:41.327638,Delivered,Closed,SHP059,Shipper 059,Marketplace,Jabodetabek,ST02_JKT_West,HB01_JKT_GATEWAY,Jabodetabek,ST02_JKT_West,HB01_JKT_GATEWAY,Intra-Region,Regular,Prepaid,CR015,Bike,3.0,3.02,3.02,1075679,25590,16170,8,1,0,,43.0,48,1,0,,1,0,,0,,33.67,2.33,4.52,ST02_JKT_West,
SHPM003779,AWB260003779,2026-02-19 03:29:51.101050,2026-02-19 04:09:51.101050,2026-02-19 04:46:51.101050,2026-02-19 16:41:02.146794,2026-02-19 17:42:02.146794,2026-02-19 19:24:02.146794,2026-02-20 04:23:55.449612,2026-02-20 14:09:50.207788,2026-02-21 05:59:58.176579,2026-02-21 18:21:59.875451,2026-02-22 06:01:01.194164,2026-02-20 15:29:51.101050,Delivered,Closed,SHP018,Shipper 018,Enterprise,West Java,ST07_Cirebon,HB02_BDG_TRANSIT,Outer Java,ST18_Balikpapan,HB06_EASTERN_GATEWAY,Inter-Region,Next Day,COD,CR071,Truck,1.73,1.59,1.73,2335581,31785,19401,4,0,0,,61.0,36,0,0,,1,0,,0,,74.52,9.0,15.84,ST18_Balikpapan,First Mile Delay
SHPM003780,AWB260003780,2026-03-27 04:22:08.316419,2026-03-27 04:28:08.316419,2026-03-27 05:04:08.316419,2026-03-27 12:15:17.834093,2026-03-27 12:23:17.834093,2026-03-27 13:22:17.834093,2026-03-27 15:35:39.136844,2026-03-27 19:21:13.721607,2026-03-28 07:09:52.248345,2026-03-28 14:35:43.586372,2026-03-28 20:13:33.175173,2026-03-30 04:22:08.316419,Delivered,Closed,SHP028,Shipper 028,Marketplace,Jabodetabek,ST04_Bekasi,HB01_JKT_GATEWAY,West Java,ST06_Bandung,HB01_JKT_GATEWAY,Inter-Region,Regular,COD,CR043,Truck,1.92,2.03,2.03,1061769,25135,18284,8,1,0,,8.0,72,1,0,,1,0,,0,,39.86,2.22,11.81,ST06_Bandung,
SHPM003781,AWB260003781,2026-03-21 21:16:00.134306,2026-03-21 21:34:00.134306,2026-03-21 22:03:00.134306,2026-03-21 23:46:49.093125,2026-03-22 00:10:49.093125,2026-03-22 01:55:49.093125,2026-03-22 04:22:35.418653,2026-03-22 10:39:34.138891,2026-03-22 14:32:39.559984,2026-03-23 03:58:19.821928,2026-03-23 11:07:28.649162,2026-03-24 21:16:00.134306,Delivered,Closed,SHP030,Shipper 030,Enterprise,Jabodetabek,ST05_Tangerang,HB01_JKT_GATEWAY,West Java,ST06_Bandung,HB01_JKT_GATEWAY,Inter-Region,Regular,Prepaid,CR054,Bike,0.84,0.78,0.84,1055983,15780,12019,8,1,0,,24.0,72,1,0,,1,0,,0,,37.86,2.45,3.88,ST06_Bandung,
SHPM003782,AWB260003782,2026-02-21 08:57:50.065812,2026-02-21 09:17:50.065812,2026-02-21 09:48:50.065812,2026-02-21 13:16:32.270891,2026-02-21 13:38:32.270891,2026-02-21 15:23:32.270891,2026-02-21 21:09:41.750009,2026-02-21 23:39:05.495431,2026-02-22 10:29:13.749565,2026-02-22 18:38:26.930137,2026-02-23 05:08:43.977986,2026-02-23 08:57:50.065812,Delivered,Closed,SHP070,Shipper 070,Enterprise,Jabodetabek,ST04_Bekasi,HB01_JKT_GATEWAY,Jabodetabek,ST01_JKT_Central,HB01_JKT_GATEWAY,Intra-Region,Regular,Prepaid,CR031,Truck,0.77,0.82,0.82,318339,15690,14420,8,1,0,,22.0,48,1,0,,1,0,,0,,44.18,5.77,10.84,ST01_JKT_Central,
SHPM003783,AWB260003783,2026-03-26 02:29:32.514923,2026-03-26 02:59:32.514923,2026-03-26 03:27:32.514923,2026-03-26 10:27:34.398034,2026-03-26 11:33:34.398034,2026-03-26 12:36:34.398034,2026-03-26 16:35:45.384134,2026-03-27 00:26:25.171299,2026-03-27 12:12:04.667215,2026-03-28 03:11:13.220071,2026-03-28 19:56:00.820067,2026-03-29 02:29:32.514923,Delivered,Closed,SHP084,Shipper 084,Enterprise,Central Java,ST10_Solo,HB04_CTG_NATIONAL,West Java,ST06_Bandung,HB01_JKT_GATEWAY,Inter-Region,Regular,Prepaid,CR096,Bike,3.06,3.57,3.57,333076,28065,21302,8,1,0,,66.0,72,1,0,,1,0,,0,,65.44,3.99,11.76,ST06_Bandung,
SHPM003784,AWB260003784,2026-02-19 08:21:41.797437,2026-02-19 09:06:41.797437,2026-02-19 09:40:41.797437,2026-02-19 12:45:07.570763,2026-02-19 13:05:07.570763,2026-02-19 14:24:07.570763,2026-02-19 17:03:42.264987,2026-02-20 00:03:15.188550,2026-02-20 06:46:50.840250,2026-02-20 21:56:13.855017,2026-02-21 01:29:31.458542,2026-02-20 20:21:41.797437,Delivered,Closed,SHP077,Shipper 077,Marketplace,Outer Java,ST17_Makassar,HB06_EASTERN_GATEWAY,Jabodetabek,ST03_JKT_East,HB01_JKT_GATEWAY,Inter-Region,Next Day,Prepaid,CR155,Bike,0.88,1.09,1.09,2659005,24905,22660,4,1,0,,20.0,36,0,0,,1,0,,0,,41.13,2.66,6.73,ST03_JKT_East,Last Mile Delay
SHPM003785,AWB260003785,2026-03-25 04:50:34.719474,2026-03-25 05:06:34.719474,2026-03-25 05:20:34.719474,2026-03-25 08:10:01.264900,2026-03-25 08:34:01.264900,2026-03-25 09:15:01.264900,2026-03-25 10:15:53.157349,2026-03-25 17:37:06.140415,2026-03-25 22:15:20.818228,2026-03-26 08:14:02.720257,2026-03-26 12:07:05.579605,2026-03-26 16:50:34.719474,Delivered,Closed,SHP062,Shipper 062,Enterprise,Jabodetabek,ST04_Bekasi,HB01_JKT_GATEWAY,West Java,ST06_Bandung,HB01_JKT_GATEWAY,Inter-Region,Next Day,COD,CR041,Bike,1.48,1.44,1.48,1968232,30660,27538,4,1,0,,24.0,36,1,0,,1,0,,0,,31.28,1.01,4.64,ST06_Bandung,
SHPM003786,AWB260003786,2026-03-26 16:18:59.571508,2026-03-26 16:24:59.571508,2026-03-26 16:30:59.571508,2026-03-26 20:09:31.483573,2026-03-26 20:26:31.483573,2026-03-26 20:54:31.483573,2026-03-26 23:24:40.583143,2026-03-27 01:31:23.206120,2026-03-27 13:08:48.342410,2026-03-27 22:35:16.538745,2026-03-28 09:42:02.399938,2026-03-29 16:18:59.571508,Delivered,Closed,SHP047,Shipper 047,Marketplace,Central Java,ST10_Solo,HB04_CTG_NATIONAL,Outer Java,ST15_Medan,HB05_SUMATRA_GATEWAY,Inter-Region,Regular,Prepaid,CR095,Van,3.81,3.96,3.96,483865,29820,24565,8,1,0,,17.0,72,1,0,,1,0,,0,,41.38,2.5,11.62,ST15_Medan,
SHPM003787,AWB260003787,2026-03-16 05:10:14.912464,2026-03-16 05:38:14.912464,2026-03-16 05:52:14.912464,2026-03-16 13:04:09.211986,2026-03-16 13:58:09.211986,2026-03-16 15:34:09.211986,2026-03-16 17:54:00.684115,2026-03-17 02:59:57.797033,2026-03-17 12:47:03.755411,2026-03-17 20:46:03.826627,2026-03-18 08:47:12.693949,2026-03-19 05:10:14.912464,Delivered,Closed,SHP016,Shipper 016,Marketplace,Jabodetabek,ST02_JKT_West,HB01_JKT_GATEWAY,Central Java,ST10_Solo,HB04_CTG_NATIONAL,Inter-Region,Regular,Prepaid,CR016,Bike,0.71,0.78,0.78,758545,15510,14268,8,1,0,,54.0,72,1,0,,1,0,,0,,51.62,2.33,9.78,ST10_Solo,
SHPM003788,AWB260003788,2026-03-02 09:54:47.133847,2026-03-02 10:00:47.133847,2026-03-02 10:13:47.133847,2026-03-02 11:32:02.793218,2026-03-02 12:40:02.793218,2026-03-02 14:11:02.793218,2026-03-02 17:23:40.374813,2026-03-02 19:29:31.908099,2026-03-03 01:16:41.509600,2026-03-03 03:45:06.732446,2026-03-03 07:39:00.309272,2026-03-03 09:54:47.133847,Delivered,Closed,SHP081,Shipper 081,Marketplace,West Java,ST06_Bandung,HB01_JKT_GATEWAY,West Java,ST08_Bogor,HB01_JKT_GATEWAY,Intra-Region,Next Day,Prepaid,CR063,Bike,1.51,2.21,2.21,1349200,29945,23308,4,1,0,,68.0,24,1,0,,1,0,,0,,21.74,3.21,5.79,ST08_Bogor,
SHPM003789,AWB260003789,2026-02-26 16:30:16.264322,2026-02-26 17:05:16.264322,2026-02-26 17:24:16.264322,2026-02-26 21:53:41.835291,2026-02-26 22:34:41.835291,2026-02-26 23:06:41.835291,2026-02-27 01:33:18.812900,2026-02-27 03:51:41.745561,2026-02-27 14:12:31.071653,2026-02-28 05:38:27.814380,,2026-03-01 16:30:16.264322,Delivery Exception,Exception,SHP011,Shipper 011,Enterprise,Jabodetabek,ST03_JKT_East,HB01_JKT_GATEWAY,West Java,ST07_Cirebon,HB02_BDG_TRANSIT,Inter-Region,Regular,Prepaid,CR030,Van,0.64,0.69,0.69,359517,15105,9435,8,1,0,,41.0,72,0,1,Remote Area Delay,2,0,,0,,931.5,2.44,10.35,ST07_Cirebon,Hub Bottleneck
SHPM003790,AWB260003790,2026-03-28 05:40:21.318966,2026-03-28 06:12:21.318966,2026-03-28 06:36:21.318966,2026-03-28 07:39:37.459742,2026-03-28 08:43:37.459742,2026-03-28 10:01:37.459742,2026-03-28 13:23:10.557023,2026-03-28 17:03:12.203883,2026-03-29 04:46:55.658080,2026-03-29 19:38:19.150934,2026-03-30 04:41:33.966013,2026-03-28 21:40:21.318966,Delivered,Closed,SHP063,Shipper 063,Enterprise,Jabodetabek,ST01_JKT_Central,HB01_JKT_GATEWAY,Outer Java,ST20_Banjarmasin,HB06_EASTERN_GATEWAY,Inter-Region,Same Day,Prepaid,CR003,Truck,0.62,0.58,0.62,1835844,29790,23136,2,1,0,,64.0,16,0,0,,1,0,,0,,47.02,3.36,11.73,ST20_Banjarmasin,Hub Bottleneck
SHPM003791,AWB260003791,2026-02-24 20:24:56.198817,2026-02-24 20:39:56.198817,2026-02-24 21:37:56.198817,2026-02-25 06:20:53.701093,2026-02-25 07:55:53.701093,2026-02-25 09:33:53.701093,2026-02-25 14:44:01.460577,2026-02-25 17:09:47.320253,2026-02-26 01:01:47.250653,2026-02-26 13:18:56.474590,2026-02-27 04:45:19.087746,2026-02-26 08:24:56.198817,Delivered,Closed,SHP018,Shipper 018,Enterprise,West Java,ST07_Cirebon,HB02_BDG_TRANSIT,Outer Java,ST15_Medan,HB05_SUMATRA_GATEWAY,Inter-Region,Next Day,Prepaid,CR075,Truck,1.64,1.76,1.76,241485,27920,25443,4,0,0,,95.0,36,0,0,,1,0,,0,,56.34,5.17,7.87,ST15_Medan,First Mile Delay
SHPM003792,AWB260003792,2026-02-19 00:36:51.302376,2026-02-19 01:08:51.302376,2026-02-19 01:38:51.302376,2026-02-19 08:55:54.892390,2026-02-19 09:34:54.892390,2026-02-19 11:34:54.892390,2026-02-19 16:43:11.966275,2026-02-20 01:59:19.219508,2026-02-20 10:36:50.030898,2026-02-20 16:48:41.352025,2026-02-21 12:35:08.674303,2026-02-22 00:36:51.302376,Delivered,Closed,SHP004,Shipper 004,Marketplace,Jabodetabek,ST04_Bekasi,HB01_JKT_GATEWAY,Outer Java,ST16_Palembang,HB05_SUMATRA_GATEWAY,Inter-Region,Regular,Prepaid,CR034,Bike,2.76,2.89,2.89,1900212,25005,14396,8,1,0,,39.0,72,1,0,,1,0,,0,,59.97,5.14,8.63,ST16_Palembang,
SHPM003793,AWB260003793,2026-02-28 07:49:40.933370,2026-02-28 08:30:40.933370,2026-02-28 08:40:40.933370,2026-02-28 12:16:01.573079,2026-02-28 12:48:01.573079,2026-02-28 13:30:01.573079,2026-02-28 15:39:43.067744,2026-02-28 21:48:10.725428,2026-03-01 02:53:49.634685,2026-03-01 11:38:40.821918,2026-03-01 15:40:49.909446,2026-03-03 07:49:40.933370,Delivered,Closed,SHP056,Shipper 056,Enterprise,Jabodetabek,ST03_JKT_East,HB01_JKT_GATEWAY,East Java,ST14_Kediri,HB03_SBY_GATEWAY,Inter-Region,Regular,Prepaid,CR021,Bike,1.19,1.19,1.19,1246495,17355,14587,8,1,0,,32.0,72,1,0,,1,0,,0,,31.85,2.16,5.09,ST14_Kediri,
SHPM003794,AWB260003794,2026-03-01 14:59:31.787851,2026-03-01 15:11:31.787851,2026-03-01 15:17:31.787851,2026-03-01 19:21:15.958260,2026-03-01 20:00:15.958260,2026-03-01 21:17:15.958260,2026-03-01 23:00:11.908665,2026-03-02 01:13:21.650882,2026-03-02 07:47:18.547496,2026-03-02 16:58:56.805751,2026-03-02 21:44:22.353935,2026-03-03 02:59:31.787851,Delivered,Closed,SHP002,Shipper 002,Enterprise,Jabodetabek,ST01_JKT_Central,HB01_JKT_GATEWAY,West Java,ST06_Bandung,HB01_JKT_GATEWAY,Inter-Region,Next Day,Prepaid,CR004,Truck,0.7,1.0,1.0,2385662,24500,15273,4,0,0,,39.0,36,1,0,,1,0,,0,,30.75,1.72,6.57,ST06_Bandung,
SHPM003795,AWB260003795,2026-03-26 10:49:10.121546,2026-03-26 11:10:10.121546,2026-03-26 11:28:10.121546,2026-03-26 17:22:03.920669,2026-03-26 18:15:03.920669,2026-03-26 19:39:03.920669,2026-03-26 22:21:58.797567,2026-03-27 02:04:41.351321,2026-03-27 13:37:32.837033,2026-03-27 20:42:21.465533,2026-03-28 07:26:18.458692,2026-03-29 10:49:10.121546,Delivered,Closed,SHP048,Shipper 048,Enterprise,Outer Java,ST17_Makassar,HB06_EASTERN_GATEWAY,Jabodetabek,ST04_Bekasi,HB01_JKT_GATEWAY,Inter-Region,Regular,Prepaid,CR160,Bike,2.2,2.27,2.27,621711,22215,13540,8,1,0,,53.0,72,1,0,,1,0,,0,,44.62,2.72,11.55,ST04_Bekasi,
SHPM003796,AWB260003796,2026-02-23 06:24:11.250479,2026-02-23 06:51:11.250479,2026-02-23 07:00:11.250479,2026-02-23 08:52:30.134927,2026-02-23 09:10:30.134927,2026-02-23 10:28:30.134927,2026-02-23 13:18:34.489000,2026-02-23 21:02:42.596542,2026-02-24 05:38:29.435607,2026-02-24 15:10:08.577432,2026-02-24 20:10:20.254776,2026-02-23 22:24:11.250479,Delivered,Closed,SHP011,Shipper 011,Enterprise,Jabodetabek,ST03_JKT_East,HB01_JKT_GATEWAY,West Java,ST06_Bandung,HB01_JKT_GATEWAY,Inter-Region,Same Day,COD,CR027,Van,0.93,1.14,1.14,1520554,36130,33118,2,0,0,,18.0,16,0,0,,1,0,,0,,37.77,2.83,8.6,ST06_Bandung,First Mile Delay
SHPM003797,AWB260003797,2026-03-10 01:31:22.821625,2026-03-10 01:48:22.821625,2026-03-10 02:13:22.821625,2026-03-10 05:48:27.372778,2026-03-10 06:26:27.372778,2026-03-10 07:19:27.372778,2026-03-10 08:20:03.723586,2026-03-10 13:10:41.933829,2026-03-10 18:30:22.071107,2026-03-10 23:21:56.222486,2026-03-11 01:39:15.286126,2026-03-11 01:31:22.821625,Delivered,Closed,SHP014,Shipper 014,Enterprise,Jabodetabek,ST05_Tangerang,HB01_JKT_GATEWAY,Jabodetabek,ST02_JKT_West,HB01_JKT_GATEWAY,Intra-Region,Next Day,Prepaid,CR045,Bike,3.17,3.17,3.17,1263996,34265,27279,4,0,0,,38.0,24,0,0,,1,0,,0,,24.13,1.01,5.33,ST02_JKT_West,First Mile Delay
SHPM003798,AWB260003798,2026-03-09 10:55:09.730838,2026-03-09 11:29:09.730838,2026-03-09 12:02:09.730838,2026-03-09 19:55:37.113161,2026-03-09 20:44:37.113161,2026-03-09 22:26:37.113161,2026-03-10 01:45:11.577663,2026-03-10 05:22:44.858226,2026-03-10 06:54:25.000461,2026-03-10 19:51:17.061540,2026-03-11 10:25:25.126654,2026-03-12 10:55:09.730838,Delivered,Closed,SHP089,Shipper 089,Enterprise,Central Java,ST11_Yogyakarta,HB04_CTG_NATIONAL,Jabodetabek,ST04_Bekasi,HB01_JKT_GATEWAY,Inter-Region,Regular,Prepaid,CR105,Van,1.72,2.54,2.54,1991677,23430,19009,8,0,0,,49.0,72,1,0,,1,0,,0,,47.5,3.31,1.53,ST04_Bekasi,
SHPM003799,AWB260003799,2026-02-18 21:20:42.761449,2026-02-18 21:52:42.761449,2026-02-18 22:27:42.761449,2026-02-19 03:13:45.293067,2026-02-19 03:56:45.293067,2026-02-19 04:52:45.293067,2026-02-19 06:56:10.423313,2026-02-19 08:58:23.375016,2026-02-19 13:20:00.066994,2026-02-20 05:03:40.968854,2026-02-20 16:15:05.819306,2026-02-21 21:20:42.761449,Delivered,Closed,SHP009,Shipper 009,Marketplace,West Java,ST08_Bogor,HB01_JKT_GATEWAY,Central Java,ST09_Semarang,HB04_CTG_NATIONAL,Inter-Region,Regular,COD,CR077,Bike,1.54,1.6,1.6,2109143,23200,21172,8,1,0,,43.0,72,1,0,,1,0,,0,,42.91,2.06,4.36,ST09_Semarang,
SHPM003800,AWB260003800,2026-03-21 12:48:10.640486,2026-03-21 13:32:10.640486,2026-03-21 14:09:10.640486,2026-03-21 14:59:52.385466,2026-03-21 16:11:52.385466,2026-03-21 17:43:52.385466,2026-03-21 23:28:52.209075,2026-03-22 05:21:35.471638,2026-03-22 10:23:36.379876,2026-03-22 18:17:22.969442,2026-03-23 02:33:26.517595,2026-03-23 00:48:10.640486,Delivered,Closed,SHP072,Shipper 072,Enterprise,Outer Java,ST18_Balikpapan,HB06_EASTERN_GATEWAY,East Java,ST13_Malang,HB03_SBY_GATEWAY,Inter-Region,Next Day,COD,CR166,Van,0.72,0.65,0.72,1639643,27240,18172,4,1,0,,72.0,36,0,0,,1,0,,0,,37.75,5.75,5.03,ST13_Malang,Last Mile Delay
SHPM003801,AWB260003801,2026-02-21 13:26:40.577761,2026-02-21 13:39:40.577761,2026-02-21 14:07:40.577761,2026-02-21 17:53:24.010769,2026-02-21 18:01:24.010769,2026-02-21 19:37:24.010769,2026-02-21 22:41:16.004674,2026-02-22 03:17:27.616983,2026-02-22 08:29:16.159276,2026-02-22 21:56:46.539989,2026-02-23 08:26:36.607184,2026-02-24 13:26:40.577761,Delivered,Closed,SHP030,Shipper 030,Enterprise,Jabodetabek,ST03_JKT_East,HB01_JKT_GATEWAY,Central Java,ST09_Semarang,HB04_CTG_NATIONAL,Inter-Region,Regular,Prepaid,CR019,Bike,0.9,1.19,1.19,2324352,17355,10228,8,1,0,,8.0,72,1,0,,1,0,,0,,43.0,3.06,5.2,ST09_Semarang,
SHPM003802,AWB260003802,2026-02-16 05:13:12.238957,2026-02-16 05:27:12.238957,2026-02-16 06:14:12.238957,2026-02-16 09:01:21.447779,2026-02-16 09:20:21.447779,2026-02-16 10:15:21.447779,2026-02-16 12:49:44.296444,2026-02-16 22:24:49.515938,2026-02-17 04:49:05.093242,2026-02-17 09:58:13.003259,2026-02-17 17:43:08.101052,2026-02-17 17:13:12.238957,Delivered,Closed,SHP012,Shipper 012,Marketplace,Outer Java,ST20_Banjarmasin,HB06_EASTERN_GATEWAY,East Java,ST12_Surabaya,HB03_SBY_GATEWAY,Inter-Region,Next Day,Prepaid,CR183,Bike,1.16,1.25,1.25,118324,25625,15938,4,1,0,,19.0,36,0,0,,1,0,,0,,36.5,2.57,6.4,ST12_Surabaya,Last Mile Delay
SHPM003803,AWB260003803,2026-02-17 05:06:17.926627,2026-02-17 05:35:17.926627,2026-02-17 06:05:17.926627,2026-02-17 09:46:47.250311,2026-02-17 10:46:47.250311,2026-02-17 12:01:47.250311,2026-02-17 16:09:30.586605,2026-02-17 19:56:16.709409,2026-02-18 04:09:23.540750,2026-02-18 16:57:36.593185,2026-02-18 23:23:24.984646,2026-02-18 17:06:17.926627,Delivered,Closed,SHP013,Shipper 013,SME,Jabodetabek,ST04_Bekasi,HB01_JKT_GATEWAY,Central Java,ST09_Semarang,HB04_CTG_NATIONAL,Inter-Region,Next Day,Prepaid,CR031,Bike,0.47,0.68,0.68,1468353,23060,17056,4,0,0,,60.0,36,0,0,,1,0,,0,,42.29,4.13,8.22,ST09_Semarang,First Mile Delay
SHPM003804,AWB260003804,2026-03-13 15:33:07.325592,2026-03-13 15:39:07.325592,2026-03-13 15:48:07.325592,2026-03-13 20:06:33.992633,2026-03-13 21:13:33.992633,2026-03-13 22:25:33.992633,2026-03-14 01:03:15.070203,2026-03-14 03:25:49.491140,2026-03-14 11:19:40.551699,2026-03-15 03:52:30.047156,2026-03-15 08:40:00.545444,2026-03-15 03:33:07.325592,Delivered,Closed,SHP061,Shipper 061,Enterprise,Outer Java,ST18_Balikpapan,HB06_EASTERN_GATEWAY,East Java,ST12_Surabaya,HB03_SBY_GATEWAY,Inter-Region,Next Day,Prepaid,CR166,Van,1.15,1.13,1.15,636047,25175,22693,4,0,0,,67.0,36,0,0,,1,0,,0,,41.11,2.63,7.9,ST12_Surabaya,First Mile Delay
SHPM003805,AWB260003805,2026-03-20 03:37:47.149670,2026-03-20 03:51:47.149670,2026-03-20 04:15:47.149670,2026-03-20 07:30:11.841966,2026-03-20 07:45:11.841966,2026-03-20 09:01:11.841966,2026-03-20 11:11:20.518201,2026-03-20 15:26:25.558648,2026-03-21 02:17:23.691713,2026-03-21 07:48:04.331208,2026-03-22 00:11:12.884883,2026-03-22 03:37:47.149670,Delivered,Closed,SHP084,Shipper 084,Enterprise,Central Java,ST11_Yogyakarta,HB04_CTG_NATIONAL,Central Java,ST09_Semarang,HB04_CTG_NATIONAL,Intra-Region,Regular,COD,CR105,Truck,1.61,1.63,1.63,820216,23335,15908,8,1,0,,15.0,48,1,0,,1,0,,0,,44.56,2.17,10.85,ST09_Semarang,
SHPM003806,AWB260003806,2026-02-24 02:11:41.280604,2026-02-24 02:31:41.280604,2026-02-24 03:07:41.280604,2026-02-24 07:16:30.680561,2026-02-24 07:47:30.680561,2026-02-24 08:42:30.680561,2026-02-24 13:17:17.762483,2026-02-24 18:30:45.836843,2026-02-25 00:58:05.599557,2026-02-25 10:38:21.643734,2026-02-25 21:26:05.076471,2026-02-25 14:11:41.280604,Delivered,Closed,SHP089,Shipper 089,Enterprise,Central Java,ST11_Yogyakarta,HB04_CTG_NATIONAL,Jabodetabek,ST04_Bekasi,HB01_JKT_GATEWAY,Inter-Region,Next Day,Prepaid,CR105,Van,0.61,0.67,0.67,970853,23015,12709,4,0,0,,31.0,36,0,0,,1,0,,0,,43.24,4.58,6.46,ST04_Bekasi,First Mile Delay
SHPM003807,AWB260003807,2026-02-19 16:53:56.637665,2026-02-19 17:23:56.637665,2026-02-19 17:28:56.637665,2026-02-19 19:34:01.715428,2026-02-19 19:42:01.715428,2026-02-19 21:07:01.715428,2026-02-20 01:25:09.478597,2026-02-20 07:02:07.627163,2026-02-20 12:59:00.803996,2026-02-20 23:20:42.967566,2026-02-21 07:16:09.094729,2026-02-21 04:53:56.637665,Delivered,Closed,SHP024,Shipper 024,Marketplace,Jabodetabek,ST05_Tangerang,HB01_JKT_GATEWAY,Central Java,ST09_Semarang,HB04_CTG_NATIONAL,Inter-Region,Next Day,Prepaid,CR051,Bike,1.05,1.09,1.09,1863705,24905,17818,4,1,0,,8.0,36,0,0,,1,0,,0,,38.37,4.3,5.95,ST09_Semarang,Last Mile Delay
SHPM003808,AWB260003808,2026-03-04 16:07:45.684318,2026-03-04 16:43:45.684318,2026-03-04 17:33:45.684318,2026-03-05 00:14:45.452339,2026-03-05 01:35:45.452339,2026-03-05 02:04:45.452339,2026-03-05 05:39:19.830839,2026-03-05 15:36:47.454999,2026-03-06 08:08:59.177549,2026-03-06 20:50:05.637540,2026-03-07 06:39:26.359281,2026-03-07 16:07:45.684318,Delivered,Closed,SHP025,Shipper 025,Marketplace,East Java,ST12_Surabaya,HB03_SBY_GATEWAY,Central Java,ST11_Yogyakarta,HB04_CTG_NATIONAL,Inter-Region,Regular,Prepaid,CR113,Van,0.85,0.78,0.85,1218864,15825,14814,8,1,0,,81.0,72,1,0,,1,0,,0,,62.53,3.58,16.54,ST11_Yogyakarta,
SHPM003809,AWB260003809,2026-03-09 21:44:02.614066,2026-03-09 22:13:02.614066,2026-03-09 22:35:02.614066,2026-03-10 00:17:31.545876,2026-03-10 00:50:31.545876,2026-03-10 02:26:31.545876,2026-03-10 08:02:20.834220,2026-03-10 17:29:32.576752,2026-03-11 04:17:58.068661,2026-03-11 14:48:25.915828,2026-03-11 22:21:50.779806,2026-03-12 21:44:02.614066,Delivered,Closed,SHP061,Shipper 061,Enterprise,Outer Java,ST17_Makassar,HB06_EASTERN_GATEWAY,Jabodetabek,ST05_Tangerang,HB01_JKT_GATEWAY,Inter-Region,Regular,Prepaid,CR154,Bike,0.48,0.71,0.71,1059519,15195,11585,8,1,0,,33.0,72,1,0,,1,0,,0,,48.63,5.6,10.81,ST05_Tangerang,
SHPM003810,AWB260003810,2026-03-24 04:11:41.357434,2026-03-24 04:37:41.357434,2026-03-24 04:50:41.357434,2026-03-24 08:15:27.153860,2026-03-24 09:07:27.153860,2026-03-24 09:37:27.153860,2026-03-24 15:35:52.811252,2026-03-24 21:17:15.032868,2026-03-24 23:01:56.192430,2026-03-25 07:53:32.398883,2026-03-25 15:18:18.303432,2026-03-25 16:11:41.357434,Delivered,Closed,SHP100,Shipper 100,Marketplace,Central Java,ST11_Yogyakarta,HB04_CTG_NATIONAL,East Java,ST13_Malang,HB03_SBY_GATEWAY,Inter-Region,Next Day,Prepaid,CR106,Bike,1.8,1.67,1.8,934031,28100,20477,4,1,0,,52.0,36,1,0,,1,0,,0,,35.11,5.97,1.74,ST13_Malang,
SHPM003811,AWB260003811,2026-02-24 02:45:50.329993,2026-02-24 03:01:50.329993,2026-02-24 03:56:50.329993,2026-02-24 10:16:13.383801,2026-02-24 11:08:13.383801,2026-02-24 11:26:13.383801,2026-02-24 16:44:32.694292,2026-02-24 19:29:46.053780,2026-02-25 06:42:55.430917,2026-02-25 14:56:49.475274,2026-02-25 22:08:17.305166,2026-02-26 02:45:50.329993,Delivered,Closed,SHP002,Shipper 002,Enterprise,Jabodetabek,ST02_JKT_West,HB01_JKT_GATEWAY,Jabodetabek,ST04_Bekasi,HB01_JKT_GATEWAY,Intra-Region,Regular,Prepaid,CR013,Van,0.65,0.63,0.65,2482135,14925,14140,8,1,0,,52.0,48,1,0,,1,0,,0,,43.37,5.31,11.22,ST04_Bekasi,
SHPM003812,AWB260003812,2026-03-09 18:52:41.004056,2026-03-09 19:25:41.004056,2026-03-09 20:16:41.004056,2026-03-10 02:02:42.673507,2026-03-10 03:14:42.673507,2026-03-10 04:53:42.673507,2026-03-10 11:19:04.515503,2026-03-10 21:08:26.098087,2026-03-11 16:35:12.671062,2026-03-11 23:56:28.140441,2026-03-12 07:44:57.242325,2026-03-12 18:52:41.004056,Delivered,Closed,SHP060,Shipper 060,Enterprise,East Java,ST12_Surabaya,HB03_SBY_GATEWAY,Jabodetabek,ST02_JKT_West,HB01_JKT_GATEWAY,Inter-Region,Regular,COD,CR112,Bike,1.31,1.43,1.43,1795909,22435,19145,8,1,0,,72.0,72,1,0,,1,0,,0,,60.87,6.42,19.45,ST02_JKT_West,
SHPM003813,AWB260003813,2026-03-27 13:27:24.600474,2026-03-27 13:44:24.600474,2026-03-27 14:16:24.600474,2026-03-27 16:24:58.572613,2026-03-27 16:46:58.572613,2026-03-27 17:38:58.572613,2026-03-27 23:04:06.150780,2026-03-28 03:04:35.213617,2026-03-28 05:18:15.740232,2026-03-28 16:02:43.946407,,2026-03-30 13:27:24.600474,Return To Sender,RTS,SHP036,Shipper 036,Marketplace,West Java,ST08_Bogor,HB01_JKT_GATEWAY,East Java,ST14_Kediri,HB03_SBY_GATEWAY,Inter-Region,Regular,Prepaid,CR082,Van,2.9,2.73,2.9,267417,25050,22615,8,1,0,,22.0,72,0,1,Customer Not Home,3,0,,1,Customer Not Home,238.54,5.42,2.23,ST14_Kediri,Delivery Exception
SHPM003814,AWB260003814,2026-02-15 21:18:57.267430,2026-02-15 21:51:57.267430,2026-02-15 22:03:57.267430,2026-02-15 23:47:12.785591,2026-02-16 00:10:12.785591,2026-02-16 01:06:12.785591,2026-02-16 06:34:37.541472,2026-02-16 08:59:13.103141,2026-02-16 13:22:04.603207,2026-02-17 01:02:17.182123,2026-02-17 02:36:41.969082,2026-02-16 13:18:57.267430,Delivered,Closed,SHP002,Shipper 002,Enterprise,Jabodetabek,ST01_JKT_Central,HB01_JKT_GATEWAY,West Java,ST06_Bandung,HB01_JKT_GATEWAY,Inter-Region,Same Day,Prepaid,CR011,Van,1.29,2.01,2.01,1732000,36045,29053,2,1,0,,23.0,16,0,0,,1,0,,0,,29.3,5.47,4.38,ST06_Bandung,Last Mile Delay
SHPM003815,AWB260003815,2026-02-18 03:48:23.957530,2026-02-18 04:04:23.957530,2026-02-18 04:18:23.957530,2026-02-18 08:03:48.123247,2026-02-18 08:38:48.123247,2026-02-18 09:33:48.123247,2026-02-18 14:12:39.736223,2026-02-18 17:30:54.961638,2026-02-18 22:45:05.268687,2026-02-19 14:07:24.946782,2026-02-19 17:09:02.393035,2026-02-19 15:48:23.957530,Delivered,Closed,SHP080,Shipper 080,SME,Outer Java,ST15_Medan,HB05_SUMATRA_GATEWAY,Jabodetabek,ST05_Tangerang,HB01_JKT_GATEWAY,Inter-Region,Next Day,COD,CR142,Bike,1.6,1.69,1.69,983055,31605,29545,4,1,0,,35.0,36,0,0,,1,0,,0,,37.34,4.65,5.24,ST05_Tangerang,Last Mile Delay
SHPM003816,AWB260003816,2026-03-11 12:36:00.853339,2026-03-11 12:58:00.853339,2026-03-11 13:21:00.853339,2026-03-11 15:03:05.646350,2026-03-11 15:34:05.646350,2026-03-11 16:42:05.646350,2026-03-11 20:56:47.157305,2026-03-12 03:05:15.257634,2026-03-12 14:46:40.070512,2026-03-12 19:52:57.091382,2026-03-12 22:42:29.254069,2026-03-12 04:36:00.853339,Delivered,Closed,SHP033,Shipper 033,Marketplace,Jabodetabek,ST04_Bekasi,HB01_JKT_GATEWAY,West Java,ST06_Bandung,HB01_JKT_GATEWAY,Inter-Region,Same Day,Prepaid,CR043,Bike,1.43,1.48,1.48,1766621,33660,20029,2,0,0,,31.0,16,0,0,,1,0,,0,,34.11,4.24,11.69,ST06_Bandung,First Mile Delay
SHPM003817,AWB260003817,2026-03-26 04:27:08.054430,2026-03-26 04:53:08.054430,2026-03-26 05:51:08.054430,2026-03-26 06:03:10.733516,2026-03-26 06:23:10.733516,2026-03-26 07:28:10.733516,2026-03-26 12:02:19.499036,2026-03-26 20:29:51.855592,2026-03-27 03:14:03.867874,2026-03-27 18:15:13.607690,2026-03-27 22:14:57.561889,2026-03-26 20:27:08.054430,Delivered,Closed,SHP074,Shipper 074,Enterprise,Outer Java,ST16_Palembang,HB05_SUMATRA_GATEWAY,Jabodetabek,ST05_Tangerang,HB01_JKT_GATEWAY,Inter-Region,Same Day,Prepaid,CR149,Van,0.2,0.21,0.21,431772,27945,22038,2,1,0,,20.0,16,0,0,,1,0,,0,,41.8,4.57,6.74,ST05_Tangerang,Last Mile Delay
SHPM003818,AWB260003818,2026-03-10 13:44:29.229559,2026-03-10 14:00:29.229559,2026-03-10 14:28:29.229559,2026-03-10 17:18:16.782175,2026-03-10 18:07:16.782175,2026-03-10 18:34:16.782175,2026-03-10 19:47:42.354827,2026-03-10 22:58:28.932921,2026-03-11 03:55:31.784042,2026-03-11 14:42:46.814951,2026-03-12 01:43:05.936466,2026-03-13 13:44:29.229559,Delivered,Closed,SHP058,Shipper 058,Enterprise,Jabodetabek,ST01_JKT_Central,HB01_JKT_GATEWAY,West Java,ST06_Bandung,HB01_JKT_GATEWAY,Inter-Region,Regular,Prepaid,CR003,Truck,0.8,0.87,0.87,572428,15915,12283,8,1,0,,49.0,72,1,0,,1,0,,0,,35.98,1.22,4.95,ST06_Bandung,
SHPM003819,AWB260003819,2026-02-20 06:50:07.289300,2026-02-20 07:06:07.289300,2026-02-20 07:50:07.289300,2026-02-20 09:34:14.869695,2026-02-20 10:02:14.869695,2026-02-20 12:02:14.869695,2026-02-20 15:38:01.897564,2026-02-20 23:50:12.348509,2026-02-21 14:25:14.897727,2026-02-22 04:46:04.353171,2026-02-22 13:14:58.887343,2026-02-21 18:50:07.289300,Delivered,Closed,SHP084,Shipper 084,Enterprise,Central Java,ST11_Yogyakarta,HB04_CTG_NATIONAL,Outer Java,ST15_Medan,HB05_SUMATRA_GATEWAY,Inter-Region,Next Day,Prepaid,CR100,Van,1.6,2.31,2.31,1497448,30395,25529,4,1,0,,28.0,36,0,0,,1,0,,0,,54.41,3.6,14.58,ST15_Medan,Hub Bottleneck
SHPM003820,AWB260003820,2026-03-10 04:04:52.909200,2026-03-10 04:13:52.909200,2026-03-10 04:41:52.909200,2026-03-10 07:24:20.831370,2026-03-10 08:39:20.831370,2026-03-10 10:18:20.831370,2026-03-10 15:27:21.145890,2026-03-10 21:14:35.513845,2026-03-11 08:20:55.517888,2026-03-11 13:21:54.066099,2026-03-12 03:46:03.016191,2026-03-11 16:04:52.909200,Delivered,Closed,SHP054,Shipper 054,Marketplace,West Java,ST06_Bandung,HB01_JKT_GATEWAY,Outer Java,ST18_Balikpapan,HB06_EASTERN_GATEWAY,Inter-Region,Next Day,Prepaid,CR061,Van,0.6,0.55,0.6,1363809,22700,19446,4,1,0,,75.0,36,0,0,,1,0,,0,,47.69,5.15,11.11,ST18_Balikpapan,Hub Bottleneck
SHPM003821,AWB260003821,2026-03-23 23:47:40.407861,2026-03-24 00:29:40.407861,2026-03-24 00:52:40.407861,2026-03-24 03:20:45.371383,2026-03-24 04:22:45.371383,2026-03-24 05:10:45.371383,2026-03-24 10:17:34.567381,2026-03-24 12:48:40.190799,2026-03-24 16:38:05.500930,2026-03-25 05:37:03.943237,2026-03-25 08:58:22.985721,2026-03-25 11:47:40.407861,Delivered,Closed,SHP049,Shipper 049,Enterprise,Jabodetabek,ST03_JKT_East,HB01_JKT_GATEWAY,East Java,ST14_Kediri,HB03_SBY_GATEWAY,Inter-Region,Next Day,COD,CR021,Van,1.29,1.37,1.37,2307573,30165,26477,4,1,0,,62.0,36,1,0,,1,0,,0,,33.18,5.11,3.82,ST14_Kediri,
SHPM003822,AWB260003822,2026-03-16 00:03:11.767618,2026-03-16 00:10:11.767618,2026-03-16 00:59:11.767618,2026-03-16 04:19:28.647766,2026-03-16 05:28:28.647766,2026-03-16 06:31:28.647766,2026-03-16 08:05:10.942444,2026-03-16 11:57:16.660780,2026-03-17 05:44:49.153182,2026-03-17 15:18:52.389944,2026-03-17 22:54:16.782235,2026-03-17 12:03:11.767618,Delivered,Closed,SHP010,Shipper 010,Enterprise,East Java,ST12_Surabaya,HB03_SBY_GATEWAY,Jabodetabek,ST03_JKT_East,HB01_JKT_GATEWAY,Inter-Region,Next Day,Prepaid,CR111,Bike,0.72,0.77,0.77,341270,23465,18785,4,0,0,,69.0,36,0,0,,1,0,,0,,46.85,1.56,17.79,ST03_JKT_East,First Mile Delay
SHPM003823,AWB260003823,2026-02-16 21:43:11.040566,2026-02-16 22:07:11.040566,2026-02-16 22:43:11.040566,2026-02-17 02:38:33.962389,2026-02-17 03:16:33.962389,2026-02-17 04:09:33.962389,2026-02-17 09:28:02.354245,2026-02-17 14:29:32.024039,2026-02-17 17:16:28.629330,2026-02-18 01:46:50.250323,2026-02-18 12:06:11.687342,2026-02-19 21:43:11.040566,Delivered,Closed,SHP099,Shipper 099,SME,West Java,ST08_Bogor,HB01_JKT_GATEWAY,Jabodetabek,ST01_JKT_Central,HB01_JKT_GATEWAY,Inter-Region,Regular,Prepaid,CR079,Bike,2.39,2.15,2.39,265500,22755,19601,8,1,0,,38.0,72,1,0,,1,0,,0,,38.38,5.31,2.78,ST01_JKT_Central,
SHPM003824,AWB260003824,2026-03-03 11:23:57.140824,2026-03-03 11:39:57.140824,2026-03-03 12:02:57.140824,2026-03-03 16:04:53.977011,2026-03-03 17:13:53.977011,2026-03-03 18:07:53.977011,2026-03-03 23:03:10.022473,2026-03-04 04:31:32.204739,2026-03-04 08:09:32.466677,2026-03-05 00:26:37.572842,2026-03-05 12:12:42.745096,2026-03-06 11:23:57.140824,Delivered,Closed,SHP008,Shipper 008,SME,Outer Java,ST16_Palembang,HB05_SUMATRA_GATEWAY,Central Java,ST09_Semarang,HB04_CTG_NATIONAL,Inter-Region,Regular,COD,CR150,Truck,0.37,0.58,0.58,1739501,18610,13718,8,1,0,,69.0,72,1,0,,1,0,,0,,48.81,4.92,3.63,ST09_Semarang,
SHPM003825,AWB260003825,2026-02-23 12:47:28.384637,2026-02-23 13:29:28.384637,2026-02-23 13:58:28.384637,,,,,,,,,2026-02-26 12:47:28.384637,Failed Pickup,Exception,SHP072,Shipper 072,Enterprise,Outer Java,ST18_Balikpapan,HB06_EASTERN_GATEWAY,East Java,ST12_Surabaya,HB03_SBY_GATEWAY,Inter-Region,Regular,Prepaid,CR165,Bike,1.45,1.43,1.45,671497,18525,13058,8,0,1,Schedule Miss,,72,0,0,,0,0,,0,,1007.21,,,ST18_Balikpapan,
SHPM003826,AWB260003826,2026-03-08 15:48:40.404775,2026-03-08 16:06:40.404775,2026-03-08 16:33:40.404775,2026-03-09 00:59:28.764669,2026-03-09 01:31:28.764669,2026-03-09 03:23:28.764669,2026-03-09 08:09:14.752008,2026-03-09 13:32:32.671223,2026-03-10 07:02:58.025350,2026-03-10 20:54:32.446807,2026-03-11 21:11:54.029943,2026-03-11 15:48:40.404775,Delivered,Closed,SHP058,Shipper 058,Enterprise,Jabodetabek,ST01_JKT_Central,HB01_JKT_GATEWAY,Outer Java,ST16_Palembang,HB05_SUMATRA_GATEWAY,Inter-Region,Regular,COD,CR001,Bike,1.62,1.62,1.62,1147159,23290,20309,8,0,0,,32.0,72,0,0,,1,0,,0,,77.39,4.76,17.51,ST16_Palembang,First Mile Delay
SHPM003827,AWB260003827,2026-03-23 06:03:36.802670,2026-03-23 06:15:36.802670,2026-03-23 06:44:36.802670,2026-03-23 10:43:37.849677,2026-03-23 11:40:37.849677,2026-03-23 12:02:37.849677,2026-03-23 16:18:46.041867,2026-03-24 00:34:28.784370,2026-03-24 04:38:08.631799,2026-03-24 19:13:28.940369,2026-03-25 05:09:04.125764,2026-03-24 18:03:36.802670,Delivered,Closed,SHP023,Shipper 023,Enterprise,West Java,ST08_Bogor,HB01_JKT_GATEWAY,Jabodetabek,ST02_JKT_West,HB01_JKT_GATEWAY,Inter-Region,Next Day,Prepaid,CR077,Bike,1.74,1.82,1.82,836093,28190,20758,4,0,0,,57.0,36,0,0,,1,0,,0,,47.09,4.27,4.06,ST02_JKT_West,First Mile Delay
SHPM003828,AWB260003828,2026-03-18 11:45:55.309567,2026-03-18 12:01:55.309567,2026-03-18 12:27:55.309567,2026-03-18 17:24:16.751053,2026-03-18 17:32:16.751053,2026-03-18 18:44:16.751053,2026-03-18 22:37:18.403514,2026-03-19 07:29:15.982973,2026-03-19 14:29:10.235629,2026-03-20 03:32:49.320483,2026-03-20 20:47:22.372181,2026-03-21 11:45:55.309567,Delivered,Closed,SHP023,Shipper 023,Enterprise,West Java,ST08_Bogor,HB01_JKT_GATEWAY,Jabodetabek,ST04_Bekasi,HB01_JKT_GATEWAY,Inter-Region,Regular,Prepaid,CR079,Van,1.19,1.21,1.21,311760,17445,9631,8,1,0,,8.0,72,1,0,,1,0,,0,,57.02,3.88,7.0,ST04_Bekasi,
SHPM003829,AWB260003829,2026-02-16 14:55:48.523134,2026-02-16 15:30:48.523134,2026-02-16 15:51:48.523134,2026-02-16 18:54:25.031618,2026-02-16 19:15:25.031618,2026-02-16 21:13:25.031618,2026-02-17 00:29:49.565442,2026-02-17 09:52:29.604717,2026-02-17 16:37:28.713494,2026-02-18 03:50:54.245569,2026-02-18 14:33:31.333406,2026-02-19 14:55:48.523134,Delivered,Closed,SHP088,Shipper 088,SME,Outer Java,ST18_Balikpapan,HB06_EASTERN_GATEWAY,Jabodetabek,ST05_Tangerang,HB01_JKT_GATEWAY,Inter-Region,Regular,Prepaid,CR165,Bike,2.5,2.34,2.5,1165579,23250,15810,8,1,0,,21.0,72,1,0,,1,0,,0,,47.63,3.27,6.75,ST05_Tangerang,
SHPM003830,AWB260003830,2026-03-09 14:26:41.381546,2026-03-09 14:41:41.381546,2026-03-09 15:07:41.381546,2026-03-09 18:33:47.747329,2026-03-09 18:41:47.747329,2026-03-09 19:30:47.747329,2026-03-09 23:16:14.745181,2026-03-10 08:01:43.840355,2026-03-10 11:00:30.681233,2026-03-11 06:53:39.998846,2026-03-11 13:30:44.284435,2026-03-12 14:26:41.381546,Delivered,Closed,SHP062,Shipper 062,Enterprise,Jabodetabek,ST05_Tangerang,HB01_JKT_GATEWAY,West Java,ST07_Cirebon,HB02_BDG_TRANSIT,Inter-Region,Regular,Prepaid,CR049,Bike,1.96,1.95,1.96,1688040,20820,15853,8,1,0,,8.0,72,1,0,,1,1,Capacity Delay,0,,47.07,3.76,2.98,ST07_Cirebon,
SHPM003831,AWB260003831,2026-03-24 15:40:42.632927,2026-03-24 15:58:42.632927,2026-03-24 16:49:42.632927,2026-03-24 17:07:41.707473,2026-03-24 17:47:41.707473,2026-03-24 18:47:41.707473,2026-03-24 20:05:57.445800,2026-03-25 01:44:09.256508,2026-03-25 05:38:45.758891,2026-03-25 14:21:59.817908,,2026-03-25 07:40:42.632927,Return To Sender,RTS,SHP043,Shipper 043,Marketplace,Central Java,ST09_Semarang,HB04_CTG_NATIONAL,Jabodetabek,ST05_Tangerang,HB01_JKT_GATEWAY,Inter-Region,Same Day,Prepaid,CR089,Bike,1.8,2.21,2.21,996566,36945,30022,2,1,0,,40.0,16,0,1,Customer Not Home,1,0,,1,Customer Not Home,308.32,1.3,3.91,ST05_Tangerang,Delivery Exception
SHPM003832,AWB260003832,2026-03-17 22:08:07.997331,2026-03-17 22:21:07.997331,2026-03-17 22:51:07.997331,2026-03-18 02:54:22.238465,2026-03-18 03:59:22.238465,2026-03-18 04:29:22.238465,2026-03-18 05:30:52.791991,2026-03-18 15:12:27.372616,2026-03-19 00:34:27.298437,2026-03-19 07:01:00.371644,2026-03-19 20:54:03.589901,2026-03-19 10:08:07.997331,Delivered,Closed,SHP030,Shipper 030,Enterprise,Jabodetabek,ST01_JKT_Central,HB01_JKT_GATEWAY,Outer Java,ST15_Medan,HB05_SUMATRA_GATEWAY,Inter-Region,Next Day,Prepaid,CR008,Bike,2.24,2.09,2.24,1535348,30080,17462,4,0,0,,65.0,36,0,0,,1,0,,0,,46.77,1.03,9.37,ST15_Medan,First Mile Delay
SHPM003833,AWB260003833,2026-03-27 05:27:57.672195,2026-03-27 05:36:57.672195,2026-03-27 05:59:57.672195,2026-03-27 09:09:19.852440,2026-03-27 10:14:19.852440,2026-03-27 11:55:19.852440,2026-03-27 16:20:17.801080,2026-03-27 20:03:13.485949,2026-03-28 06:48:45.990035,2026-03-28 09:36:56.515616,,2026-03-28 05:27:57.672195,Delivery Exception,Exception,SHP034,Shipper 034,Enterprise,Jabodetabek,ST03_JKT_East,HB01_JKT_GATEWAY,Jabodetabek,ST03_JKT_East,HB01_JKT_GATEWAY,Intra-Region,Next Day,Prepaid,CR026,Bike,0.42,0.65,0.65,850489,22925,16359,4,1,0,,65.0,24,0,1,Customer Not Home,1,0,,0,,246.53,4.42,10.76,ST03_JKT_East,Hub Bottleneck
SHPM003834,AWB260003834,2026-03-13 06:06:11.539821,2026-03-13 06:16:11.539821,2026-03-13 06:28:11.539821,2026-03-13 08:09:11.037250,2026-03-13 09:46:11.037250,2026-03-13 11:34:11.037250,2026-03-13 13:14:12.979651,2026-03-13 23:03:48.029953,2026-03-14 06:56:34.696596,2026-03-14 17:26:04.470797,2026-03-15 00:58:28.255805,2026-03-14 18:06:11.539821,Delivered,Closed,SHP063,Shipper 063,Enterprise,Jabodetabek,ST05_Tangerang,HB01_JKT_GATEWAY,Central Java,ST10_Solo,HB04_CTG_NATIONAL,Inter-Region,Next Day,COD,CR054,Van,0.7,0.88,0.88,491027,27960,20562,4,1,0,,97.0,36,0,0,,1,0,,0,,42.87,1.67,7.88,ST10_Solo,Last Mile Delay
SHPM003835,AWB260003835,2026-03-15 09:08:16.893922,2026-03-15 09:35:16.893922,2026-03-15 09:40:16.893922,2026-03-15 11:39:21.192511,2026-03-15 12:07:21.192511,2026-03-15 12:25:21.192511,2026-03-15 16:11:07.730306,2026-03-16 00:36:16.684152,2026-03-16 03:07:03.867910,2026-03-16 11:24:43.385882,2026-03-16 17:31:03.666759,2026-03-16 21:08:16.893922,Delivered,Closed,SHP089,Shipper 089,Enterprise,Central Java,ST11_Yogyakarta,HB04_CTG_NATIONAL,East Java,ST14_Kediri,HB03_SBY_GATEWAY,Inter-Region,Next Day,Prepaid,CR106,Bike,1.73,1.58,1.73,148151,27785,23103,4,1,0,,28.0,36,1,0,,1,0,,0,,32.38,3.76,2.51,ST14_Kediri,
SHPM003836,AWB260003836,2026-02-20 04:12:28.929077,2026-02-20 04:19:28.929077,2026-02-20 05:01:28.929077,2026-02-20 05:30:38.672839,2026-02-20 06:49:38.672839,2026-02-20 07:55:38.672839,2026-02-20 10:44:43.667335,2026-02-20 20:12:53.286469,2026-02-21 03:27:49.570506,2026-02-21 20:49:48.278477,2026-02-22 02:15:09.791848,2026-02-20 20:12:28.929077,Delivered,Closed,SHP010,Shipper 010,Enterprise,East Java,ST12_Surabaya,HB03_SBY_GATEWAY,West Java,ST08_Bogor,HB01_JKT_GATEWAY,Inter-Region,Same Day,Prepaid,CR113,Bike,2.03,1.96,2.03,1455275,36135,24515,2,1,0,,79.0,16,0,0,,1,0,,0,,46.04,2.82,7.25,ST08_Bogor,Last Mile Delay
SHPM003837,AWB260003837,2026-02-26 19:21:35.415845,2026-02-26 19:34:35.415845,2026-02-26 19:54:35.415845,2026-02-26 20:40:10.782108,2026-02-26 21:29:10.782108,2026-02-26 22:51:10.782108,2026-02-27 03:27:36.307302,2026-02-27 05:43:33.874062,2026-02-27 08:32:57.601283,2026-02-27 17:02:57.433971,2026-02-28 02:44:09.976268,2026-02-28 07:21:35.415845,Delivered,Closed,SHP041,Shipper 041,SME,West Java,ST08_Bogor,HB01_JKT_GATEWAY,Jabodetabek,ST05_Tangerang,HB01_JKT_GATEWAY,Inter-Region,Next Day,Prepaid,CR080,Bike,2.21,2.17,2.21,291632,29945,20774,4,1,0,,49.0,36,1,0,,1,0,,0,,31.38,4.61,2.82,ST05_Tangerang,
SHPM003838,AWB260003838,2026-02-22 21:22:08.378303,2026-02-22 21:42:08.378303,2026-02-22 22:30:08.378303,2026-02-22 23:03:31.581535,2026-02-23 00:27:31.581535,2026-02-23 01:54:31.581535,2026-02-23 09:58:08.996316,2026-02-23 18:03:42.055332,2026-02-24 03:22:30.154711,2026-02-24 14:53:42.174932,,2026-02-23 13:22:08.378303,Lost,Exception,SHP009,Shipper 009,Marketplace,West Java,ST07_Cirebon,HB02_BDG_TRANSIT,Central Java,ST10_Solo,HB04_CTG_NATIONAL,Inter-Region,Same Day,Prepaid,CR067,Bike,2.88,2.71,2.88,595031,39960,26654,2,1,0,,84.0,16,0,0,,1,1,Lost,0,,1022.63,8.06,9.31,HB02_BDG_TRANSIT,
SHPM003839,AWB260003839,2026-03-13 14:15:17.852821,2026-03-13 14:31:17.852821,2026-03-13 15:05:17.852821,2026-03-13 17:49:55.284867,2026-03-13 18:21:55.284867,2026-03-13 20:05:55.284867,2026-03-13 22:31:00.900447,2026-03-14 04:32:46.887752,2026-03-14 15:09:31.307540,2026-03-15 03:37:07.719302,2026-03-15 05:44:19.834080,2026-03-15 02:15:17.852821,Delivered,Closed,SHP048,Shipper 048,Enterprise,Outer Java,ST17_Makassar,HB06_EASTERN_GATEWAY,Jabodetabek,ST04_Bekasi,HB01_JKT_GATEWAY,Inter-Region,Next Day,Prepaid,CR158,Bike,1.01,1.59,1.59,2049469,27155,15456,4,1,0,,32.0,36,0,0,,1,0,,0,,39.48,2.42,10.61,ST04_Bekasi,Hub Bottleneck
SHPM003840,AWB260003840,2026-02-21 07:19:47.969490,2026-02-21 08:01:47.969490,2026-02-21 08:25:47.969490,2026-02-21 13:04:18.500167,2026-02-21 13:59:18.500167,2026-02-21 14:18:18.500167,2026-02-21 17:57:52.670037,2026-02-21 21:22:23.427096,2026-02-22 08:54:43.981892,2026-02-22 17:46:00.552541,2026-02-23 05:21:17.052857,2026-02-24 07:19:47.969490,Delivered,Closed,SHP030,Shipper 030,Enterprise,Jabodetabek,ST05_Tangerang,HB01_JKT_GATEWAY,West Java,ST08_Bogor,HB01_JKT_GATEWAY,Inter-Region,Regular,Prepaid,CR050,Van,0.66,0.69,0.69,587357,15105,12690,8,1,0,,55.0,72,1,0,,1,0,,0,,46.02,3.66,11.54,ST08_Bogor,
SHPM003841,AWB260003841,2026-03-10 23:54:28.952238,2026-03-11 00:18:28.952238,2026-03-11 01:21:28.952238,2026-03-11 10:15:51.396119,2026-03-11 11:31:51.396119,2026-03-11 13:06:51.396119,2026-03-11 20:11:05.494401,2026-03-12 02:28:07.850186,2026-03-12 11:24:03.995614,2026-03-12 21:46:55.031879,,2026-03-13 23:54:28.952238,Damaged,Exception,SHP023,Shipper 023,Enterprise,West Java,ST07_Cirebon,HB02_BDG_TRANSIT,Jabodetabek,ST04_Bekasi,HB01_JKT_GATEWAY,Inter-Region,Regular,COD,CR071,Truck,0.83,0.89,0.89,571917,20005,11005,8,0,0,,76.0,72,0,0,,1,1,Damaged,0,,636.09,7.07,8.93,ST07_Cirebon,
SHPM003842,AWB260003842,2026-03-19 15:29:04.406144,2026-03-19 16:00:04.406144,2026-03-19 16:17:04.406144,2026-03-19 17:09:08.031805,2026-03-19 18:31:08.031805,2026-03-19 19:50:08.031805,2026-03-19 21:32:41.987393,2026-03-20 01:30:45.762501,2026-03-20 03:22:00.122625,2026-03-20 10:46:43.533641,2026-03-20 14:32:20.166050,2026-03-21 03:29:04.406144,Delivered,Closed,SHP072,Shipper 072,Enterprise,Outer Java,ST18_Balikpapan,HB06_EASTERN_GATEWAY,Jabodetabek,ST05_Tangerang,HB01_JKT_GATEWAY,Inter-Region,Next Day,Prepaid,CR164,Van,0.65,0.66,0.66,1137624,22970,18595,4,1,0,,82.0,36,1,0,,1,0,,0,,23.05,1.71,1.85,ST05_Tangerang,
SHPM003843,AWB260003843,2026-02-27 00:37:58.677984,2026-02-27 01:11:58.677984,2026-02-27 01:31:58.677984,2026-02-27 10:08:44.600992,2026-02-27 10:56:44.600992,2026-02-27 11:32:44.600992,2026-02-27 13:45:28.894851,2026-02-27 20:34:59.075025,2026-02-28 03:14:40.329698,2026-02-28 18:33:35.102328,2026-03-01 09:37:25.742223,2026-03-02 00:37:58.677984,Delivered,Closed,SHP031,Shipper 031,SME,East Java,ST13_Malang,HB03_SBY_GATEWAY,Jabodetabek,ST03_JKT_East,HB01_JKT_GATEWAY,Inter-Region,Regular,Prepaid,CR117,Bike,1.46,1.35,1.46,2546229,18570,16062,8,0,0,,48.0,72,1,0,,1,0,,0,,56.99,2.21,6.66,ST03_JKT_East,
SHPM003844,AWB260003844,2026-03-01 07:05:44.750548,2026-03-01 07:31:44.750548,2026-03-01 07:59:44.750548,2026-03-01 10:08:11.250950,2026-03-01 10:58:11.250950,2026-03-01 12:36:11.250950,2026-03-01 17:30:50.843295,2026-03-01 21:05:49.160466,2026-03-02 04:06:23.197037,2026-03-02 14:35:50.350161,2026-03-02 17:21:36.455240,2026-03-02 19:05:44.750548,Delivered,Closed,SHP099,Shipper 099,SME,West Java,ST08_Bogor,HB01_JKT_GATEWAY,East Java,ST14_Kediri,HB03_SBY_GATEWAY,Inter-Region,Next Day,Prepaid,CR076,Van,0.42,0.41,0.42,359071,21890,12685,4,1,0,,50.0,36,1,0,,1,0,,0,,34.26,4.91,7.01,ST14_Kediri,
SHPM003845,AWB260003845,2026-03-25 16:55:40.336271,2026-03-25 17:02:40.336271,2026-03-25 17:42:40.336271,2026-03-25 20:45:23.814270,2026-03-25 21:42:23.814270,2026-03-25 22:45:23.814270,2026-03-26 04:26:52.658719,2026-03-26 08:40:48.004550,2026-03-26 20:26:54.722604,2026-03-27 07:01:28.911822,2026-03-27 19:24:32.571171,2026-03-28 16:55:40.336271,Delivered,Closed,SHP094,Shipper 094,SME,Outer Java,ST17_Makassar,HB06_EASTERN_GATEWAY,Jabodetabek,ST05_Tangerang,HB01_JKT_GATEWAY,Inter-Region,Regular,Prepaid,CR159,Bike,1.33,1.3,1.33,384076,17985,15318,8,1,0,,57.0,72,1,0,,1,0,,0,,50.48,5.69,11.77,ST05_Tangerang,
SHPM003846,AWB260003846,2026-03-21 12:30:07.627479,2026-03-21 13:05:07.627479,2026-03-21 13:30:07.627479,2026-03-21 19:42:51.822216,2026-03-21 20:32:51.822216,2026-03-21 22:32:51.822216,2026-03-22 00:15:19.850162,2026-03-22 03:43:31.695555,2026-03-22 10:15:45.088783,2026-03-22 18:04:21.746977,,2026-03-23 12:30:07.627479,Delivery Exception,Exception,SHP002,Shipper 002,Enterprise,Jabodetabek,ST01_JKT_Central,HB01_JKT_GATEWAY,Jabodetabek,ST02_JKT_West,HB01_JKT_GATEWAY,Intra-Region,Regular,Prepaid,CR002,Bike,0.8,0.82,0.82,808173,15690,8862,8,1,0,,50.0,48,0,1,Invalid Address,2,0,,0,,383.5,1.71,6.54,ST02_JKT_West,Delivery Exception
SHPM003847,AWB260003847,2026-02-15 15:03:58.832712,2026-02-15 15:08:58.832712,2026-02-15 15:48:58.832712,2026-02-15 16:52:07.641292,2026-02-15 17:24:07.641292,2026-02-15 18:53:07.641292,2026-02-15 23:48:37.509028,2026-02-16 07:29:11.012972,2026-02-16 12:51:52.775594,2026-02-16 23:49:25.338958,2026-02-17 06:03:02.356391,2026-02-17 03:03:58.832712,Delivered,Closed,SHP028,Shipper 028,Marketplace,Jabodetabek,ST04_Bekasi,HB01_JKT_GATEWAY,Outer Java,ST17_Makassar,HB06_EASTERN_GATEWAY,Inter-Region,Next Day,Prepaid,CR040,Bike,1.48,1.62,1.62,1056710,27290,15568,4,1,0,,32.0,36,0,0,,1,0,,0,,38.98,4.92,5.38,ST17_Makassar,Remote Area
SHPM003848,AWB260003848,2026-03-17 11:31:22.943727,2026-03-17 12:07:22.943727,2026-03-17 12:18:22.943727,2026-03-17 14:24:31.604156,2026-03-17 15:05:31.604156,2026-03-17 15:27:31.604156,2026-03-17 20:48:40.928775,2026-03-17 23:49:05.673590,2026-03-18 06:23:31.265988,2026-03-18 13:14:43.972175,2026-03-18 23:42:10.493059,2026-03-18 11:31:22.943727,Delivered,Closed,SHP071,Shipper 071,Enterprise,Jabodetabek,ST04_Bekasi,HB01_JKT_GATEWAY,Jabodetabek,ST04_Bekasi,HB01_JKT_GATEWAY,Intra-Region,Next Day,Prepaid,CR038,Bike,5.34,5.64,5.64,2050379,45380,35401,4,1,0,,41.0,24,0,0,,1,0,,0,,36.18,5.35,6.57,ST04_Bekasi,Last Mile Delay
SHPM003849,AWB260003849,2026-03-23 11:14:40.084764,2026-03-23 11:24:40.084764,2026-03-23 12:00:40.084764,2026-03-23 15:32:11.711602,2026-03-23 16:32:11.711602,2026-03-23 18:11:11.711602,2026-03-23 21:47:39.600026,2026-03-24 06:42:15.295905,2026-03-24 19:28:50.913418,2026-03-25 06:40:40.609570,2026-03-25 17:06:18.348776,2026-03-24 23:14:40.084764,Delivered,Closed,SHP030,Shipper 030,Enterprise,Jabodetabek,ST05_Tangerang,HB01_JKT_GATEWAY,Outer Java,ST17_Makassar,HB06_EASTERN_GATEWAY,Inter-Region,Next Day,Prepaid,CR053,Bike,0.78,0.75,0.78,184898,23510,15194,4,0,0,,60.0,36,0,0,,1,0,,0,,53.86,3.61,12.78,ST17_Makassar,First Mile Delay
SHPM003850,AWB260003850,2026-03-21 19:48:54.221305,2026-03-21 20:22:54.221305,2026-03-21 21:05:54.221305,2026-03-22 02:02:49.587173,2026-03-22 02:42:49.587173,2026-03-22 03:22:49.587173,2026-03-22 05:16:38.086657,2026-03-22 14:47:49.639643,2026-03-22 23:04:07.591067,2026-03-23 07:48:13.884419,2026-03-23 18:29:23.421091,2026-03-24 19:48:54.221305,Delivered,Closed,SHP057,Shipper 057,SME,Central Java,ST09_Semarang,HB04_CTG_NATIONAL,Jabodetabek,ST04_Bekasi,HB01_JKT_GATEWAY,Inter-Region,Regular,COD,CR084,Bike,0.54,0.56,0.56,1619970,18520,12735,8,1,0,,40.0,72,1,0,,1,0,,0,,46.67,1.9,8.27,ST04_Bekasi,
SHPM003851,AWB260003851,2026-03-10 19:36:11.997699,2026-03-10 20:09:11.997699,2026-03-10 20:19:11.997699,2026-03-10 21:22:06.496000,2026-03-10 21:30:06.496000,2026-03-10 22:07:06.496000,2026-03-10 23:09:47.246981,2026-03-11 06:33:48.697552,2026-03-11 14:28:58.694345,2026-03-12 03:52:17.811194,,2026-03-12 07:36:11.997699,Delivery Exception,Exception,SHP087,Shipper 087,Enterprise,Jabodetabek,ST02_JKT_West,HB01_JKT_GATEWAY,Outer Java,ST18_Balikpapan,HB06_EASTERN_GATEWAY,Inter-Region,Next Day,Prepaid,CR015,Van,3.75,3.57,3.75,665861,36875,29410,4,1,0,,8.0,36,0,1,Cash Issue,1,0,,0,,640.4,1.04,7.92,ST18_Balikpapan,Delivery Exception
SHPM003852,AWB260003852,2026-03-28 06:51:04.671497,2026-03-28 07:26:04.671497,2026-03-28 08:33:04.671497,2026-03-28 22:32:08.219551,2026-03-29 00:13:08.219551,2026-03-29 00:52:08.219551,2026-03-29 05:09:50.671128,2026-03-29 07:18:25.714569,2026-03-30 03:19:02.512080,2026-03-31 04:20:04.156114,2026-03-31 20:29:03.276223,2026-03-31 06:51:04.671497,Delivered,Closed,SHP079,Shipper 079,Marketplace,East Java,ST12_Surabaya,HB03_SBY_GATEWAY,Jabodetabek,ST05_Tangerang,HB01_JKT_GATEWAY,Inter-Region,Regular,Prepaid,CR112,Bike,0.72,0.72,0.72,1682521,15240,13062,8,0,0,,101.0,72,0,0,,1,1,Invalid Address,0,,85.63,4.3,20.01,ST05_Tangerang,First Mile Delay
SHPM003853,AWB260003853,2026-03-06 18:59:45.248854,2026-03-06 19:13:45.248854,2026-03-06 19:32:45.248854,2026-03-06 23:28:49.272132,2026-03-07 00:18:49.272132,2026-03-07 01:26:49.272132,2026-03-07 06:08:58.450183,2026-03-07 08:26:02.677528,2026-03-07 15:00:38.517905,2026-03-08 03:59:47.676201,2026-03-08 17:41:14.387288,2026-03-09 18:59:45.248854,Delivered,Closed,SHP005,Shipper 005,Enterprise,Central Java,ST09_Semarang,HB04_CTG_NATIONAL,West Java,ST07_Cirebon,HB02_BDG_TRANSIT,Inter-Region,Regular,Prepaid,CR086,Bike,1.38,1.45,1.45,1382245,18525,15233,8,1,0,,50.0,72,1,0,,1,0,,0,,46.69,4.7,6.58,ST07_Cirebon,
SHPM003854,AWB260003854,2026-02-27 16:49:31.908472,2026-02-27 17:13:31.908472,2026-02-27 17:33:31.908472,2026-02-27 22:45:32.484031,2026-02-27 23:16:32.484031,2026-02-28 00:08:32.484031,2026-02-28 04:08:14.672971,2026-02-28 09:55:45.321220,2026-02-28 20:23:24.130256,2026-03-01 08:25:56.066382,2026-03-01 20:14:52.788227,2026-03-02 16:49:31.908472,Delivered,Closed,SHP100,Shipper 100,Marketplace,Central Java,ST11_Yogyakarta,HB04_CTG_NATIONAL,Outer Java,ST18_Balikpapan,HB06_EASTERN_GATEWAY,Inter-Region,Regular,Prepaid,CR104,Bike,1.83,2.59,2.59,2362958,23655,20033,8,1,0,,31.0,72,1,0,,1,0,,0,,51.42,4.0,10.46,ST18_Balikpapan,
SHPM003855,AWB260003855,2026-02-23 03:01:14.519366,2026-02-23 03:37:14.519366,2026-02-23 04:33:14.519366,2026-02-23 11:31:33.424449,2026-02-23 12:41:33.424449,2026-02-23 13:18:33.424449,2026-02-23 17:23:33.420095,2026-02-23 20:56:41.699055,2026-02-24 07:22:46.881909,2026-02-24 21:02:19.472727,2026-02-25 02:41:16.531718,2026-02-26 03:01:14.519366,Delivered,Closed,SHP076,Shipper 076,Enterprise,West Java,ST07_Cirebon,HB02_BDG_TRANSIT,Central Java,ST09_Semarang,HB04_CTG_NATIONAL,Inter-Region,Regular,Prepaid,CR072,Bike,1.18,1.26,1.26,2644592,17670,10634,8,1,0,,70.0,72,1,0,,1,0,,0,,47.67,4.08,10.43,ST09_Semarang,
SHPM003856,AWB260003856,2026-03-12 15:30:40.935527,2026-03-12 15:49:40.935527,2026-03-12 16:23:40.935527,,,,,,,,,2026-03-15 15:30:40.935527,Failed Pickup,Exception,SHP005,Shipper 005,Enterprise,Central Java,ST09_Semarang,HB04_CTG_NATIONAL,East Java,ST14_Kediri,HB03_SBY_GATEWAY,Inter-Region,Regular,Prepaid,CR087,Bike,1.37,1.52,1.52,388669,18840,16123,8,0,1,Capacity Full,,72,0,0,,0,0,,0,,596.49,,,ST09_Semarang,
SHPM003857,AWB260003857,2026-03-04 03:03:44.486541,2026-03-04 03:13:44.486541,2026-03-04 04:02:44.486541,2026-03-04 11:26:05.015010,2026-03-04 11:59:05.015010,2026-03-04 12:56:05.015010,2026-03-04 14:07:06.211062,2026-03-04 21:53:46.858968,2026-03-05 07:46:02.853782,2026-03-06 00:27:47.902702,2026-03-06 13:19:08.637134,2026-03-07 03:03:44.486541,Delivered,Closed,SHP091,Shipper 091,SME,Outer Java,ST16_Palembang,HB05_SUMATRA_GATEWAY,East Java,ST13_Malang,HB03_SBY_GATEWAY,Inter-Region,Regular,Prepaid,CR149,Bike,1.06,1.31,1.31,2464871,17895,15798,8,0,0,,33.0,72,1,0,,1,0,,0,,58.26,1.18,9.87,ST13_Malang,
SHPM003858,AWB260003858,2026-03-26 15:52:40.389793,2026-03-26 16:04:40.389793,2026-03-26 16:24:40.389793,2026-03-26 17:38:45.594205,2026-03-26 18:15:45.594205,2026-03-26 19:50:45.594205,2026-03-26 23:20:02.400959,2026-03-27 02:11:49.449032,2026-03-27 12:52:15.604185,2026-03-27 20:38:38.416196,2026-03-28 00:13:09.491555,2026-03-27 07:52:40.389793,Delivered,Closed,SHP089,Shipper 089,Enterprise,Central Java,ST11_Yogyakarta,HB04_CTG_NATIONAL,East Java,ST13_Malang,HB03_SBY_GATEWAY,Inter-Region,Same Day,Prepaid,CR105,Van,0.94,0.9,0.94,658461,31230,28746,2,1,0,,37.0,16,0,0,,1,0,,0,,32.34,3.49,10.67,ST13_Malang,Hub Bottleneck
SHPM003859,AWB260003859,2026-02-28 05:27:58.355329,2026-02-28 05:58:58.355329,2026-02-28 06:21:58.355329,2026-02-28 13:11:46.050980,2026-02-28 13:54:46.050980,2026-02-28 15:34:46.050980,2026-02-28 20:42:25.544477,2026-03-01 03:38:51.497721,2026-03-01 06:23:59.802454,2026-03-01 13:11:33.859189,,2026-03-03 05:27:58.355329,Delivery Exception,Exception,SHP030,Shipper 030,Enterprise,Jabodetabek,ST05_Tangerang,HB01_JKT_GATEWAY,Central Java,ST11_Yogyakarta,HB04_CTG_NATIONAL,Inter-Region,Regular,Prepaid,CR050,Van,2.36,3.32,3.32,483382,26940,23802,8,1,0,,43.0,72,0,1,Invalid Address,3,0,,0,,894.53,5.13,2.75,ST11_Yogyakarta,Delivery Exception
SHPM003860,AWB260003860,2026-03-12 00:23:42.563488,2026-03-12 01:06:42.563488,2026-03-12 01:38:42.563488,2026-03-12 02:32:51.751625,2026-03-12 02:40:51.751625,2026-03-12 04:24:51.751625,2026-03-12 09:39:51.217674,2026-03-12 14:55:02.674144,2026-03-12 19:11:07.392961,2026-03-13 09:41:28.067990,2026-03-13 13:22:02.804535,2026-03-13 12:23:42.563488,Delivered,Closed,SHP084,Shipper 084,Enterprise,Central Java,ST11_Yogyakarta,HB04_CTG_NATIONAL,Jabodetabek,ST01_JKT_Central,HB01_JKT_GATEWAY,Inter-Region,Next Day,Prepaid,CR100,Bike,1.47,1.43,1.47,480333,26615,22378,4,1,0,,8.0,36,0,0,,1,0,,0,,36.97,5.25,4.27,ST01_JKT_Central,Last Mile Delay
SHPM003861,AWB260003861,2026-03-21 11:11:40.859823,2026-03-21 11:39:40.859823,2026-03-21 12:24:40.859823,2026-03-21 14:49:47.708061,2026-03-21 15:28:47.708061,2026-03-21 17:24:47.708061,2026-03-21 22:36:35.078732,2026-03-22 06:58:16.603696,2026-03-22 22:43:36.567438,2026-03-23 16:33:38.554390,2026-03-24 00:20:27.140642,2026-03-22 23:11:40.859823,Delivered,Closed,SHP032,Shipper 032,Marketplace,West Java,ST06_Bandung,HB01_JKT_GATEWAY,Outer Java,ST17_Makassar,HB06_EASTERN_GATEWAY,Inter-Region,Next Day,Prepaid,CR060,Bike,1.46,1.35,1.46,628689,26570,21920,4,1,0,,39.0,36,0,0,,1,0,,0,,61.15,5.2,15.76,ST17_Makassar,Hub Bottleneck
SHPM003862,AWB260003862,2026-03-22 22:18:44.211165,2026-03-22 22:35:44.211165,2026-03-22 23:02:44.211165,2026-03-23 03:29:09.150927,2026-03-23 03:58:09.150927,2026-03-23 04:34:09.150927,2026-03-23 09:32:24.093721,2026-03-23 13:35:06.756575,2026-03-23 20:44:51.575143,2026-03-24 11:30:53.975459,2026-03-24 15:59:56.970691,2026-03-25 22:18:44.211165,Delivered,Closed,SHP092,Shipper 092,Marketplace,Jabodetabek,ST03_JKT_East,HB01_JKT_GATEWAY,Central Java,ST11_Yogyakarta,HB04_CTG_NATIONAL,Inter-Region,Regular,Prepaid,CR020,Bike,2.93,3.15,3.15,544081,26175,22241,8,1,0,,29.0,72,1,0,,1,0,,0,,41.69,4.97,7.16,ST11_Yogyakarta,
SHPM003863,AWB260003863,2026-03-14 23:17:17.422748,2026-03-14 23:24:17.422748,2026-03-15 00:05:17.422748,2026-03-15 08:15:49.959230,2026-03-15 09:02:49.959230,2026-03-15 10:32:49.959230,2026-03-15 15:51:59.285464,2026-03-15 18:35:07.599542,2026-03-16 03:51:44.534452,2026-03-16 12:22:54.467557,2026-03-16 23:14:15.319470,2026-03-17 23:17:17.422748,Delivered,Closed,SHP018,Shipper 018,Enterprise,West Java,ST07_Cirebon,HB02_BDG_TRANSIT,Central Java,ST10_Solo,HB04_CTG_NATIONAL,Inter-Region,Regular,COD,CR068,Bike,1.01,1.65,1.65,311346,23425,21725,8,0,0,,47.0,72,1,0,,1,0,,0,,47.95,5.32,9.28,ST10_Solo,
SHPM003864,AWB260003864,2026-03-02 07:21:42.229430,2026-03-02 08:05:42.229430,2026-03-02 08:35:42.229430,2026-03-02 11:03:20.662344,2026-03-02 11:59:20.662344,2026-03-02 13:36:20.662344,2026-03-02 18:36:12.812489,2026-03-02 22:07:41.715899,2026-03-03 03:40:31.989047,2026-03-03 10:43:48.802987,2026-03-03 13:03:59.202619,2026-03-03 19:21:42.229430,Delivered,Closed,SHP076,Shipper 076,Enterprise,West Java,ST08_Bogor,HB01_JKT_GATEWAY,East Java,ST13_Malang,HB03_SBY_GATEWAY,Inter-Region,Next Day,Prepaid,CR076,Bike,0.82,0.86,0.86,1445646,23870,14059,4,1,0,,56.0,36,1,0,,1,0,,0,,29.7,5.0,5.55,ST13_Malang,
SHPM003865,AWB260003865,2026-03-13 16:51:57.392487,2026-03-13 16:58:57.392487,2026-03-13 17:25:57.392487,2026-03-13 20:35:15.612803,2026-03-13 21:51:15.612803,2026-03-13 22:28:15.612803,2026-03-14 04:21:14.436574,2026-03-14 12:27:27.882164,2026-03-14 22:03:54.508270,2026-03-15 05:36:03.517452,2026-03-15 07:48:48.760230,2026-03-15 04:51:57.392487,Delivered,Closed,SHP062,Shipper 062,Enterprise,Jabodetabek,ST03_JKT_East,HB01_JKT_GATEWAY,Central Java,ST11_Yogyakarta,HB04_CTG_NATIONAL,Inter-Region,Next Day,COD,CR028,Van,1.56,2.5,2.5,511232,35250,25497,4,1,0,,76.0,36,0,0,,1,0,,0,,38.95,5.88,9.61,ST11_Yogyakarta,Last Mile Delay
SHPM003866,AWB260003866,2026-03-26 00:09:33.366914,2026-03-26 00:31:33.366914,2026-03-26 01:14:33.366914,2026-03-26 03:03:58.605884,2026-03-26 03:31:58.605884,2026-03-26 04:21:58.605884,2026-03-26 09:26:59.508913,2026-03-26 19:13:16.387760,2026-03-27 04:03:13.752660,2026-03-27 09:27:26.306894,2026-03-27 16:18:35.192131,2026-03-27 12:09:33.366914,Delivered,Closed,SHP071,Shipper 071,Enterprise,Jabodetabek,ST04_Bekasi,HB01_JKT_GATEWAY,West Java,ST07_Cirebon,HB02_BDG_TRANSIT,Inter-Region,Next Day,Prepaid,CR037,Bike,0.97,1.06,1.06,982852,24770,17276,4,1,0,,28.0,36,0,0,,1,0,,0,,40.15,5.08,8.83,ST07_Cirebon,Last Mile Delay
SHPM003867,AWB260003867,2026-03-28 10:44:45.886843,2026-03-28 11:08:45.886843,2026-03-28 11:38:45.886843,2026-03-28 13:45:26.804985,2026-03-28 14:16:26.804985,2026-03-28 15:29:26.804985,2026-03-28 21:15:32.793306,2026-03-29 06:43:40.404997,2026-03-29 11:50:11.818503,2026-03-30 01:36:30.060404,2026-03-30 12:06:11.634144,2026-03-31 10:44:45.886843,Delivered,Closed,SHP054,Shipper 054,Marketplace,West Java,ST06_Bandung,HB01_JKT_GATEWAY,Central Java,ST11_Yogyakarta,HB04_CTG_NATIONAL,Inter-Region,Regular,Prepaid,CR060,Truck,3.67,3.56,3.67,697029,28515,26575,8,1,0,,31.0,72,1,0,,1,0,,0,,49.36,5.77,5.11,ST11_Yogyakarta,
SHPM003868,AWB260003868,2026-02-22 11:18:43.047511,2026-02-22 11:41:43.047511,2026-02-22 12:15:43.047511,2026-02-22 20:34:36.305970,2026-02-22 20:57:36.305970,2026-02-22 22:23:36.305970,2026-02-23 03:00:19.689343,2026-02-23 09:18:35.812052,2026-02-23 12:57:33.054186,2026-02-23 19:31:55.458299,2026-02-24 00:20:14.408683,2026-02-25 11:18:43.047511,Delivered,Closed,SHP087,Shipper 087,Enterprise,Jabodetabek,ST02_JKT_West,HB01_JKT_GATEWAY,West Java,ST08_Bogor,HB01_JKT_GATEWAY,Inter-Region,Regular,COD,CR015,Van,1.41,1.54,1.54,926829,22930,19518,8,0,0,,23.0,72,1,0,,1,0,,0,,37.03,4.61,3.65,ST08_Bogor,
SHPM003869,AWB260003869,2026-03-08 20:43:55.109787,2026-03-08 20:54:55.109787,2026-03-08 21:23:55.109787,2026-03-08 23:29:45.437856,2026-03-09 00:24:45.437856,2026-03-09 01:51:45.437856,2026-03-09 06:53:51.755493,2026-03-09 15:41:54.524437,2026-03-10 06:44:22.189314,2026-03-11 00:32:46.486367,2026-03-11 10:43:19.623568,2026-03-10 08:43:55.109787,Delivered,Closed,SHP006,Shipper 006,Marketplace,East Java,ST14_Kediri,HB03_SBY_GATEWAY,Central Java,ST11_Yogyakarta,HB04_CTG_NATIONAL,Inter-Region,Next Day,COD,CR131,Bike,2.38,2.37,2.38,826112,34710,31874,4,1,0,,55.0,36,0,0,,1,0,,0,,61.99,5.04,15.04,ST11_Yogyakarta,Hub Bottleneck
SHPM003870,AWB260003870,2026-03-14 02:38:56.244164,2026-03-14 02:46:56.244164,2026-03-14 03:00:56.244164,2026-03-14 06:01:38.902903,2026-03-14 06:52:38.902903,2026-03-14 08:01:38.902903,2026-03-14 10:20:42.456509,2026-03-14 18:27:55.280932,2026-03-15 03:30:41.887040,2026-03-15 16:29:42.722532,2026-03-16 06:37:20.962341,2026-03-17 02:38:56.244164,Delivered,Closed,SHP072,Shipper 072,Enterprise,Outer Java,ST18_Balikpapan,HB06_EASTERN_GATEWAY,Central Java,ST09_Semarang,HB04_CTG_NATIONAL,Inter-Region,Regular,Prepaid,CR173,Bike,0.94,1.19,1.19,2353240,17355,13664,8,1,0,,51.0,72,1,0,,1,0,,0,,51.97,2.32,9.05,ST09_Semarang,
SHPM003871,AWB260003871,2026-03-08 07:16:39.394622,2026-03-08 07:56:39.394622,2026-03-08 08:25:39.394622,2026-03-08 11:54:47.352519,2026-03-08 12:23:47.352519,2026-03-08 13:20:47.352519,2026-03-08 18:36:02.085183,2026-03-09 00:15:24.372365,2026-03-09 09:12:11.246848,2026-03-09 21:28:47.790459,2026-03-10 04:14:08.232353,2026-03-09 19:16:39.394622,Delivered,Closed,SHP014,Shipper 014,Enterprise,Jabodetabek,ST05_Tangerang,HB01_JKT_GATEWAY,Central Java,ST09_Semarang,HB04_CTG_NATIONAL,Inter-Region,Next Day,COD,CR051,Bike,0.92,0.85,0.92,1286259,28140,21172,4,1,0,,29.0,36,0,0,,1,0,,0,,44.96,5.25,8.95,ST09_Semarang,Last Mile Delay
SHPM003872,AWB260003872,2026-03-19 02:12:11.279261,2026-03-19 02:23:11.279261,2026-03-19 02:49:11.279261,2026-03-19 06:11:43.727570,2026-03-19 06:54:43.727570,2026-03-19 08:43:43.727570,2026-03-19 10:04:23.053821,2026-03-19 19:11:15.164777,2026-03-20 01:30:51.885039,2026-03-20 07:04:52.414420,2026-03-20 22:04:54.817773,2026-03-20 14:12:11.279261,Delivered,Closed,SHP035,Shipper 035,Enterprise,Jabodetabek,ST04_Bekasi,HB01_JKT_GATEWAY,Outer Java,ST17_Makassar,HB06_EASTERN_GATEWAY,Inter-Region,Next Day,COD,CR037,Bike,1.44,1.44,1.44,741051,30480,16946,4,1,0,,43.0,36,0,0,,1,0,,0,,43.88,1.34,6.33,ST17_Makassar,Remote Area
SHPM003873,AWB260003873,2026-03-18 16:51:44.708863,2026-03-18 16:57:44.708863,2026-03-18 17:42:44.708863,2026-03-18 20:46:09.795245,2026-03-18 21:23:09.795245,2026-03-18 22:39:09.795245,2026-03-19 00:07:30.987581,2026-03-19 04:52:50.690026,2026-03-19 09:12:23.242819,2026-03-19 16:58:33.976208,2026-03-20 04:44:51.540873,2026-03-20 16:51:44.708863,Delivered,Closed,SHP002,Shipper 002,Enterprise,Jabodetabek,ST01_JKT_Central,HB01_JKT_GATEWAY,Jabodetabek,ST01_JKT_Central,HB01_JKT_GATEWAY,Intra-Region,Regular,Prepaid,CR003,Bike,1.57,1.93,1.93,603463,20685,18275,8,1,0,,37.0,48,1,0,,1,0,,0,,35.89,1.47,4.33,ST01_JKT_Central,
SHPM003874,AWB260003874,2026-02-17 13:01:30.106306,2026-02-17 13:33:30.106306,2026-02-17 14:06:30.106306,2026-02-17 21:37:54.478327,2026-02-17 22:15:54.478327,2026-02-17 23:51:54.478327,2026-02-18 04:05:41.586245,2026-02-18 11:08:52.512852,2026-02-18 14:33:51.019435,2026-02-19 06:44:24.691017,2026-02-19 12:30:16.118352,2026-02-20 13:01:30.106306,Delivered,Closed,SHP063,Shipper 063,Enterprise,Jabodetabek,ST05_Tangerang,HB01_JKT_GATEWAY,East Java,ST14_Kediri,HB03_SBY_GATEWAY,Inter-Region,Regular,Prepaid,CR054,Van,0.88,0.8,0.88,1507235,15960,10721,8,0,0,,38.0,72,1,0,,1,0,,0,,47.48,4.23,3.42,ST14_Kediri,
SHPM003875,AWB260003875,2026-03-16 21:21:04.971426,2026-03-16 21:33:04.971426,2026-03-16 22:24:04.971426,2026-03-17 05:56:23.175882,2026-03-17 06:54:23.175882,2026-03-17 08:03:23.175882,2026-03-17 12:22:21.832806,2026-03-17 16:53:37.728697,2026-03-17 21:19:27.659051,2026-03-18 02:24:58.437679,2026-03-18 15:43:56.953418,2026-03-19 21:21:04.971426,Delivered,Closed,SHP048,Shipper 048,Enterprise,Outer Java,ST17_Makassar,HB06_EASTERN_GATEWAY,West Java,ST07_Cirebon,HB02_BDG_TRANSIT,Inter-Region,Regular,COD,CR161,Van,2.54,3.34,3.34,964230,31030,26868,8,0,0,,58.0,72,1,0,,1,0,,0,,42.38,4.32,4.43,ST07_Cirebon,
SHPM003876,AWB260003876,2026-03-10 07:29:32.273064,2026-03-10 08:03:32.273064,2026-03-10 08:48:32.273064,2026-03-10 10:11:52.145520,2026-03-10 10:56:52.145520,2026-03-10 12:00:52.145520,2026-03-10 17:44:22.350514,2026-03-11 02:52:15.213884,2026-03-11 13:27:23.115735,2026-03-12 01:28:31.467177,2026-03-12 11:31:03.181615,2026-03-11 19:29:32.273064,Delivered,Closed,SHP078,Shipper 078,SME,Outer Java,ST17_Makassar,HB06_EASTERN_GATEWAY,Jabodetabek,ST03_JKT_East,HB01_JKT_GATEWAY,Inter-Region,Next Day,Prepaid,CR162,Van,0.72,0.73,0.73,897346,23285,19579,4,1,0,,45.0,36,0,0,,1,0,,0,,52.03,5.73,10.59,ST03_JKT_East,Hub Bottleneck
SHPM003877,AWB260003877,2026-03-16 02:16:01.796053,2026-03-16 02:27:01.796053,2026-03-16 02:40:01.796053,2026-03-16 04:38:19.256070,2026-03-16 04:55:19.256070,2026-03-16 06:21:19.256070,2026-03-16 09:51:53.096116,2026-03-16 16:36:58.118981,2026-03-17 01:04:40.064212,2026-03-17 11:35:55.393210,2026-03-17 14:32:20.667531,2026-03-16 18:16:01.796053,Delivered,Closed,SHP012,Shipper 012,Marketplace,Outer Java,ST15_Medan,HB05_SUMATRA_GATEWAY,West Java,ST06_Bandung,HB01_JKT_GATEWAY,Inter-Region,Same Day,Prepaid,CR139,Van,0.83,1.05,1.05,2169643,31725,18569,2,0,0,,17.0,16,0,0,,1,0,,0,,36.27,3.51,8.46,ST06_Bandung,First Mile Delay
SHPM003878,AWB260003878,2026-03-22 16:14:27.434824,2026-03-22 16:32:27.434824,2026-03-22 17:05:27.434824,2026-03-22 22:25:10.953284,2026-03-22 23:11:10.953284,2026-03-23 00:59:10.953284,2026-03-23 04:40:32.214561,2026-03-23 12:39:00.070540,2026-03-23 20:06:20.541735,2026-03-24 09:12:21.612763,2026-03-24 20:40:52.228386,2026-03-25 16:14:27.434824,Delivered,Closed,SHP003,Shipper 003,Marketplace,Outer Java,ST16_Palembang,HB05_SUMATRA_GATEWAY,Jabodetabek,ST01_JKT_Central,HB01_JKT_GATEWAY,Inter-Region,Regular,Prepaid,CR145,Van,1.33,1.32,1.33,940552,17985,15347,8,1,0,,46.0,72,1,0,,1,0,,0,,52.44,3.69,7.46,ST01_JKT_Central,
SHPM003879,AWB260003879,2026-03-30 10:45:14.782106,2026-03-30 11:02:14.782106,2026-03-30 11:20:14.782106,2026-03-30 15:53:26.592016,2026-03-30 16:55:26.592016,2026-03-30 18:01:26.592016,2026-03-30 21:39:30.423555,2026-03-31 04:30:23.944613,2026-03-31 09:25:46.803534,2026-03-31 17:35:39.070191,2026-03-31 23:14:18.950827,2026-03-31 22:45:14.782106,Delivered,Closed,SHP009,Shipper 009,Marketplace,West Java,ST07_Cirebon,HB02_BDG_TRANSIT,Central Java,ST11_Yogyakarta,HB04_CTG_NATIONAL,Inter-Region,Next Day,Prepaid,CR066,Van,1.57,1.45,1.57,1035766,27065,23006,4,0,0,,62.0,36,0,0,,1,0,,0,,36.48,3.63,4.92,ST11_Yogyakarta,First Mile Delay
SHPM003880,AWB260003880,2026-03-07 21:24:33.383801,2026-03-07 21:50:33.383801,2026-03-07 22:05:33.383801,2026-03-07 23:43:48.455598,2026-03-07 23:59:48.455598,2026-03-08 01:51:48.455598,2026-03-08 05:13:56.476754,2026-03-08 08:12:57.639159,2026-03-08 11:00:06.857357,2026-03-08 18:05:10.114499,2026-03-08 22:58:02.868214,2026-03-08 13:24:33.383801,Delivered,Closed,SHP061,Shipper 061,Enterprise,Outer Java,ST17_Makassar,HB06_EASTERN_GATEWAY,Jabodetabek,ST01_JKT_Central,HB01_JKT_GATEWAY,Inter-Region,Same Day,COD,CR158,Van,1.38,1.45,1.45,2086165,37525,31000,2,1,0,,16.0,16,0,0,,1,0,,0,,25.56,3.37,2.79,ST01_JKT_Central,Last Mile Delay
SHPM003881,AWB260003881,2026-02-23 12:14:37.143630,2026-02-23 12:31:37.143630,2026-02-23 12:51:37.143630,2026-02-23 17:06:36.281240,2026-02-23 18:20:36.281240,2026-02-23 18:58:36.281240,2026-02-24 00:27:02.795453,2026-02-24 09:50:02.439549,2026-02-24 13:41:09.307933,2026-02-25 06:19:02.048764,2026-02-25 15:52:21.646569,2026-02-25 00:14:37.143630,Delivered,Closed,SHP033,Shipper 033,Marketplace,Jabodetabek,ST04_Bekasi,HB01_JKT_GATEWAY,Outer Java,ST17_Makassar,HB06_EASTERN_GATEWAY,Inter-Region,Next Day,COD,CR035,Bike,1.46,1.54,1.54,1047766,30930,21209,4,0,0,,74.0,36,0,0,,1,0,,0,,51.63,5.47,3.85,ST17_Makassar,First Mile Delay
SHPM003882,AWB260003882,2026-03-27 20:27:57.073930,2026-03-27 21:11:57.073930,2026-03-27 21:49:57.073930,2026-03-27 23:07:11.019803,2026-03-27 23:44:11.019803,2026-03-28 00:33:11.019803,2026-03-28 05:23:39.966099,2026-03-28 09:08:18.464092,2026-03-28 12:27:41.264535,2026-03-28 14:52:39.057751,2026-03-29 01:26:40.198622,2026-03-28 20:27:57.073930,Delivered,Closed,SHP053,Shipper 053,Marketplace,Jabodetabek,ST01_JKT_Central,HB01_JKT_GATEWAY,Jabodetabek,ST01_JKT_Central,HB01_JKT_GATEWAY,Intra-Region,Next Day,COD,CR001,Van,2.67,2.78,2.78,488564,36510,29670,4,1,0,,37.0,24,0,0,,1,0,,0,,28.98,4.84,3.32,ST01_JKT_Central,Last Mile Delay
SHPM003883,AWB260003883,2026-03-07 10:53:00.694462,2026-03-07 11:07:00.694462,2026-03-07 11:18:00.694462,2026-03-07 17:57:19.378738,2026-03-07 18:36:19.378738,2026-03-07 20:26:19.378738,2026-03-08 00:45:42.096103,2026-03-08 03:11:25.894151,2026-03-08 21:27:13.884002,2026-03-09 02:21:49.655271,2026-03-09 15:11:33.612521,2026-03-09 10:53:00.694462,Delivered,Closed,SHP090,Shipper 090,Enterprise,East Java,ST14_Kediri,HB03_SBY_GATEWAY,East Java,ST13_Malang,HB03_SBY_GATEWAY,Intra-Region,Regular,Prepaid,CR135,Bike,1.99,2.13,2.13,2091469,21585,20265,8,1,0,,39.0,48,0,0,,1,0,,0,,52.31,4.32,18.26,ST13_Malang,Hub Bottleneck
SHPM003884,AWB260003884,2026-03-22 02:38:05.472832,2026-03-22 02:56:05.472832,2026-03-22 03:33:05.472832,2026-03-22 09:46:21.010051,2026-03-22 11:00:21.010051,2026-03-22 12:00:21.010051,2026-03-22 16:00:18.741344,2026-03-22 18:37:37.652863,2026-03-23 02:25:24.536273,2026-03-23 06:16:13.645289,2026-03-23 13:31:09.809858,2026-03-24 02:38:05.472832,Delivered,Closed,SHP002,Shipper 002,Enterprise,Jabodetabek,ST02_JKT_West,HB01_JKT_GATEWAY,Jabodetabek,ST01_JKT_Central,HB01_JKT_GATEWAY,Intra-Region,Regular,Prepaid,CR014,Van,1.42,1.29,1.42,1499315,18390,14897,8,1,0,,74.0,48,1,0,,1,0,,0,,34.88,4.0,7.8,ST01_JKT_Central,
SHPM003885,AWB260003885,2026-02-27 11:24:57.624384,2026-02-27 11:51:57.624384,2026-02-27 12:27:57.624384,2026-02-27 15:33:42.414855,2026-02-27 16:16:42.414855,2026-02-27 17:28:42.414855,2026-02-27 22:53:18.219905,2026-02-28 04:19:32.417948,2026-02-28 11:47:38.232004,2026-02-28 21:54:16.889395,2026-03-01 05:15:13.989367,2026-02-28 23:24:57.624384,Delivered,Closed,SHP012,Shipper 012,Marketplace,Outer Java,ST20_Banjarmasin,HB06_EASTERN_GATEWAY,West Java,ST08_Bogor,HB01_JKT_GATEWAY,Inter-Region,Next Day,Prepaid,CR182,Bike,0.7,0.67,0.7,1402402,23150,16326,4,1,0,,43.0,36,0,0,,1,0,,0,,41.84,5.41,7.47,ST08_Bogor,Last Mile Delay
SHPM003886,AWB260003886,2026-03-24 03:53:43.600005,2026-03-24 04:01:43.600005,2026-03-24 04:23:43.600005,2026-03-24 05:46:21.815311,2026-03-24 06:06:21.815311,2026-03-24 07:41:21.815311,2026-03-24 12:57:23.451978,2026-03-24 22:30:34.189644,2026-03-25 05:57:31.091033,2026-03-25 11:32:28.182500,2026-03-25 19:25:00.405176,2026-03-25 15:53:43.600005,Delivered,Closed,SHP002,Shipper 002,Enterprise,Jabodetabek,ST01_JKT_Central,HB01_JKT_GATEWAY,Outer Java,ST15_Medan,HB05_SUMATRA_GATEWAY,Inter-Region,Next Day,Prepaid,CR006,Bike,0.67,1.03,1.03,620584,24635,14242,4,1,0,,20.0,36,0,0,,1,0,,0,,39.52,5.27,7.45,ST15_Medan,Remote Area
SHPM003887,AWB260003887,2026-03-12 19:50:33.515073,2026-03-12 20:00:33.515073,2026-03-12 20:31:33.515073,2026-03-12 20:44:02.091213,2026-03-12 21:51:02.091213,2026-03-12 22:28:02.091213,2026-03-13 01:45:44.336068,2026-03-13 07:00:50.098259,2026-03-13 14:13:23.216551,2026-03-14 04:56:50.110375,2026-03-14 08:21:23.763908,2026-03-13 11:50:33.515073,Delivered,Closed,SHP014,Shipper 014,Enterprise,Jabodetabek,ST03_JKT_East,HB01_JKT_GATEWAY,Outer Java,ST15_Medan,HB05_SUMATRA_GATEWAY,Inter-Region,Same Day,Prepaid,CR021,Bike,1.03,0.93,1.03,352076,31635,19720,2,1,0,,67.0,16,0,0,,1,0,,0,,36.51,3.3,7.21,ST15_Medan,Remote Area
SHPM003888,AWB260003888,2026-02-18 14:23:30.160788,2026-02-18 14:38:30.160788,2026-02-18 15:05:30.160788,2026-02-18 16:39:46.185325,2026-02-18 17:43:46.185325,2026-02-18 18:27:46.185325,2026-02-18 21:17:03.449769,2026-02-18 23:39:51.624505,2026-02-19 13:27:51.775379,2026-02-20 02:05:23.983455,2026-02-20 09:16:59.273304,2026-02-19 06:23:30.160788,Delivered,Closed,SHP035,Shipper 035,Enterprise,Jabodetabek,ST03_JKT_East,HB01_JKT_GATEWAY,Outer Java,ST18_Balikpapan,HB06_EASTERN_GATEWAY,Inter-Region,Same Day,Prepaid,CR030,Bike,2.25,2.11,2.25,571883,37125,30409,2,0,0,,64.0,16,0,0,,1,0,,0,,42.89,2.82,13.8,ST18_Balikpapan,First Mile Delay
SHPM003889,AWB260003889,2026-03-25 08:53:16.573496,2026-03-25 09:14:16.573496,2026-03-25 09:44:16.573496,2026-03-25 17:31:33.787807,2026-03-25 18:26:33.787807,2026-03-25 19:01:33.787807,2026-03-26 00:50:35.690560,2026-03-26 05:18:38.201342,2026-03-26 09:39:36.711796,2026-03-26 18:20:14.186274,2026-03-27 12:04:49.566295,2026-03-28 08:53:16.573496,Delivered,Closed,SHP022,Shipper 022,Marketplace,Central Java,ST09_Semarang,HB04_CTG_NATIONAL,West Java,ST06_Bandung,HB01_JKT_GATEWAY,Inter-Region,Regular,COD,CR088,Van,1.09,1.19,1.19,1107304,21355,11981,8,0,0,,55.0,72,1,0,,1,0,,0,,51.19,5.82,4.35,ST06_Bandung,
SHPM003890,AWB260003890,2026-03-01 00:19:52.349947,2026-03-01 00:46:52.349947,2026-03-01 01:03:52.349947,2026-03-01 06:09:26.401198,2026-03-01 06:46:26.401198,2026-03-01 08:41:26.401198,2026-03-01 13:47:23.956713,2026-03-01 19:15:02.175635,2026-03-02 05:36:47.806814,2026-03-02 12:33:49.355383,2026-03-03 00:26:00.116880,2026-03-04 00:19:52.349947,Delivered,Closed,SHP082,Shipper 082,SME,Outer Java,ST19_Denpasar,HB06_EASTERN_GATEWAY,Central Java,ST11_Yogyakarta,HB04_CTG_NATIONAL,Inter-Region,Regular,Prepaid,CR181,Bike,1.09,1.05,1.09,672136,16905,11625,8,1,0,,37.0,72,1,0,,1,0,,0,,48.1,5.1,10.36,ST11_Yogyakarta,
SHPM003891,AWB260003891,2026-03-25 07:31:54.929362,2026-03-25 07:52:54.929362,2026-03-25 08:44:54.929362,2026-03-25 11:04:12.543663,2026-03-25 13:06:12.543663,2026-03-25 14:27:12.543663,2026-03-25 21:34:56.362052,2026-03-26 05:40:06.568219,2026-03-26 22:07:35.122015,2026-03-27 05:08:10.917838,2026-03-27 09:26:28.868050,2026-03-26 19:31:54.929362,Delivered,Closed,SHP040,Shipper 040,Marketplace,West Java,ST07_Cirebon,HB02_BDG_TRANSIT,Outer Java,ST17_Makassar,HB06_EASTERN_GATEWAY,Inter-Region,Next Day,Prepaid,CR066,Bike,0.5,0.5,0.5,969104,22250,14893,4,1,0,,122.0,36,0,0,,1,0,,0,,49.91,7.13,16.46,ST17_Makassar,Hub Bottleneck
SHPM003892,AWB260003892,2026-03-29 17:18:29.864005,2026-03-29 17:52:29.864005,2026-03-29 18:09:29.864005,2026-03-30 00:53:59.354341,2026-03-30 01:22:59.354341,2026-03-30 03:21:59.354341,2026-03-30 07:01:55.851184,2026-03-30 11:46:42.990144,2026-03-30 18:50:17.381028,2026-03-31 04:47:10.195998,2026-03-31 20:32:05.527988,2026-04-01 17:18:29.864005,Delivered,Closed,SHP035,Shipper 035,Enterprise,Jabodetabek,ST04_Bekasi,HB01_JKT_GATEWAY,East Java,ST14_Kediri,HB03_SBY_GATEWAY,Inter-Region,Regular,Prepaid,CR031,Van,0.5,0.61,0.61,1001572,14745,10175,8,1,0,,29.0,72,1,0,,1,0,,0,,51.23,3.67,7.06,ST14_Kediri,
SHPM003893,AWB260003893,2026-02-22 06:30:11.641997,2026-02-22 06:44:11.641997,2026-02-22 06:49:11.641997,2026-02-22 12:04:08.991183,2026-02-22 12:28:08.991183,2026-02-22 12:58:08.991183,2026-02-22 17:58:43.023987,2026-02-23 00:45:56.547136,2026-02-23 03:07:25.236067,2026-02-23 10:15:26.949169,2026-02-23 14:26:17.567554,2026-02-25 06:30:11.641997,Delivered,Closed,SHP050,Shipper 050,Marketplace,Jabodetabek,ST04_Bekasi,HB01_JKT_GATEWAY,Central Java,ST11_Yogyakarta,HB04_CTG_NATIONAL,Inter-Region,Regular,COD,CR039,Bike,1.52,1.54,1.54,1025797,22930,12714,8,1,0,,24.0,72,1,0,,1,0,,0,,31.93,5.01,2.36,ST11_Yogyakarta,
SHPM003894,AWB260003894,2026-03-11 20:27:23.185495,2026-03-11 20:44:23.185495,2026-03-11 20:49:23.185495,2026-03-12 01:08:52.335593,2026-03-12 01:49:52.335593,2026-03-12 03:26:52.335593,2026-03-12 07:21:22.998906,2026-03-12 10:53:14.938507,2026-03-12 14:36:19.331057,2026-03-12 20:39:19.025755,2026-03-13 04:11:26.179733,2026-03-13 08:27:23.185495,Delivered,Closed,SHP100,Shipper 100,Marketplace,Central Java,ST11_Yogyakarta,HB04_CTG_NATIONAL,Outer Java,ST18_Balikpapan,HB06_EASTERN_GATEWAY,Inter-Region,Next Day,Prepaid,CR106,Bike,2.78,3.58,3.58,347474,36110,28262,4,0,0,,41.0,36,1,0,,1,0,,0,,31.73,3.91,3.72,ST18_Balikpapan,
SHPM003895,AWB260003895,2026-03-11 19:14:42.110273,2026-03-11 19:21:42.110273,2026-03-11 19:42:42.110273,2026-03-11 21:09:44.424616,2026-03-11 21:43:44.424616,2026-03-11 21:58:44.424616,2026-03-12 03:27:43.873300,2026-03-12 05:42:39.064327,2026-03-12 12:02:05.534588,2026-03-13 00:41:45.891225,,2026-03-12 11:14:42.110273,Delivery Exception,Exception,SHP030,Shipper 030,Enterprise,Jabodetabek,ST05_Tangerang,HB01_JKT_GATEWAY,West Java,ST08_Bogor,HB01_JKT_GATEWAY,Inter-Region,Same Day,Prepaid,CR053,Bike,1.71,1.7,1.71,221014,34695,27843,2,1,0,,34.0,16,0,1,Invalid Address,3,0,,0,,616.75,5.48,6.32,ST08_Bogor,Delivery Exception
SHPM003896,AWB260003896,2026-03-04 16:54:14.289476,2026-03-04 17:32:14.289476,2026-03-04 17:57:14.289476,2026-03-05 00:02:49.026485,2026-03-05 00:20:49.026485,2026-03-05 02:04:49.026485,2026-03-05 04:27:39.145789,2026-03-05 13:10:36.991540,2026-03-05 15:47:32.640030,2026-03-05 22:42:00.372912,2026-03-06 08:03:53.415555,2026-03-07 16:54:14.289476,Delivered,Closed,SHP030,Shipper 030,Enterprise,Jabodetabek,ST05_Tangerang,HB01_JKT_GATEWAY,Central Java,ST11_Yogyakarta,HB04_CTG_NATIONAL,Inter-Region,Regular,Prepaid,CR047,Van,2.44,2.52,2.52,520808,23340,18539,8,1,0,,18.0,72,1,0,,1,0,,0,,39.16,2.38,2.62,ST11_Yogyakarta,
SHPM003897,AWB260003897,2026-03-31 17:25:30.144109,2026-03-31 18:07:30.144109,2026-03-31 18:43:30.144109,2026-03-31 21:08:02.835939,2026-03-31 21:35:02.835939,2026-03-31 22:09:02.835939,2026-04-01 00:10:46.679547,2026-04-01 02:27:53.267407,2026-04-01 05:17:28.203800,2026-04-01 18:51:24.850581,2026-04-01 21:30:09.493166,2026-04-02 05:25:30.144109,Delivered,Closed,SHP035,Shipper 035,Enterprise,Jabodetabek,ST04_Bekasi,HB01_JKT_GATEWAY,West Java,ST08_Bogor,HB01_JKT_GATEWAY,Inter-Region,Next Day,Prepaid,CR032,Bike,1.13,1.07,1.13,1072091,25085,22187,4,1,0,,27.0,36,1,0,,1,0,,0,,28.08,2.03,2.83,ST08_Bogor,
SHPM003898,AWB260003898,2026-03-23 20:57:00.783048,2026-03-23 21:04:00.783048,2026-03-23 21:57:00.783048,2026-03-24 01:24:51.938896,2026-03-24 02:26:51.938896,2026-03-24 03:33:51.938896,2026-03-24 05:12:40.150859,2026-03-24 13:59:36.080075,2026-03-24 21:27:43.882517,2026-03-25 14:49:38.565031,2026-03-26 00:46:50.174852,2026-03-25 08:57:00.783048,Delivered,Closed,SHP072,Shipper 072,Enterprise,Outer Java,ST18_Balikpapan,HB06_EASTERN_GATEWAY,West Java,ST06_Bandung,HB01_JKT_GATEWAY,Inter-Region,Next Day,Prepaid,CR173,Van,1.05,1.66,1.66,2316079,27470,20276,4,0,0,,62.0,36,0,0,,1,0,,0,,51.83,1.65,7.47,ST06_Bandung,First Mile Delay
SHPM003899,AWB260003899,2026-03-30 05:48:07.319249,2026-03-30 06:13:07.319249,2026-03-30 06:53:07.319249,2026-03-30 10:29:41.591414,2026-03-30 10:54:41.591414,2026-03-30 11:49:41.591414,2026-03-30 14:40:09.606123,2026-03-30 16:41:11.805424,2026-03-31 15:43:45.740247,2026-04-01 04:09:08.092750,2026-04-01 07:03:34.417248,2026-03-31 17:48:07.319249,Delivered,Closed,SHP031,Shipper 031,SME,East Java,ST13_Malang,HB03_SBY_GATEWAY,Jabodetabek,ST03_JKT_East,HB01_JKT_GATEWAY,Inter-Region,Next Day,COD,CR120,Bike,1.97,3.24,3.24,1565682,38580,29247,4,0,0,,25.0,36,0,0,,1,0,,0,,49.26,2.84,23.04,ST03_JKT_East,First Mile Delay
SHPM003900,AWB260003900,2026-03-11 23:12:35.290330,2026-03-11 23:52:35.290330,2026-03-12 00:34:35.290330,2026-03-12 07:56:08.682846,2026-03-12 08:44:08.682846,2026-03-12 08:59:08.682846,2026-03-12 11:31:21.406391,2026-03-12 16:01:24.275738,2026-03-13 03:08:32.072528,2026-03-13 06:54:46.506775,2026-03-14 00:30:58.727708,2026-03-13 23:12:35.290330,Delivered,Closed,SHP037,Shipper 037,Marketplace,Central Java,ST11_Yogyakarta,HB04_CTG_NATIONAL,Central Java,ST11_Yogyakarta,HB04_CTG_NATIONAL,Intra-Region,Regular,Prepaid,CR102,Truck,4.07,4.17,4.17,988406,30765,25433,8,0,0,,48.0,48,0,0,,1,0,,0,,49.31,2.54,11.12,ST11_Yogyakarta,First Mile Delay
SHPM003901,AWB260003901,2026-03-21 11:13:45.224303,2026-03-21 11:35:45.224303,2026-03-21 12:18:45.224303,2026-03-21 17:57:44.048601,2026-03-21 18:17:44.048601,2026-03-21 19:26:44.048601,2026-03-21 21:11:13.609828,2026-03-22 06:25:32.958635,2026-03-22 09:00:33.329285,2026-03-22 19:55:23.412008,2026-03-23 13:10:42.040580,2026-03-24 11:13:45.224303,Delivered,Closed,SHP062,Shipper 062,Enterprise,Jabodetabek,ST04_Bekasi,HB01_JKT_GATEWAY,East Java,ST13_Malang,HB03_SBY_GATEWAY,Inter-Region,Regular,COD,CR036,Truck,0.92,0.99,0.99,1194342,20455,17530,8,1,0,,20.0,72,1,0,,1,0,,0,,49.95,1.74,2.58,ST13_Malang,
SHPM003902,AWB260003902,2026-03-03 02:22:47.990591,2026-03-03 02:37:47.990591,2026-03-03 02:42:47.990591,2026-03-03 07:01:14.069618,2026-03-03 07:29:14.069618,2026-03-03 09:14:14.069618,2026-03-03 10:30:04.303616,2026-03-03 16:50:25.970299,2026-03-04 01:12:31.705968,2026-03-04 07:31:40.725133,2026-03-04 13:27:12.011257,2026-03-06 02:22:47.990591,Delivered,Closed,SHP069,Shipper 069,SME,West Java,ST06_Bandung,HB01_JKT_GATEWAY,Jabodetabek,ST02_JKT_West,HB01_JKT_GATEWAY,Inter-Region,Regular,COD,CR061,Bike,1.12,1.14,1.14,718406,21130,16936,8,1,0,,28.0,72,1,0,,1,0,,0,,35.07,1.26,8.37,ST02_JKT_West,
SHPM003903,AWB260003903,2026-03-02 20:02:59.683240,2026-03-02 20:09:59.683240,2026-03-02 20:59:59.683240,2026-03-02 20:58:46.738081,2026-03-02 21:40:46.738081,2026-03-02 22:04:46.738081,2026-03-03 02:17:34.907502,2026-03-03 10:22:41.848042,2026-03-03 19:56:35.738197,2026-03-04 01:03:40.203731,2026-03-04 04:55:15.602714,2026-03-03 12:02:59.683240,Delivered,Closed,SHP034,Shipper 034,Enterprise,Jabodetabek,ST04_Bekasi,HB01_JKT_GATEWAY,West Java,ST07_Cirebon,HB02_BDG_TRANSIT,Inter-Region,Same Day,Prepaid,CR031,Van,1.21,1.42,1.42,912561,33390,24529,2,1,0,,42.0,16,0,0,,1,0,,0,,32.87,4.21,9.56,ST07_Cirebon,Last Mile Delay
SHPM003904,AWB260003904,2026-03-06 16:31:56.836760,2026-03-06 17:11:56.836760,2026-03-06 17:22:56.836760,2026-03-06 20:43:25.642932,2026-03-06 21:38:25.642932,2026-03-06 23:00:25.642932,2026-03-07 03:16:21.282035,2026-03-07 09:17:43.083399,2026-03-07 16:10:15.484072,2026-03-08 06:36:12.576007,2026-03-08 14:15:57.892691,2026-03-08 04:31:56.836760,Delivered,Closed,SHP058,Shipper 058,Enterprise,Jabodetabek,ST01_JKT_Central,HB01_JKT_GATEWAY,East Java,ST13_Malang,HB03_SBY_GATEWAY,Inter-Region,Next Day,Prepaid,CR009,Van,2.21,2.89,2.89,1602146,33005,23999,4,1,0,,55.0,36,0,0,,1,0,,0,,45.73,4.27,6.88,ST13_Malang,Last Mile Delay
SHPM003905,AWB260003905,2026-03-09 20:03:46.621875,2026-03-09 20:19:46.621875,2026-03-09 20:44:46.621875,2026-03-10 02:48:10.108145,2026-03-10 02:56:10.108145,2026-03-10 04:25:10.108145,2026-03-10 07:01:49.038742,2026-03-10 11:58:38.696921,2026-03-10 20:49:31.607975,2026-03-11 14:13:07.356868,2026-03-12 05:14:00.091117,2026-03-12 20:03:46.621875,Delivered,Closed,SHP049,Shipper 049,Enterprise,Jabodetabek,ST05_Tangerang,HB01_JKT_GATEWAY,West Java,ST07_Cirebon,HB02_BDG_TRANSIT,Inter-Region,Regular,COD,CR052,Truck,0.7,0.75,0.75,2035243,19375,16381,8,1,0,,8.0,72,1,0,,1,0,,0,,57.17,2.61,8.85,ST07_Cirebon,
SHPM003906,AWB260003906,2026-03-03 11:35:54.947853,2026-03-03 12:19:54.947853,2026-03-03 13:10:54.947853,2026-03-03 19:49:40.992735,2026-03-03 20:05:40.992735,2026-03-03 20:57:40.992735,2026-03-03 22:50:38.804754,2026-03-04 07:45:30.380504,2026-03-04 11:59:50.744308,2026-03-05 01:51:00.076658,2026-03-05 19:22:25.924228,2026-03-06 11:35:54.947853,Delivered,Closed,SHP062,Shipper 062,Enterprise,Jabodetabek,ST04_Bekasi,HB01_JKT_GATEWAY,Central Java,ST10_Solo,HB04_CTG_NATIONAL,Inter-Region,Regular,Prepaid,CR040,Van,0.49,0.44,0.49,1898529,14205,13191,8,1,0,,16.0,72,1,0,,1,0,,0,,55.78,1.88,4.24,ST10_Solo,
SHPM003907,AWB260003907,2026-02-24 10:11:49.703236,2026-02-24 10:26:49.703236,2026-02-24 11:14:49.703236,2026-02-24 18:07:28.446478,2026-02-24 18:15:28.446478,2026-02-24 19:04:28.446478,2026-02-25 00:42:00.510984,2026-02-25 05:18:19.659410,2026-02-25 07:38:26.176725,2026-02-25 15:29:05.320873,2026-02-26 07:49:38.181687,2026-02-27 10:11:49.703236,Delivered,Closed,SHP057,Shipper 057,SME,Central Java,ST09_Semarang,HB04_CTG_NATIONAL,West Java,ST08_Bogor,HB01_JKT_GATEWAY,Inter-Region,Regular,Prepaid,CR090,Van,0.75,0.69,0.75,1209278,15375,10610,8,1,0,,8.0,72,1,0,,1,0,,0,,45.63,5.63,2.34,ST08_Bogor,
SHPM003908,AWB260003908,2026-03-23 10:36:45.739029,2026-03-23 10:55:45.739029,2026-03-23 11:07:45.739029,2026-03-23 15:01:19.307369,2026-03-23 15:40:19.307369,2026-03-23 17:21:19.307369,2026-03-23 22:14:40.634232,2026-03-24 06:14:19.253235,2026-03-24 10:46:38.543987,2026-03-24 22:26:58.673838,2026-03-25 02:24:18.102742,2026-03-24 22:36:45.739029,Delivered,Closed,SHP048,Shipper 048,Enterprise,Outer Java,ST16_Palembang,HB05_SUMATRA_GATEWAY,Central Java,ST11_Yogyakarta,HB04_CTG_NATIONAL,Inter-Region,Next Day,Prepaid,CR152,Van,0.56,0.91,0.91,748775,24095,14139,4,0,0,,39.0,36,0,0,,1,0,,0,,39.79,4.89,4.54,ST11_Yogyakarta,First Mile Delay
SHPM003909,AWB260003909,2026-03-31 01:20:34.009866,2026-03-31 01:38:34.009866,2026-03-31 02:21:34.009866,2026-03-31 06:17:12.851004,2026-03-31 06:53:12.851004,2026-03-31 08:32:12.851004,2026-03-31 09:43:22.380943,2026-03-31 12:03:54.469680,2026-03-31 20:02:30.797221,2026-04-01 03:36:39.263535,2026-04-01 14:40:55.139951,2026-04-03 01:20:34.009866,Delivered,Closed,SHP061,Shipper 061,Enterprise,Outer Java,ST20_Banjarmasin,HB06_EASTERN_GATEWAY,Central Java,ST10_Solo,HB04_CTG_NATIONAL,Inter-Region,Regular,COD,CR189,Van,1.74,1.57,1.74,141895,23830,20490,8,1,0,,36.0,72,1,0,,1,0,,0,,37.34,1.19,7.98,ST10_Solo,
SHPM003910,AWB260003910,2026-03-12 14:14:16.339191,2026-03-12 14:20:16.339191,2026-03-12 14:36:16.339191,2026-03-12 18:29:15.063911,2026-03-12 19:20:15.063911,2026-03-12 20:26:15.063911,2026-03-12 23:52:32.563806,2026-03-13 04:32:43.903128,2026-03-13 14:15:17.203410,2026-03-14 05:26:58.304962,2026-03-14 16:39:35.974352,2026-03-15 14:14:16.339191,Delivered,Closed,SHP038,Shipper 038,Marketplace,Jabodetabek,ST01_JKT_Central,HB01_JKT_GATEWAY,Outer Java,ST16_Palembang,HB05_SUMATRA_GATEWAY,Inter-Region,Regular,Prepaid,CR001,Bike,2.57,2.89,2.89,1004819,25005,17405,8,1,0,,51.0,72,1,0,,1,0,,0,,50.42,3.44,9.71,ST16_Palembang,
SHPM003911,AWB260003911,2026-03-12 05:48:02.203753,2026-03-12 06:21:02.203753,2026-03-12 06:53:02.203753,2026-03-12 10:15:53.416889,2026-03-12 10:51:53.416889,2026-03-12 11:09:53.416889,2026-03-12 16:16:23.730597,2026-03-12 19:06:16.323117,2026-03-13 02:33:52.824832,2026-03-13 17:50:33.568108,2026-03-13 20:34:21.359886,2026-03-13 17:48:02.203753,Delivered,Closed,SHP070,Shipper 070,Enterprise,Jabodetabek,ST04_Bekasi,HB01_JKT_GATEWAY,East Java,ST13_Malang,HB03_SBY_GATEWAY,Inter-Region,Next Day,Prepaid,CR034,Bike,0.71,0.68,0.71,2455043,23195,14289,4,1,0,,36.0,36,0,0,,1,0,,0,,38.77,5.11,7.46,ST13_Malang,Last Mile Delay
SHPM003912,AWB260003912,2026-03-10 23:53:16.817546,2026-03-11 00:15:16.817546,2026-03-11 00:49:16.817546,2026-03-11 01:48:40.300051,2026-03-11 02:30:40.300051,2026-03-11 03:39:40.300051,2026-03-11 05:24:47.089704,2026-03-11 13:19:19.040575,2026-03-12 00:38:58.505998,2026-03-12 05:48:14.426666,2026-03-12 08:59:48.218197,2026-03-12 11:53:16.817546,Delivered,Closed,SHP089,Shipper 089,Enterprise,Central Java,ST11_Yogyakarta,HB04_CTG_NATIONAL,West Java,ST06_Bandung,HB01_JKT_GATEWAY,Inter-Region,Next Day,COD,CR102,Van,0.93,1.18,1.18,663993,29310,25507,4,1,0,,42.0,36,1,0,,1,0,,0,,33.11,1.75,11.33,ST06_Bandung,
SHPM003913,AWB260003913,2026-03-28 09:14:44.088663,2026-03-28 09:29:44.088663,2026-03-28 09:57:44.088663,,,,,,,,,2026-03-29 21:14:44.088663,Failed Pickup,Exception,SHP018,Shipper 018,Enterprise,West Java,ST07_Cirebon,HB02_BDG_TRANSIT,Jabodetabek,ST01_JKT_Central,HB01_JKT_GATEWAY,Inter-Region,Next Day,Prepaid,CR072,Bike,0.88,1.16,1.16,1302383,25220,18845,4,0,1,Shipper Not Ready,,36,0,0,,0,0,,0,,218.75,,,ST07_Cirebon,
SHPM003914,AWB260003914,2026-03-01 02:34:49.594371,2026-03-01 03:16:49.594371,2026-03-01 03:40:49.594371,2026-03-01 05:45:36.763988,2026-03-01 06:02:36.763988,2026-03-01 07:18:36.763988,2026-03-01 11:21:50.068222,2026-03-01 20:51:52.251579,2026-03-02 10:33:38.517539,2026-03-03 01:36:20.323959,,2026-03-02 14:34:49.594371,Delivery Exception,Exception,SHP079,Shipper 079,Marketplace,East Java,ST13_Malang,HB03_SBY_GATEWAY,Outer Java,ST19_Denpasar,HB06_EASTERN_GATEWAY,Inter-Region,Next Day,Prepaid,CR119,Bike,1.19,1.21,1.21,1278962,25445,23643,4,1,0,,17.0,36,0,1,Customer Reschedule,2,0,,0,,873.42,4.05,13.7,ST19_Denpasar,Hub Bottleneck
SHPM003915,AWB260003915,2026-02-20 01:55:54.636900,2026-02-20 02:28:54.636900,2026-02-20 03:18:54.636900,2026-02-20 04:54:52.171140,2026-02-20 05:44:52.171140,2026-02-20 07:29:52.171140,2026-02-20 12:16:00.118130,2026-02-20 19:25:16.838113,2026-02-21 07:28:57.598091,2026-02-21 23:23:18.936695,2026-02-22 08:51:53.230803,2026-02-21 13:55:54.636900,Delivered,Closed,SHP069,Shipper 069,SME,West Java,ST06_Bandung,HB01_JKT_GATEWAY,Outer Java,ST20_Banjarmasin,HB06_EASTERN_GATEWAY,Inter-Region,Next Day,Prepaid,CR061,Van,0.76,0.81,0.81,1041658,23645,14016,4,1,0,,50.0,36,0,0,,1,0,,0,,54.93,4.77,12.06,ST20_Banjarmasin,Hub Bottleneck
SHPM003916,AWB260003916,2026-02-18 05:40:30.679268,2026-02-18 05:56:30.679268,2026-02-18 06:27:30.679268,2026-02-18 09:20:48.319252,2026-02-18 09:59:48.319252,2026-02-18 11:23:48.319252,2026-02-18 13:56:14.136167,2026-02-18 16:36:14.691831,2026-02-19 02:36:52.178539,2026-02-19 07:57:23.456962,2026-02-19 16:14:49.463782,2026-02-19 17:40:30.679268,Delivered,Closed,SHP061,Shipper 061,Enterprise,Outer Java,ST17_Makassar,HB06_EASTERN_GATEWAY,Jabodetabek,ST04_Bekasi,HB01_JKT_GATEWAY,Inter-Region,Next Day,Prepaid,CR156,Bike,1.03,1.62,1.62,1919157,27290,23984,4,1,0,,39.0,36,1,0,,1,0,,0,,34.57,2.54,10.01,ST04_Bekasi,
SHPM003917,AWB260003917,2026-02-25 11:34:25.462502,2026-02-25 12:05:25.462502,2026-02-25 12:33:25.462502,2026-02-25 15:04:09.585305,2026-02-25 16:01:09.585305,2026-02-25 16:59:09.585305,2026-02-25 22:28:37.250788,2026-02-26 07:19:31.393368,2026-02-26 18:02:16.798925,2026-02-26 23:45:27.578114,2026-02-27 10:43:26.530053,2026-02-26 23:34:25.462502,Delivered,Closed,SHP060,Shipper 060,Enterprise,East Java,ST14_Kediri,HB03_SBY_GATEWAY,Jabodetabek,ST02_JKT_West,HB01_JKT_GATEWAY,Inter-Region,Next Day,Prepaid,CR128,Bike,0.3,0.28,0.3,264642,21350,13719,4,1,0,,57.0,36,0,0,,1,0,,0,,47.15,5.49,10.71,ST02_JKT_West,Hub Bottleneck
SHPM003918,AWB260003918,2026-03-11 13:21:49.360693,2026-03-11 13:43:49.360693,2026-03-11 14:29:49.360693,2026-03-11 15:54:06.035901,2026-03-11 16:17:06.035901,2026-03-11 16:51:06.035901,2026-03-11 18:19:17.107200,2026-03-12 03:05:39.005020,2026-03-12 14:06:54.424594,2026-03-12 19:35:33.173989,2026-03-12 22:09:08.367519,2026-03-12 05:21:49.360693,Delivered,Closed,SHP074,Shipper 074,Enterprise,Outer Java,ST15_Medan,HB05_SUMATRA_GATEWAY,Jabodetabek,ST03_JKT_East,HB01_JKT_GATEWAY,Inter-Region,Same Day,Prepaid,CR138,Bike,2.07,2.08,2.08,444218,36360,21323,2,0,0,,23.0,16,0,0,,1,0,,0,,32.79,1.47,11.02,ST03_JKT_East,First Mile Delay
SHPM003919,AWB260003919,2026-03-31 05:51:48.438829,2026-03-31 06:20:48.438829,2026-03-31 06:53:48.438829,2026-03-31 12:49:06.165999,2026-03-31 14:11:06.165999,2026-03-31 16:00:06.165999,2026-03-31 20:07:51.672158,2026-04-01 00:15:03.571258,2026-04-01 08:52:42.471784,2026-04-01 17:49:13.554262,,2026-04-03 05:51:48.438829,Delivery Exception,Exception,SHP014,Shipper 014,Enterprise,Jabodetabek,ST05_Tangerang,HB01_JKT_GATEWAY,Outer Java,ST15_Medan,HB05_SUMATRA_GATEWAY,Inter-Region,Regular,Prepaid,CR053,Van,1.28,1.4,1.4,381472,18300,16794,8,1,0,,82.0,72,0,1,Customer Not Home,2,0,,0,,150.14,4.13,8.63,ST15_Medan,Delivery Exception
SHPM003920,AWB260003920,2026-03-08 08:50:11.999930,2026-03-08 08:55:11.999930,2026-03-08 09:04:11.999930,2026-03-08 13:14:01.598118,2026-03-08 13:34:01.598118,2026-03-08 13:53:01.598118,2026-03-08 15:56:59.283777,2026-03-08 23:45:15.280245,2026-03-09 10:19:04.366841,2026-03-09 19:23:18.118201,2026-03-10 05:07:46.307548,2026-03-09 20:50:11.999930,Delivered,Closed,SHP049,Shipper 049,Enterprise,Jabodetabek,ST05_Tangerang,HB01_JKT_GATEWAY,Central Java,ST10_Solo,HB04_CTG_NATIONAL,Inter-Region,Next Day,Prepaid,CR051,Bike,0.9,0.94,0.94,1235365,24230,15533,4,0,0,,20.0,36,0,0,,1,0,,0,,44.29,2.07,10.56,ST10_Solo,First Mile Delay
SHPM003921,AWB260003921,2026-03-06 00:54:36.034389,2026-03-06 01:30:36.034389,2026-03-06 01:58:36.034389,2026-03-06 02:13:47.506864,2026-03-06 02:55:47.506864,2026-03-06 03:55:47.506864,2026-03-06 09:51:01.901979,2026-03-06 18:58:42.220222,2026-03-07 02:49:08.617359,2026-03-07 18:41:55.437553,2026-03-07 22:53:12.556188,2026-03-06 16:54:36.034389,Delivered,Closed,SHP061,Shipper 061,Enterprise,Outer Java,ST15_Medan,HB05_SUMATRA_GATEWAY,Jabodetabek,ST01_JKT_Central,HB01_JKT_GATEWAY,Inter-Region,Same Day,Prepaid,CR144,Bike,1.35,1.27,1.35,2161605,33075,28380,2,1,0,,42.0,16,0,0,,1,0,,0,,45.98,5.92,7.84,ST01_JKT_Central,Last Mile Delay
SHPM003922,AWB260003922,2026-02-28 14:23:56.005220,2026-02-28 14:40:56.005220,2026-02-28 15:14:56.005220,2026-02-28 20:13:27.069468,2026-02-28 21:17:27.069468,2026-02-28 22:58:27.069468,2026-03-01 03:48:56.602676,2026-03-01 13:11:29.447287,2026-03-02 00:27:00.893757,2026-03-02 07:10:03.310126,2026-03-02 23:57:44.935496,2026-03-03 14:23:56.005220,Delivered,Closed,SHP078,Shipper 078,SME,Outer Java,ST17_Makassar,HB06_EASTERN_GATEWAY,Central Java,ST11_Yogyakarta,HB04_CTG_NATIONAL,Inter-Region,Regular,Prepaid,CR155,Van,1.78,1.81,1.81,299081,20145,15888,8,1,0,,64.0,72,1,0,,1,0,,0,,57.56,4.84,11.26,ST11_Yogyakarta,
SHPM003923,AWB260003923,2026-03-13 14:37:17.689187,2026-03-13 15:09:17.689187,2026-03-13 15:54:17.689187,2026-03-13 21:10:08.977487,2026-03-13 21:55:08.977487,2026-03-13 23:48:08.977487,2026-03-14 01:40:18.254403,2026-03-14 04:32:08.000926,2026-03-14 08:53:52.395287,2026-03-16 08:52:13.386960,2026-03-16 16:37:38.523945,2026-03-15 02:37:17.689187,Delivered,Closed,SHP076,Shipper 076,Enterprise,West Java,ST07_Cirebon,HB02_BDG_TRANSIT,Jabodetabek,ST01_JKT_Central,HB01_JKT_GATEWAY,Inter-Region,Next Day,Prepaid,CR068,Truck,0.91,0.92,0.92,2186230,24140,21643,4,0,0,,45.0,36,0,0,,1,1,Weather Delay,0,,74.01,1.87,4.36,ST01_JKT_Central,First Mile Delay
SHPM003924,AWB260003924,2026-02-25 01:17:43.257844,2026-02-25 01:40:43.257844,2026-02-25 01:45:43.257844,2026-02-25 06:06:57.877777,2026-02-25 06:38:57.877777,2026-02-25 08:17:57.877777,2026-02-25 14:00:19.481661,2026-02-25 17:41:41.826693,2026-02-25 19:53:50.752494,2026-02-26 03:20:10.454576,2026-02-26 11:13:51.173997,2026-02-26 13:17:43.257844,Delivered,Closed,SHP065,Shipper 065,Marketplace,Jabodetabek,ST01_JKT_Central,HB01_JKT_GATEWAY,East Java,ST13_Malang,HB03_SBY_GATEWAY,Inter-Region,Next Day,COD,CR011,Van,0.47,0.74,0.74,1031951,27330,16221,4,0,0,,32.0,36,1,0,,1,0,,0,,33.94,5.71,2.2,ST13_Malang,
SHPM003925,AWB260003925,2026-03-31 15:44:18.651883,2026-03-31 15:56:18.651883,2026-03-31 16:23:18.651883,2026-03-31 19:47:57.771441,2026-03-31 20:24:57.771441,2026-03-31 22:13:57.771441,2026-03-31 23:21:31.987065,2026-04-01 03:54:08.895611,2026-04-01 14:14:44.474181,2026-04-01 17:14:42.345954,2026-04-02 03:18:43.419038,2026-04-01 15:44:18.651883,Delivered,Closed,SHP089,Shipper 089,Enterprise,Central Java,ST11_Yogyakarta,HB04_CTG_NATIONAL,Central Java,ST10_Solo,HB04_CTG_NATIONAL,Intra-Region,Next Day,COD,CR105,Van,1.15,1.72,1.72,1404449,31740,27715,4,1,0,,37.0,24,0,0,,1,0,,0,,35.57,1.13,10.34,ST10_Solo,Hub Bottleneck
SHPM003926,AWB260003926,2026-03-03 12:05:46.135939,2026-03-03 12:23:46.135939,2026-03-03 12:42:46.135939,2026-03-03 16:47:16.622977,2026-03-03 17:46:16.622977,2026-03-03 18:34:16.622977,2026-03-03 22:28:40.755266,2026-03-04 00:48:36.173502,2026-03-04 11:45:06.078824,2026-03-04 18:14:20.667752,2026-03-05 03:14:35.784402,2026-03-04 12:05:46.135939,Delivered,Closed,SHP014,Shipper 014,Enterprise,Jabodetabek,ST05_Tangerang,HB01_JKT_GATEWAY,Jabodetabek,ST04_Bekasi,HB01_JKT_GATEWAY,Intra-Region,Next Day,Prepaid,CR053,Van,1.65,1.63,1.65,269052,27425,22373,4,0,0,,59.0,24,0,0,,1,0,,0,,39.15,3.91,10.94,ST04_Bekasi,First Mile Delay
SHPM003927,AWB260003927,2026-03-09 17:51:34.797611,2026-03-09 18:06:34.797611,2026-03-09 18:42:34.797611,2026-03-09 21:21:52.603805,2026-03-09 21:29:52.603805,2026-03-09 23:04:52.603805,2026-03-10 01:27:27.215740,2026-03-10 03:34:05.533145,2026-03-10 13:50:29.889462,2026-03-10 16:27:44.259478,2026-03-10 21:50:21.456961,2026-03-10 17:51:34.797611,Delivered,Closed,SHP004,Shipper 004,Marketplace,Jabodetabek,ST01_JKT_Central,HB01_JKT_GATEWAY,Jabodetabek,ST03_JKT_East,HB01_JKT_GATEWAY,Intra-Region,Next Day,Prepaid,CR009,Bike,1.08,1.09,1.09,1071524,24905,21491,4,1,0,,8.0,24,0,0,,1,0,,0,,27.98,2.38,10.27,ST03_JKT_East,Hub Bottleneck
SHPM003928,AWB260003928,2026-03-25 20:27:49.240548,2026-03-25 21:04:49.240548,2026-03-25 22:11:49.240548,2026-03-26 02:51:16.481961,2026-03-26 04:15:16.481961,2026-03-26 06:02:16.481961,2026-03-26 09:45:28.780782,2026-03-26 16:53:43.207462,2026-03-27 08:59:37.235632,2026-03-27 13:59:54.894130,2026-03-27 23:22:48.242550,2026-03-27 08:27:49.240548,Delivered,Closed,SHP067,Shipper 067,SME,East Java,ST12_Surabaya,HB03_SBY_GATEWAY,Jabodetabek,ST02_JKT_West,HB01_JKT_GATEWAY,Inter-Region,Next Day,Prepaid,CR112,Bike,1.96,2.07,2.07,735549,29315,25531,4,0,0,,84.0,36,0,0,,1,0,,0,,50.92,3.72,16.1,ST02_JKT_West,First Mile Delay
SHPM003929,AWB260003929,2026-02-24 00:19:53.022132,2026-02-24 00:56:53.022132,2026-02-24 01:21:53.022132,2026-02-24 06:21:31.559397,2026-02-24 07:19:31.559397,2026-02-24 07:36:31.559397,2026-02-24 13:05:39.536807,2026-02-24 20:08:50.316699,2026-02-25 03:18:30.085240,2026-02-25 10:44:34.003284,2026-02-25 20:29:33.542024,2026-02-27 00:19:53.022132,Delivered,Closed,SHP017,Shipper 017,Marketplace,Outer Java,ST16_Palembang,HB05_SUMATRA_GATEWAY,West Java,ST07_Cirebon,HB02_BDG_TRANSIT,Inter-Region,Regular,Prepaid,CR149,Bike,1.12,1.11,1.12,466324,17040,14514,8,1,0,,58.0,72,1,0,,1,0,,0,,44.16,5.49,7.16,ST07_Cirebon,
SHPM003930,AWB260003930,2026-02-28 09:41:31.630681,2026-02-28 09:49:31.630681,2026-02-28 10:21:31.630681,2026-02-28 18:08:35.759614,2026-02-28 18:31:35.759614,2026-02-28 20:05:35.759614,2026-02-28 21:58:01.246807,2026-03-01 02:53:59.801480,2026-03-01 14:28:20.382850,2026-03-02 01:51:40.681475,2026-03-02 08:36:50.196188,2026-03-03 09:41:31.630681,Delivered,Closed,SHP026,Shipper 026,Marketplace,Outer Java,ST18_Balikpapan,HB06_EASTERN_GATEWAY,Jabodetabek,ST02_JKT_West,HB01_JKT_GATEWAY,Inter-Region,Regular,Prepaid,CR163,Bike,3.07,3.35,3.35,1598130,27075,18082,8,0,0,,23.0,72,1,0,,1,0,,0,,46.92,1.87,11.57,ST02_JKT_West,
SHPM003931,AWB260003931,2026-03-27 10:31:01.979081,2026-03-27 11:14:01.979081,2026-03-27 12:08:01.979081,2026-03-27 18:44:38.902494,2026-03-27 19:31:38.902494,2026-03-27 21:03:38.902494,2026-03-27 23:43:28.683988,2026-03-28 08:44:58.641445,2026-03-28 18:30:31.555590,2026-03-29 01:12:48.551452,2026-03-29 05:26:53.427779,2026-03-30 10:31:01.979081,Delivered,Closed,SHP002,Shipper 002,Enterprise,Jabodetabek,ST02_JKT_West,HB01_JKT_GATEWAY,East Java,ST14_Kediri,HB03_SBY_GATEWAY,Inter-Region,Regular,Prepaid,CR016,Bike,0.35,0.33,0.35,2233290,13575,7996,8,1,0,,47.0,72,1,0,,1,0,,0,,42.93,2.66,9.76,ST14_Kediri,
SHPM003932,AWB260003932,2026-03-30 07:52:29.014250,2026-03-30 08:25:29.014250,2026-03-30 09:01:29.014250,,,,,,,,,2026-03-31 19:52:29.014250,Failed Pickup,Exception,SHP062,Shipper 062,Enterprise,Jabodetabek,ST04_Bekasi,HB01_JKT_GATEWAY,Outer Java,ST16_Palembang,HB05_SUMATRA_GATEWAY,Inter-Region,Next Day,Prepaid,CR034,Van,1.46,1.54,1.54,703273,26930,24364,4,0,1,Shipper Not Ready,,36,0,0,,0,0,,0,,172.13,,,ST04_Bekasi,
SHPM003933,AWB260003933,2026-03-22 10:57:51.664624,2026-03-22 11:33:51.664624,2026-03-22 12:07:51.664624,2026-03-22 12:35:12.310984,2026-03-22 13:26:12.310984,2026-03-22 13:55:12.310984,2026-03-22 15:24:30.126445,2026-03-22 17:14:48.397774,2026-03-23 08:22:52.104769,2026-03-23 15:03:24.893527,2026-03-24 01:57:05.839993,2026-03-23 10:57:51.664624,Delivered,Closed,SHP077,Shipper 077,Marketplace,Outer Java,ST16_Palembang,HB05_SUMATRA_GATEWAY,Outer Java,ST18_Balikpapan,HB06_EASTERN_GATEWAY,Intra-Region,Next Day,Prepaid,CR152,Bike,0.35,0.35,0.35,1418240,21575,12851,4,1,0,,51.0,24,0,0,,1,0,,0,,38.99,1.49,15.13,ST18_Balikpapan,Hub Bottleneck
SHPM003934,AWB260003934,2026-02-26 11:58:28.701211,2026-02-26 12:07:28.701211,2026-02-26 12:12:28.701211,2026-02-26 17:21:13.736112,2026-02-26 17:39:13.736112,2026-02-26 18:32:13.736112,2026-02-26 20:04:35.671935,2026-02-27 01:03:16.835144,2026-02-27 12:15:59.151721,2026-02-27 21:39:30.362408,2026-02-28 00:33:59.856493,2026-02-27 23:58:28.701211,Delivered,Closed,SHP018,Shipper 018,Enterprise,West Java,ST08_Bogor,HB01_JKT_GATEWAY,East Java,ST14_Kediri,HB03_SBY_GATEWAY,Inter-Region,Next Day,Prepaid,CR077,Bike,0.77,0.75,0.77,411862,23465,17603,4,0,0,,18.0,36,0,0,,1,0,,0,,36.59,1.54,11.21,ST14_Kediri,First Mile Delay
SHPM003935,AWB260003935,2026-03-14 13:22:29.116340,2026-03-14 14:06:29.116340,2026-03-14 14:26:29.116340,2026-03-14 18:01:37.512532,2026-03-14 18:38:37.512532,2026-03-14 19:14:37.512532,2026-03-15 00:57:55.236146,2026-03-15 09:54:01.876913,2026-03-16 04:33:30.602693,2026-03-16 12:44:27.148264,2026-03-16 19:47:36.573086,2026-03-16 01:22:29.116340,Delivered,Closed,SHP055,Shipper 055,Marketplace,East Java,ST14_Kediri,HB03_SBY_GATEWAY,West Java,ST06_Bandung,HB01_JKT_GATEWAY,Inter-Region,Next Day,Prepaid,CR134,Truck,0.9,1.53,1.53,1697047,26885,20461,4,1,0,,37.0,36,0,0,,1,0,,0,,54.42,5.72,18.66,ST06_Bandung,Hub Bottleneck
SHPM003936,AWB260003936,2026-03-04 16:04:13.220489,2026-03-04 16:33:13.220489,2026-03-04 16:59:13.220489,2026-03-04 23:30:40.786733,2026-03-05 00:08:40.786733,2026-03-05 01:41:40.786733,2026-03-05 03:14:35.123157,2026-03-05 11:42:05.726107,2026-03-06 03:26:01.475723,2026-03-06 14:42:36.213786,2026-03-06 21:23:12.006139,2026-03-07 16:04:13.220489,Delivered,Closed,SHP079,Shipper 079,Marketplace,East Java,ST14_Kediri,HB03_SBY_GATEWAY,Central Java,ST09_Semarang,HB04_CTG_NATIONAL,Inter-Region,Regular,Prepaid,CR134,Bike,3.12,3.29,3.29,1484417,26805,24113,8,1,0,,38.0,72,1,0,,1,0,,0,,53.32,1.55,15.73,ST09_Semarang,
SHPM003937,AWB260003937,2026-03-30 01:19:45.491062,2026-03-30 01:43:45.491062,2026-03-30 02:17:45.491062,2026-03-30 10:10:48.912765,2026-03-30 10:50:48.912765,2026-03-30 12:48:48.912765,2026-03-30 14:19:23.689923,2026-03-30 21:58:44.775489,2026-03-31 00:11:12.965171,2026-03-31 07:06:48.003681,2026-03-31 20:27:39.592742,2026-04-02 01:19:45.491062,Delivered,Closed,SHP015,Shipper 015,Marketplace,West Java,ST06_Bandung,HB01_JKT_GATEWAY,Jabodetabek,ST02_JKT_West,HB01_JKT_GATEWAY,Inter-Region,Regular,Prepaid,CR058,Van,0.44,0.52,0.52,2574374,14340,8051,8,0,0,,40.0,72,1,0,,1,0,,0,,43.13,1.51,2.21,ST02_JKT_West,
SHPM003938,AWB260003938,2026-02-21 10:05:19.428516,2026-02-21 10:15:19.428516,2026-02-21 10:48:19.428516,2026-02-21 12:22:33.207573,2026-02-21 12:49:33.207573,2026-02-21 14:04:33.207573,2026-02-21 16:22:28.341936,2026-02-21 19:48:29.410602,2026-02-22 07:35:54.351062,2026-02-22 20:48:27.354712,2026-02-23 03:39:36.079037,2026-02-22 02:05:19.428516,Delivered,Closed,SHP089,Shipper 089,Enterprise,Central Java,ST11_Yogyakarta,HB04_CTG_NATIONAL,Outer Java,ST19_Denpasar,HB06_EASTERN_GATEWAY,Inter-Region,Same Day,Prepaid,CR105,Bike,3.6,3.68,3.68,2313456,43560,38849,2,0,0,,27.0,16,0,0,,1,0,,0,,41.57,2.3,11.79,ST19_Denpasar,First Mile Delay
SHPM003939,AWB260003939,2026-03-19 15:03:32.115366,2026-03-19 15:45:32.115366,2026-03-19 16:17:32.115366,2026-03-19 17:37:42.472440,2026-03-19 18:25:42.472440,2026-03-19 19:29:42.472440,2026-03-19 22:32:21.069291,2026-03-20 04:34:01.636968,2026-03-20 14:38:02.371152,2026-03-20 20:01:34.716587,2026-03-21 03:12:07.611563,2026-03-21 03:03:32.115366,Delivered,Closed,SHP057,Shipper 057,SME,Central Java,ST09_Semarang,HB04_CTG_NATIONAL,Jabodetabek,ST04_Bekasi,HB01_JKT_GATEWAY,Inter-Region,Next Day,Prepaid,CR087,Truck,1.22,1.29,1.29,252464,25805,24441,4,1,0,,48.0,36,0,0,,1,0,,0,,36.14,3.04,10.07,ST04_Bekasi,Hub Bottleneck
SHPM003940,AWB260003940,2026-03-13 07:22:33.511150,2026-03-13 07:38:33.511150,2026-03-13 08:32:33.511150,2026-03-13 20:29:42.114042,2026-03-13 21:30:42.114042,2026-03-13 22:37:42.114042,2026-03-14 02:16:00.636360,2026-03-14 11:53:11.458181,2026-03-14 21:37:33.449062,2026-03-15 13:41:12.932053,2026-03-15 20:41:56.616372,2026-03-16 07:22:33.511150,Delivered,Closed,SHP018,Shipper 018,Enterprise,West Java,ST07_Cirebon,HB02_BDG_TRANSIT,Central Java,ST10_Solo,HB04_CTG_NATIONAL,Inter-Region,Regular,Prepaid,CR067,Bike,1.16,1.48,1.48,2052429,18660,17216,8,0,0,,61.0,72,1,0,,1,0,,0,,61.32,3.64,9.74,ST10_Solo,
SHPM003941,AWB260003941,2026-03-29 09:41:26.788722,2026-03-29 10:15:26.788722,2026-03-29 10:46:26.788722,2026-03-29 12:36:04.140370,2026-03-29 13:05:04.140370,2026-03-29 13:55:04.140370,2026-03-29 15:35:21.864766,2026-03-30 01:24:53.727215,2026-03-30 09:41:58.045184,2026-03-30 17:52:33.294677,2026-03-31 01:52:16.451717,2026-03-30 01:41:26.788722,Delivered,Closed,SHP079,Shipper 079,Marketplace,East Java,ST13_Malang,HB03_SBY_GATEWAY,Outer Java,ST20_Banjarmasin,HB06_EASTERN_GATEWAY,Inter-Region,Same Day,Prepaid,CR124,Bike,0.56,0.77,0.77,535892,30465,22782,2,0,0,,29.0,16,0,0,,1,0,,0,,40.18,1.67,8.28,ST20_Banjarmasin,First Mile Delay
SHPM003942,AWB260003942,2026-03-28 19:52:54.519682,2026-03-28 20:08:54.519682,2026-03-28 20:47:54.519682,2026-03-28 20:50:17.740196,2026-03-28 21:09:17.740196,2026-03-28 22:03:17.740196,2026-03-28 23:06:09.881867,2026-03-29 07:17:28.911430,2026-03-29 17:50:25.589096,2026-03-30 00:25:24.757019,2026-03-30 02:00:45.070078,2026-03-29 11:52:54.519682,Delivered,Closed,SHP048,Shipper 048,Enterprise,Outer Java,ST17_Makassar,HB06_EASTERN_GATEWAY,Jabodetabek,ST02_JKT_West,HB01_JKT_GATEWAY,Inter-Region,Same Day,Prepaid,CR158,Bike,1.73,1.9,1.9,239833,35550,25868,2,1,0,,19.0,16,0,0,,1,0,,0,,30.13,1.05,10.55,ST02_JKT_West,Hub Bottleneck
SHPM003943,AWB260003943,2026-03-16 08:16:10.899945,2026-03-16 08:44:10.899945,2026-03-16 08:50:10.899945,2026-03-16 13:10:22.002700,2026-03-16 14:11:22.002700,2026-03-16 14:30:22.002700,2026-03-16 19:58:41.066276,2026-03-17 00:08:03.109278,2026-03-17 09:41:06.485760,2026-03-17 17:55:39.651672,2026-03-18 04:32:50.649683,2026-03-17 08:16:10.899945,Delivered,Closed,SHP061,Shipper 061,Enterprise,Outer Java,ST17_Makassar,HB06_EASTERN_GATEWAY,Outer Java,ST19_Denpasar,HB06_EASTERN_GATEWAY,Intra-Region,Next Day,Prepaid,CR159,Bike,0.96,1.48,1.48,1715243,26660,24077,4,0,0,,61.0,24,0,0,,1,0,,0,,44.28,5.47,9.55,ST19_Denpasar,First Mile Delay
SHPM003944,AWB260003944,2026-03-10 21:34:13.950719,2026-03-10 21:56:13.950719,2026-03-10 22:35:13.950719,2026-03-10 23:56:39.641829,2026-03-11 00:23:39.641829,2026-03-11 02:12:39.641829,2026-03-11 06:35:38.147251,2026-03-11 09:51:55.990817,2026-03-11 22:31:22.793259,2026-03-12 06:02:56.039030,2026-03-12 14:11:34.345874,2026-03-11 13:34:13.950719,Delivered,Closed,SHP039,Shipper 039,Marketplace,Central Java,ST10_Solo,HB04_CTG_NATIONAL,Outer Java,ST16_Palembang,HB05_SUMATRA_GATEWAY,Inter-Region,Same Day,COD,CR097,Bike,1.64,1.48,1.64,2010924,38380,29767,2,0,0,,27.0,16,0,0,,1,0,,0,,40.62,4.38,12.66,ST16_Palembang,First Mile Delay
SHPM003945,AWB260003945,2026-03-19 22:56:56.300967,2026-03-19 23:36:56.300967,2026-03-20 00:21:56.300967,2026-03-20 07:10:40.917940,2026-03-20 07:36:40.917940,2026-03-20 09:34:40.917940,2026-03-20 15:26:38.701924,2026-03-20 18:07:26.004146,2026-03-21 03:33:18.058333,2026-03-21 10:40:41.956273,2026-03-22 02:33:00.561522,2026-03-22 22:56:56.300967,Delivered,Closed,SHP012,Shipper 012,Marketplace,Outer Java,ST20_Banjarmasin,HB06_EASTERN_GATEWAY,East Java,ST13_Malang,HB03_SBY_GATEWAY,Inter-Region,Regular,Prepaid,CR182,Van,1.45,1.41,1.45,1480967,18525,12390,8,1,0,,26.0,72,1,0,,1,0,,0,,51.6,5.87,9.43,ST13_Malang,
SHPM003946,AWB260003946,2026-03-27 04:43:22.758544,2026-03-27 05:17:22.758544,2026-03-27 05:37:22.758544,2026-03-27 07:46:59.483503,2026-03-27 08:29:59.483503,2026-03-27 09:17:59.483503,2026-03-27 11:50:11.861907,2026-03-27 19:38:58.183004,2026-03-28 03:11:32.858992,2026-03-28 12:48:20.596074,2026-03-28 18:01:46.069364,2026-03-30 04:43:22.758544,Delivered,Closed,SHP023,Shipper 023,Enterprise,West Java,ST08_Bogor,HB01_JKT_GATEWAY,Jabodetabek,ST03_JKT_East,HB01_JKT_GATEWAY,Inter-Region,Regular,Prepaid,CR082,Van,2.3,2.19,2.3,866887,22350,18922,8,1,0,,43.0,72,1,0,,1,0,,0,,37.31,2.54,7.54,ST03_JKT_East,
SHPM003947,AWB260003947,2026-03-22 19:28:42.452790,2026-03-22 19:58:42.452790,2026-03-22 20:32:42.452790,2026-03-22 21:29:45.381970,2026-03-22 21:41:45.381970,2026-03-22 23:23:45.381970,2026-03-23 04:55:44.111987,2026-03-23 09:18:19.109019,2026-03-23 12:13:51.804164,2026-03-24 07:43:11.884803,,2026-03-23 19:28:42.452790,Return To Sender,RTS,SHP097,Shipper 097,SME,Jabodetabek,ST03_JKT_East,HB01_JKT_GATEWAY,Jabodetabek,ST05_Tangerang,HB01_JKT_GATEWAY,Intra-Region,Next Day,Prepaid,CR028,Van,1.41,2.2,2.2,1635099,29900,17521,4,1,0,,12.0,24,0,1,Invalid Address,2,1,Weather Delay,1,Invalid Address,352.52,5.53,2.93,ST05_Tangerang,Delivery Exception
SHPM003948,AWB260003948,2026-03-21 21:51:10.779248,2026-03-21 22:31:10.779248,2026-03-21 23:02:10.779248,2026-03-22 00:03:02.120420,2026-03-22 00:53:02.120420,2026-03-22 02:34:02.120420,2026-03-22 05:17:51.926665,2026-03-22 08:03:14.041539,2026-03-23 03:17:14.624888,2026-03-23 18:26:02.905466,2026-03-23 21:39:00.112359,2026-03-23 09:51:10.779248,Delivered,Closed,SHP090,Shipper 090,Enterprise,East Java,ST13_Malang,HB03_SBY_GATEWAY,Jabodetabek,ST05_Tangerang,HB01_JKT_GATEWAY,Inter-Region,Next Day,COD,CR114,Bike,0.5,0.49,0.5,371127,26250,19731,4,1,0,,50.0,36,0,0,,1,0,,0,,47.8,2.73,19.23,ST05_Tangerang,Hub Bottleneck
SHPM003949,AWB260003949,2026-03-15 09:31:22.931874,2026-03-15 10:08:22.931874,2026-03-15 10:42:22.931874,2026-03-15 11:34:04.134902,2026-03-15 12:29:04.134902,2026-03-15 12:44:04.134902,2026-03-15 17:42:46.557659,2026-03-16 00:52:03.355057,2026-03-16 08:20:42.248175,2026-03-18 12:15:48.193210,2026-03-18 14:59:14.874639,2026-03-16 21:31:22.931874,Delivered,Closed,SHP023,Shipper 023,Enterprise,West Java,ST08_Bogor,HB01_JKT_GATEWAY,East Java,ST14_Kediri,HB03_SBY_GATEWAY,Inter-Region,Next Day,COD,CR076,Bike,2.33,2.37,2.37,562019,34665,32310,4,1,0,,55.0,36,0,0,,1,1,Missed Cut-Off,0,,77.46,4.98,7.48,ST14_Kediri,Last Mile Delay
SHPM003950,AWB260003950,2026-03-22 21:12:33.247762,2026-03-22 21:22:33.247762,2026-03-22 21:47:33.247762,2026-03-22 23:44:34.716603,2026-03-23 00:24:34.716603,2026-03-23 01:48:34.716603,2026-03-23 06:16:01.506643,2026-03-23 11:09:09.911779,2026-03-23 21:37:33.492046,2026-03-24 03:47:55.291501,2026-03-24 08:10:05.285629,2026-03-23 13:12:33.247762,Delivered,Closed,SHP008,Shipper 008,SME,Outer Java,ST16_Palembang,HB05_SUMATRA_GATEWAY,East Java,ST14_Kediri,HB03_SBY_GATEWAY,Inter-Region,Same Day,Prepaid,CR146,Bike,1.89,2.98,2.98,1862084,40410,34114,2,0,0,,40.0,16,0,0,,1,0,,0,,34.96,4.46,10.47,ST14_Kediri,First Mile Delay
SHPM003951,AWB260003951,2026-03-06 00:20:04.312591,2026-03-06 00:49:04.312591,2026-03-06 01:22:04.312591,2026-03-06 07:59:54.318846,2026-03-06 08:49:54.318846,2026-03-06 10:04:54.318846,2026-03-06 13:52:22.351567,2026-03-06 18:42:23.634577,2026-03-07 03:01:25.024217,2026-03-07 08:41:20.001542,2026-03-08 12:06:05.495844,2026-03-09 00:20:04.312591,Delivered,Closed,SHP011,Shipper 011,Enterprise,Jabodetabek,ST03_JKT_East,HB01_JKT_GATEWAY,Outer Java,ST17_Makassar,HB06_EASTERN_GATEWAY,Inter-Region,Regular,Prepaid,CR020,Van,0.4,0.42,0.42,2044994,13890,11212,8,1,0,,50.0,72,1,0,,1,0,,0,,59.77,3.79,8.32,ST17_Makassar,
SHPM003952,AWB260003952,2026-03-21 09:46:12.233202,2026-03-21 10:24:12.233202,2026-03-21 11:02:12.233202,2026-03-21 11:51:00.427125,2026-03-21 12:39:00.427125,2026-03-21 13:44:00.427125,2026-03-21 16:36:35.270480,2026-03-22 02:33:39.961284,2026-03-23 06:17:54.635590,2026-03-23 16:04:45.986941,2026-03-23 19:41:06.351169,2026-03-22 01:46:12.233202,Delivered,Closed,SHP060,Shipper 060,Enterprise,East Java,ST12_Surabaya,HB03_SBY_GATEWAY,Outer Java,ST19_Denpasar,HB06_EASTERN_GATEWAY,Inter-Region,Same Day,Prepaid,CR113,Bike,1.66,1.71,1.71,2080459,34695,19126,2,1,0,,48.0,16,0,0,,1,0,,0,,57.92,2.88,27.74,ST19_Denpasar,Hub Bottleneck
SHPM003953,AWB260003953,2026-02-18 16:10:46.830914,2026-02-18 16:27:46.830914,2026-02-18 16:58:46.830914,2026-02-19 00:02:47.463846,2026-02-19 00:40:47.463846,2026-02-19 01:46:47.463846,2026-02-19 07:14:02.310396,2026-02-19 10:48:46.040983,2026-02-19 17:22:19.891669,2026-02-19 23:59:19.040316,2026-02-20 21:12:33.800750,2026-02-21 16:10:46.830914,Delivered,Closed,SHP014,Shipper 014,Enterprise,Jabodetabek,ST05_Tangerang,HB01_JKT_GATEWAY,Outer Java,ST18_Balikpapan,HB06_EASTERN_GATEWAY,Inter-Region,Regular,Prepaid,CR052,Van,3.81,3.56,3.81,742135,29145,22793,8,1,0,,38.0,72,1,0,,1,0,,0,,53.03,5.45,6.56,ST18_Balikpapan,
SHPM003954,AWB260003954,2026-03-31 20:01:31.899127,2026-03-31 20:44:31.899127,2026-03-31 20:49:31.899127,2026-04-01 00:41:18.664750,2026-04-01 01:41:18.664750,2026-04-01 03:01:18.664750,2026-04-01 06:49:47.272570,2026-04-01 12:03:11.981019,2026-04-01 16:02:33.000463,2026-04-02 05:42:54.115401,2026-04-02 16:26:28.921075,2026-04-02 08:01:31.899127,Delivered,Closed,SHP007,Shipper 007,SME,Jabodetabek,ST05_Tangerang,HB01_JKT_GATEWAY,West Java,ST08_Bogor,HB01_JKT_GATEWAY,Inter-Region,Next Day,COD,CR049,Bike,1.09,1.18,1.18,980315,29310,16240,4,1,0,,60.0,36,0,0,,1,0,,0,,44.42,3.81,3.99,ST08_Bogor,Last Mile Delay
SHPM003955,AWB260003955,2026-03-09 21:03:20.048519,2026-03-09 21:40:20.048519,2026-03-09 22:40:20.048519,2026-03-10 04:41:54.521655,2026-03-10 05:41:54.521655,2026-03-10 06:05:54.521655,2026-03-10 10:49:15.444743,2026-03-10 15:04:07.444050,2026-03-10 17:30:17.356695,2026-03-11 10:51:29.624864,2026-03-11 13:20:40.069361,2026-03-11 09:03:20.048519,Delivered,Closed,SHP066,Shipper 066,Marketplace,West Java,ST07_Cirebon,HB02_BDG_TRANSIT,East Java,ST14_Kediri,HB03_SBY_GATEWAY,Inter-Region,Next Day,Prepaid,CR073,Bike,0.35,0.35,0.35,1472283,21575,14377,4,0,0,,60.0,36,0,0,,1,0,,0,,40.29,4.72,2.44,ST14_Kediri,First Mile Delay
SHPM003956,AWB260003956,2026-03-08 20:05:33.843880,2026-03-08 20:45:33.843880,2026-03-08 21:34:33.843880,2026-03-09 05:04:19.179298,2026-03-09 06:07:19.179298,2026-03-09 06:37:19.179298,2026-03-09 11:55:42.531016,2026-03-09 16:24:20.139238,2026-03-10 02:53:22.072060,2026-03-10 18:57:36.662347,2026-03-11 02:34:49.085855,2026-03-11 20:05:33.843880,Delivered,Closed,SHP098,Shipper 098,Marketplace,Outer Java,ST17_Makassar,HB06_EASTERN_GATEWAY,West Java,ST07_Cirebon,HB02_BDG_TRANSIT,Inter-Region,Regular,Prepaid,CR158,Truck,1.52,2.52,2.52,2642668,23340,21866,8,0,0,,63.0,72,1,0,,1,0,,0,,54.49,5.31,10.48,ST07_Cirebon,
SHPM003957,AWB260003957,2026-03-07 00:42:00.178462,2026-03-07 01:02:00.178462,2026-03-07 01:39:00.178462,2026-03-07 03:44:02.333019,2026-03-07 04:29:02.333019,2026-03-07 06:19:02.333019,2026-03-07 09:57:34.897418,2026-03-07 12:26:15.289009,2026-03-08 00:22:34.682287,2026-03-08 11:51:48.175442,2026-03-08 17:23:11.850293,2026-03-10 00:42:00.178462,Delivered,Closed,SHP034,Shipper 034,Enterprise,Jabodetabek,ST02_JKT_West,HB01_JKT_GATEWAY,East Java,ST12_Surabaya,HB03_SBY_GATEWAY,Inter-Region,Regular,Prepaid,CR018,Bike,1.27,1.84,1.84,2038388,20280,12999,8,1,0,,45.0,72,1,0,,1,0,,0,,40.69,3.64,11.94,ST12_Surabaya,
SHPM003958,AWB260003958,2026-02-28 10:34:57.808278,2026-02-28 10:47:57.808278,2026-02-28 11:17:57.808278,2026-02-28 14:43:04.342071,2026-02-28 15:54:04.342071,2026-02-28 16:38:04.342071,2026-02-28 18:03:45.289370,2026-02-28 21:22:49.438866,2026-03-01 08:12:08.419479,2026-03-02 00:33:44.998741,2026-03-02 06:01:16.250825,2026-03-03 10:34:57.808278,Delivered,Closed,SHP076,Shipper 076,Enterprise,West Java,ST06_Bandung,HB01_JKT_GATEWAY,East Java,ST13_Malang,HB03_SBY_GATEWAY,Inter-Region,Regular,Prepaid,CR057,Bike,1.86,1.98,1.98,2791290,20910,12683,8,1,0,,71.0,72,1,0,,1,0,,0,,43.44,1.43,10.82,ST13_Malang,
SHPM003959,AWB260003959,2026-03-03 01:16:41.300077,2026-03-03 01:33:41.300077,2026-03-03 02:11:41.300077,2026-03-03 09:23:10.081584,2026-03-03 10:05:10.081584,2026-03-03 11:05:10.081584,2026-03-03 12:05:23.011538,2026-03-03 20:55:32.994733,2026-03-04 07:04:43.898930,2026-03-04 19:37:07.142406,,2026-03-06 01:16:41.300077,Delivery Exception,Exception,SHP034,Shipper 034,Enterprise,Jabodetabek,ST01_JKT_Central,HB01_JKT_GATEWAY,West Java,ST06_Bandung,HB01_JKT_GATEWAY,Inter-Region,Regular,Prepaid,CR007,Truck,1.05,1.14,1.14,1323809,17130,12782,8,1,0,,42.0,72,0,1,Cash Issue,3,0,,0,,826.72,1.0,10.15,ST06_Bandung,Hub Bottleneck
SHPM003960,AWB260003960,2026-02-20 20:08:17.464793,2026-02-20 20:40:17.464793,2026-02-20 21:14:17.464793,2026-02-20 22:21:21.561621,2026-02-20 23:41:21.561621,2026-02-21 01:30:21.561621,2026-02-21 05:31:42.964549,2026-02-21 08:49:20.727988,2026-02-21 18:52:36.377659,2026-02-22 07:07:23.917531,2026-02-22 16:20:57.017158,2026-02-22 08:08:17.464793,Delivered,Closed,SHP069,Shipper 069,SME,West Java,ST06_Bandung,HB01_JKT_GATEWAY,East Java,ST12_Surabaya,HB03_SBY_GATEWAY,Inter-Region,Next Day,Prepaid,CR059,Truck,2.38,3.54,3.54,926338,35930,26969,4,1,0,,80.0,36,0,0,,1,0,,0,,44.21,4.02,10.05,ST12_Surabaya,Hub Bottleneck
SHPM003961,AWB260003961,2026-03-06 12:37:44.728774,2026-03-06 13:21:44.728774,2026-03-06 13:55:44.728774,2026-03-06 16:13:34.877334,2026-03-06 17:02:34.877334,2026-03-06 17:18:34.877334,2026-03-06 21:12:17.762258,2026-03-06 23:24:14.610218,2026-03-07 02:41:58.013100,2026-03-07 08:24:49.354159,2026-03-08 01:16:44.182673,2026-03-08 12:37:44.728774,Delivered,Closed,SHP053,Shipper 053,Marketplace,Jabodetabek,ST04_Bekasi,HB01_JKT_GATEWAY,Jabodetabek,ST03_JKT_East,HB01_JKT_GATEWAY,Intra-Region,Regular,Prepaid,CR039,Bike,2.44,2.29,2.44,1009814,22980,20371,8,1,0,,49.0,48,1,0,,1,0,,0,,36.65,3.9,3.3,ST03_JKT_East,
SHPM003962,AWB260003962,2026-03-15 21:27:03.129209,2026-03-15 21:54:03.129209,2026-03-15 22:37:03.129209,2026-03-15 22:38:39.347441,2026-03-15 23:07:39.347441,2026-03-16 01:00:39.347441,2026-03-16 02:07:35.378859,2026-03-16 10:01:56.144977,2026-03-16 21:05:15.568450,2026-03-17 04:15:01.222279,2026-03-17 09:25:38.013435,2026-03-16 13:27:03.129209,Delivered,Closed,SHP069,Shipper 069,SME,West Java,ST06_Bandung,HB01_JKT_GATEWAY,Jabodetabek,ST05_Tangerang,HB01_JKT_GATEWAY,Inter-Region,Same Day,COD,CR055,Van,1.34,1.94,1.94,747713,39730,30630,2,1,0,,29.0,16,0,0,,1,0,,0,,35.98,1.12,11.06,ST05_Tangerang,Hub Bottleneck
SHPM003963,AWB260003963,2026-03-25 20:03:31.043381,2026-03-25 20:46:31.043381,2026-03-25 21:22:31.043381,2026-03-26 02:18:45.381750,2026-03-26 02:33:45.381750,2026-03-26 02:48:45.381750,2026-03-26 08:16:00.618947,2026-03-26 18:06:11.457504,2026-03-27 01:45:28.533957,2026-03-27 17:04:43.584520,2026-03-28 02:07:44.050159,2026-03-28 20:03:31.043381,Delivered,Closed,SHP033,Shipper 033,Marketplace,Jabodetabek,ST04_Bekasi,HB01_JKT_GATEWAY,East Java,ST13_Malang,HB03_SBY_GATEWAY,Inter-Region,Regular,COD,CR039,Bike,0.69,0.75,0.75,602706,19375,12454,8,1,0,,15.0,72,1,0,,1,0,,0,,54.07,5.45,7.65,ST13_Malang,
SHPM003964,AWB260003964,2026-03-25 00:53:31.017344,2026-03-25 01:19:31.017344,2026-03-25 01:45:31.017344,2026-03-25 04:12:10.700415,2026-03-25 04:31:10.700415,2026-03-25 05:29:10.700415,2026-03-25 10:31:12.980677,2026-03-25 13:23:49.000847,2026-03-25 17:32:31.340384,2026-03-26 09:21:01.953288,2026-03-26 18:27:34.092855,2026-03-26 12:53:31.017344,Delivered,Closed,SHP055,Shipper 055,Marketplace,East Java,ST13_Malang,HB03_SBY_GATEWAY,Jabodetabek,ST03_JKT_East,HB01_JKT_GATEWAY,Inter-Region,Next Day,COD,CR121,Van,1.64,1.85,1.85,531309,32325,24409,4,1,0,,19.0,36,0,0,,1,0,,0,,41.57,5.03,4.15,ST03_JKT_East,Last Mile Delay
SHPM003965,AWB260003965,2026-03-22 01:55:31.178136,2026-03-22 02:14:31.178136,2026-03-22 02:40:31.178136,2026-03-22 04:49:22.128021,2026-03-22 05:20:22.128021,2026-03-22 07:06:22.128021,2026-03-22 11:25:15.143861,2026-03-22 20:35:56.740343,2026-03-23 04:48:01.060724,2026-03-23 19:29:27.544853,2026-03-24 01:20:04.882903,2026-03-25 01:55:31.178136,Delivered,Closed,SHP097,Shipper 097,SME,Jabodetabek,ST03_JKT_East,HB01_JKT_GATEWAY,West Java,ST06_Bandung,HB01_JKT_GATEWAY,Inter-Region,Regular,Prepaid,CR026,Bike,0.74,0.79,0.79,751124,15555,9163,8,1,0,,31.0,72,1,0,,1,0,,0,,47.41,4.31,8.2,ST06_Bandung,
SHPM003966,AWB260003966,2026-03-04 07:16:49.090434,2026-03-04 07:31:49.090434,2026-03-04 08:08:49.090434,2026-03-04 11:18:48.946214,2026-03-04 11:49:48.946214,2026-03-04 13:31:48.946214,2026-03-04 15:20:26.892368,2026-03-04 18:02:45.702385,2026-03-04 23:58:26.377770,2026-03-05 01:39:01.074602,2026-03-05 08:25:55.472576,2026-03-05 07:16:49.090434,Delivered,Closed,SHP070,Shipper 070,Enterprise,Jabodetabek,ST04_Bekasi,HB01_JKT_GATEWAY,Jabodetabek,ST04_Bekasi,HB01_JKT_GATEWAY,Intra-Region,Next Day,Prepaid,CR043,Van,2.52,2.68,2.68,855060,32060,22125,4,1,0,,31.0,24,0,0,,1,0,,0,,25.15,1.81,5.93,ST04_Bekasi,Last Mile Delay
SHPM003967,AWB260003967,2026-03-07 18:28:43.804086,2026-03-07 18:51:43.804086,2026-03-07 19:23:43.804086,2026-03-07 21:08:13.117395,2026-03-07 21:59:13.117395,2026-03-07 22:55:13.117395,2026-03-08 00:13:54.306856,2026-03-08 03:25:28.055553,2026-03-08 11:01:56.700664,2026-03-09 03:50:16.201027,2026-03-09 08:40:20.232991,2026-03-08 10:28:43.804086,Delivered,Closed,SHP045,Shipper 045,Marketplace,Jabodetabek,ST02_JKT_West,HB01_JKT_GATEWAY,East Java,ST12_Surabaya,HB03_SBY_GATEWAY,Inter-Region,Same Day,Prepaid,CR013,Truck,0.85,0.79,0.85,614645,30825,26934,2,0,0,,51.0,16,0,0,,1,0,,0,,38.19,1.31,7.61,ST12_Surabaya,First Mile Delay
SHPM003968,AWB260003968,2026-02-18 14:49:36.529740,2026-02-18 15:13:36.529740,2026-02-18 15:24:36.529740,2026-02-18 17:36:00.394415,2026-02-18 18:12:00.394415,2026-02-18 19:34:00.394415,2026-02-19 00:22:18.646360,2026-02-19 03:10:45.463173,2026-02-19 14:05:11.561849,2026-02-19 21:14:27.863641,2026-02-20 12:07:14.683268,2026-02-21 14:49:36.529740,Delivered,Closed,SHP027,Shipper 027,SME,Jabodetabek,ST05_Tangerang,HB01_JKT_GATEWAY,West Java,ST06_Bandung,HB01_JKT_GATEWAY,Inter-Region,Regular,COD,CR054,Van,1.56,1.45,1.56,1481371,23020,14379,8,1,0,,36.0,72,1,0,,1,0,,0,,45.29,4.81,10.91,ST06_Bandung,
SHPM003969,AWB260003969,2026-03-08 22:29:13.432206,2026-03-08 22:48:13.432206,2026-03-08 23:22:13.432206,2026-03-09 07:19:37.796541,2026-03-09 08:14:37.796541,2026-03-09 09:03:37.796541,2026-03-09 11:52:31.998160,2026-03-09 16:28:26.301542,2026-03-10 01:40:54.349936,2026-03-10 10:19:44.762342,2026-03-10 16:15:13.646430,2026-03-11 22:29:13.432206,Delivered,Closed,SHP035,Shipper 035,Enterprise,Jabodetabek,ST04_Bekasi,HB01_JKT_GATEWAY,Central Java,ST11_Yogyakarta,HB04_CTG_NATIONAL,Inter-Region,Regular,Prepaid,CR042,Bike,1.7,1.73,1.73,167945,19785,18300,8,0,0,,55.0,72,1,0,,1,0,,0,,41.77,2.82,9.21,ST11_Yogyakarta,
SHPM003970,AWB260003970,2026-03-25 00:26:58.614502,2026-03-25 00:55:58.614502,2026-03-25 02:04:58.614502,2026-03-25 02:58:41.557242,2026-03-25 05:01:41.557242,2026-03-25 07:00:41.557242,2026-03-25 10:19:20.281344,2026-03-25 14:34:57.228187,2026-03-26 06:57:14.682479,2026-03-26 12:00:57.434686,2026-03-26 18:44:16.379852,2026-03-26 12:26:58.614502,Delivered,Closed,SHP025,Shipper 025,Marketplace,East Java,ST12_Surabaya,HB03_SBY_GATEWAY,Jabodetabek,ST05_Tangerang,HB01_JKT_GATEWAY,Inter-Region,Next Day,Prepaid,CR113,Van,1.44,1.56,1.56,453361,27020,19735,4,1,0,,123.0,36,0,0,,1,0,,0,,42.29,3.31,16.37,ST05_Tangerang,Hub Bottleneck
SHPM003971,AWB260003971,2026-03-08 11:19:10.804326,2026-03-08 11:28:10.804326,2026-03-08 11:54:10.804326,2026-03-08 15:22:29.978208,2026-03-08 15:46:29.978208,2026-03-08 17:02:29.978208,2026-03-08 21:51:18.242542,2026-03-09 03:05:41.324505,2026-03-09 11:43:13.026803,2026-03-09 22:58:52.006233,2026-03-10 09:53:59.351169,2026-03-09 23:19:10.804326,Delivered,Closed,SHP064,Shipper 064,Marketplace,Jabodetabek,ST05_Tangerang,HB01_JKT_GATEWAY,East Java,ST12_Surabaya,HB03_SBY_GATEWAY,Inter-Region,Next Day,Prepaid,CR054,Bike,0.49,0.74,0.74,2031220,23330,14274,4,1,0,,24.0,36,0,0,,1,0,,0,,46.58,4.81,8.63,ST12_Surabaya,Last Mile Delay
SHPM003972,AWB260003972,2026-03-11 20:36:33.282460,2026-03-11 21:21:33.282460,2026-03-11 21:45:33.282460,2026-03-11 23:26:29.558217,2026-03-11 23:34:29.558217,2026-03-12 00:19:29.558217,2026-03-12 04:21:12.576086,2026-03-12 07:48:25.364068,2026-03-12 17:17:53.594064,2026-03-13 20:21:04.350367,2026-03-14 05:11:50.003707,2026-03-14 20:36:33.282460,Delivered,Closed,SHP087,Shipper 087,Enterprise,Jabodetabek,ST02_JKT_West,HB01_JKT_GATEWAY,East Java,ST13_Malang,HB03_SBY_GATEWAY,Inter-Region,Regular,Prepaid,CR014,Bike,4.18,4.28,4.28,1814765,31260,22712,8,1,0,,8.0,72,1,0,,1,1,Capacity Delay,0,,56.59,4.03,9.49,ST13_Malang,
SHPM003973,AWB260003973,2026-03-24 14:14:13.572187,2026-03-24 14:40:13.572187,2026-03-24 15:27:13.572187,2026-03-24 17:48:07.007494,2026-03-24 19:31:07.007494,2026-03-24 20:10:07.007494,2026-03-25 03:48:19.082051,2026-03-25 09:17:13.430979,2026-03-25 17:30:03.301284,2026-03-26 08:29:52.935194,2026-03-26 13:39:02.817460,2026-03-25 06:14:13.572187,Delivered,Closed,SHP040,Shipper 040,Marketplace,West Java,ST07_Cirebon,HB02_BDG_TRANSIT,Outer Java,ST20_Banjarmasin,HB06_EASTERN_GATEWAY,Inter-Region,Same Day,COD,CR064,Bike,0.28,0.28,0.28,715515,32260,22864,2,0,0,,103.0,16,0,0,,1,0,,0,,47.41,7.64,8.21,ST20_Banjarmasin,First Mile Delay
SHPM003974,AWB260003974,2026-03-03 02:14:41.423228,2026-03-03 02:45:41.423228,2026-03-03 03:06:41.423228,2026-03-03 11:14:40.060431,2026-03-03 11:45:40.060431,2026-03-03 12:42:40.060431,2026-03-03 18:23:06.004646,2026-03-04 03:08:06.394348,2026-03-04 08:25:45.356287,2026-03-05 01:46:25.665075,,2026-03-06 02:14:41.423228,Delivery Exception,Exception,SHP033,Shipper 033,Marketplace,Jabodetabek,ST04_Bekasi,HB01_JKT_GATEWAY,Outer Java,ST16_Palembang,HB05_SUMATRA_GATEWAY,Inter-Region,Regular,Prepaid,CR043,Truck,0.92,1.05,1.05,697782,16725,14092,8,0,0,,31.0,72,0,1,Invalid Address,2,0,,0,,825.76,5.67,5.29,ST16_Palembang,Delivery Exception
SHPM003975,AWB260003975,2026-03-06 18:27:37.489533,2026-03-06 18:32:37.489533,2026-03-06 19:00:37.489533,2026-03-07 02:37:33.849119,2026-03-07 03:22:33.849119,2026-03-07 05:10:33.849119,2026-03-07 08:55:14.676746,2026-03-07 13:30:51.489050,2026-03-07 21:34:32.922498,2026-03-08 04:49:12.654428,2026-03-08 16:59:10.150695,2026-03-09 18:27:37.489533,Delivered,Closed,SHP006,Shipper 006,Marketplace,East Java,ST14_Kediri,HB03_SBY_GATEWAY,West Java,ST08_Bogor,HB01_JKT_GATEWAY,Inter-Region,Regular,COD,CR136,Bike,1.11,1.87,1.87,440475,24415,16674,8,0,0,,45.0,72,1,0,,1,0,,0,,46.53,3.74,8.06,ST08_Bogor,
SHPM003976,AWB260003976,2026-03-18 00:24:05.519497,2026-03-18 00:55:05.519497,2026-03-18 01:19:05.519497,2026-03-18 01:48:44.605384,2026-03-18 02:23:44.605384,2026-03-18 02:45:44.605384,2026-03-18 06:54:17.766296,2026-03-18 13:10:15.563960,2026-03-18 20:41:58.751919,2026-03-19 14:23:55.450904,2026-03-19 17:06:03.149167,2026-03-18 16:24:05.519497,Delivered,Closed,SHP070,Shipper 070,Enterprise,Jabodetabek,ST03_JKT_East,HB01_JKT_GATEWAY,West Java,ST07_Cirebon,HB02_BDG_TRANSIT,Inter-Region,Same Day,Prepaid,CR019,Bike,1.6,1.73,1.73,1049374,34785,31663,2,1,0,,35.0,16,0,0,,1,0,,0,,40.7,4.14,7.53,ST07_Cirebon,Last Mile Delay
SHPM003977,AWB260003977,2026-02-28 14:44:26.899090,2026-02-28 14:50:26.899090,2026-02-28 14:59:26.899090,2026-02-28 15:46:22.908608,2026-02-28 16:44:22.908608,2026-02-28 17:13:22.908608,2026-02-28 22:00:22.800707,2026-03-01 00:17:30.334005,2026-03-01 11:46:40.347181,2026-03-01 21:42:23.104849,2026-03-02 01:47:30.927575,2026-03-01 06:44:26.899090,Delivered,Closed,SHP071,Shipper 071,Enterprise,Jabodetabek,ST04_Bekasi,HB01_JKT_GATEWAY,Central Java,ST09_Semarang,HB04_CTG_NATIONAL,Inter-Region,Same Day,COD,CR040,Van,0.88,0.89,0.89,1262276,35005,19284,2,1,0,,58.0,16,0,0,,1,0,,0,,35.05,4.78,11.49,ST09_Semarang,Hub Bottleneck
SHPM003978,AWB260003978,2026-03-23 08:20:18.963779,2026-03-23 09:02:18.963779,2026-03-23 09:43:18.963779,2026-03-23 10:10:24.012657,2026-03-23 11:00:24.012657,2026-03-23 12:56:24.012657,2026-03-23 15:00:41.633935,2026-03-23 23:03:56.319126,2026-03-24 05:51:01.479999,2026-03-24 18:05:11.579967,2026-03-24 22:43:43.859435,2026-03-24 20:20:18.963779,Delivered,Closed,SHP091,Shipper 091,SME,Outer Java,ST19_Denpasar,HB06_EASTERN_GATEWAY,East Java,ST13_Malang,HB03_SBY_GATEWAY,Inter-Region,Next Day,Prepaid,CR174,Bike,1.79,2.68,2.68,164896,32060,19996,4,1,0,,50.0,36,0,0,,1,0,,0,,38.39,2.07,6.78,ST13_Malang,Last Mile Delay
SHPM003979,AWB260003979,2026-03-22 08:37:48.715232,2026-03-22 09:06:48.715232,2026-03-22 09:13:48.715232,2026-03-22 16:31:39.756451,2026-03-22 17:13:39.756451,2026-03-22 18:32:39.756451,2026-03-22 20:05:48.319542,2026-03-23 00:56:27.417295,2026-03-23 09:01:18.106305,2026-03-23 11:00:35.078380,,2026-03-24 08:37:48.715232,Delivery Exception,Exception,SHP062,Shipper 062,Enterprise,Jabodetabek,ST04_Bekasi,HB01_JKT_GATEWAY,Jabodetabek,ST01_JKT_Central,HB01_JKT_GATEWAY,Intra-Region,Regular,Prepaid,CR037,Van,1.15,1.63,1.63,948077,19335,12306,8,1,0,,42.0,48,0,1,Remote Area Delay,2,0,,0,,363.37,1.55,8.08,ST01_JKT_Central,Delivery Exception
SHPM003980,AWB260003980,2026-03-26 10:51:00.756326,2026-03-26 11:10:00.756326,2026-03-26 11:28:00.756326,2026-03-26 15:28:58.777476,2026-03-26 16:13:58.777476,2026-03-26 16:48:58.777476,2026-03-26 21:45:44.456648,2026-03-27 03:25:15.451906,2026-03-27 10:25:45.980327,2026-03-27 20:44:56.862880,2026-03-28 12:09:34.820481,2026-03-29 10:51:00.756326,Delivered,Closed,SHP036,Shipper 036,Marketplace,West Java,ST08_Bogor,HB01_JKT_GATEWAY,Central Java,ST09_Semarang,HB04_CTG_NATIONAL,Inter-Region,Regular,Prepaid,CR082,Bike,0.56,0.57,0.57,424413,14565,8105,8,1,0,,45.0,72,1,0,,1,0,,0,,49.31,4.95,7.01,ST09_Semarang,
SHPM003981,AWB260003981,2026-02-20 01:15:52.649580,2026-02-20 01:55:52.649580,2026-02-20 02:09:52.649580,,,,,,,,,2026-02-21 13:15:52.649580,Failed Pickup,Exception,SHP011,Shipper 011,Enterprise,Jabodetabek,ST03_JKT_East,HB01_JKT_GATEWAY,West Java,ST07_Cirebon,HB02_BDG_TRANSIT,Inter-Region,Next Day,Prepaid,CR029,Bike,1.58,1.55,1.58,1013042,27110,15739,4,0,1,Address Not Found,,36,0,0,,0,0,,0,,1090.74,,,ST03_JKT_East,
SHPM003982,AWB260003982,2026-03-25 20:56:29.245449,2026-03-25 21:02:29.245449,2026-03-25 21:30:29.245449,2026-03-25 21:56:31.282637,2026-03-25 22:04:31.282637,2026-03-25 23:39:31.282637,2026-03-26 03:23:48.279040,2026-03-26 11:41:14.732714,2026-03-26 23:10:49.120772,2026-03-27 10:07:27.381702,2026-03-27 11:36:04.396930,2026-03-26 12:56:29.245449,Delivered,Closed,SHP069,Shipper 069,SME,West Java,ST06_Bandung,HB01_JKT_GATEWAY,Central Java,ST09_Semarang,HB04_CTG_NATIONAL,Inter-Region,Same Day,Prepaid,CR056,Van,1.05,1.37,1.37,670201,33165,27165,2,1,0,,8.0,16,0,0,,1,0,,0,,38.66,3.74,11.49,ST09_Semarang,Hub Bottleneck
SHPM003983,AWB260003983,2026-03-03 04:16:52.228952,2026-03-03 04:33:52.228952,2026-03-03 05:07:52.228952,2026-03-03 11:43:53.124760,2026-03-03 12:16:53.124760,2026-03-03 13:14:53.124760,2026-03-03 18:51:51.529428,2026-03-04 01:13:03.963301,2026-03-04 06:54:16.395766,2026-03-04 20:50:04.600658,2026-03-05 02:48:42.261176,2026-03-06 04:16:52.228952,Delivered,Closed,SHP084,Shipper 084,Enterprise,Central Java,ST11_Yogyakarta,HB04_CTG_NATIONAL,Jabodetabek,ST05_Tangerang,HB01_JKT_GATEWAY,Inter-Region,Regular,Prepaid,CR106,Van,1.35,1.39,1.39,1498545,18255,16144,8,1,0,,33.0,72,1,0,,1,0,,0,,46.53,5.62,5.69,ST05_Tangerang,
SHPM003984,AWB260003984,2026-02-16 01:00:59.735427,2026-02-16 01:31:59.735427,2026-02-16 02:16:59.735427,2026-02-16 03:26:11.458277,2026-02-16 03:45:11.458277,2026-02-16 05:28:11.458277,2026-02-16 08:19:25.384255,2026-02-16 10:15:43.821334,2026-02-16 13:22:32.716501,2026-02-16 15:22:03.664785,2026-02-16 22:04:50.341472,2026-02-17 01:00:59.735427,Delivered,Closed,SHP066,Shipper 066,Marketplace,West Java,ST06_Bandung,HB01_JKT_GATEWAY,West Java,ST06_Bandung,HB01_JKT_GATEWAY,Intra-Region,Next Day,COD,CR061,Bike,2.14,1.97,2.14,2414122,33630,22613,4,1,0,,19.0,24,1,0,,1,0,,0,,21.06,2.85,3.11,ST06_Bandung,
SHPM003985,AWB260003985,2026-02-22 13:01:01.785809,2026-02-22 13:15:01.785809,2026-02-22 13:24:01.785809,2026-02-22 19:28:14.014462,2026-02-22 20:39:14.014462,2026-02-22 21:37:14.014462,2026-02-22 23:13:32.980103,2026-02-23 02:16:22.593619,2026-02-23 11:40:56.322943,2026-02-23 19:30:17.796457,2026-02-24 00:27:32.089145,2026-02-24 13:01:01.785809,Delivered,Closed,SHP070,Shipper 070,Enterprise,Jabodetabek,ST04_Bekasi,HB01_JKT_GATEWAY,Jabodetabek,ST04_Bekasi,HB01_JKT_GATEWAY,Intra-Region,Regular,Prepaid,CR032,Van,0.24,0.39,0.39,1417290,13755,9200,8,1,0,,71.0,48,1,0,,1,0,,0,,35.44,1.61,9.41,ST04_Bekasi,
SHPM003986,AWB260003986,2026-03-23 20:12:39.891310,2026-03-23 20:36:39.891310,2026-03-23 21:11:39.891310,2026-03-24 04:10:45.033926,2026-03-24 04:48:45.033926,2026-03-24 06:26:45.033926,2026-03-24 11:40:46.711473,2026-03-24 19:39:17.581032,2026-03-25 01:55:31.592055,2026-03-25 12:49:15.504375,2026-03-25 22:47:55.423827,2026-03-26 20:12:39.891310,Delivered,Closed,SHP063,Shipper 063,Enterprise,Jabodetabek,ST01_JKT_Central,HB01_JKT_GATEWAY,East Java,ST13_Malang,HB03_SBY_GATEWAY,Inter-Region,Regular,COD,CR007,Truck,0.29,0.27,0.29,204784,17305,13698,8,1,0,,38.0,72,1,0,,1,0,,0,,50.59,5.23,6.27,ST13_Malang,
SHPM003987,AWB260003987,2026-03-09 04:42:25.439201,2026-03-09 05:18:25.439201,2026-03-09 05:39:25.439201,2026-03-09 07:22:27.669330,2026-03-09 07:58:27.669330,2026-03-09 08:41:27.669330,2026-03-09 10:51:38.549951,2026-03-09 14:34:24.305154,2026-03-09 18:51:15.051651,2026-03-10 11:58:55.181861,,2026-03-09 20:42:25.439201,Delivery Exception,Exception,SHP073,Shipper 073,Marketplace,Outer Java,ST15_Medan,HB05_SUMATRA_GATEWAY,Jabodetabek,ST04_Bekasi,HB01_JKT_GATEWAY,Inter-Region,Same Day,COD,CR140,Bike,1.39,1.48,1.48,1324175,37660,24275,2,0,0,,36.0,16,0,1,Cash Issue,1,0,,0,,679.29,2.17,4.28,ST04_Bekasi,Delivery Exception
SHPM003988,AWB260003988,2026-03-17 14:27:06.095953,2026-03-17 14:39:06.095953,2026-03-17 15:04:06.095953,2026-03-17 22:49:48.512824,2026-03-17 23:31:48.512824,2026-03-18 00:38:48.512824,2026-03-18 04:24:30.878605,2026-03-18 12:18:23.948271,2026-03-18 19:22:14.171656,2026-03-19 03:48:27.422806,2026-03-19 07:58:38.525067,2026-03-20 14:27:06.095953,Delivered,Closed,SHP096,Shipper 096,Marketplace,Jabodetabek,ST02_JKT_West,HB01_JKT_GATEWAY,West Java,ST06_Bandung,HB01_JKT_GATEWAY,Inter-Region,Regular,Prepaid,CR012,Bike,2.27,2.08,2.27,400285,22215,13616,8,0,0,,42.0,72,1,0,,1,0,,0,,41.53,3.76,7.06,ST06_Bandung,
SHPM003989,AWB260003989,2026-03-05 18:22:45.366259,2026-03-05 19:06:45.366259,2026-03-05 19:27:45.366259,2026-03-06 01:04:25.637953,2026-03-06 02:10:25.637953,2026-03-06 03:10:25.637953,2026-03-06 06:32:30.070509,2026-03-06 08:35:07.201170,2026-03-06 16:36:46.440858,2026-03-07 10:20:50.692320,2026-03-08 02:22:40.206022,2026-03-08 18:22:45.366259,Delivered,Closed,SHP062,Shipper 062,Enterprise,Jabodetabek,ST04_Bekasi,HB01_JKT_GATEWAY,East Java,ST14_Kediri,HB03_SBY_GATEWAY,Inter-Region,Regular,Prepaid,CR037,Truck,2.27,2.41,2.41,1053705,22845,18932,8,1,0,,66.0,72,1,0,,1,0,,0,,56.0,3.37,8.03,ST14_Kediri,
SHPM003990,AWB260003990,2026-03-02 07:41:18.326102,2026-03-02 08:18:18.326102,2026-03-02 08:41:18.326102,2026-03-02 13:01:34.445435,2026-03-02 13:47:34.445435,2026-03-02 15:12:34.445435,2026-03-02 17:37:40.597065,2026-03-02 22:06:40.163154,2026-03-03 06:20:46.541809,2026-03-03 19:20:32.512133,2026-03-04 05:40:19.406964,2026-03-03 19:41:18.326102,Delivered,Closed,SHP024,Shipper 024,Marketplace,Jabodetabek,ST03_JKT_East,HB01_JKT_GATEWAY,Central Java,ST10_Solo,HB04_CTG_NATIONAL,Inter-Region,Next Day,Prepaid,CR025,Bike,1.09,1.03,1.09,1250177,24905,18545,4,0,0,,46.0,36,0,0,,1,0,,0,,45.98,2.42,8.24,ST10_Solo,First Mile Delay
SHPM003991,AWB260003991,2026-03-20 21:20:32.885724,2026-03-20 21:30:32.885724,2026-03-20 22:11:32.885724,2026-03-21 01:32:57.552760,2026-03-21 03:28:57.552760,2026-03-21 04:43:57.552760,2026-03-21 10:09:21.745422,2026-03-21 17:37:01.705871,2026-03-22 01:11:24.337111,2026-03-22 13:54:05.263408,2026-03-22 21:22:12.747093,2026-03-22 09:20:32.885724,Delivered,Closed,SHP060,Shipper 060,Enterprise,East Java,ST12_Surabaya,HB03_SBY_GATEWAY,West Java,ST07_Cirebon,HB02_BDG_TRANSIT,Inter-Region,Next Day,Prepaid,CR111,Bike,2.16,1.97,2.16,551052,29720,20751,4,0,0,,116.0,36,0,0,,1,0,,0,,48.03,5.42,7.57,ST07_Cirebon,First Mile Delay
SHPM003992,AWB260003992,2026-03-18 14:59:14.857372,2026-03-18 15:41:14.857372,2026-03-18 15:59:14.857372,2026-03-18 23:51:09.532679,2026-03-19 00:52:09.532679,2026-03-19 01:22:09.532679,2026-03-19 07:12:44.372287,2026-03-19 10:43:50.596326,2026-03-19 20:15:23.724178,2026-03-20 11:05:29.237247,2026-03-20 20:31:12.552159,2026-03-21 14:59:14.857372,Delivered,Closed,SHP007,Shipper 007,SME,Jabodetabek,ST03_JKT_East,HB01_JKT_GATEWAY,West Java,ST07_Cirebon,HB02_BDG_TRANSIT,Inter-Region,Regular,Prepaid,CR020,Bike,0.96,1.4,1.4,1557782,18300,10080,8,0,0,,61.0,72,1,0,,1,0,,0,,53.53,5.84,9.53,ST07_Cirebon,
SHPM003993,AWB260003993,2026-03-17 16:42:48.320174,2026-03-17 16:59:48.320174,2026-03-17 17:12:48.320174,2026-03-17 20:44:05.186445,2026-03-17 21:36:05.186445,2026-03-17 23:04:05.186445,2026-03-18 03:00:12.517595,2026-03-18 11:30:43.009006,2026-03-18 21:18:50.646965,2026-03-19 05:20:57.462399,2026-03-20 05:31:59.571874,2026-03-20 16:42:48.320174,Delivered,Closed,SHP076,Shipper 076,Enterprise,West Java,ST06_Bandung,HB01_JKT_GATEWAY,Outer Java,ST18_Balikpapan,HB06_EASTERN_GATEWAY,Inter-Region,Regular,Prepaid,CR062,Van,1.76,1.9,1.9,663867,20550,14710,8,1,0,,52.0,72,1,0,,1,0,,0,,60.82,3.94,9.8,ST18_Balikpapan,
SHPM003994,AWB260003994,2026-02-27 00:03:53.461560,2026-02-27 00:10:53.461560,2026-02-27 00:34:53.461560,2026-02-27 06:29:21.162884,2026-02-27 07:01:21.162884,2026-02-27 08:23:21.162884,2026-02-27 12:28:36.082175,2026-02-27 18:44:17.639629,2026-02-28 02:25:19.925745,2026-02-28 09:40:42.073811,2026-02-28 22:23:12.519522,2026-03-02 00:03:53.461560,Delivered,Closed,SHP058,Shipper 058,Enterprise,Jabodetabek,ST01_JKT_Central,HB01_JKT_GATEWAY,Central Java,ST09_Semarang,HB04_CTG_NATIONAL,Inter-Region,Regular,Prepaid,CR001,Bike,1.64,2.26,2.26,1170492,22170,13161,8,1,0,,32.0,72,1,0,,1,0,,0,,46.32,4.09,7.68,ST09_Semarang,
SHPM003995,AWB260003995,2026-03-01 21:30:42.207528,2026-03-01 21:50:42.207528,2026-03-01 22:34:42.207528,2026-03-01 23:38:21.622886,2026-03-02 00:39:21.622886,2026-03-02 02:00:21.622886,2026-03-02 04:09:40.718096,2026-03-02 07:51:41.642447,2026-03-02 10:32:48.034582,2026-03-03 04:18:31.775655,2026-03-03 11:03:26.486988,2026-03-03 09:30:42.207528,Delivered,Closed,SHP094,Shipper 094,SME,Outer Java,ST15_Medan,HB05_SUMATRA_GATEWAY,Central Java,ST11_Yogyakarta,HB04_CTG_NATIONAL,Inter-Region,Next Day,COD,CR140,Truck,4.31,4.58,4.58,1290436,44610,39735,4,1,0,,61.0,36,0,0,,1,0,,0,,37.55,2.16,2.69,ST11_Yogyakarta,Last Mile Delay
SHPM003996,AWB260003996,2026-03-07 05:21:54.840758,2026-03-07 05:46:54.840758,2026-03-07 06:18:54.840758,2026-03-07 06:29:33.203446,2026-03-07 07:37:33.203446,2026-03-07 09:36:33.203446,2026-03-07 11:18:10.243292,2026-03-07 17:40:10.265299,2026-03-08 03:46:15.079875,2026-03-08 14:05:51.363775,2026-03-08 16:27:08.565399,2026-03-07 21:21:54.840758,Delivered,Closed,SHP099,Shipper 099,SME,West Java,ST08_Bogor,HB01_JKT_GATEWAY,East Java,ST13_Malang,HB03_SBY_GATEWAY,Inter-Region,Same Day,Prepaid,CR076,Van,1.26,1.18,1.26,475509,32670,24150,2,1,0,,68.0,16,0,0,,1,0,,0,,35.09,1.69,10.1,ST13_Malang,Hub Bottleneck
SHPM003997,AWB260003997,2026-03-20 13:42:20.788108,2026-03-20 13:58:20.788108,2026-03-20 14:22:20.788108,2026-03-20 20:45:27.376540,2026-03-20 21:15:27.376540,2026-03-20 23:06:27.376540,2026-03-21 04:08:48.276357,2026-03-21 08:20:01.283387,2026-03-21 10:08:10.642938,2026-03-21 23:54:20.316891,2026-03-22 17:02:06.066769,2026-03-23 13:42:20.788108,Delivered,Closed,SHP058,Shipper 058,Enterprise,Jabodetabek,ST01_JKT_Central,HB01_JKT_GATEWAY,West Java,ST07_Cirebon,HB02_BDG_TRANSIT,Inter-Region,Regular,COD,CR001,Truck,3.55,4.42,4.42,831533,35890,33084,8,1,0,,30.0,72,1,0,,1,0,,0,,51.33,5.04,1.8,ST07_Cirebon,
SHPM003998,AWB260003998,2026-03-17 03:01:24.824084,2026-03-17 03:25:24.824084,2026-03-17 04:00:24.824084,2026-03-17 11:39:09.906295,2026-03-17 12:15:09.906295,2026-03-17 14:08:09.906295,2026-03-17 18:24:05.511233,2026-03-17 22:44:01.559562,2026-03-18 02:58:32.957203,2026-03-18 07:04:45.334647,2026-03-18 16:54:14.452810,2026-03-19 03:01:24.824084,Delivered,Closed,SHP050,Shipper 050,Marketplace,Jabodetabek,ST04_Bekasi,HB01_JKT_GATEWAY,Jabodetabek,ST02_JKT_West,HB01_JKT_GATEWAY,Intra-Region,Regular,Prepaid,CR039,Van,0.95,1.56,1.56,1759683,19020,15240,8,0,0,,36.0,48,1,0,,1,0,,0,,37.88,4.27,4.24,ST02_JKT_West,
SHPM003999,AWB260003999,2026-03-07 00:14:05.269553,2026-03-07 00:51:05.269553,2026-03-07 01:09:05.269553,2026-03-07 03:32:01.475433,2026-03-07 03:50:01.475433,2026-03-07 05:38:01.475433,2026-03-07 09:47:05.999761,2026-03-07 16:16:22.204577,2026-03-08 00:22:31.214980,2026-03-08 10:08:47.321306,2026-03-08 19:49:33.046622,2026-03-08 12:14:05.269553,Delivered,Closed,SHP035,Shipper 035,Enterprise,Jabodetabek,ST04_Bekasi,HB01_JKT_GATEWAY,East Java,ST12_Surabaya,HB03_SBY_GATEWAY,Inter-Region,Next Day,COD,CR035,Bike,0.81,0.79,0.81,331702,27645,20926,4,1,0,,18.0,36,0,0,,1,0,,0,,43.59,4.15,8.1,ST12_Surabaya,Last Mile Delay
SHPM004000,AWB260004000,2026-03-19 04:06:00.655814,2026-03-19 04:46:00.655814,2026-03-19 04:51:00.655814,2026-03-19 06:52:14.796108,2026-03-19 07:41:14.796108,2026-03-19 08:38:14.796108,2026-03-19 12:18:34.764164,2026-03-19 16:32:46.713946,2026-03-20 02:04:38.419221,2026-03-20 11:50:22.697521,2026-03-20 19:01:03.222382,2026-03-20 16:06:00.655814,Delivered,Closed,SHP011,Shipper 011,Enterprise,Jabodetabek,ST03_JKT_East,HB01_JKT_GATEWAY,East Java,ST12_Surabaya,HB03_SBY_GATEWAY,Inter-Region,Next Day,Prepaid,CR020,Van,0.76,0.74,0.76,705253,23420,18809,4,1,0,,49.0,36,0,0,,1,0,,0,,38.92,3.67,9.53,ST12_Surabaya,Last Mile Delay
SHPM004001,AWB260004001,2026-02-25 06:51:52.352419,2026-02-25 07:06:52.352419,2026-02-25 07:35:52.352419,2026-02-25 08:22:04.442327,2026-02-25 09:06:04.442327,2026-02-25 10:27:04.442327,2026-02-25 16:00:32.427310,2026-02-25 22:46:19.365886,2026-02-26 04:27:27.392271,2026-02-26 16:45:33.768761,2026-02-26 21:17:00.802859,2026-02-25 22:51:52.352419,Delivered,Closed,SHP045,Shipper 045,Marketplace,Jabodetabek,ST02_JKT_West,HB01_JKT_GATEWAY,Outer Java,ST20_Banjarmasin,HB06_EASTERN_GATEWAY,Inter-Region,Same Day,Prepaid,CR016,Bike,0.35,0.35,0.35,841424,28575,17036,2,1,0,,44.0,16,0,0,,1,0,,0,,38.42,5.56,5.69,ST20_Banjarmasin,Remote Area
SHPM004002,AWB260004002,2026-03-25 22:08:03.843538,2026-03-25 22:38:03.843538,2026-03-25 22:43:03.843538,2026-03-26 02:00:44.602492,2026-03-26 02:49:44.602492,2026-03-26 03:14:44.602492,2026-03-26 04:25:21.613630,2026-03-26 13:15:58.084903,2026-03-26 22:26:36.795710,2026-03-27 08:39:04.992633,2026-03-27 16:47:26.531353,2026-03-27 10:08:03.843538,Delivered,Closed,SHP085,Shipper 085,Marketplace,Central Java,ST09_Semarang,HB04_CTG_NATIONAL,Jabodetabek,ST03_JKT_East,HB01_JKT_GATEWAY,Inter-Region,Next Day,COD,CR084,Truck,3.58,4.96,4.96,1465792,46320,43731,4,1,0,,49.0,36,0,0,,1,0,,0,,42.66,1.18,9.18,ST03_JKT_East,Last Mile Delay
SHPM004003,AWB260004003,2026-03-16 05:13:33.286692,2026-03-16 05:40:33.286692,2026-03-16 06:19:33.286692,,,,,,,,,2026-03-16 21:13:33.286692,Failed Pickup,Exception,SHP072,Shipper 072,Enterprise,Outer Java,ST18_Balikpapan,HB06_EASTERN_GATEWAY,West Java,ST07_Cirebon,HB02_BDG_TRANSIT,Inter-Region,Same Day,COD,CR164,Van,1.14,1.09,1.14,470453,36130,26567,2,0,1,Capacity Full,,16,0,0,,0,0,,0,,510.77,,,ST18_Balikpapan,
SHPM004004,AWB260004004,2026-02-22 08:44:47.127882,2026-02-22 09:14:47.127882,2026-02-22 09:32:47.127882,2026-02-22 13:42:23.866793,2026-02-22 14:26:23.866793,2026-02-22 16:15:23.866793,2026-02-22 20:50:16.866772,2026-02-23 00:49:56.720015,2026-02-23 10:36:42.372512,2026-02-24 03:39:01.773152,,2026-02-25 08:44:47.127882,Delivery Exception,Exception,SHP099,Shipper 099,SME,West Java,ST08_Bogor,HB01_JKT_GATEWAY,Jabodetabek,ST05_Tangerang,HB01_JKT_GATEWAY,Inter-Region,Regular,Prepaid,CR079,Bike,1.92,2.28,2.28,1869746,22260,14394,8,1,0,,44.0,72,0,1,Remote Area Delay,1,0,,0,,1035.25,4.58,9.78,ST05_Tangerang,Delivery Exception
SHPM004005,AWB260004005,2026-02-23 09:20:59.882072,2026-02-23 09:58:59.882072,2026-02-23 10:39:59.882072,2026-02-23 14:15:53.814643,2026-02-23 14:53:53.814643,2026-02-23 15:20:53.814643,2026-02-23 16:51:26.590202,2026-02-23 21:51:59.291222,2026-02-24 09:39:34.061308,2026-02-25 03:35:41.979584,2026-02-25 19:22:44.817499,2026-02-26 09:20:59.882072,Delivered,Closed,SHP043,Shipper 043,Marketplace,Central Java,ST10_Solo,HB04_CTG_NATIONAL,Outer Java,ST19_Denpasar,HB06_EASTERN_GATEWAY,Inter-Region,Regular,Prepaid,CR097,Van,0.87,0.92,0.92,673863,16140,14333,8,1,0,,38.0,72,1,0,,1,0,,0,,58.03,1.51,11.79,ST19_Denpasar,
SHPM004006,AWB260004006,2026-03-15 07:29:27.034224,2026-03-15 08:08:27.034224,2026-03-15 08:32:27.034224,2026-03-15 09:20:21.422080,2026-03-15 09:38:21.422080,2026-03-15 10:24:21.422080,2026-03-15 14:55:16.192018,2026-03-15 20:46:12.055598,2026-03-15 23:33:50.367873,2026-03-16 09:09:45.786184,2026-03-16 20:13:35.821351,2026-03-16 19:29:27.034224,Delivered,Closed,SHP049,Shipper 049,Enterprise,Jabodetabek,ST05_Tangerang,HB01_JKT_GATEWAY,Outer Java,ST15_Medan,HB05_SUMATRA_GATEWAY,Inter-Region,Next Day,COD,CR046,Bike,2.13,2.57,2.57,616727,35565,30353,4,1,0,,18.0,36,0,0,,1,0,,0,,36.74,4.52,2.79,ST15_Medan,Remote Area
SHPM004007,AWB260004007,2026-02-22 06:35:41.480924,2026-02-22 07:13:41.480924,2026-02-22 07:40:41.480924,2026-02-22 12:03:07.210609,2026-02-22 12:55:07.210609,2026-02-22 14:02:07.210609,2026-02-22 15:14:12.976513,2026-02-22 19:47:30.412832,2026-02-23 06:44:55.888370,2026-02-23 20:56:50.488088,2026-02-24 13:21:52.544569,2026-02-25 06:35:41.480924,Delivered,Closed,SHP034,Shipper 034,Enterprise,Jabodetabek,ST01_JKT_Central,HB01_JKT_GATEWAY,Outer Java,ST17_Makassar,HB06_EASTERN_GATEWAY,Inter-Region,Regular,Prepaid,CR005,Bike,0.8,1.11,1.11,876321,16995,15135,8,1,0,,52.0,72,1,0,,1,0,,0,,54.77,1.2,10.96,ST17_Makassar,
SHPM004008,AWB260004008,2026-02-28 11:16:57.213624,2026-02-28 11:34:57.213624,2026-02-28 12:45:57.213624,2026-02-28 15:42:44.167101,2026-02-28 16:18:44.167101,2026-02-28 17:05:44.167101,2026-02-28 22:08:12.002001,2026-03-01 03:03:03.898670,2026-03-01 11:59:26.954612,2026-03-02 04:22:31.341523,,2026-03-01 03:16:57.213624,Delivery Exception,Exception,SHP018,Shipper 018,Enterprise,West Java,ST07_Cirebon,HB02_BDG_TRANSIT,Jabodetabek,ST02_JKT_West,HB01_JKT_GATEWAY,Inter-Region,Same Day,COD,CR070,Bike,2.92,4.32,4.32,1669626,50440,29761,2,0,0,,36.0,16,0,1,Customer Not Home,2,0,,0,,888.72,5.04,8.94,ST02_JKT_West,Delivery Exception
SHPM004009,AWB260004009,2026-03-17 15:33:38.217314,2026-03-17 15:48:38.217314,2026-03-17 16:03:38.217314,2026-03-17 17:47:44.691638,2026-03-17 18:22:44.691638,2026-03-17 18:53:44.691638,2026-03-17 20:41:27.997391,2026-03-18 05:08:18.339348,2026-03-18 15:43:36.056403,2026-03-19 03:13:17.590683,2026-03-19 12:21:38.456671,2026-03-19 03:33:38.217314,Delivered,Closed,SHP045,Shipper 045,Marketplace,Jabodetabek,ST02_JKT_West,HB01_JKT_GATEWAY,Central Java,ST09_Semarang,HB04_CTG_NATIONAL,Inter-Region,Next Day,COD,CR013,Bike,0.87,0.8,0.87,509270,27915,24166,4,1,0,,35.0,36,0,0,,1,0,,0,,44.8,1.8,10.59,ST09_Semarang,Hub Bottleneck
SHPM004010,AWB260004010,2026-03-23 23:40:36.204439,2026-03-23 23:58:36.204439,2026-03-24 01:11:36.204439,2026-03-24 15:45:47.708247,2026-03-24 16:18:47.708247,2026-03-24 17:34:47.708247,2026-03-24 23:10:06.069201,2026-03-25 02:55:42.777204,2026-03-25 18:35:25.335214,2026-03-26 07:04:31.987663,2026-03-26 17:47:06.713806,2026-03-26 23:40:36.204439,Delivered,Closed,SHP040,Shipper 040,Marketplace,West Java,ST07_Cirebon,HB02_BDG_TRANSIT,Outer Java,ST20_Banjarmasin,HB06_EASTERN_GATEWAY,Inter-Region,Regular,Prepaid,CR074,Van,1.75,2.24,2.24,521989,22080,14483,8,0,0,,33.0,72,1,0,,1,0,,0,,66.11,5.59,15.66,ST20_Banjarmasin,
SHPM004011,AWB260004011,2026-03-17 08:59:51.682157,2026-03-17 09:14:51.682157,2026-03-17 09:50:51.682157,2026-03-17 22:11:57.928122,2026-03-17 23:12:57.928122,2026-03-18 00:12:57.928122,2026-03-18 07:10:33.891676,2026-03-18 11:17:22.852099,2026-03-19 05:13:15.575452,2026-03-19 13:50:40.021469,2026-03-20 03:07:59.382882,2026-03-20 08:59:51.682157,Delivered,Closed,SHP010,Shipper 010,Enterprise,East Java,ST12_Surabaya,HB03_SBY_GATEWAY,West Java,ST06_Bandung,HB01_JKT_GATEWAY,Inter-Region,Regular,Prepaid,CR113,Bike,1.35,2.26,2.26,1814025,22170,16303,8,0,0,,61.0,72,1,0,,1,0,,0,,66.14,6.96,17.93,ST06_Bandung,
SHPM004012,AWB260004012,2026-03-25 23:52:58.964081,2026-03-26 00:37:58.964081,2026-03-26 00:54:58.964081,2026-03-26 01:48:04.774958,2026-03-26 02:34:04.774958,2026-03-26 04:25:04.774958,2026-03-26 09:05:00.351698,2026-03-26 16:55:32.276235,2026-03-27 02:32:19.829429,2026-03-27 14:58:09.832160,2026-03-27 19:04:09.811157,2026-03-26 15:52:58.964081,Delivered,Closed,SHP005,Shipper 005,Enterprise,Central Java,ST09_Semarang,HB04_CTG_NATIONAL,Jabodetabek,ST02_JKT_West,HB01_JKT_GATEWAY,Inter-Region,Same Day,COD,CR084,Bike,2.63,3.4,3.4,2247233,46300,42707,2,1,0,,46.0,16,0,0,,1,0,,0,,43.19,4.67,9.61,ST02_JKT_West,Last Mile Delay
SHPM004013,AWB260004013,2026-02-21 19:20:08.209419,2026-02-21 19:32:08.209419,2026-02-21 20:28:08.209419,,,,,,,,,2026-02-23 07:20:08.209419,Failed Pickup,Exception,SHP010,Shipper 010,Enterprise,East Java,ST12_Surabaya,HB03_SBY_GATEWAY,Central Java,ST10_Solo,HB04_CTG_NATIONAL,Inter-Region,Next Day,COD,CR109,Bike,1.09,1.17,1.17,416782,29265,26605,4,0,1,Capacity Full,,36,0,0,,0,0,,0,,1048.66,,,ST12_Surabaya,
SHPM004014,AWB260004014,2026-02-16 09:40:54.222623,2026-02-16 10:08:54.222623,2026-02-16 10:27:54.222623,2026-02-16 12:16:36.891622,2026-02-16 12:45:36.891622,2026-02-16 13:58:36.891622,2026-02-16 15:09:12.316047,2026-02-16 23:41:59.648032,2026-02-17 04:52:19.273013,2026-02-17 19:47:02.276462,2026-02-17 23:06:44.937536,2026-02-17 01:40:54.222623,Delivered,Closed,SHP070,Shipper 070,Enterprise,Jabodetabek,ST04_Bekasi,HB01_JKT_GATEWAY,West Java,ST06_Bandung,HB01_JKT_GATEWAY,Inter-Region,Same Day,Prepaid,CR042,Bike,1.13,1.22,1.22,676441,32490,24572,2,0,0,,29.0,16,0,0,,1,0,,0,,37.43,1.18,5.17,ST06_Bandung,First Mile Delay
SHPM004015,AWB260004015,2026-03-05 00:45:44.463547,2026-03-05 01:08:44.463547,2026-03-05 01:32:44.463547,2026-03-05 03:21:53.987712,2026-03-05 03:57:53.987712,2026-03-05 05:57:53.987712,2026-03-05 11:50:41.464104,2026-03-05 18:14:40.679492,2026-03-05 21:49:54.692431,2026-03-06 04:32:34.803668,2026-03-06 12:46:19.339812,2026-03-06 12:45:44.463547,Delivered,Closed,SHP033,Shipper 033,Marketplace,Jabodetabek,ST03_JKT_East,HB01_JKT_GATEWAY,Outer Java,ST15_Medan,HB05_SUMATRA_GATEWAY,Inter-Region,Next Day,COD,CR024,Van,2.06,1.95,2.06,1475893,33270,22130,4,1,0,,36.0,36,0,0,,1,0,,0,,36.01,5.88,3.59,ST15_Medan,Remote Area
SHPM004016,AWB260004016,2026-03-19 17:35:58.905972,2026-03-19 18:00:58.905972,2026-03-19 18:19:58.905972,2026-03-19 22:25:36.273148,2026-03-19 23:42:36.273148,2026-03-20 00:01:36.273148,2026-03-20 09:02:47.072596,2026-03-20 13:00:11.693485,2026-03-20 17:16:26.296209,2026-03-22 12:13:48.208728,2026-03-22 15:42:53.006883,2026-03-20 09:35:58.905972,Delivered,Closed,SHP060,Shipper 060,Enterprise,East Java,ST12_Surabaya,HB03_SBY_GATEWAY,Central Java,ST09_Semarang,HB04_CTG_NATIONAL,Inter-Region,Same Day,Prepaid,CR109,Van,0.75,1.13,1.13,1152823,32085,29681,2,0,0,,77.0,16,0,0,,1,1,Invalid Address,0,,70.12,9.02,4.27,ST09_Semarang,First Mile Delay
SHPM004017,AWB260004017,2026-03-06 22:27:34.236675,2026-03-06 23:08:34.236675,2026-03-06 23:37:34.236675,2026-03-07 01:08:42.391594,2026-03-07 01:16:42.391594,2026-03-07 02:18:42.391594,2026-03-07 05:41:55.036421,2026-03-07 09:09:15.845934,2026-03-07 16:21:58.728040,2026-03-08 01:22:16.727814,2026-03-08 12:12:35.650122,2026-03-08 10:27:34.236675,Delivered,Closed,SHP057,Shipper 057,SME,Central Java,ST09_Semarang,HB04_CTG_NATIONAL,Jabodetabek,ST02_JKT_West,HB01_JKT_GATEWAY,Inter-Region,Next Day,COD,CR087,Truck,1.06,1.69,1.69,1160420,31605,18698,4,1,0,,8.0,36,0,0,,1,0,,0,,37.75,3.39,7.21,ST02_JKT_West,Last Mile Delay
SHPM004018,AWB260004018,2026-03-24 18:09:30.513494,2026-03-24 18:39:30.513494,2026-03-24 19:22:30.513494,2026-03-24 21:29:08.589254,2026-03-24 21:46:08.589254,2026-03-24 22:34:08.589254,2026-03-25 04:09:09.221365,2026-03-25 09:02:43.363870,2026-03-26 01:14:14.120992,2026-03-26 14:36:59.929028,2026-03-26 17:34:31.861379,2026-03-26 06:09:30.513494,Delivered,Closed,SHP020,Shipper 020,SME,East Java,ST14_Kediri,HB03_SBY_GATEWAY,Central Java,ST10_Solo,HB04_CTG_NATIONAL,Inter-Region,Next Day,Prepaid,CR134,Bike,0.8,0.86,0.86,830249,23870,16307,4,1,0,,17.0,36,0,0,,1,0,,0,,47.42,5.58,16.19,ST10_Solo,Hub Bottleneck
SHPM004019,AWB260004019,2026-03-28 02:14:54.942525,2026-03-28 02:22:54.942525,2026-03-28 03:03:54.942525,2026-03-28 06:43:17.098123,2026-03-28 06:51:17.098123,2026-03-28 07:50:17.098123,2026-03-28 13:43:16.377974,2026-03-28 20:30:49.532759,2026-03-29 07:37:46.219946,2026-03-29 22:01:02.105260,2026-03-30 03:42:53.018445,2026-03-29 14:14:54.942525,Delivered,Closed,SHP005,Shipper 005,Enterprise,Central Java,ST11_Yogyakarta,HB04_CTG_NATIONAL,West Java,ST06_Bandung,HB01_JKT_GATEWAY,Inter-Region,Next Day,Prepaid,CR103,Truck,1.53,2.45,2.45,781637,31025,25183,4,0,0,,8.0,36,0,0,,1,0,,0,,49.47,5.88,11.12,ST06_Bandung,First Mile Delay
SHPM004020,AWB260004020,2026-02-27 17:47:40.383333,2026-02-27 18:03:40.383333,2026-02-27 18:19:40.383333,2026-02-27 22:24:37.933001,2026-02-27 23:07:37.933001,2026-02-28 00:04:37.933001,2026-02-28 03:50:54.635607,2026-02-28 12:31:00.719759,2026-02-28 21:55:48.775236,2026-03-01 13:33:00.687865,2026-03-01 22:19:49.993502,2026-03-02 17:47:40.383333,Delivered,Closed,SHP070,Shipper 070,Enterprise,Jabodetabek,ST04_Bekasi,HB01_JKT_GATEWAY,Central Java,ST09_Semarang,HB04_CTG_NATIONAL,Inter-Region,Regular,Prepaid,CR033,Bike,3.43,3.22,3.43,891519,27435,25434,8,1,0,,43.0,72,1,0,,1,0,,0,,52.54,3.77,9.41,ST09_Semarang,
SHPM004021,AWB260004021,2026-02-25 18:51:59.215676,2026-02-25 19:36:59.215676,2026-02-25 20:02:59.215676,2026-02-25 22:55:39.988756,2026-02-25 23:48:39.988756,2026-02-26 00:51:39.988756,2026-02-26 03:42:06.054935,2026-02-26 07:11:33.465662,2026-02-26 19:54:15.083374,2026-02-27 03:10:22.257480,2026-02-28 08:38:26.206029,2026-02-28 18:51:59.215676,Delivered,Closed,SHP089,Shipper 089,Enterprise,Central Java,ST11_Yogyakarta,HB04_CTG_NATIONAL,Outer Java,ST20_Banjarmasin,HB06_EASTERN_GATEWAY,Inter-Region,Regular,Prepaid,CR105,Bike,0.92,1.01,1.01,1900844,16545,14110,8,1,0,,53.0,72,1,0,,1,0,,0,,61.77,2.84,12.71,ST20_Banjarmasin,
SHPM004022,AWB260004022,2026-02-22 10:52:44.106365,2026-02-22 11:12:44.106365,2026-02-22 12:01:44.106365,2026-02-22 19:46:17.723825,2026-02-22 20:10:17.723825,2026-02-22 22:01:17.723825,2026-02-23 02:39:04.378203,2026-02-23 08:12:33.808246,2026-02-23 18:38:24.857999,2026-02-24 01:41:15.363326,2026-02-24 06:14:43.423812,2026-02-25 10:52:44.106365,Delivered,Closed,SHP073,Shipper 073,Marketplace,Outer Java,ST15_Medan,HB05_SUMATRA_GATEWAY,Central Java,ST11_Yogyakarta,HB04_CTG_NATIONAL,Inter-Region,Regular,Prepaid,CR141,Bike,0.55,0.58,0.58,1193235,14610,12144,8,0,0,,24.0,72,1,0,,1,0,,0,,43.37,4.63,10.43,ST11_Yogyakarta,
SHPM004023,AWB260004023,2026-03-24 11:15:02.063274,2026-03-24 11:54:02.063274,2026-03-24 12:09:02.063274,2026-03-24 15:25:58.006656,2026-03-24 15:58:58.006656,2026-03-24 16:46:58.006656,2026-03-24 20:26:51.178225,2026-03-25 00:31:24.048730,2026-03-25 21:26:34.644438,2026-03-26 00:45:03.256080,2026-03-26 03:36:57.589758,2026-03-25 11:15:02.063274,Delivered,Closed,SHP046,Shipper 046,SME,East Java,ST14_Kediri,HB03_SBY_GATEWAY,East Java,ST12_Surabaya,HB03_SBY_GATEWAY,Intra-Region,Next Day,Prepaid,CR128,Van,3.23,3.1,3.23,725843,34535,30384,4,1,0,,33.0,24,0,0,,1,0,,0,,40.37,3.66,20.92,ST12_Surabaya,Hub Bottleneck
SHPM004024,AWB260004024,2026-03-22 01:26:04.874568,2026-03-22 02:06:04.874568,2026-03-22 02:11:04.874568,,,,,,,,,2026-03-23 13:26:04.874568,Failed Pickup,Exception,SHP011,Shipper 011,Enterprise,Jabodetabek,ST03_JKT_East,HB01_JKT_GATEWAY,Outer Java,ST17_Makassar,HB06_EASTERN_GATEWAY,Inter-Region,Next Day,COD,CR019,Bike,1.29,1.39,1.39,400945,30255,17921,4,0,1,Capacity Full,,36,0,0,,0,0,,0,,370.57,,,ST03_JKT_East,
SHPM004025,AWB260004025,2026-03-20 00:09:50.104474,2026-03-20 00:43:50.104474,2026-03-20 01:30:50.104474,2026-03-20 02:47:30.139500,2026-03-20 03:15:30.139500,2026-03-20 04:37:30.139500,2026-03-20 06:25:16.423601,2026-03-20 11:50:24.662959,2026-03-21 07:03:15.125823,2026-03-21 20:00:24.323874,2026-03-22 15:18:01.956439,2026-03-23 00:09:50.104474,Delivered,Closed,SHP046,Shipper 046,SME,East Java,ST14_Kediri,HB03_SBY_GATEWAY,Outer Java,ST18_Balikpapan,HB06_EASTERN_GATEWAY,Inter-Region,Regular,COD,CR128,Van,1.12,1.16,1.16,1717252,21220,19391,8,1,0,,28.0,72,1,0,,1,0,,0,,63.14,1.8,19.21,ST18_Balikpapan,
SHPM004026,AWB260004026,2026-03-16 20:33:41.711035,2026-03-16 21:08:41.711035,2026-03-16 21:26:41.711035,2026-03-17 04:18:46.582315,2026-03-17 04:39:46.582315,2026-03-17 05:27:46.582315,2026-03-17 10:13:50.309280,2026-03-17 14:39:47.158486,2026-03-18 02:11:57.477663,2026-03-18 08:22:52.812561,2026-03-18 16:26:32.967403,2026-03-18 20:33:41.711035,Delivered,Closed,SHP048,Shipper 048,Enterprise,Outer Java,ST17_Makassar,HB06_EASTERN_GATEWAY,Outer Java,ST15_Medan,HB05_SUMATRA_GATEWAY,Intra-Region,Regular,COD,CR156,Van,1.48,1.47,1.48,554944,22660,13971,8,1,0,,21.0,48,1,0,,1,0,,0,,43.88,4.77,11.54,ST15_Medan,
SHPM004027,AWB260004027,2026-03-15 20:40:59.464265,2026-03-15 21:23:59.464265,2026-03-15 21:38:59.464265,2026-03-15 22:31:38.614761,2026-03-15 23:16:38.614761,2026-03-16 00:26:38.614761,2026-03-16 05:59:24.902863,2026-03-16 11:47:05.299531,2026-03-16 23:22:43.522778,2026-03-17 17:20:31.745483,2026-03-17 20:13:28.561108,2026-03-16 12:40:59.464265,Delivered,Closed,SHP031,Shipper 031,SME,East Java,ST13_Malang,HB03_SBY_GATEWAY,Jabodetabek,ST02_JKT_West,HB01_JKT_GATEWAY,Inter-Region,Same Day,Prepaid,CR125,Bike,0.51,0.5,0.51,480681,29295,21545,2,1,0,,45.0,16,0,0,,1,0,,0,,47.54,5.55,11.59,ST02_JKT_West,Hub Bottleneck
SHPM004028,AWB260004028,2026-03-25 09:51:13.213584,2026-03-25 10:24:13.213584,2026-03-25 10:54:13.213584,2026-03-25 17:19:50.004862,2026-03-25 18:02:50.004862,2026-03-25 18:45:50.004862,2026-03-25 20:58:23.414900,2026-03-26 00:22:12.032233,2026-03-26 08:55:08.148213,2026-03-26 20:59:10.287788,2026-03-27 12:22:29.855091,2026-03-28 09:51:13.213584,Delivered,Closed,SHP036,Shipper 036,Marketplace,West Java,ST08_Bogor,HB01_JKT_GATEWAY,East Java,ST14_Kediri,HB03_SBY_GATEWAY,Inter-Region,Regular,COD,CR080,Van,1.64,1.63,1.64,606781,23380,15804,8,1,0,,43.0,72,1,0,,1,0,,0,,50.52,2.21,8.55,ST14_Kediri,
SHPM004029,AWB260004029,2026-03-29 00:28:14.515927,2026-03-29 01:08:14.515927,2026-03-29 01:50:14.515927,2026-03-29 02:08:17.269973,2026-03-29 02:39:17.269973,2026-03-29 03:57:17.269973,2026-03-29 06:02:23.281538,2026-03-29 14:18:28.549647,2026-03-30 01:48:21.874487,2026-03-30 09:43:42.406045,2026-03-30 14:36:43.001782,2026-03-30 12:28:14.515927,Delivered,Closed,SHP048,Shipper 048,Enterprise,Outer Java,ST20_Banjarmasin,HB06_EASTERN_GATEWAY,Jabodetabek,ST01_JKT_Central,HB01_JKT_GATEWAY,Inter-Region,Next Day,COD,CR189,Bike,0.36,0.35,0.36,2189762,25620,19454,4,1,0,,31.0,36,0,0,,1,0,,0,,38.14,2.09,11.5,ST01_JKT_Central,Hub Bottleneck
SHPM004030,AWB260004030,2026-03-15 08:06:01.531560,2026-03-15 08:37:01.531560,2026-03-15 09:07:01.531560,2026-03-15 12:45:59.275370,2026-03-15 13:33:59.275370,2026-03-15 15:14:59.275370,2026-03-15 17:55:19.966575,2026-03-16 03:29:01.427494,2026-03-16 08:49:20.283086,2026-03-16 20:04:00.793867,2026-03-16 23:50:56.532888,2026-03-16 20:06:01.531560,Delivered,Closed,SHP069,Shipper 069,SME,West Java,ST06_Bandung,HB01_JKT_GATEWAY,Jabodetabek,ST05_Tangerang,HB01_JKT_GATEWAY,Inter-Region,Next Day,Prepaid,CR057,Truck,1.11,1.13,1.13,1768762,25085,17620,4,0,0,,48.0,36,0,0,,1,0,,0,,39.75,2.67,5.34,ST05_Tangerang,First Mile Delay
SHPM004031,AWB260004031,2026-02-21 09:15:52.488849,2026-02-21 09:38:52.488849,2026-02-21 09:57:52.488849,2026-02-21 13:42:55.246929,2026-02-21 14:56:55.246929,2026-02-21 16:16:55.246929,2026-02-21 21:23:55.108974,2026-02-22 02:42:14.093981,2026-02-22 14:01:28.412926,2026-02-23 06:46:23.240954,2026-02-23 19:00:13.013824,2026-02-24 09:15:52.488849,Delivered,Closed,SHP028,Shipper 028,Marketplace,Jabodetabek,ST04_Bekasi,HB01_JKT_GATEWAY,Central Java,ST09_Semarang,HB04_CTG_NATIONAL,Inter-Region,Regular,COD,CR034,Van,0.85,1.07,1.07,884613,20815,15277,8,1,0,,74.0,72,1,0,,1,0,,0,,57.74,5.12,11.32,ST09_Semarang,
SHPM004032,AWB260004032,2026-02-27 04:35:05.082040,2026-02-27 05:14:05.082040,2026-02-27 05:38:05.082040,2026-02-27 12:06:30.494928,2026-02-27 12:32:30.494928,2026-02-27 12:52:30.494928,2026-02-27 15:20:13.647572,2026-02-27 19:28:42.268721,2026-02-28 02:35:05.672044,2026-02-28 10:18:58.796328,2026-03-01 00:26:21.639093,2026-03-02 04:35:05.082040,Delivered,Closed,SHP034,Shipper 034,Enterprise,Jabodetabek,ST01_JKT_Central,HB01_JKT_GATEWAY,West Java,ST06_Bandung,HB01_JKT_GATEWAY,Inter-Region,Regular,Prepaid,CR010,Truck,1.66,1.68,1.68,282074,19560,12352,8,1,0,,26.0,72,1,0,,1,0,,0,,43.85,2.46,7.11,ST06_Bandung,
SHPM004033,AWB260004033,2026-03-08 06:36:34.132151,2026-03-08 07:09:34.132151,2026-03-08 07:36:34.132151,2026-03-08 09:24:48.396908,2026-03-08 10:14:48.396908,2026-03-08 10:43:48.396908,2026-03-08 13:29:40.003068,2026-03-08 18:40:57.551399,2026-03-09 05:29:46.623146,2026-03-09 10:50:20.225384,,2026-03-11 06:36:34.132151,Delivery Exception,Exception,SHP034,Shipper 034,Enterprise,Jabodetabek,ST01_JKT_Central,HB01_JKT_GATEWAY,Central Java,ST11_Yogyakarta,HB04_CTG_NATIONAL,Inter-Region,Regular,Prepaid,CR004,Truck,1.66,1.56,1.66,244618,19470,17552,8,1,0,,50.0,72,0,1,Customer Reschedule,3,0,,0,,701.39,2.76,10.81,ST11_Yogyakarta,Hub Bottleneck
SHPM004034,AWB260004034,2026-02-22 12:26:18.213995,2026-02-22 12:59:18.213995,2026-02-22 13:19:18.213995,2026-02-22 20:57:16.704150,2026-02-22 21:36:16.704150,2026-02-22 21:52:16.704150,2026-02-23 01:12:33.042489,2026-02-23 07:05:50.611405,2026-02-23 19:34:32.477002,2026-02-24 11:49:31.158292,2026-02-25 18:54:42.015989,2026-02-25 12:26:18.213995,Delivered,Closed,SHP053,Shipper 053,Marketplace,Jabodetabek,ST03_JKT_East,HB01_JKT_GATEWAY,Outer Java,ST16_Palembang,HB05_SUMATRA_GATEWAY,Inter-Region,Regular,Prepaid,CR020,Bike,1.8,2.85,2.85,1073333,24825,15519,8,1,0,,39.0,72,0,0,,1,0,,0,,78.47,3.34,12.48,ST16_Palembang,Hub Bottleneck
SHPM004035,AWB260004035,2026-03-19 16:01:42.965100,2026-03-19 16:21:42.965100,2026-03-19 17:02:42.965100,2026-03-20 00:05:35.876950,2026-03-20 00:27:35.876950,2026-03-20 01:23:35.876950,2026-03-20 04:51:14.255120,2026-03-20 14:10:07.721308,2026-03-20 15:53:52.107875,2026-03-21 04:15:05.491136,2026-03-21 09:42:10.697805,2026-03-22 16:01:42.965100,Delivered,Closed,SHP047,Shipper 047,Marketplace,Central Java,ST10_Solo,HB04_CTG_NATIONAL,Jabodetabek,ST05_Tangerang,HB01_JKT_GATEWAY,Inter-Region,Regular,Prepaid,CR097,Bike,4.86,6.13,6.13,406887,39585,33326,8,1,0,,22.0,72,1,0,,1,0,,0,,41.67,3.46,1.73,ST05_Tangerang,
SHPM004036,AWB260004036,2026-02-20 13:36:08.566557,2026-02-20 14:14:08.566557,2026-02-20 14:34:08.566557,2026-02-20 16:29:13.015243,2026-02-20 17:11:13.015243,2026-02-20 17:54:13.015243,2026-02-20 23:03:56.791096,2026-02-21 04:40:23.991044,2026-02-21 16:31:01.718864,2026-02-22 08:29:57.106497,2026-02-22 21:29:05.329538,2026-02-23 13:36:08.566557,Delivered,Closed,SHP088,Shipper 088,SME,Outer Java,ST19_Denpasar,HB06_EASTERN_GATEWAY,West Java,ST06_Bandung,HB01_JKT_GATEWAY,Inter-Region,Regular,Prepaid,CR181,Van,4.82,4.69,4.82,2190687,33690,24929,8,1,0,,42.0,72,1,0,,1,0,,0,,55.88,5.16,11.84,ST06_Bandung,
SHPM004037,AWB260004037,2026-02-23 03:23:33.220760,2026-02-23 03:28:33.220760,2026-02-23 03:46:33.220760,2026-02-23 06:58:50.737459,2026-02-23 07:24:50.737459,2026-02-23 08:18:50.737459,2026-02-23 14:08:45.137258,2026-02-23 23:29:21.089097,2026-02-24 11:11:37.771465,2026-02-25 04:25:05.504135,,2026-02-24 15:23:33.220760,Return To Sender,RTS,SHP023,Shipper 023,Enterprise,West Java,ST08_Bogor,HB01_JKT_GATEWAY,Jabodetabek,ST02_JKT_West,HB01_JKT_GATEWAY,Inter-Region,Next Day,Prepaid,CR081,Van,1.9,3.18,3.18,2195255,34310,27441,4,1,0,,26.0,36,0,1,Customer Not Home,3,0,,1,Customer Not Home,1016.61,5.83,11.7,ST02_JKT_West,Hub Bottleneck
SHPM004038,AWB260004038,2026-03-05 13:02:30.398065,2026-03-05 13:16:30.398065,2026-03-05 13:57:30.398065,2026-03-05 17:37:25.590072,2026-03-05 18:13:25.590072,2026-03-05 19:15:25.590072,2026-03-05 20:17:57.514036,2026-03-06 02:30:42.172197,2026-03-06 09:51:08.798249,2026-03-07 02:35:16.328412,2026-03-07 07:47:58.245998,2026-03-08 13:02:30.398065,Delivered,Closed,SHP056,Shipper 056,Enterprise,Jabodetabek,ST03_JKT_East,HB01_JKT_GATEWAY,West Java,ST08_Bogor,HB01_JKT_GATEWAY,Inter-Region,Regular,Prepaid,CR025,Bike,0.75,0.97,0.97,351106,16365,13280,8,1,0,,36.0,72,1,0,,1,0,,0,,42.76,1.04,7.34,ST08_Bogor,
SHPM004039,AWB260004039,2026-03-27 15:14:23.136610,2026-03-27 15:50:23.136610,2026-03-27 16:23:23.136610,2026-03-27 19:41:46.153752,2026-03-27 20:51:46.153752,2026-03-27 21:44:46.153752,2026-03-28 01:36:27.636900,2026-03-28 05:22:08.013163,2026-03-28 10:54:58.901721,2026-03-29 04:28:10.906183,2026-03-29 07:51:23.575245,2026-03-29 03:14:23.136610,Delivered,Closed,SHP071,Shipper 071,Enterprise,Jabodetabek,ST04_Bekasi,HB01_JKT_GATEWAY,Central Java,ST11_Yogyakarta,HB04_CTG_NATIONAL,Inter-Region,Next Day,Prepaid,CR033,Van,1.88,1.92,1.92,2138451,28640,24382,4,1,0,,70.0,36,0,0,,1,0,,0,,40.62,3.86,5.55,ST11_Yogyakarta,Last Mile Delay
SHPM004040,AWB260004040,2026-02-21 05:58:29.209053,2026-02-21 06:33:29.209053,2026-02-21 07:03:29.209053,2026-02-21 09:16:18.497235,2026-02-21 09:57:18.497235,2026-02-21 10:38:18.497235,2026-02-21 13:12:50.585059,2026-02-21 20:24:04.935748,2026-02-21 23:03:42.820606,2026-02-22 13:27:37.998796,2026-02-23 09:55:39.915781,2026-02-24 05:58:29.209053,Delivered,Closed,SHP084,Shipper 084,Enterprise,Central Java,ST11_Yogyakarta,HB04_CTG_NATIONAL,Outer Java,ST15_Medan,HB05_SUMATRA_GATEWAY,Inter-Region,Regular,COD,CR103,Bike,1.2,1.67,1.67,540720,23515,20060,8,1,0,,41.0,72,1,0,,1,0,,0,,51.95,2.58,2.66,ST15_Medan,
SHPM004041,AWB260004041,2026-03-03 06:29:41.816508,2026-03-03 06:57:41.816508,2026-03-03 07:27:41.816508,2026-03-03 11:22:39.681019,2026-03-03 11:42:39.681019,2026-03-03 12:29:39.681019,2026-03-03 18:15:41.116192,2026-03-03 21:06:22.129907,2026-03-04 03:40:20.131053,2026-03-04 12:04:02.174798,2026-03-04 14:44:55.246819,2026-03-04 06:29:41.816508,Delivered,Closed,SHP062,Shipper 062,Enterprise,Jabodetabek,ST04_Bekasi,HB01_JKT_GATEWAY,Jabodetabek,ST04_Bekasi,HB01_JKT_GATEWAY,Intra-Region,Next Day,Prepaid,CR031,Bike,0.88,0.92,0.92,676416,24140,19573,4,0,0,,20.0,24,0,0,,1,0,,0,,32.25,5.77,6.57,ST04_Bekasi,First Mile Delay
SHPM004042,AWB260004042,2026-03-03 13:31:58.714474,2026-03-03 14:14:58.714474,2026-03-03 14:57:58.714474,2026-03-03 19:01:45.912923,2026-03-03 19:54:45.912923,2026-03-03 21:47:45.912923,2026-03-03 23:44:33.180235,2026-03-04 07:09:57.001662,2026-03-04 09:54:20.954130,2026-03-04 22:45:10.954517,2026-03-05 21:48:15.229213,2026-03-06 13:31:58.714474,Delivered,Closed,SHP085,Shipper 085,Marketplace,Central Java,ST09_Semarang,HB04_CTG_NATIONAL,Outer Java,ST18_Balikpapan,HB06_EASTERN_GATEWAY,Inter-Region,Regular,Prepaid,CR090,Bike,1.12,1.83,1.83,2209818,20235,14144,8,1,0,,53.0,72,1,0,,1,0,,0,,56.27,1.95,2.74,ST18_Balikpapan,
SHPM004043,AWB260004043,2026-03-18 19:50:39.759714,2026-03-18 20:25:39.759714,2026-03-18 20:33:39.759714,2026-03-18 22:40:50.661774,2026-03-18 22:56:50.661774,2026-03-18 23:18:50.661774,2026-03-19 02:43:28.443226,2026-03-19 09:00:28.479806,2026-03-19 19:03:03.207415,2026-03-20 05:17:17.405147,2026-03-20 08:09:54.580447,2026-03-20 07:50:39.759714,Delivered,Closed,SHP017,Shipper 017,Marketplace,Outer Java,ST16_Palembang,HB05_SUMATRA_GATEWAY,West Java,ST08_Bogor,HB01_JKT_GATEWAY,Inter-Region,Next Day,Prepaid,CR145,Bike,0.94,0.95,0.95,541929,24275,21334,4,1,0,,16.0,36,0,0,,1,0,,0,,36.32,3.41,10.04,ST08_Bogor,Hub Bottleneck
SHPM004044,AWB260004044,2026-02-17 01:02:52.850260,2026-02-17 01:15:52.850260,2026-02-17 01:31:52.850260,2026-02-17 04:53:37.528700,2026-02-17 05:50:37.528700,2026-02-17 06:35:37.528700,2026-02-17 10:47:12.157771,2026-02-17 16:43:53.092964,2026-02-17 21:54:56.226888,2026-02-18 14:26:25.683029,2026-02-18 20:51:17.359376,2026-02-18 13:02:52.850260,Delivered,Closed,SHP029,Shipper 029,SME,Outer Java,ST18_Balikpapan,HB06_EASTERN_GATEWAY,Central Java,ST09_Semarang,HB04_CTG_NATIONAL,Inter-Region,Next Day,Prepaid,CR171,Truck,0.83,0.88,0.88,1224287,23960,21399,4,1,0,,57.0,36,0,0,,1,0,,0,,43.81,4.19,5.18,ST09_Semarang,Last Mile Delay
SHPM004045,AWB260004045,2026-02-24 11:58:31.486158,2026-02-24 12:13:31.486158,2026-02-24 12:41:31.486158,2026-02-24 20:20:02.023324,2026-02-24 21:13:02.023324,2026-02-24 23:05:02.023324,2026-02-25 00:40:24.827182,2026-02-25 06:30:47.493886,2026-02-25 11:24:48.185227,2026-02-26 03:20:43.724225,2026-02-26 20:55:33.574003,2026-02-27 11:58:31.486158,Delivered,Closed,SHP034,Shipper 034,Enterprise,Jabodetabek,ST01_JKT_Central,HB01_JKT_GATEWAY,East Java,ST14_Kediri,HB03_SBY_GATEWAY,Inter-Region,Regular,Prepaid,CR004,Bike,1.84,3.12,3.12,1898151,26040,24112,8,0,0,,53.0,72,1,0,,1,0,,0,,56.95,1.59,4.9,ST14_Kediri,
SHPM004046,AWB260004046,2026-02-19 18:43:25.303855,2026-02-19 18:49:25.303855,2026-02-19 19:14:25.303855,2026-02-19 22:23:57.268193,2026-02-19 22:47:57.268193,2026-02-20 00:06:57.268193,2026-02-20 02:35:11.310419,2026-02-20 06:40:11.084588,2026-02-20 17:25:07.892170,2026-02-21 00:57:02.171846,,2026-02-21 06:43:25.303855,Delivery Exception,Exception,SHP071,Shipper 071,Enterprise,Jabodetabek,ST04_Bekasi,HB01_JKT_GATEWAY,East Java,ST13_Malang,HB03_SBY_GATEWAY,Inter-Region,Next Day,COD,CR031,Bike,1.6,1.61,1.61,750523,31245,29501,4,1,0,,24.0,36,0,1,Customer Reschedule,2,0,,0,,1097.28,2.47,10.75,ST13_Malang,Hub Bottleneck
SHPM004047,AWB260004047,2026-03-04 02:08:24.693667,2026-03-04 02:34:24.693667,2026-03-04 02:56:24.693667,,,,,,,,,2026-03-05 14:08:24.693667,Failed Pickup,Exception,SHP021,Shipper 021,Marketplace,East Java,ST14_Kediri,HB03_SBY_GATEWAY,Outer Java,ST20_Banjarmasin,HB06_EASTERN_GATEWAY,Inter-Region,Next Day,Prepaid,CR133,Bike,1.0,1.06,1.06,1803960,24770,14824,4,0,1,Capacity Full,,36,0,0,,0,0,,0,,801.86,,,ST14_Kediri,
SHPM004048,AWB260004048,2026-02-24 20:38:16.705475,2026-02-24 21:20:16.705475,2026-02-24 21:36:16.705475,2026-02-25 04:20:38.404980,2026-02-25 05:17:38.404980,2026-02-25 07:13:38.404980,2026-02-25 13:03:55.659358,2026-02-25 16:06:43.252685,2026-02-25 20:27:09.682393,2026-02-26 03:49:54.520964,2026-02-26 20:01:13.604256,2026-02-27 20:38:16.705475,Delivered,Closed,SHP021,Shipper 021,Marketplace,East Java,ST14_Kediri,HB03_SBY_GATEWAY,West Java,ST06_Bandung,HB01_JKT_GATEWAY,Inter-Region,Regular,COD,CR134,Bike,1.45,1.47,1.47,1659123,22615,20815,8,1,0,,57.0,72,1,0,,1,0,,0,,47.38,5.84,4.34,ST06_Bandung,
SHPM004049,AWB260004049,2026-03-11 02:03:32.498916,2026-03-11 02:15:32.498916,2026-03-11 02:33:32.498916,2026-03-11 09:59:05.718951,2026-03-11 10:45:05.718951,2026-03-11 11:08:05.718951,2026-03-11 13:31:59.801095,2026-03-11 22:50:30.934191,2026-03-12 03:02:01.586366,2026-03-12 18:01:11.392259,2026-03-12 23:07:43.618331,2026-03-14 02:03:32.498916,Delivered,Closed,SHP084,Shipper 084,Enterprise,Central Java,ST11_Yogyakarta,HB04_CTG_NATIONAL,Jabodetabek,ST02_JKT_West,HB01_JKT_GATEWAY,Inter-Region,Regular,Prepaid,CR100,Van,3.67,3.65,3.67,897584,28515,22127,8,1,0,,46.0,72,1,0,,1,0,,0,,45.07,2.4,4.19,ST02_JKT_West,
SHPM004050,AWB260004050,2026-02-27 03:06:03.392990,2026-02-27 03:23:03.392990,2026-02-27 03:45:03.392990,2026-02-27 07:32:50.081600,2026-02-27 07:40:50.081600,2026-02-27 08:14:50.081600,2026-02-27 12:20:07.076547,2026-02-27 21:22:58.942341,2026-02-28 01:33:18.056224,2026-02-28 19:08:38.819914,2026-03-01 02:40:55.750487,2026-02-28 15:06:03.392990,Delivered,Closed,SHP003,Shipper 003,Marketplace,Outer Java,ST15_Medan,HB05_SUMATRA_GATEWAY,West Java,ST08_Bogor,HB01_JKT_GATEWAY,Inter-Region,Next Day,Prepaid,CR137,Bike,2.04,1.89,2.04,1894149,29180,18284,4,0,0,,8.0,36,0,0,,1,0,,0,,47.58,4.09,4.17,ST08_Bogor,First Mile Delay
SHPM004051,AWB260004051,2026-03-18 08:07:42.002787,2026-03-18 08:48:42.002787,2026-03-18 09:39:42.002787,2026-03-18 10:55:29.657488,2026-03-18 12:01:29.657488,2026-03-18 12:30:29.657488,2026-03-18 21:19:27.371684,2026-03-19 00:43:21.013205,2026-03-19 12:14:07.791798,2026-03-20 07:30:11.611975,2026-03-20 12:51:30.962309,2026-03-19 20:07:42.002787,Delivered,Closed,SHP010,Shipper 010,Enterprise,East Java,ST12_Surabaya,HB03_SBY_GATEWAY,Outer Java,ST18_Balikpapan,HB06_EASTERN_GATEWAY,Inter-Region,Next Day,COD,CR112,Van,1.58,1.42,1.58,1235107,31110,27072,4,1,0,,66.0,36,0,0,,1,1,Missed Cut-Off,0,,52.73,8.82,11.51,ST18_Balikpapan,Hub Bottleneck
SHPM004052,AWB260004052,2026-03-25 03:53:45.914655,2026-03-25 04:08:45.914655,2026-03-25 04:22:45.914655,2026-03-25 08:08:08.199850,2026-03-25 08:55:08.199850,2026-03-25 10:55:08.199850,2026-03-25 13:09:08.439261,2026-03-25 19:00:22.648116,2026-03-25 23:58:52.747993,2026-03-26 09:19:52.342475,2026-03-26 17:06:46.319350,2026-03-26 15:53:45.914655,Delivered,Closed,SHP087,Shipper 087,Enterprise,Jabodetabek,ST02_JKT_West,HB01_JKT_GATEWAY,West Java,ST07_Cirebon,HB02_BDG_TRANSIT,Inter-Region,Next Day,Prepaid,CR016,Bike,6.31,9.55,9.55,653169,62975,55784,4,1,0,,47.0,36,0,0,,1,0,,0,,37.22,2.23,4.98,ST07_Cirebon,Last Mile Delay
SHPM004053,AWB260004053,2026-03-28 01:21:11.264846,2026-03-28 02:01:11.264846,2026-03-28 02:58:11.264846,2026-03-28 03:22:54.727566,2026-03-28 03:30:54.727566,2026-03-28 04:16:54.727566,2026-03-28 08:51:59.319003,2026-03-28 17:22:38.887720,2026-03-29 10:00:42.930514,2026-03-29 17:18:36.010358,2026-03-30 10:55:27.946321,2026-03-29 13:21:11.264846,Delivered,Closed,SHP055,Shipper 055,Marketplace,East Java,ST14_Kediri,HB03_SBY_GATEWAY,Outer Java,ST17_Makassar,HB06_EASTERN_GATEWAY,Inter-Region,Next Day,Prepaid,CR130,Bike,0.4,0.48,0.48,2272263,22160,12264,4,1,0,,8.0,36,0,0,,1,0,,0,,57.57,4.58,16.63,ST17_Makassar,Hub Bottleneck
SHPM004054,AWB260004054,2026-02-20 11:36:25.836241,2026-02-20 12:11:25.836241,2026-02-20 12:41:25.836241,2026-02-20 13:41:14.079889,2026-02-20 14:02:14.079889,2026-02-20 14:43:14.079889,2026-02-20 16:41:41.727372,2026-02-20 20:18:45.521808,2026-02-21 03:06:34.509495,2026-02-21 15:04:31.696347,2026-02-21 16:46:52.865024,2026-02-21 03:36:25.836241,Delivered,Closed,SHP094,Shipper 094,SME,Outer Java,ST15_Medan,HB05_SUMATRA_GATEWAY,East Java,ST14_Kediri,HB03_SBY_GATEWAY,Inter-Region,Same Day,Prepaid,CR137,Bike,2.36,2.13,2.36,747480,37620,28821,2,1,0,,21.0,16,0,0,,1,0,,0,,29.17,1.97,6.8,ST14_Kediri,Last Mile Delay
SHPM004055,AWB260004055,2026-03-28 02:40:22.374478,2026-03-28 02:52:22.374478,2026-03-28 03:22:22.374478,2026-03-28 04:59:31.569773,2026-03-28 05:31:31.569773,2026-03-28 06:53:31.569773,2026-03-28 11:54:05.610735,2026-03-28 21:49:14.355813,2026-03-28 23:19:57.530623,2026-03-29 08:12:13.751661,2026-03-29 10:52:46.873988,2026-03-29 14:40:22.374478,Delivered,Closed,SHP028,Shipper 028,Marketplace,Jabodetabek,ST04_Bekasi,HB01_JKT_GATEWAY,West Java,ST08_Bogor,HB01_JKT_GATEWAY,Inter-Region,Next Day,Prepaid,CR038,Bike,0.87,0.86,0.87,1176207,23915,18924,4,1,0,,32.0,36,1,0,,1,0,,0,,32.21,5.01,1.51,ST08_Bogor,
SHPM004056,AWB260004056,2026-03-12 11:55:08.822212,2026-03-12 12:05:08.822212,2026-03-12 13:12:08.822212,2026-03-12 13:17:59.629779,2026-03-12 14:03:59.629779,2026-03-12 15:22:59.629779,2026-03-12 19:23:36.546020,2026-03-13 01:52:37.119272,2026-03-13 12:30:00.825222,2026-03-13 19:18:40.402099,2026-03-13 21:08:56.119546,2026-03-13 03:55:08.822212,Delivered,Closed,SHP019,Shipper 019,Marketplace,West Java,ST07_Cirebon,HB02_BDG_TRANSIT,East Java,ST14_Kediri,HB03_SBY_GATEWAY,Inter-Region,Same Day,Prepaid,CR064,Bike,1.61,1.74,1.74,533724,34830,19990,2,1,0,,46.0,16,0,0,,1,0,,0,,33.23,4.01,10.62,ST14_Kediri,Hub Bottleneck
SHPM004057,AWB260004057,2026-02-23 01:04:29.549941,2026-02-23 01:09:29.549941,2026-02-23 01:50:29.549941,2026-02-23 08:09:33.332642,2026-02-23 09:17:33.332642,2026-02-23 09:34:33.332642,2026-02-23 12:36:21.746559,2026-02-23 19:37:25.089162,2026-02-24 00:19:24.113771,2026-02-24 16:18:30.723272,2026-02-24 22:17:30.352359,2026-02-26 01:04:29.549941,Delivered,Closed,SHP026,Shipper 026,Marketplace,Outer Java,ST18_Balikpapan,HB06_EASTERN_GATEWAY,Jabodetabek,ST02_JKT_West,HB01_JKT_GATEWAY,Inter-Region,Regular,COD,CR167,Truck,2.27,2.23,2.27,818372,26215,15079,8,1,0,,68.0,72,1,0,,1,0,,0,,45.22,3.03,4.7,ST02_JKT_West,
SHPM004058,AWB260004058,2026-03-17 18:02:47.233375,2026-03-17 18:36:47.233375,2026-03-17 18:55:47.233375,2026-03-17 19:28:26.139508,2026-03-17 19:46:26.139508,2026-03-17 21:08:26.139508,2026-03-17 23:59:51.577367,2026-03-18 09:06:13.196260,2026-03-18 16:57:39.667097,2026-03-19 09:44:51.832789,2026-03-19 13:00:10.003533,2026-03-18 10:02:47.233375,Delivered,Closed,SHP090,Shipper 090,Enterprise,East Java,ST14_Kediri,HB03_SBY_GATEWAY,Jabodetabek,ST01_JKT_Central,HB01_JKT_GATEWAY,Inter-Region,Same Day,COD,CR132,Bike,4.76,4.99,4.99,206168,53455,38376,2,1,0,,18.0,16,0,0,,1,0,,0,,42.96,2.86,7.86,ST01_JKT_Central,Last Mile Delay
SHPM004059,AWB260004059,2026-03-29 12:11:59.026126,2026-03-29 12:28:59.026126,2026-03-29 12:54:59.026126,2026-03-29 15:55:21.922163,2026-03-29 16:35:21.922163,2026-03-29 17:56:21.922163,2026-03-29 20:31:14.856450,2026-03-30 04:10:31.252110,2026-03-30 08:58:57.978532,2026-03-31 01:30:19.393673,2026-03-31 04:11:56.874803,2026-03-31 00:11:59.026126,Delivered,Closed,SHP080,Shipper 080,SME,Outer Java,ST19_Denpasar,HB06_EASTERN_GATEWAY,West Java,ST07_Cirebon,HB02_BDG_TRANSIT,Inter-Region,Next Day,Prepaid,CR177,Van,1.73,1.7,1.73,1027726,27785,17672,4,1,0,,40.0,36,0,0,,1,0,,0,,40.0,2.58,4.81,ST07_Cirebon,Last Mile Delay
SHPM004060,AWB260004060,2026-02-26 08:23:31.083668,2026-02-26 09:06:31.083668,2026-02-26 09:35:31.083668,2026-02-26 10:43:19.244987,2026-02-26 11:56:19.244987,2026-02-26 12:20:19.244987,2026-02-26 17:07:49.757426,2026-02-27 01:50:22.439929,2026-02-27 07:46:19.982971,2026-02-27 17:55:43.532171,2026-02-27 21:09:30.362359,2026-02-27 00:23:31.083668,Delivered,Closed,SHP030,Shipper 030,Enterprise,Jabodetabek,ST05_Tangerang,HB01_JKT_GATEWAY,Central Java,ST09_Semarang,HB04_CTG_NATIONAL,Inter-Region,Same Day,Prepaid,CR047,Truck,2.81,2.9,2.9,528859,40050,35959,2,1,0,,73.0,16,0,0,,1,0,,0,,36.77,4.79,5.93,ST09_Semarang,Last Mile Delay
SHPM004061,AWB260004061,2026-03-01 21:02:26.344220,2026-03-01 21:21:26.344220,2026-03-01 22:02:26.344220,2026-03-02 01:23:08.626219,2026-03-02 02:20:08.626219,2026-03-02 02:36:08.626219,2026-03-02 06:13:13.699890,2026-03-02 09:46:56.099909,2026-03-02 18:42:20.661344,2026-03-03 03:24:53.975295,2026-03-03 14:28:36.713526,2026-03-04 21:02:26.344220,Delivered,Closed,SHP080,Shipper 080,SME,Outer Java,ST15_Medan,HB05_SUMATRA_GATEWAY,Jabodetabek,ST02_JKT_West,HB01_JKT_GATEWAY,Inter-Region,Regular,Prepaid,CR143,Van,0.95,0.99,0.99,640226,16455,10292,8,1,0,,57.0,72,1,0,,1,0,,0,,41.44,3.62,8.92,ST02_JKT_West,
SHPM004062,AWB260004062,2026-02-25 21:06:59.701149,2026-02-25 21:25:59.701149,2026-02-25 22:21:59.701149,2026-02-26 02:01:20.185200,2026-02-26 02:59:20.185200,2026-02-26 03:59:20.185200,2026-02-26 08:51:15.893424,2026-02-26 16:48:19.078420,2026-02-27 13:59:01.774303,2026-03-01 04:37:55.310479,2026-03-01 10:49:23.262872,2026-02-27 09:06:59.701149,Delivered,Closed,SHP068,Shipper 068,Marketplace,East Java,ST12_Surabaya,HB03_SBY_GATEWAY,Jabodetabek,ST04_Bekasi,HB01_JKT_GATEWAY,Inter-Region,Next Day,Prepaid,CR107,Truck,2.84,2.76,2.84,1022524,32780,19057,4,0,0,,58.0,36,0,0,,1,1,Missed Cut-Off,0,,85.71,4.87,21.18,ST04_Bekasi,First Mile Delay
SHPM004063,AWB260004063,2026-03-21 20:36:19.744429,2026-03-21 20:44:19.744429,2026-03-21 21:20:19.744429,2026-03-22 03:17:31.281170,2026-03-22 03:46:31.281170,2026-03-22 04:09:31.281170,2026-03-22 08:15:12.628264,2026-03-22 11:16:36.793382,2026-03-22 21:08:24.924795,2026-03-23 13:57:57.843554,,2026-03-24 20:36:19.744429,Delivery Exception,Exception,SHP072,Shipper 072,Enterprise,Outer Java,ST18_Balikpapan,HB06_EASTERN_GATEWAY,East Java,ST14_Kediri,HB03_SBY_GATEWAY,Inter-Region,Regular,Prepaid,CR169,Truck,4.49,7.22,7.22,675136,44490,38752,8,1,0,,29.0,72,0,1,Customer Reschedule,2,0,,0,,375.39,4.09,9.86,ST14_Kediri,Delivery Exception
SHPM004064,AWB260004064,2026-02-28 12:29:16.465377,2026-02-28 12:50:16.465377,2026-02-28 12:55:16.465377,2026-02-28 13:56:51.997343,2026-02-28 15:08:51.997343,2026-02-28 16:14:51.997343,2026-02-28 18:22:42.958849,2026-02-28 23:39:27.074465,2026-03-01 08:17:05.737555,2026-03-02 00:31:09.898903,2026-03-02 02:02:03.560611,2026-03-01 04:29:16.465377,Delivered,Closed,SHP002,Shipper 002,Enterprise,Jabodetabek,ST01_JKT_Central,HB01_JKT_GATEWAY,Central Java,ST09_Semarang,HB04_CTG_NATIONAL,Inter-Region,Same Day,COD,CR009,Van,1.88,1.94,1.94,2161005,39730,26400,2,1,0,,72.0,16,0,0,,1,0,,0,,37.55,2.13,8.63,ST09_Semarang,Last Mile Delay
SHPM004065,AWB260004065,2026-03-27 02:55:45.655725,2026-03-27 03:24:45.655725,2026-03-27 04:04:45.655725,2026-03-27 10:21:48.233062,2026-03-27 10:29:48.233062,2026-03-27 11:24:48.233062,2026-03-27 15:13:16.421890,2026-03-27 23:16:12.032340,2026-03-28 01:39:52.747599,2026-03-28 07:53:05.032812,2026-03-28 19:51:05.932477,2026-03-30 02:55:45.655725,Delivered,Closed,SHP058,Shipper 058,Enterprise,Jabodetabek,ST01_JKT_Central,HB01_JKT_GATEWAY,Outer Java,ST20_Banjarmasin,HB06_EASTERN_GATEWAY,Inter-Region,Regular,Prepaid,CR007,Bike,0.57,0.54,0.57,776105,14565,9231,8,1,0,,8.0,72,1,0,,1,0,,0,,40.92,3.81,2.39,ST20_Banjarmasin,
SHPM004066,AWB260004066,2026-03-28 14:01:45.966126,2026-03-28 14:23:45.966126,2026-03-28 14:44:45.966126,2026-03-28 15:29:29.202484,2026-03-28 15:53:29.202484,2026-03-28 17:13:29.202484,2026-03-28 22:13:14.339885,2026-03-29 04:25:57.612134,2026-03-29 17:53:11.194060,2026-03-30 00:34:52.802256,2026-03-30 15:34:39.505549,2026-03-30 02:01:45.966126,Delivered,Closed,SHP065,Shipper 065,Marketplace,Jabodetabek,ST01_JKT_Central,HB01_JKT_GATEWAY,Outer Java,ST19_Denpasar,HB06_EASTERN_GATEWAY,Inter-Region,Next Day,Prepaid,CR003,Van,4.32,3.9,4.32,569573,39440,28258,4,1,0,,24.0,36,0,0,,1,0,,0,,49.55,5.0,13.45,ST19_Denpasar,Hub Bottleneck
SHPM004067,AWB260004067,2026-02-17 17:08:13.728476,2026-02-17 17:14:13.728476,2026-02-17 17:27:13.728476,2026-02-17 20:37:58.527790,2026-02-17 21:11:58.527790,2026-02-17 22:40:58.527790,2026-02-18 03:11:47.516785,2026-02-18 07:36:44.653813,2026-02-18 16:47:15.314898,2026-02-19 03:45:11.726210,2026-02-19 06:19:58.928046,2026-02-19 05:08:13.728476,Delivered,Closed,SHP004,Shipper 004,Marketplace,Jabodetabek,ST01_JKT_Central,HB01_JKT_GATEWAY,East Java,ST14_Kediri,HB03_SBY_GATEWAY,Inter-Region,Next Day,Prepaid,CR005,Truck,1.22,1.19,1.22,1554278,25490,22079,4,1,0,,34.0,36,0,0,,1,0,,0,,37.2,4.51,9.18,ST14_Kediri,Last Mile Delay
SHPM004068,AWB260004068,2026-03-05 08:31:23.188638,2026-03-05 09:02:23.188638,2026-03-05 09:27:23.188638,2026-03-05 13:15:52.019065,2026-03-05 14:24:52.019065,2026-03-05 15:44:52.019065,2026-03-05 20:43:43.324780,2026-03-06 02:15:30.568119,2026-03-06 09:21:58.434588,2026-03-06 23:44:16.027602,2026-03-07 04:25:49.233150,2026-03-06 20:31:23.188638,Delivered,Closed,SHP072,Shipper 072,Enterprise,Outer Java,ST18_Balikpapan,HB06_EASTERN_GATEWAY,Jabodetabek,ST05_Tangerang,HB01_JKT_GATEWAY,Inter-Region,Next Day,COD,CR164,Bike,0.88,1.39,1.39,1526839,30255,22985,4,0,0,,69.0,36,0,0,,1,0,,0,,43.91,4.98,7.11,ST05_Tangerang,First Mile Delay
SHPM004069,AWB260004069,2026-03-21 00:03:12.062477,2026-03-21 00:20:12.062477,2026-03-21 00:53:12.062477,2026-03-21 06:42:23.841107,2026-03-21 07:21:23.841107,2026-03-21 08:59:23.841107,2026-03-21 12:07:18.084580,2026-03-21 15:42:17.498276,2026-03-22 03:06:26.075377,2026-03-22 14:48:29.443665,2026-03-22 22:15:37.430575,2026-03-24 00:03:12.062477,Delivered,Closed,SHP007,Shipper 007,SME,Jabodetabek,ST01_JKT_Central,HB01_JKT_GATEWAY,West Java,ST07_Cirebon,HB02_BDG_TRANSIT,Inter-Region,Regular,COD,CR008,Bike,1.97,3.02,3.02,515875,29590,17209,8,1,0,,39.0,72,1,0,,1,0,,0,,46.21,3.13,11.4,ST07_Cirebon,
SHPM004070,AWB260004070,2026-02-21 06:51:55.295673,2026-02-21 07:22:55.295673,2026-02-21 07:43:55.295673,2026-02-21 10:50:00.482612,2026-02-21 11:45:00.482612,2026-02-21 13:30:00.482612,2026-02-21 19:04:23.864323,2026-02-21 20:38:14.854358,2026-02-22 02:05:03.035215,2026-02-22 07:54:28.704314,2026-02-22 14:08:30.609831,2026-02-23 06:51:55.295673,Delivered,Closed,SHP096,Shipper 096,Marketplace,Jabodetabek,ST02_JKT_West,HB01_JKT_GATEWAY,Jabodetabek,ST03_JKT_East,HB01_JKT_GATEWAY,Intra-Region,Regular,Prepaid,CR016,Bike,0.6,0.93,0.93,1171030,16185,9220,8,1,0,,55.0,48,1,0,,1,0,,0,,31.28,5.57,5.45,ST03_JKT_East,
SHPM004071,AWB260004071,2026-03-09 23:44:59.540049,2026-03-09 23:59:59.540049,2026-03-10 00:50:59.540049,2026-03-10 03:13:49.395598,2026-03-10 04:01:49.395598,2026-03-10 04:38:49.395598,2026-03-10 05:56:20.858238,2026-03-10 13:13:24.578753,2026-03-10 23:04:35.301051,2026-03-11 04:06:06.099039,2026-03-11 07:11:28.113967,2026-03-11 11:44:59.540049,Delivered,Closed,SHP034,Shipper 034,Enterprise,Jabodetabek,ST05_Tangerang,HB01_JKT_GATEWAY,East Java,ST14_Kediri,HB03_SBY_GATEWAY,Inter-Region,Next Day,Prepaid,CR046,Van,0.65,0.66,0.66,597720,22970,18518,4,1,0,,48.0,36,1,0,,1,0,,0,,31.44,1.29,9.85,ST14_Kediri,
SHPM004072,AWB260004072,2026-02-22 00:01:56.308769,2026-02-22 00:16:56.308769,2026-02-22 00:33:56.308769,2026-02-22 01:34:11.471318,2026-02-22 02:23:11.471318,2026-02-22 02:51:11.471318,2026-02-22 03:58:19.824012,2026-02-22 05:01:07.757582,2026-02-22 16:36:41.705559,2026-02-22 18:50:28.328703,2026-02-22 23:22:05.162869,2026-02-23 00:01:56.308769,Delivered,Closed,SHP093,Shipper 093,SME,East Java,ST13_Malang,HB03_SBY_GATEWAY,East Java,ST14_Kediri,HB03_SBY_GATEWAY,Intra-Region,Next Day,Prepaid,CR116,Van,0.65,0.77,0.77,1126229,23465,18032,4,1,0,,49.0,24,1,0,,1,0,,0,,23.34,1.12,11.59,ST14_Kediri,
SHPM004073,AWB260004073,2026-02-23 17:51:49.269774,2026-02-23 17:58:49.269774,2026-02-23 19:06:49.269774,2026-02-24 00:23:38.276159,2026-02-24 01:59:38.276159,2026-02-24 03:29:38.276159,2026-02-24 10:58:51.862288,2026-02-24 17:48:33.449655,2026-02-25 13:13:22.626261,2026-02-25 18:37:01.229333,2026-02-26 01:29:28.834627,2026-02-25 05:51:49.269774,Delivered,Closed,SHP025,Shipper 025,Marketplace,East Java,ST12_Surabaya,HB03_SBY_GATEWAY,Central Java,ST10_Solo,HB04_CTG_NATIONAL,Inter-Region,Next Day,Prepaid,CR111,Van,1.27,1.68,1.68,508334,27560,15652,4,0,0,,96.0,36,0,0,,1,0,,0,,55.63,7.49,19.41,ST10_Solo,First Mile Delay
SHPM004074,AWB260004074,2026-03-18 23:07:10.371976,2026-03-18 23:15:10.371976,2026-03-18 23:40:10.371976,2026-03-19 06:44:40.689245,2026-03-19 07:37:40.689245,2026-03-19 09:11:40.689245,2026-03-19 10:19:59.055446,2026-03-19 19:34:15.477780,2026-03-19 23:06:10.591533,2026-03-20 10:51:14.369100,,2026-03-21 23:07:10.371976,Delivery Exception,Exception,SHP002,Shipper 002,Enterprise,Jabodetabek,ST01_JKT_Central,HB01_JKT_GATEWAY,East Java,ST13_Malang,HB03_SBY_GATEWAY,Inter-Region,Regular,Prepaid,CR011,Van,3.36,3.3,3.36,938119,27120,21111,8,1,0,,53.0,72,0,1,Customer Reschedule,1,0,,0,,444.88,1.14,3.53,ST13_Malang,Delivery Exception
SHPM004075,AWB260004075,2026-02-28 11:58:59.036724,2026-02-28 12:36:59.036724,2026-02-28 13:25:59.036724,2026-02-28 17:42:30.097815,2026-02-28 18:57:30.097815,2026-02-28 20:12:30.097815,2026-03-01 05:44:22.342868,2026-03-01 12:13:26.882991,2026-03-02 14:42:59.564210,2026-03-02 22:37:04.774062,2026-03-03 21:35:37.659304,2026-03-03 11:58:59.036724,Delivered,Closed,SHP010,Shipper 010,Enterprise,East Java,ST12_Surabaya,HB03_SBY_GATEWAY,Outer Java,ST18_Balikpapan,HB06_EASTERN_GATEWAY,Inter-Region,Regular,Prepaid,CR109,Bike,0.98,1.25,1.25,1003303,17625,9762,8,1,0,,75.0,72,0,0,,1,0,,0,,81.61,9.53,26.49,ST18_Balikpapan,Hub Bottleneck
SHPM004076,AWB260004076,2026-02-18 13:47:37.148571,2026-02-18 13:58:37.148571,2026-02-18 14:48:37.148571,2026-02-18 21:06:51.490783,2026-02-18 22:17:51.490783,2026-02-18 22:54:51.490783,2026-02-19 00:58:17.888437,2026-02-19 10:04:14.411917,2026-02-19 13:48:42.867014,2026-02-20 01:50:24.374459,2026-02-20 04:27:02.815959,2026-02-19 05:47:37.148571,Delivered,Closed,SHP018,Shipper 018,Enterprise,West Java,ST07_Cirebon,HB02_BDG_TRANSIT,East Java,ST14_Kediri,HB03_SBY_GATEWAY,Inter-Region,Same Day,Prepaid,CR072,Van,1.18,1.25,1.25,2304155,32625,19961,2,0,0,,71.0,16,0,0,,1,0,,0,,38.66,2.06,3.74,ST14_Kediri,First Mile Delay
SHPM004077,AWB260004077,2026-02-24 10:57:43.098762,2026-02-24 11:21:43.098762,2026-02-24 11:44:43.098762,2026-02-24 12:35:11.417684,2026-02-24 13:39:11.417684,2026-02-24 14:30:11.417684,2026-02-24 16:23:50.891173,2026-02-25 02:12:38.953543,2026-02-25 09:28:59.759281,2026-02-25 19:02:16.891572,2026-02-26 06:41:30.467708,2026-02-25 22:57:43.098762,Delivered,Closed,SHP001,Shipper 001,Marketplace,Jabodetabek,ST03_JKT_East,HB01_JKT_GATEWAY,Outer Java,ST17_Makassar,HB06_EASTERN_GATEWAY,Inter-Region,Next Day,Prepaid,CR022,Van,0.74,1.08,1.08,1627713,24860,17785,4,1,0,,64.0,36,0,0,,1,0,,0,,43.73,1.89,7.27,ST17_Makassar,Remote Area
SHPM004078,AWB260004078,2026-03-05 08:50:00.945440,2026-03-05 09:22:00.945440,2026-03-05 10:03:00.945440,2026-03-05 15:54:49.374298,2026-03-05 16:48:49.374298,2026-03-05 17:20:49.374298,2026-03-05 18:31:38.554421,2026-03-06 00:12:19.409994,2026-03-06 02:22:18.671196,2026-03-06 17:46:51.864200,2026-03-07 03:54:31.184456,2026-03-08 08:50:00.945440,Delivered,Closed,SHP065,Shipper 065,Marketplace,Jabodetabek,ST01_JKT_Central,HB01_JKT_GATEWAY,East Java,ST13_Malang,HB03_SBY_GATEWAY,Inter-Region,Regular,COD,CR007,Bike,1.06,1.1,1.1,2475055,20950,15753,8,1,0,,54.0,72,1,0,,1,0,,0,,43.08,1.18,2.17,ST13_Malang,
SHPM004079,AWB260004079,2026-02-28 03:13:54.924256,2026-02-28 03:33:54.924256,2026-02-28 03:55:54.924256,2026-02-28 07:24:04.656795,2026-02-28 07:43:04.656795,2026-02-28 08:15:04.656795,2026-02-28 11:06:51.912165,2026-02-28 13:27:36.407483,2026-02-28 22:46:04.260463,2026-03-01 06:04:44.357745,2026-03-01 13:45:08.169351,2026-03-02 03:13:54.924256,Delivered,Closed,SHP045,Shipper 045,Marketplace,Jabodetabek,ST02_JKT_West,HB01_JKT_GATEWAY,Jabodetabek,ST01_JKT_Central,HB01_JKT_GATEWAY,Intra-Region,Regular,Prepaid,CR013,Truck,1.91,2.05,2.05,1796817,21225,19451,8,1,0,,19.0,48,1,0,,1,0,,0,,34.52,2.86,9.31,ST01_JKT_Central,
SHPM004080,AWB260004080,2026-02-25 11:56:37.562153,2026-02-25 12:04:37.562153,2026-02-25 13:01:37.562153,2026-02-25 16:51:00.745183,2026-02-25 18:01:00.745183,2026-02-25 19:11:00.745183,2026-02-25 22:04:14.878417,2026-02-26 02:06:05.950716,2026-02-26 04:44:33.601742,2026-02-26 06:56:28.209644,2026-02-26 15:43:49.932850,2026-02-27 11:56:37.562153,Delivered,Closed,SHP066,Shipper 066,Marketplace,West Java,ST07_Cirebon,HB02_BDG_TRANSIT,West Java,ST06_Bandung,HB01_JKT_GATEWAY,Intra-Region,Regular,COD,CR067,Bike,0.37,0.4,0.4,2402914,17800,13816,8,1,0,,70.0,48,1,0,,1,0,,0,,27.79,2.89,2.64,ST06_Bandung,
SHPM004081,AWB260004081,2026-03-29 16:43:09.972944,2026-03-29 17:18:09.972944,2026-03-29 17:57:09.972944,2026-03-29 23:28:01.526276,2026-03-29 23:50:01.526276,2026-03-30 01:25:01.526276,2026-03-30 07:13:47.654790,2026-03-30 16:23:42.433746,2026-03-30 20:07:37.296842,2026-03-31 07:08:03.995055,2026-03-31 23:09:17.186348,2026-04-01 16:43:09.972944,Delivered,Closed,SHP043,Shipper 043,Marketplace,Central Java,ST10_Solo,HB04_CTG_NATIONAL,Outer Java,ST17_Makassar,HB06_EASTERN_GATEWAY,Inter-Region,Regular,COD,CR094,Bike,1.63,1.66,1.66,789246,23470,13355,8,1,0,,22.0,72,1,0,,1,0,,0,,54.44,5.81,3.73,ST17_Makassar,
SHPM004082,AWB260004082,2026-02-22 03:57:19.359541,2026-02-22 04:27:19.359541,2026-02-22 05:46:19.359541,2026-02-22 06:56:35.790073,2026-02-22 07:48:35.790073,2026-02-22 09:21:35.790073,2026-02-22 15:19:46.513298,2026-02-22 18:56:30.555914,2026-02-22 20:46:31.004416,2026-02-23 17:40:51.807438,2026-02-23 23:05:59.649459,2026-02-22 19:57:19.359541,Delivered,Closed,SHP018,Shipper 018,Enterprise,West Java,ST08_Bogor,HB01_JKT_GATEWAY,Jabodetabek,ST01_JKT_Central,HB01_JKT_GATEWAY,Inter-Region,Same Day,Prepaid,CR078,Van,0.59,0.61,0.61,752740,29745,16824,2,0,0,,52.0,16,0,0,,1,1,Capacity Delay,0,,43.14,5.97,1.83,ST01_JKT_Central,First Mile Delay
SHPM004083,AWB260004083,2026-03-12 08:35:30.315443,2026-03-12 09:17:30.315443,2026-03-12 09:33:30.315443,2026-03-12 11:20:41.014424,2026-03-12 11:54:41.014424,2026-03-12 13:25:41.014424,2026-03-12 14:50:37.610929,2026-03-13 00:34:01.591926,2026-03-13 04:50:16.390700,2026-03-13 20:09:17.200340,2026-03-14 11:51:14.368251,2026-03-15 08:35:30.315443,Delivered,Closed,SHP071,Shipper 071,Enterprise,Jabodetabek,ST04_Bekasi,HB01_JKT_GATEWAY,Central Java,ST09_Semarang,HB04_CTG_NATIONAL,Inter-Region,Regular,Prepaid,CR039,Van,0.48,0.5,0.5,1253312,14250,8191,8,1,0,,34.0,72,1,0,,1,0,,0,,51.26,1.42,4.27,ST09_Semarang,
SHPM004084,AWB260004084,2026-03-14 10:47:29.587132,2026-03-14 10:52:29.587132,2026-03-14 11:25:29.587132,2026-03-14 15:58:12.829500,2026-03-14 16:06:12.829500,2026-03-14 16:58:12.829500,2026-03-14 22:30:28.365672,2026-03-15 07:56:33.297911,2026-03-15 16:17:00.051300,2026-03-16 05:37:05.457796,2026-03-16 10:46:30.575891,2026-03-17 10:47:29.587132,Delivered,Closed,SHP095,Shipper 095,Enterprise,Central Java,ST10_Solo,HB04_CTG_NATIONAL,East Java,ST13_Malang,HB03_SBY_GATEWAY,Inter-Region,Regular,Prepaid,CR091,Bike,1.2,1.12,1.2,796254,17400,14641,8,1,0,,8.0,72,1,0,,1,0,,0,,47.98,5.54,8.34,ST13_Malang,
SHPM004085,AWB260004085,2026-02-22 10:59:11.681809,2026-02-22 11:28:11.681809,2026-02-22 11:52:11.681809,2026-02-22 15:47:03.100923,2026-02-22 16:35:03.100923,2026-02-22 18:30:03.100923,2026-02-22 22:21:17.518014,2026-02-23 02:19:40.999784,2026-02-23 13:43:27.139839,2026-02-23 17:52:27.657577,2026-02-24 03:43:39.234741,2026-02-24 10:59:11.681809,Delivered,Closed,SHP074,Shipper 074,Enterprise,Outer Java,ST15_Medan,HB05_SUMATRA_GATEWAY,Outer Java,ST18_Balikpapan,HB06_EASTERN_GATEWAY,Intra-Region,Regular,COD,CR143,Bike,1.04,1.06,1.06,1564141,20770,17368,8,1,0,,48.0,48,1,0,,1,0,,0,,40.74,3.85,11.4,ST18_Balikpapan,
SHPM004086,AWB260004086,2026-03-13 00:29:04.317469,2026-03-13 00:38:04.317469,2026-03-13 01:23:04.317469,2026-03-13 18:43:29.154731,2026-03-13 20:08:29.154731,2026-03-13 22:08:29.154731,2026-03-14 06:09:13.551241,2026-03-14 13:34:15.162977,2026-03-14 16:09:09.959329,2026-03-15 07:02:45.773102,2026-03-15 14:27:29.809093,2026-03-16 00:29:04.317469,Delivered,Closed,SHP010,Shipper 010,Enterprise,East Java,ST12_Surabaya,HB03_SBY_GATEWAY,Jabodetabek,ST04_Bekasi,HB01_JKT_GATEWAY,Inter-Region,Regular,COD,CR113,Van,0.38,0.36,0.38,820062,17710,13062,8,0,0,,85.0,72,1,0,,1,0,,0,,61.97,8.01,2.58,ST04_Bekasi,
SHPM004087,AWB260004087,2026-03-11 23:22:12.538895,2026-03-12 00:04:12.538895,2026-03-12 00:37:12.538895,2026-03-12 01:12:58.548502,2026-03-12 01:20:58.548502,2026-03-12 02:59:58.548502,2026-03-12 08:26:05.561504,2026-03-12 12:39:47.332707,2026-03-12 15:42:00.608781,2026-03-12 20:52:20.242994,2026-03-12 23:57:45.922236,2026-03-13 11:22:12.538895,Delivered,Closed,SHP087,Shipper 087,Enterprise,Jabodetabek,ST02_JKT_West,HB01_JKT_GATEWAY,Outer Java,ST19_Denpasar,HB06_EASTERN_GATEWAY,Inter-Region,Next Day,Prepaid,CR012,Bike,1.1,1.46,1.46,882939,26570,22945,4,1,0,,8.0,36,1,0,,1,0,,0,,24.59,5.44,3.04,ST19_Denpasar,
SHPM004088,AWB260004088,2026-03-09 23:42:23.593994,2026-03-10 00:20:23.593994,2026-03-10 00:26:23.593994,2026-03-10 05:22:23.757088,2026-03-10 06:44:23.757088,2026-03-10 08:37:23.757088,2026-03-10 13:13:10.223574,2026-03-10 17:32:16.024652,2026-03-11 01:02:34.004294,2026-03-11 13:44:46.161639,2026-03-11 21:00:13.426550,2026-03-12 23:42:23.593994,Delivered,Closed,SHP035,Shipper 035,Enterprise,Jabodetabek,ST03_JKT_East,HB01_JKT_GATEWAY,West Java,ST07_Cirebon,HB02_BDG_TRANSIT,Inter-Region,Regular,COD,CR030,Truck,2.47,2.38,2.47,768933,27115,20448,8,1,0,,82.0,72,1,0,,1,0,,0,,45.3,4.6,7.5,ST07_Cirebon,
SHPM004089,AWB260004089,2026-03-19 05:41:15.056596,2026-03-19 05:57:15.056596,2026-03-19 06:18:15.056596,,,,,,,,,2026-03-20 17:41:15.056596,Failed Pickup,Exception,SHP089,Shipper 089,Enterprise,Central Java,ST11_Yogyakarta,HB04_CTG_NATIONAL,Outer Java,ST18_Balikpapan,HB06_EASTERN_GATEWAY,Inter-Region,Next Day,Prepaid,CR105,Bike,2.04,2.69,2.69,1826960,32105,18717,4,0,1,Capacity Full,,36,0,0,,0,0,,0,,438.31,,,ST11_Yogyakarta,
SHPM004090,AWB260004090,2026-03-29 14:12:10.163417,2026-03-29 14:35:10.163417,2026-03-29 15:12:10.163417,2026-03-29 20:39:41.379359,2026-03-29 21:20:41.379359,2026-03-29 23:20:41.379359,2026-03-30 03:21:19.255636,2026-03-30 06:13:39.153667,2026-03-30 13:00:53.892433,2026-03-31 06:32:59.616063,2026-03-31 18:47:29.470729,2026-04-01 14:12:10.163417,Delivered,Closed,SHP051,Shipper 051,Marketplace,Outer Java,ST19_Denpasar,HB06_EASTERN_GATEWAY,East Java,ST13_Malang,HB03_SBY_GATEWAY,Inter-Region,Regular,Prepaid,CR174,Van,2.22,2.08,2.22,2620520,21990,19051,8,1,0,,41.0,72,1,0,,1,0,,0,,52.59,4.01,6.79,ST13_Malang,
SHPM004091,AWB260004091,2026-03-13 22:16:50.698234,2026-03-13 22:43:50.698234,2026-03-13 23:16:50.698234,2026-03-13 23:54:46.223103,2026-03-14 00:39:46.223103,2026-03-14 01:32:46.223103,2026-03-14 04:40:41.395645,2026-03-14 09:51:29.082937,2026-03-14 13:09:18.451375,2026-03-14 20:14:26.813948,2026-03-15 05:14:54.380025,2026-03-15 10:16:50.698234,Delivered,Closed,SHP005,Shipper 005,Enterprise,Central Java,ST09_Semarang,HB04_CTG_NATIONAL,Outer Java,ST17_Makassar,HB06_EASTERN_GATEWAY,Inter-Region,Next Day,Prepaid,CR083,Truck,0.84,0.86,0.86,1575638,23870,17785,4,1,0,,45.0,36,1,0,,1,0,,0,,30.97,3.13,3.3,ST17_Makassar,
SHPM004092,AWB260004092,2026-03-26 02:39:42.626448,2026-03-26 02:53:42.626448,2026-03-26 03:25:42.626448,2026-03-26 07:40:49.750473,2026-03-26 08:16:49.750473,2026-03-26 08:42:49.750473,2026-03-26 13:14:06.591785,2026-03-26 16:38:47.693168,2026-03-26 23:40:16.412478,2026-03-27 08:34:33.663002,2026-03-27 17:25:25.191542,2026-03-27 02:39:42.626448,Delivered,Closed,SHP015,Shipper 015,Marketplace,West Java,ST06_Bandung,HB01_JKT_GATEWAY,West Java,ST08_Bogor,HB01_JKT_GATEWAY,Intra-Region,Next Day,Prepaid,CR061,Bike,3.52,4.71,4.71,2660878,41195,32252,4,0,0,,36.0,24,0,0,,1,0,,0,,38.76,4.52,7.02,ST08_Bogor,First Mile Delay
SHPM004093,AWB260004093,2026-03-17 21:00:40.934357,2026-03-17 21:38:40.934357,2026-03-17 22:15:40.934357,2026-03-18 07:28:07.813438,2026-03-18 08:23:07.813438,2026-03-18 09:17:07.813438,2026-03-18 11:37:28.057518,2026-03-18 13:00:53.484992,2026-03-18 23:05:48.321365,2026-03-19 05:36:52.288510,2026-03-19 10:13:07.729623,2026-03-18 21:00:40.934357,Delivered,Closed,SHP040,Shipper 040,Marketplace,West Java,ST07_Cirebon,HB02_BDG_TRANSIT,West Java,ST07_Cirebon,HB02_BDG_TRANSIT,Intra-Region,Next Day,COD,CR064,Van,1.89,2.0,2.0,478626,33000,27789,4,0,0,,55.0,24,0,0,,1,0,,0,,37.21,2.34,10.08,ST07_Cirebon,First Mile Delay
SHPM004094,AWB260004094,2026-03-07 03:06:01.019210,2026-03-07 03:35:01.019210,2026-03-07 04:24:01.019210,2026-03-07 06:49:07.226406,2026-03-07 07:13:07.226406,2026-03-07 08:50:07.226406,2026-03-07 13:12:10.710785,2026-03-07 17:08:42.455352,2026-03-07 20:28:26.839248,2026-03-08 03:30:24.256545,2026-03-08 15:28:16.730868,2026-03-10 03:06:01.019210,Delivered,Closed,SHP011,Shipper 011,Enterprise,Jabodetabek,ST02_JKT_West,HB01_JKT_GATEWAY,Central Java,ST09_Semarang,HB04_CTG_NATIONAL,Inter-Region,Regular,Prepaid,CR018,Van,0.59,0.61,0.61,1675182,14745,12753,8,1,0,,24.0,72,1,0,,1,0,,0,,36.37,4.37,3.33,ST09_Semarang,
SHPM004095,AWB260004095,2026-03-10 18:55:58.382676,2026-03-10 19:06:58.382676,2026-03-10 19:23:58.382676,2026-03-10 21:02:43.238014,2026-03-10 21:48:43.238014,2026-03-10 23:35:43.238014,2026-03-11 04:19:02.096330,2026-03-11 10:27:46.813162,2026-03-11 15:55:45.938267,2026-03-12 08:14:07.433524,2026-03-12 10:41:14.263708,2026-03-12 06:55:58.382676,Delivered,Closed,SHP084,Shipper 084,Enterprise,Central Java,ST09_Semarang,HB04_CTG_NATIONAL,East Java,ST13_Malang,HB03_SBY_GATEWAY,Inter-Region,Next Day,Prepaid,CR085,Truck,2.45,2.58,2.58,2517429,31610,25489,4,1,0,,46.0,36,0,0,,1,0,,0,,39.75,4.72,5.47,ST13_Malang,Last Mile Delay
SHPM004096,AWB260004096,2026-03-05 19:01:12.995743,2026-03-05 19:42:12.995743,2026-03-05 20:10:12.995743,2026-03-06 02:59:46.943698,2026-03-06 03:51:46.943698,2026-03-06 05:25:46.943698,2026-03-06 08:19:54.811991,2026-03-06 14:50:07.584584,2026-03-07 03:29:31.509448,2026-03-07 17:43:29.169252,2026-03-08 03:15:48.991466,2026-03-08 19:01:12.995743,Delivered,Closed,SHP020,Shipper 020,SME,East Java,ST14_Kediri,HB03_SBY_GATEWAY,West Java,ST07_Cirebon,HB02_BDG_TRANSIT,Inter-Region,Regular,COD,CR130,Truck,3.72,5.59,5.59,579428,41155,37176,8,1,0,,52.0,72,1,0,,1,0,,0,,56.24,2.9,12.66,ST07_Cirebon,
SHPM004097,AWB260004097,2026-03-20 09:39:51.309405,2026-03-20 10:12:51.309405,2026-03-20 10:24:51.309405,2026-03-20 14:41:13.993412,2026-03-20 15:34:13.993412,2026-03-20 16:22:13.993412,2026-03-20 21:55:32.836645,2026-03-21 00:10:55.445411,2026-03-21 02:05:49.091169,2026-03-21 08:54:48.275472,2026-03-22 02:21:33.135765,2026-03-22 09:39:51.309405,Delivered,Closed,SHP084,Shipper 084,Enterprise,Central Java,ST11_Yogyakarta,HB04_CTG_NATIONAL,Central Java,ST09_Semarang,HB04_CTG_NATIONAL,Intra-Region,Regular,Prepaid,CR102,Bike,0.9,0.89,0.9,670712,16050,12661,8,1,0,,53.0,48,1,0,,1,0,,0,,40.69,5.56,1.91,ST09_Semarang,
SHPM004098,AWB260004098,2026-03-15 10:49:42.628598,2026-03-15 10:56:42.628598,2026-03-15 11:05:42.628598,2026-03-15 13:31:52.955385,2026-03-15 14:07:52.955385,2026-03-15 15:48:52.955385,2026-03-15 21:48:31.150346,2026-03-16 02:17:54.300145,2026-03-16 05:25:41.004105,2026-03-16 19:43:47.822507,2026-03-16 23:33:37.235358,2026-03-16 22:49:42.628598,Delivered,Closed,SHP070,Shipper 070,Enterprise,Jabodetabek,ST03_JKT_East,HB01_JKT_GATEWAY,West Java,ST07_Cirebon,HB02_BDG_TRANSIT,Inter-Region,Next Day,Prepaid,CR030,Bike,0.98,0.93,0.98,1596500,24410,22466,4,1,0,,36.0,36,0,0,,1,0,,0,,36.73,5.99,3.13,ST07_Cirebon,Last Mile Delay
SHPM004099,AWB260004099,2026-02-16 13:36:33.314697,2026-02-16 13:56:33.314697,2026-02-16 14:27:33.314697,2026-02-16 15:18:33.042244,2026-02-16 15:30:33.042244,2026-02-16 16:35:33.042244,2026-02-16 17:58:12.485613,2026-02-17 03:02:43.768285,2026-02-17 14:53:03.273405,2026-02-17 23:57:10.645792,2026-02-18 02:42:07.247011,2026-02-17 05:36:33.314697,Delivered,Closed,SHP011,Shipper 011,Enterprise,Jabodetabek,ST03_JKT_East,HB01_JKT_GATEWAY,Outer Java,ST18_Balikpapan,HB06_EASTERN_GATEWAY,Inter-Region,Same Day,Prepaid,CR021,Van,3.76,4.05,4.05,961495,45225,27614,2,1,0,,12.0,16,0,0,,1,0,,0,,37.09,1.38,11.84,ST18_Balikpapan,Hub Bottleneck
SHPM004100,AWB260004100,2026-02-20 15:33:24.508537,2026-02-20 15:46:24.508537,2026-02-20 16:07:24.508537,2026-02-20 17:15:10.761657,2026-02-20 18:14:10.761657,2026-02-20 18:38:10.761657,2026-02-20 23:23:45.797592,2026-02-21 08:21:55.166858,2026-02-21 11:03:46.479932,2026-02-21 18:39:15.229951,2026-02-22 07:07:12.597847,2026-02-22 03:33:24.508537,Delivered,Closed,SHP027,Shipper 027,SME,Jabodetabek,ST05_Tangerang,HB01_JKT_GATEWAY,Outer Java,ST17_Makassar,HB06_EASTERN_GATEWAY,Inter-Region,Next Day,Prepaid,CR052,Truck,1.82,1.7,1.82,1285171,28190,17859,4,1,0,,59.0,36,0,0,,1,0,,0,,39.56,4.76,2.7,ST17_Makassar,Remote Area
SHPM004101,AWB260004101,2026-03-21 18:36:36.063105,2026-03-21 18:53:36.063105,2026-03-21 19:26:36.063105,2026-03-21 20:01:30.237537,2026-03-21 20:43:30.237537,2026-03-21 22:11:30.237537,2026-03-22 01:40:33.180783,2026-03-22 05:45:48.027189,2026-03-22 14:42:50.969861,2026-03-23 14:27:30.065809,2026-03-23 21:49:23.075191,2026-03-23 06:36:36.063105,Delivered,Closed,SHP095,Shipper 095,Enterprise,Central Java,ST11_Yogyakarta,HB04_CTG_NATIONAL,Outer Java,ST20_Banjarmasin,HB06_EASTERN_GATEWAY,Inter-Region,Next Day,COD,CR102,Bike,4.09,5.87,5.87,574734,50415,38616,4,1,0,,42.0,36,0,0,,1,1,Weather Delay,0,,51.21,3.48,8.95,ST20_Banjarmasin,Remote Area
SHPM004102,AWB260004102,2026-03-22 08:35:03.262494,2026-03-22 08:43:03.262494,2026-03-22 09:17:03.262494,2026-03-22 11:13:45.846858,2026-03-22 11:54:45.846858,2026-03-22 12:40:45.846858,2026-03-22 15:39:53.250470,2026-03-22 20:43:33.183420,2026-03-23 04:22:54.028632,2026-03-23 15:18:45.162095,2026-03-23 20:57:36.944649,2026-03-23 20:35:03.262494,Delivered,Closed,SHP063,Shipper 063,Enterprise,Jabodetabek,ST05_Tangerang,HB01_JKT_GATEWAY,West Java,ST06_Bandung,HB01_JKT_GATEWAY,Inter-Region,Next Day,Prepaid,CR052,Bike,0.54,0.58,0.58,2817357,22610,16151,4,1,0,,41.0,36,0,0,,1,0,,0,,36.38,2.99,7.66,ST06_Bandung,Last Mile Delay
SHPM004103,AWB260004103,2026-02-18 02:00:25.068736,2026-02-18 02:24:25.068736,2026-02-18 03:00:25.068736,2026-02-18 05:50:07.001652,2026-02-18 06:35:07.001652,2026-02-18 07:27:07.001652,2026-02-18 10:49:23.444491,2026-02-18 15:32:58.694521,2026-02-19 00:52:16.283889,2026-02-19 09:49:55.547523,2026-02-19 20:26:40.491350,2026-02-19 02:00:25.068736,Delivered,Closed,SHP089,Shipper 089,Enterprise,Central Java,ST11_Yogyakarta,HB04_CTG_NATIONAL,Central Java,ST11_Yogyakarta,HB04_CTG_NATIONAL,Intra-Region,Next Day,Prepaid,CR105,Van,1.82,2.36,2.36,2018089,30620,20260,4,1,0,,45.0,24,0,0,,1,0,,0,,42.44,3.37,9.32,ST11_Yogyakarta,Last Mile Delay
SHPM004104,AWB260004104,2026-02-21 14:21:01.951490,2026-02-21 14:45:01.951490,2026-02-21 15:14:01.951490,2026-02-21 22:31:50.968704,2026-02-21 23:19:50.968704,2026-02-22 00:00:50.968704,2026-02-22 01:33:09.379504,2026-02-22 04:41:27.765441,2026-02-22 12:21:34.097819,2026-02-22 17:27:18.996452,2026-02-23 08:50:12.117214,2026-02-23 14:21:01.951490,Delivered,Closed,SHP061,Shipper 061,Enterprise,Outer Java,ST17_Makassar,HB06_EASTERN_GATEWAY,Outer Java,ST19_Denpasar,HB06_EASTERN_GATEWAY,Intra-Region,Regular,Prepaid,CR154,Bike,0.68,1.11,1.11,702448,16995,15986,8,1,0,,48.0,48,1,0,,1,0,,0,,42.49,1.54,7.67,ST19_Denpasar,
SHPM004105,AWB260004105,2026-03-29 17:48:58.095190,2026-03-29 18:29:58.095190,2026-03-29 19:07:58.095190,2026-03-29 21:16:59.840719,2026-03-29 21:27:59.840719,2026-03-29 23:07:59.840719,2026-03-30 04:46:59.834366,2026-03-30 11:22:13.869138,2026-03-30 21:55:36.048721,2026-03-31 05:18:30.417567,2026-03-31 20:01:50.841999,2026-04-01 17:48:58.095190,Delivered,Closed,SHP087,Shipper 087,Enterprise,Jabodetabek,ST02_JKT_West,HB01_JKT_GATEWAY,East Java,ST14_Kediri,HB03_SBY_GATEWAY,Inter-Region,Regular,COD,CR017,Van,1.32,2.05,2.05,1578537,25225,14356,8,1,0,,11.0,72,1,0,,1,0,,0,,50.21,5.65,10.56,ST14_Kediri,
SHPM004106,AWB260004106,2026-02-20 08:36:31.041002,2026-02-20 08:44:31.041002,2026-02-20 09:02:31.041002,2026-02-20 16:04:23.110780,2026-02-20 17:06:23.110780,2026-02-20 17:28:23.110780,2026-02-20 23:12:16.189495,2026-02-21 00:17:01.375448,2026-02-21 04:16:15.397698,2026-02-21 08:11:29.088080,2026-02-21 22:13:00.267993,2026-02-22 08:36:31.041002,Delivered,Closed,SHP033,Shipper 033,Marketplace,Jabodetabek,ST04_Bekasi,HB01_JKT_GATEWAY,Jabodetabek,ST05_Tangerang,HB01_JKT_GATEWAY,Intra-Region,Regular,Prepaid,CR038,Bike,1.39,2.28,2.28,1496329,22260,17929,8,1,0,,62.0,48,1,0,,1,0,,0,,37.61,5.73,3.99,ST05_Tangerang,
SHPM004107,AWB260004107,2026-02-23 09:37:13.334270,2026-02-23 10:22:13.334270,2026-02-23 10:50:13.334270,2026-02-23 13:43:38.671796,2026-02-23 14:44:38.671796,2026-02-23 15:25:38.671796,2026-02-23 20:50:47.382735,2026-02-24 01:37:52.235613,2026-02-24 09:31:59.550438,2026-02-24 22:50:07.795211,2026-02-25 06:11:57.800785,2026-02-26 09:37:13.334270,Delivered,Closed,SHP005,Shipper 005,Enterprise,Central Java,ST09_Semarang,HB04_CTG_NATIONAL,Outer Java,ST20_Banjarmasin,HB06_EASTERN_GATEWAY,Inter-Region,Regular,Prepaid,CR085,Van,1.63,1.75,1.75,484167,19875,17211,8,1,0,,61.0,72,1,0,,1,0,,0,,44.58,5.42,7.9,ST20_Banjarmasin,
SHPM004108,AWB260004108,2026-02-26 17:21:15.026552,2026-02-26 18:01:15.026552,2026-02-26 18:21:15.026552,,,,,,,,,2026-02-27 17:21:15.026552,Failed Pickup,Exception,SHP062,Shipper 062,Enterprise,Jabodetabek,ST01_JKT_Central,HB01_JKT_GATEWAY,Jabodetabek,ST04_Bekasi,HB01_JKT_GATEWAY,Intra-Region,Next Day,COD,CR010,Bike,1.34,1.58,1.58,853515,31110,19307,4,0,1,Capacity Full,,24,0,0,,0,0,,0,,930.65,,,ST01_JKT_Central,
SHPM004109,AWB260004109,2026-02-20 11:12:22.391128,2026-02-20 11:27:22.391128,2026-02-20 11:52:22.391128,2026-02-20 13:49:59.005805,2026-02-20 14:18:59.005805,2026-02-20 15:26:59.005805,2026-02-20 21:07:21.725729,2026-02-21 00:55:09.438222,2026-02-21 03:03:56.366116,2026-02-21 15:40:04.272645,2026-02-22 02:31:11.381536,2026-02-21 23:12:22.391128,Delivered,Closed,SHP011,Shipper 011,Enterprise,Jabodetabek,ST03_JKT_East,HB01_JKT_GATEWAY,Central Java,ST09_Semarang,HB04_CTG_NATIONAL,Inter-Region,Next Day,Prepaid,CR027,Van,1.09,1.7,1.7,1702856,27650,25948,4,1,0,,29.0,36,0,0,,1,0,,0,,39.31,5.67,2.15,ST09_Semarang,Last Mile Delay
SHPM004110,AWB260004110,2026-03-27 08:13:31.690900,2026-03-27 08:18:31.690900,2026-03-27 08:45:31.690900,2026-03-27 10:07:45.440158,2026-03-27 10:58:45.440158,2026-03-27 12:28:45.440158,2026-03-27 16:09:12.113028,2026-03-27 18:59:24.221507,2026-03-27 23:41:05.868591,2026-03-28 02:42:23.398290,2026-03-28 04:34:25.511325,2026-03-27 18:13:31.690900,Delivered,Closed,SHP014,Shipper 014,Enterprise,Jabodetabek,ST04_Bekasi,HB01_JKT_GATEWAY,Jabodetabek,ST02_JKT_West,HB01_JKT_GATEWAY,Intra-Region,Same Day,COD,CR042,Van,1.78,1.78,1.78,1533896,39010,30199,2,1,0,,51.0,10,0,0,,1,0,,0,,20.35,3.67,4.69,ST02_JKT_West,Last Mile Delay
SHPM004111,AWB260004111,2026-03-08 15:20:27.602252,2026-03-08 16:02:27.602252,2026-03-08 16:34:27.602252,2026-03-08 20:04:16.321655,2026-03-08 21:09:16.321655,2026-03-08 21:53:16.321655,2026-03-09 00:44:09.948160,2026-03-09 04:42:41.527826,2026-03-09 19:17:37.217788,2026-03-10 11:52:21.300189,2026-03-10 16:28:05.587387,2026-03-10 03:20:27.602252,Delivered,Closed,SHP089,Shipper 089,Enterprise,Central Java,ST11_Yogyakarta,HB04_CTG_NATIONAL,Outer Java,ST15_Medan,HB05_SUMATRA_GATEWAY,Inter-Region,Next Day,Prepaid,CR100,Bike,0.97,0.88,0.97,2186053,24365,19111,4,0,0,,65.0,36,0,0,,1,0,,0,,49.13,2.85,14.58,ST15_Medan,First Mile Delay
SHPM004112,AWB260004112,2026-03-12 19:48:29.394506,2026-03-12 20:16:29.394506,2026-03-12 20:50:29.394506,2026-03-13 01:08:28.532188,2026-03-13 01:57:28.532188,2026-03-13 03:32:28.532188,2026-03-13 04:42:54.855559,2026-03-13 13:45:48.162946,2026-03-14 14:33:48.351751,2026-03-15 00:40:15.044164,2026-03-15 09:17:32.517315,2026-03-15 19:48:29.394506,Delivered,Closed,SHP031,Shipper 031,SME,East Java,ST13_Malang,HB03_SBY_GATEWAY,Central Java,ST11_Yogyakarta,HB04_CTG_NATIONAL,Inter-Region,Regular,Prepaid,CR124,Truck,1.48,1.47,1.48,1379364,18660,17494,8,1,0,,49.0,72,1,0,,1,0,,0,,61.48,1.17,24.8,ST11_Yogyakarta,
SHPM004113,AWB260004113,2026-03-23 15:11:43.306223,2026-03-23 15:24:43.306223,2026-03-23 15:41:43.306223,2026-03-23 23:13:12.863773,2026-03-23 23:28:12.863773,2026-03-24 00:52:12.863773,2026-03-24 03:28:27.295020,2026-03-24 08:39:53.881672,2026-03-24 12:52:36.689812,2026-03-25 00:06:23.415645,2026-03-25 11:56:04.953459,2026-03-26 15:11:43.306223,Delivered,Closed,SHP095,Shipper 095,Enterprise,Central Java,ST11_Yogyakarta,HB04_CTG_NATIONAL,Outer Java,ST17_Makassar,HB06_EASTERN_GATEWAY,Inter-Region,Regular,Prepaid,CR102,Bike,3.55,3.25,3.55,255430,27975,22651,8,1,0,,15.0,72,1,0,,1,0,,0,,44.74,2.6,4.21,ST17_Makassar,
SHPM004114,AWB260004114,2026-03-02 20:31:21.346984,2026-03-02 20:41:21.346984,2026-03-02 22:02:21.346984,2026-03-03 06:15:44.379097,2026-03-03 06:54:44.379097,2026-03-03 08:16:44.379097,2026-03-03 12:24:52.652217,2026-03-03 16:34:11.061825,2026-03-04 06:19:16.853099,2026-03-04 23:30:55.086382,2026-03-05 10:56:55.339612,2026-03-05 20:31:21.346984,Delivered,Closed,SHP010,Shipper 010,Enterprise,East Java,ST12_Surabaya,HB03_SBY_GATEWAY,Outer Java,ST16_Palembang,HB05_SUMATRA_GATEWAY,Inter-Region,Regular,Prepaid,CR109,Bike,1.53,1.67,1.67,1784660,19515,15505,8,0,0,,39.0,72,1,0,,1,0,,0,,62.43,4.14,13.75,ST16_Palembang,
SHPM004115,AWB260004115,2026-03-18 00:38:31.261753,2026-03-18 01:00:31.261753,2026-03-18 01:29:31.261753,2026-03-18 02:17:16.807296,2026-03-18 03:01:16.807296,2026-03-18 04:27:16.807296,2026-03-18 06:24:29.225065,2026-03-18 09:34:33.509963,2026-03-18 15:35:56.236887,2026-03-18 22:13:51.484116,2026-03-19 05:41:39.240173,2026-03-19 00:38:31.261753,Delivered,Closed,SHP005,Shipper 005,Enterprise,Central Java,ST09_Semarang,HB04_CTG_NATIONAL,Central Java,ST09_Semarang,HB04_CTG_NATIONAL,Intra-Region,Next Day,Prepaid,CR083,Bike,2.4,2.34,2.4,1654719,30800,18927,4,1,0,,44.0,24,0,0,,1,0,,0,,29.05,1.95,6.02,ST09_Semarang,Last Mile Delay
SHPM004116,AWB260004116,2026-03-04 12:02:51.095753,2026-03-04 12:28:51.095753,2026-03-04 13:03:51.095753,2026-03-04 17:09:19.135264,2026-03-04 17:17:19.135264,2026-03-04 19:11:19.135264,2026-03-05 00:33:48.611089,2026-03-05 04:11:20.690953,2026-03-05 07:33:54.271848,2026-03-05 19:12:06.291473,2026-03-06 09:09:44.797350,2026-03-07 12:02:51.095753,Delivered,Closed,SHP063,Shipper 063,Enterprise,Jabodetabek,ST05_Tangerang,HB01_JKT_GATEWAY,West Java,ST08_Bogor,HB01_JKT_GATEWAY,Inter-Region,Regular,Prepaid,CR053,Bike,0.63,0.97,0.97,1073404,16365,13609,8,1,0,,8.0,72,1,0,,1,0,,0,,45.11,5.37,3.38,ST08_Bogor,
SHPM004117,AWB260004117,2026-03-23 14:24:34.720641,2026-03-23 14:48:34.720641,2026-03-23 15:13:34.720641,2026-03-23 17:33:19.739135,2026-03-23 18:26:19.739135,2026-03-23 19:34:19.739135,2026-03-23 20:41:32.777049,2026-03-23 23:00:57.913555,2026-03-24 07:11:25.400261,2026-03-24 23:23:08.706244,2026-03-25 04:20:44.840858,2026-03-26 14:24:34.720641,Delivered,Closed,SHP014,Shipper 014,Enterprise,Jabodetabek,ST05_Tangerang,HB01_JKT_GATEWAY,West Java,ST07_Cirebon,HB02_BDG_TRANSIT,Inter-Region,Regular,Prepaid,CR052,Bike,1.72,1.99,1.99,2067804,20955,13950,8,1,0,,53.0,72,1,0,,1,0,,0,,37.94,1.12,8.17,ST07_Cirebon,
SHPM004118,AWB260004118,2026-03-05 01:01:06.308152,2026-03-05 01:14:06.308152,2026-03-05 01:47:06.308152,2026-03-05 03:20:26.542640,2026-03-05 03:48:26.542640,2026-03-05 05:07:26.542640,2026-03-05 09:52:24.681447,2026-03-05 16:46:24.536858,2026-03-06 01:02:55.457240,2026-03-06 17:04:46.695158,2026-03-07 00:01:12.187513,2026-03-06 13:01:06.308152,Delivered,Closed,SHP050,Shipper 050,Marketplace,Jabodetabek,ST02_JKT_West,HB01_JKT_GATEWAY,East Java,ST13_Malang,HB03_SBY_GATEWAY,Inter-Region,Next Day,Prepaid,CR016,Bike,0.55,0.51,0.55,618773,22475,17284,4,1,0,,28.0,36,0,0,,1,0,,0,,47.0,4.75,8.28,ST13_Malang,Last Mile Delay
SHPM004119,AWB260004119,2026-03-04 06:47:01.623089,2026-03-04 07:32:01.623089,2026-03-04 07:44:01.623089,2026-03-04 15:48:47.438433,2026-03-04 16:47:47.438433,2026-03-04 18:24:47.438433,2026-03-04 21:21:55.702704,2026-03-05 05:26:17.063528,2026-03-05 09:09:50.525373,2026-03-05 22:41:05.378556,2026-03-06 10:54:21.869275,2026-03-07 06:47:01.623089,Delivered,Closed,SHP030,Shipper 030,Enterprise,Jabodetabek,ST05_Tangerang,HB01_JKT_GATEWAY,Outer Java,ST18_Balikpapan,HB06_EASTERN_GATEWAY,Inter-Region,Regular,COD,CR046,Van,1.26,1.27,1.27,553723,21715,15709,8,0,0,,59.0,72,1,0,,1,0,,0,,52.12,2.95,3.73,ST18_Balikpapan,
SHPM004120,AWB260004120,2026-02-26 05:41:29.279770,2026-02-26 06:18:29.279770,2026-02-26 06:57:29.279770,2026-02-26 10:13:16.352903,2026-02-26 11:56:16.352903,2026-02-26 13:47:16.352903,2026-02-26 16:55:34.365764,2026-02-27 00:28:51.573019,2026-02-27 04:16:02.804142,2026-02-27 18:07:49.574610,2026-02-27 21:54:49.886477,2026-02-26 21:41:29.279770,Delivered,Closed,SHP046,Shipper 046,SME,East Java,ST12_Surabaya,HB03_SBY_GATEWAY,Jabodetabek,ST03_JKT_East,HB01_JKT_GATEWAY,Inter-Region,Same Day,Prepaid,CR111,Bike,2.6,2.84,2.84,385978,39780,34627,2,0,0,,103.0,16,0,0,,1,0,,0,,40.22,3.14,3.79,ST03_JKT_East,First Mile Delay
SHPM004121,AWB260004121,2026-03-29 05:32:54.193022,2026-03-29 05:54:54.193022,2026-03-29 06:13:54.193022,2026-03-29 10:26:51.533935,2026-03-29 11:25:51.533935,2026-03-29 13:14:51.533935,2026-03-29 19:03:09.165983,2026-03-30 01:28:55.203996,2026-03-30 09:02:40.487714,2026-03-30 20:44:29.294211,2026-03-31 11:33:48.879473,2026-04-01 05:32:54.193022,Delivered,Closed,SHP047,Shipper 047,Marketplace,Central Java,ST10_Solo,HB04_CTG_NATIONAL,West Java,ST08_Bogor,HB01_JKT_GATEWAY,Inter-Region,Regular,Prepaid,CR099,Bike,0.39,0.39,0.39,1056346,13755,8602,8,1,0,,59.0,72,1,0,,1,0,,0,,54.02,5.8,7.56,ST08_Bogor,
SHPM004122,AWB260004122,2026-03-11 10:23:17.887406,2026-03-11 10:39:17.887406,2026-03-11 10:58:17.887406,2026-03-11 14:10:25.360630,2026-03-11 14:43:25.360630,2026-03-11 15:04:25.360630,2026-03-11 18:50:26.435388,2026-03-12 02:55:05.903892,2026-03-12 04:50:43.510650,2026-03-12 22:03:15.462975,2026-03-13 08:04:59.720948,2026-03-12 22:23:17.887406,Delivered,Closed,SHP089,Shipper 089,Enterprise,Central Java,ST11_Yogyakarta,HB04_CTG_NATIONAL,Jabodetabek,ST05_Tangerang,HB01_JKT_GATEWAY,Inter-Region,Next Day,Prepaid,CR103,Bike,1.05,1.08,1.08,345635,24860,18930,4,1,0,,33.0,36,0,0,,1,0,,0,,45.69,3.77,1.93,ST05_Tangerang,Last Mile Delay
SHPM004123,AWB260004123,2026-02-20 03:40:52.810222,2026-02-20 03:51:52.810222,2026-02-20 04:14:52.810222,2026-02-20 06:55:05.977124,2026-02-20 07:48:05.977124,2026-02-20 09:02:05.977124,2026-02-20 13:10:17.075968,2026-02-20 22:21:53.553248,2026-02-21 10:02:59.862325,2026-02-21 17:19:08.471003,2026-02-22 01:20:26.608283,2026-02-23 03:40:52.810222,Delivered,Closed,SHP094,Shipper 094,SME,Outer Java,ST15_Medan,HB05_SUMATRA_GATEWAY,Jabodetabek,ST02_JKT_West,HB01_JKT_GATEWAY,Inter-Region,Regular,COD,CR144,Van,1.82,2.2,2.2,278182,25900,23097,8,1,0,,53.0,72,1,0,,1,0,,0,,45.66,4.14,11.69,ST02_JKT_West,
SHPM004124,AWB260004124,2026-03-25 05:26:26.819373,2026-03-25 05:56:26.819373,2026-03-25 06:16:26.819373,2026-03-25 12:35:34.191503,2026-03-25 13:03:34.191503,2026-03-25 14:15:34.191503,2026-03-25 15:31:59.202924,2026-03-26 00:38:21.157501,2026-03-26 12:12:16.587452,2026-03-27 00:44:43.805770,2026-03-27 17:42:47.928623,2026-03-28 05:26:26.819373,Delivered,Closed,SHP076,Shipper 076,Enterprise,West Java,ST06_Bandung,HB01_JKT_GATEWAY,Central Java,ST10_Solo,HB04_CTG_NATIONAL,Inter-Region,Regular,COD,CR060,Bike,2.15,2.36,2.36,2737885,26620,19361,8,1,0,,28.0,72,1,0,,1,0,,0,,60.27,1.27,11.57,ST10_Solo,
SHPM004125,AWB260004125,2026-03-31 05:38:09.744626,2026-03-31 06:15:09.744626,2026-03-31 06:39:09.744626,2026-03-31 12:55:00.890723,2026-03-31 13:22:00.890723,2026-03-31 14:39:00.890723,2026-03-31 16:02:48.479714,2026-04-01 01:23:50.875798,2026-04-01 05:57:02.501428,2026-04-01 21:52:41.443280,2026-04-02 10:08:50.038521,2026-04-03 05:38:09.744626,Delivered,Closed,SHP002,Shipper 002,Enterprise,Jabodetabek,ST01_JKT_Central,HB01_JKT_GATEWAY,Outer Java,ST20_Banjarmasin,HB06_EASTERN_GATEWAY,Inter-Region,Regular,Prepaid,CR003,Bike,3.71,4.04,4.04,1229695,30180,26213,8,1,0,,27.0,72,1,0,,1,0,,0,,52.51,1.4,4.55,ST20_Banjarmasin,
SHPM004126,AWB260004126,2026-02-20 08:24:28.476870,2026-02-20 09:05:28.476870,2026-02-20 09:36:28.476870,2026-02-20 12:29:46.583768,2026-02-20 13:03:46.583768,2026-02-20 14:07:46.583768,2026-02-20 16:30:54.798238,2026-02-21 02:14:05.973955,2026-02-21 04:02:48.236547,2026-02-21 12:37:28.927108,2026-02-21 19:53:20.274590,2026-02-21 20:24:28.476870,Delivered,Closed,SHP085,Shipper 085,Marketplace,Central Java,ST09_Semarang,HB04_CTG_NATIONAL,West Java,ST08_Bogor,HB01_JKT_GATEWAY,Inter-Region,Next Day,Prepaid,CR086,Truck,1.25,1.81,1.81,699035,28145,16694,4,1,0,,34.0,36,1,0,,1,0,,0,,35.48,2.39,1.81,ST08_Bogor,
SHPM004127,AWB260004127,2026-02-25 10:06:20.764709,2026-02-25 10:39:20.764709,2026-02-25 10:57:20.764709,2026-02-25 13:56:53.971707,2026-02-25 14:46:53.971707,2026-02-25 15:20:53.971707,2026-02-25 17:43:22.802285,2026-02-26 00:32:09.875908,2026-02-26 08:49:05.199664,2026-02-27 02:17:37.599483,2026-02-27 07:40:47.846634,2026-02-26 22:06:20.764709,Delivered,Closed,SHP004,Shipper 004,Marketplace,Jabodetabek,ST01_JKT_Central,HB01_JKT_GATEWAY,West Java,ST08_Bogor,HB01_JKT_GATEWAY,Inter-Region,Next Day,COD,CR001,Truck,1.6,1.59,1.6,907986,31200,21325,4,1,0,,50.0,36,0,0,,1,0,,0,,45.57,2.37,8.28,ST08_Bogor,Last Mile Delay
SHPM004128,AWB260004128,2026-03-02 14:12:59.267184,2026-03-02 14:44:59.267184,2026-03-02 15:23:59.267184,2026-03-02 16:57:44.666555,2026-03-02 17:51:44.666555,2026-03-02 18:16:44.666555,2026-03-02 20:29:08.113142,2026-03-02 23:34:03.592575,2026-03-03 18:36:41.557654,2026-03-04 01:15:39.022484,2026-03-04 04:28:16.268241,2026-03-03 06:12:59.267184,Delivered,Closed,SHP034,Shipper 034,Enterprise,Jabodetabek,ST01_JKT_Central,HB01_JKT_GATEWAY,Outer Java,ST17_Makassar,HB06_EASTERN_GATEWAY,Inter-Region,Same Day,COD,CR007,Bike,1.27,1.36,1.36,372936,37120,21604,2,0,0,,54.0,16,0,0,,1,0,,0,,38.25,2.21,19.04,ST17_Makassar,First Mile Delay
SHPM004129,AWB260004129,2026-03-20 19:17:14.713622,2026-03-20 19:28:14.713622,2026-03-20 19:50:14.713622,2026-03-20 23:33:16.795866,2026-03-21 00:16:16.795866,2026-03-21 02:00:16.795866,2026-03-21 05:26:56.596656,2026-03-21 12:20:52.084883,2026-03-21 23:41:34.718871,2026-03-22 14:59:04.874424,2026-03-23 00:13:30.617416,2026-03-22 07:17:14.713622,Delivered,Closed,SHP091,Shipper 091,SME,Outer Java,ST18_Balikpapan,HB06_EASTERN_GATEWAY,Jabodetabek,ST02_JKT_West,HB01_JKT_GATEWAY,Inter-Region,Next Day,COD,CR167,Bike,0.85,0.92,0.92,1007081,28140,16434,4,0,0,,43.0,36,0,0,,1,0,,0,,52.94,3.44,11.35,ST02_JKT_West,First Mile Delay
SHPM004130,AWB260004130,2026-04-01 03:26:40.298993,2026-04-01 03:41:40.298993,2026-04-01 04:13:40.298993,2026-04-01 05:02:23.686474,2026-04-01 05:15:23.686474,2026-04-01 05:42:23.686474,2026-04-01 08:58:25.527951,2026-04-01 14:51:33.763344,2026-04-01 20:43:54.095124,2026-04-02 03:22:37.977365,2026-04-02 07:10:10.696688,2026-04-02 15:26:40.298993,Delivered,Closed,SHP057,Shipper 057,SME,Central Java,ST10_Solo,HB04_CTG_NATIONAL,East Java,ST12_Surabaya,HB03_SBY_GATEWAY,Inter-Region,Next Day,Prepaid,CR091,Van,0.61,0.59,0.61,913824,22745,20552,4,1,0,,13.0,36,1,0,,1,0,,0,,27.73,3.27,5.87,ST12_Surabaya,
SHPM004131,AWB260004131,2026-02-21 22:59:42.474507,2026-02-21 23:36:42.474507,2026-02-21 23:41:42.474507,2026-02-22 03:45:19.516525,2026-02-22 04:55:19.516525,2026-02-22 06:53:19.516525,2026-02-22 12:49:44.003278,2026-02-22 17:29:35.183332,2026-02-22 21:09:53.919783,2026-02-23 04:50:31.564726,2026-02-23 10:18:43.112839,2026-02-24 22:59:42.474507,Delivered,Closed,SHP011,Shipper 011,Enterprise,Jabodetabek,ST03_JKT_East,HB01_JKT_GATEWAY,East Java,ST12_Surabaya,HB03_SBY_GATEWAY,Inter-Region,Regular,COD,CR020,Bike,1.12,1.31,1.31,1438804,21895,15142,8,1,0,,70.0,72,1,0,,1,0,,0,,35.32,5.94,3.67,ST12_Surabaya,
SHPM004132,AWB260004132,2026-02-19 02:33:42.848563,2026-02-19 02:53:42.848563,2026-02-19 03:28:42.848563,2026-02-19 08:34:36.496937,2026-02-19 09:07:36.496937,2026-02-19 09:57:36.496937,2026-02-19 11:39:39.634846,2026-02-19 20:26:57.869177,2026-02-20 09:32:46.737929,2026-02-20 22:40:32.294560,2026-02-21 21:50:35.172475,2026-02-22 02:33:42.848563,Delivered,Closed,SHP035,Shipper 035,Enterprise,Jabodetabek,ST04_Bekasi,HB01_JKT_GATEWAY,Outer Java,ST17_Makassar,HB06_EASTERN_GATEWAY,Inter-Region,Regular,Prepaid,CR037,Truck,0.74,1.14,1.14,2596182,17130,12886,8,1,0,,33.0,72,1,0,,1,0,,0,,67.28,1.7,13.1,ST17_Makassar,
SHPM004133,AWB260004133,2026-02-21 17:45:14.110526,2026-02-21 18:23:14.110526,2026-02-21 18:45:14.110526,2026-02-21 22:26:29.678750,2026-02-21 22:37:29.678750,2026-02-21 23:01:29.678750,2026-02-22 02:01:40.831552,2026-02-22 09:23:05.870098,2026-02-22 15:49:41.234787,2026-02-23 04:20:50.972138,2026-02-23 17:22:01.876628,2026-02-24 17:45:14.110526,Delivered,Closed,SHP061,Shipper 061,Enterprise,Outer Java,ST17_Makassar,HB06_EASTERN_GATEWAY,Jabodetabek,ST02_JKT_West,HB01_JKT_GATEWAY,Inter-Region,Regular,Prepaid,CR154,Van,1.35,1.33,1.35,980133,18075,15846,8,1,0,,11.0,72,1,0,,1,0,,0,,47.61,3.0,6.44,ST02_JKT_West,
SHPM004134,AWB260004134,2026-03-11 23:46:06.553939,2026-03-12 00:00:06.553939,2026-03-12 00:51:06.553939,2026-03-12 04:10:20.975553,2026-03-12 04:58:20.975553,2026-03-12 05:52:20.975553,2026-03-12 10:52:41.322660,2026-03-12 14:24:35.677682,2026-03-13 00:04:51.118613,2026-03-13 13:24:37.790303,2026-03-13 22:43:20.650264,2026-03-13 11:46:06.553939,Delivered,Closed,SHP038,Shipper 038,Marketplace,Jabodetabek,ST03_JKT_East,HB01_JKT_GATEWAY,Outer Java,ST17_Makassar,HB06_EASTERN_GATEWAY,Inter-Region,Next Day,Prepaid,CR029,Bike,0.45,0.46,0.46,180215,22070,12141,4,0,0,,48.0,36,0,0,,1,0,,0,,46.95,5.01,9.67,ST17_Makassar,First Mile Delay
SHPM004135,AWB260004135,2026-02-17 16:12:56.383367,2026-02-17 16:50:56.383367,2026-02-17 17:26:56.383367,2026-02-17 20:07:33.809904,2026-02-17 20:17:33.809904,2026-02-17 22:10:33.809904,2026-02-18 02:46:51.705889,2026-02-18 08:40:10.790684,2026-02-18 17:54:13.893501,2026-02-19 04:04:02.742670,2026-02-19 11:22:21.079277,2026-02-19 04:12:56.383367,Delivered,Closed,SHP067,Shipper 067,SME,East Java,ST14_Kediri,HB03_SBY_GATEWAY,Jabodetabek,ST05_Tangerang,HB01_JKT_GATEWAY,Inter-Region,Next Day,COD,CR135,Van,2.29,2.17,2.29,846169,34305,31401,4,1,0,,10.0,36,0,0,,1,0,,0,,43.16,4.6,9.23,ST05_Tangerang,Last Mile Delay
SHPM004136,AWB260004136,2026-03-15 02:38:34.611699,2026-03-15 03:07:34.611699,2026-03-15 03:35:34.611699,2026-03-15 06:10:29.449936,2026-03-15 06:48:29.449936,2026-03-15 08:23:29.449936,2026-03-15 09:34:26.143364,2026-03-15 16:23:08.664125,2026-03-15 19:12:06.208925,2026-03-16 08:44:00.470671,2026-03-16 11:04:07.699462,2026-03-16 14:38:34.611699,Delivered,Closed,SHP096,Shipper 096,Marketplace,Jabodetabek,ST02_JKT_West,HB01_JKT_GATEWAY,East Java,ST14_Kediri,HB03_SBY_GATEWAY,Inter-Region,Next Day,Prepaid,CR017,Truck,4.68,4.68,4.68,1428395,41060,36729,4,1,0,,38.0,36,1,0,,1,0,,0,,32.43,1.18,2.82,ST14_Kediri,
SHPM004137,AWB260004137,2026-02-17 10:14:26.620309,2026-02-17 10:33:26.620309,2026-02-17 10:55:26.620309,2026-02-17 15:10:19.558839,2026-02-17 16:09:19.558839,2026-02-17 16:42:19.558839,2026-02-17 18:18:53.911013,2026-02-18 02:30:46.099451,2026-02-18 14:13:37.446972,2026-02-18 21:45:23.180533,2026-02-19 18:15:14.287398,2026-02-20 10:14:26.620309,Delivered,Closed,SHP097,Shipper 097,SME,Jabodetabek,ST03_JKT_East,HB01_JKT_GATEWAY,Outer Java,ST19_Denpasar,HB06_EASTERN_GATEWAY,Inter-Region,Regular,Prepaid,CR023,Van,0.45,0.43,0.45,370053,14025,12106,8,1,0,,59.0,72,1,0,,1,0,,0,,56.01,1.61,11.71,ST19_Denpasar,
SHPM004138,AWB260004138,2026-03-12 05:13:46.533191,2026-03-12 05:24:46.533191,2026-03-12 05:53:46.533191,2026-03-12 07:27:35.961292,2026-03-12 08:51:35.961292,2026-03-12 09:38:35.961292,2026-03-12 14:02:24.657544,2026-03-12 19:37:39.370466,2026-03-13 01:59:14.429794,2026-03-13 12:09:51.130017,2026-03-14 05:34:25.552209,2026-03-13 17:13:46.533191,Delivered,Closed,SHP005,Shipper 005,Enterprise,Central Java,ST09_Semarang,HB04_CTG_NATIONAL,Outer Java,ST19_Denpasar,HB06_EASTERN_GATEWAY,Inter-Region,Next Day,Prepaid,CR085,Van,1.16,1.38,1.38,562612,26210,15595,4,1,0,,84.0,36,0,0,,1,0,,0,,48.34,4.4,6.36,ST19_Denpasar,Remote Area
SHPM004139,AWB260004139,2026-02-25 20:49:34.614815,2026-02-25 21:06:34.614815,2026-02-25 21:28:34.614815,2026-02-25 22:55:34.717470,2026-02-25 23:19:34.717470,2026-02-26 01:17:34.717470,2026-02-26 03:15:41.758334,2026-02-26 08:54:07.147936,2026-02-26 14:45:18.041258,2026-02-27 02:47:31.983627,2026-02-27 11:06:47.850208,2026-02-27 08:49:34.614815,Delivered,Closed,SHP079,Shipper 079,Marketplace,East Java,ST13_Malang,HB03_SBY_GATEWAY,Jabodetabek,ST04_Bekasi,HB01_JKT_GATEWAY,Inter-Region,Next Day,Prepaid,CR116,Truck,1.82,1.99,1.99,1329063,28955,19082,4,1,0,,24.0,36,0,0,,1,0,,0,,38.29,1.97,5.85,ST04_Bekasi,Last Mile Delay
SHPM004140,AWB260004140,2026-03-10 20:37:32.308605,2026-03-10 20:57:32.308605,2026-03-10 21:12:32.308605,2026-03-10 23:53:15.871389,2026-03-11 00:51:15.871389,2026-03-11 02:34:15.871389,2026-03-11 08:25:03.470385,2026-03-11 16:43:23.334277,2026-03-12 02:06:55.431356,2026-03-12 19:50:42.213332,2026-03-13 02:31:30.870154,2026-03-12 08:37:32.308605,Delivered,Closed,SHP089,Shipper 089,Enterprise,Central Java,ST11_Yogyakarta,HB04_CTG_NATIONAL,Outer Java,ST17_Makassar,HB06_EASTERN_GATEWAY,Inter-Region,Next Day,COD,CR101,Bike,6.03,9.37,9.37,374732,66165,61681,4,1,0,,58.0,36,0,0,,1,0,,0,,53.9,5.85,9.39,ST17_Makassar,Remote Area
SHPM004141,AWB260004141,2026-03-14 10:08:58.149175,2026-03-14 10:44:58.149175,2026-03-14 11:12:58.149175,2026-03-14 12:08:13.552725,2026-03-14 13:15:13.552725,2026-03-14 14:48:13.552725,2026-03-14 17:40:53.346773,2026-03-15 02:11:07.410774,2026-03-15 11:30:01.839644,2026-03-16 02:24:07.962102,2026-03-16 13:10:07.485522,2026-03-15 22:08:58.149175,Delivered,Closed,SHP082,Shipper 082,SME,Outer Java,ST19_Denpasar,HB06_EASTERN_GATEWAY,West Java,ST06_Bandung,HB01_JKT_GATEWAY,Inter-Region,Next Day,Prepaid,CR178,Truck,3.37,3.41,3.41,326918,35345,20015,4,1,0,,67.0,36,0,0,,1,0,,0,,51.02,2.88,9.32,ST06_Bandung,Last Mile Delay
SHPM004142,AWB260004142,2026-03-02 19:39:01.435801,2026-03-02 20:13:01.435801,2026-03-02 21:07:01.435801,2026-03-02 23:27:13.490046,2026-03-03 00:01:13.490046,2026-03-03 01:55:13.490046,2026-03-03 06:11:28.907398,2026-03-03 15:43:55.431809,2026-03-03 21:51:13.870157,2026-03-04 09:00:43.932251,2026-03-04 15:59:48.783301,2026-03-04 07:39:01.435801,Delivered,Closed,SHP088,Shipper 088,SME,Outer Java,ST20_Banjarmasin,HB06_EASTERN_GATEWAY,Jabodetabek,ST01_JKT_Central,HB01_JKT_GATEWAY,Inter-Region,Next Day,Prepaid,CR184,Truck,0.71,0.71,0.71,1035267,23195,13253,4,1,0,,34.0,36,0,0,,1,0,,0,,44.35,4.27,6.12,ST01_JKT_Central,Last Mile Delay
SHPM004143,AWB260004143,2026-03-26 17:40:37.017948,2026-03-26 18:11:37.017948,2026-03-26 18:22:37.017948,2026-03-26 20:46:10.979885,2026-03-26 21:10:10.979885,2026-03-26 21:39:10.979885,2026-03-26 22:52:12.095271,2026-03-27 03:53:58.805252,2026-03-27 05:31:12.520986,2026-03-27 20:04:45.377063,2026-03-28 00:42:22.942414,2026-03-28 05:40:37.017948,Delivered,Closed,SHP064,Shipper 064,Marketplace,Jabodetabek,ST01_JKT_Central,HB01_JKT_GATEWAY,Central Java,ST11_Yogyakarta,HB04_CTG_NATIONAL,Inter-Region,Next Day,Prepaid,CR008,Truck,1.37,1.39,1.39,1122133,26255,17016,4,1,0,,24.0,36,1,0,,1,0,,0,,31.03,1.22,1.62,ST11_Yogyakarta,
SHPM004144,AWB260004144,2026-02-27 07:32:05.948191,2026-02-27 07:39:05.948191,2026-02-27 08:18:05.948191,,,,,,,,,2026-03-02 07:32:05.948191,Failed Pickup,Exception,SHP070,Shipper 070,Enterprise,Jabodetabek,ST04_Bekasi,HB01_JKT_GATEWAY,West Java,ST08_Bogor,HB01_JKT_GATEWAY,Inter-Region,Regular,COD,CR034,Van,2.28,2.78,2.78,348700,28510,17024,8,0,1,Shipper Closed,,72,0,0,,0,0,,0,,916.47,,,ST04_Bekasi,
SHPM004145,AWB260004145,2026-02-16 15:38:06.966102,2026-02-16 15:43:06.966102,2026-02-16 16:37:06.966102,2026-02-16 20:38:40.035661,2026-02-16 20:46:40.035661,2026-02-16 21:18:40.035661,2026-02-16 23:03:27.533981,2026-02-17 05:02:33.440056,2026-02-17 10:48:32.024201,2026-02-17 20:45:50.903657,2026-02-18 05:17:54.191621,2026-02-19 15:38:06.966102,Delivered,Closed,SHP005,Shipper 005,Enterprise,Central Java,ST11_Yogyakarta,HB04_CTG_NATIONAL,Jabodetabek,ST03_JKT_East,HB01_JKT_GATEWAY,Inter-Region,Regular,Prepaid,CR103,Bike,0.53,0.53,0.53,335266,14385,9660,8,1,0,,8.0,72,1,0,,1,0,,0,,37.66,1.75,5.77,ST03_JKT_East,
SHPM004146,AWB260004146,2026-02-15 21:28:08.850518,2026-02-15 21:58:08.850518,2026-02-15 22:32:08.850518,2026-02-16 05:29:29.235722,2026-02-16 05:37:29.235722,2026-02-16 07:32:29.235722,2026-02-16 13:26:44.646453,2026-02-16 16:03:38.658338,2026-02-17 01:22:22.968173,2026-02-17 19:13:53.340248,2026-02-18 05:04:09.185469,2026-02-18 21:28:08.850518,Delivered,Closed,SHP008,Shipper 008,SME,Outer Java,ST16_Palembang,HB05_SUMATRA_GATEWAY,West Java,ST07_Cirebon,HB02_BDG_TRANSIT,Inter-Region,Regular,COD,CR147,Bike,2.84,2.89,2.89,2221740,29005,23675,8,1,0,,8.0,72,1,0,,1,0,,0,,55.6,5.9,9.31,ST07_Cirebon,
SHPM004147,AWB260004147,2026-03-14 22:49:42.163118,2026-03-14 23:25:42.163118,2026-03-14 23:40:42.163118,2026-03-15 02:37:26.704533,2026-03-15 03:35:26.704533,2026-03-15 05:31:26.704533,2026-03-15 09:52:22.924294,2026-03-15 18:39:53.261426,2026-03-16 07:52:51.720400,2026-03-16 23:22:01.326613,2026-03-17 11:11:38.279190,2026-03-16 10:49:42.163118,Delivered,Closed,SHP065,Shipper 065,Marketplace,Jabodetabek,ST01_JKT_Central,HB01_JKT_GATEWAY,Outer Java,ST19_Denpasar,HB06_EASTERN_GATEWAY,Inter-Region,Next Day,Prepaid,CR008,Bike,1.9,2.33,2.33,545629,30485,26377,4,1,0,,58.0,36,0,0,,1,0,,0,,60.37,4.35,13.22,ST19_Denpasar,Hub Bottleneck
SHPM004148,AWB260004148,2026-03-11 22:42:15.409388,2026-03-11 23:00:15.409388,2026-03-11 23:44:15.409388,2026-03-12 02:27:10.910746,2026-03-12 03:33:10.910746,2026-03-12 04:49:10.910746,2026-03-12 06:03:36.537387,2026-03-12 14:52:50.682143,2026-03-12 22:50:32.309900,2026-03-13 06:23:02.463409,2026-03-13 10:09:46.645359,2026-03-13 10:42:15.409388,Delivered,Closed,SHP062,Shipper 062,Enterprise,Jabodetabek,ST01_JKT_Central,HB01_JKT_GATEWAY,West Java,ST08_Bogor,HB01_JKT_GATEWAY,Inter-Region,Next Day,COD,CR006,Van,2.53,3.0,3.0,964546,37500,33178,4,1,0,,66.0,36,1,0,,1,0,,0,,35.46,1.24,7.96,ST08_Bogor,
SHPM004149,AWB260004149,2026-03-16 12:03:48.986478,2026-03-16 12:37:48.986478,2026-03-16 13:12:48.986478,2026-03-16 14:27:44.294925,2026-03-16 15:07:44.294925,2026-03-16 16:06:44.294925,2026-03-16 21:41:47.611553,2026-03-17 02:47:34.644580,2026-03-17 04:30:13.879036,2026-03-17 11:30:28.272436,2026-03-17 18:12:41.266560,2026-03-18 00:03:48.986478,Delivered,Closed,SHP071,Shipper 071,Enterprise,Jabodetabek,ST04_Bekasi,HB01_JKT_GATEWAY,West Java,ST06_Bandung,HB01_JKT_GATEWAY,Inter-Region,Next Day,COD,CR031,Truck,0.54,0.54,0.54,2743961,26430,20385,4,1,0,,40.0,36,1,0,,1,0,,0,,30.15,5.58,1.71,ST06_Bandung,
SHPM004150,AWB260004150,2026-03-05 20:34:09.536580,2026-03-05 21:10:09.536580,2026-03-05 21:31:09.536580,2026-03-06 01:15:59.413592,2026-03-06 01:47:59.413592,2026-03-06 02:53:59.413592,2026-03-06 03:54:19.352677,2026-03-06 06:49:47.527703,2026-03-06 14:51:43.532702,2026-03-07 06:44:38.724879,2026-03-07 13:10:20.099291,2026-03-07 08:34:09.536580,Delivered,Closed,SHP083,Shipper 083,Marketplace,Jabodetabek,ST03_JKT_East,HB01_JKT_GATEWAY,Central Java,ST10_Solo,HB04_CTG_NATIONAL,Inter-Region,Next Day,COD,CR022,Truck,0.51,0.48,0.51,369397,26295,19581,4,0,0,,32.0,36,0,0,,1,0,,0,,40.6,1.01,8.03,ST10_Solo,First Mile Delay
SHPM004151,AWB260004151,2026-02-20 16:45:14.226707,2026-02-20 17:07:14.226707,2026-02-20 17:26:14.226707,2026-02-20 23:36:41.706478,2026-02-21 00:16:41.706478,2026-02-21 00:47:41.706478,2026-02-21 04:33:05.655616,2026-02-21 12:25:56.355556,2026-02-21 17:36:40.502841,2026-02-22 06:05:53.131702,2026-02-22 10:46:26.584949,2026-02-23 16:45:14.226707,Delivered,Closed,SHP007,Shipper 007,SME,Jabodetabek,ST05_Tangerang,HB01_JKT_GATEWAY,West Java,ST07_Cirebon,HB02_BDG_TRANSIT,Inter-Region,Regular,COD,CR044,Bike,0.84,0.87,0.87,532598,19915,18204,8,1,0,,40.0,72,1,0,,1,0,,0,,42.02,3.76,5.18,ST07_Cirebon,
SHPM004152,AWB260004152,2026-02-26 13:58:41.508495,2026-02-26 14:29:41.508495,2026-02-26 14:43:41.508495,2026-02-26 19:01:41.516720,2026-02-26 19:59:41.516720,2026-02-26 20:58:41.516720,2026-02-26 23:55:20.381876,2026-02-27 07:02:31.502117,2026-02-27 09:50:29.180249,2026-02-28 00:16:37.127852,2026-02-28 15:00:54.180936,2026-03-01 13:58:41.508495,Delivered,Closed,SHP061,Shipper 061,Enterprise,Outer Java,ST17_Makassar,HB06_EASTERN_GATEWAY,Jabodetabek,ST03_JKT_East,HB01_JKT_GATEWAY,Inter-Region,Regular,Prepaid,CR157,Bike,0.34,0.36,0.36,1361356,13620,11198,8,1,0,,58.0,72,1,0,,1,0,,0,,49.04,2.94,2.8,ST03_JKT_East,
SHPM004153,AWB260004153,2026-02-26 10:10:06.539609,2026-02-26 10:47:06.539609,2026-02-26 11:03:06.539609,2026-02-26 12:57:54.262501,2026-02-26 13:46:54.262501,2026-02-26 14:08:54.262501,2026-02-26 18:48:26.716087,2026-02-26 22:23:24.364554,2026-02-27 13:34:14.570180,2026-02-27 19:33:38.434440,2026-02-28 09:50:25.361432,2026-03-01 10:10:06.539609,Delivered,Closed,SHP070,Shipper 070,Enterprise,Jabodetabek,ST04_Bekasi,HB01_JKT_GATEWAY,Outer Java,ST15_Medan,HB05_SUMATRA_GATEWAY,Inter-Region,Regular,Prepaid,CR041,Van,1.47,1.45,1.47,720846,18615,13872,8,1,0,,49.0,72,1,0,,1,0,,0,,47.67,4.66,15.18,ST15_Medan,
SHPM004154,AWB260004154,2026-03-25 07:10:19.271687,2026-03-25 07:47:19.271687,2026-03-25 08:15:19.271687,2026-03-25 14:23:06.605836,2026-03-25 15:00:06.605836,2026-03-25 16:22:06.605836,2026-03-25 18:25:00.121470,2026-03-25 22:12:50.293455,2026-03-26 20:03:18.605032,2026-03-26 22:49:31.427614,2026-03-27 11:24:52.712697,2026-03-27 07:10:19.271687,Delivered,Closed,SHP055,Shipper 055,Marketplace,East Java,ST14_Kediri,HB03_SBY_GATEWAY,East Java,ST14_Kediri,HB03_SBY_GATEWAY,Intra-Region,Regular,Prepaid,CR128,Bike,1.86,1.83,1.86,518952,20370,16313,8,1,0,,37.0,48,0,0,,1,0,,0,,52.24,2.05,21.84,ST14_Kediri,Hub Bottleneck
SHPM004155,AWB260004155,2026-03-14 21:11:23.586720,2026-03-14 21:40:23.586720,2026-03-14 22:00:23.586720,2026-03-15 05:59:17.073003,2026-03-15 06:47:17.073003,2026-03-15 07:06:17.073003,2026-03-15 11:35:15.723555,2026-03-15 14:28:28.063878,2026-03-15 21:10:14.625952,2026-03-16 07:21:16.625883,2026-03-16 11:53:59.388329,2026-03-17 21:11:23.586720,Delivered,Closed,SHP057,Shipper 057,SME,Central Java,ST11_Yogyakarta,HB04_CTG_NATIONAL,East Java,ST14_Kediri,HB03_SBY_GATEWAY,Inter-Region,Regular,Prepaid,CR103,Bike,1.19,1.29,1.29,635973,17805,14960,8,0,0,,48.0,72,1,0,,1,0,,0,,38.71,4.48,6.7,ST14_Kediri,
SHPM004156,AWB260004156,2026-03-31 02:36:38.412619,2026-03-31 02:44:38.412619,2026-03-31 03:18:38.412619,2026-03-31 04:16:06.756219,2026-03-31 04:47:06.756219,2026-03-31 06:47:06.756219,2026-03-31 08:23:51.552079,2026-03-31 11:02:32.812854,2026-03-31 19:36:09.769134,2026-04-01 10:52:17.073402,2026-04-01 16:07:03.319341,2026-04-01 14:36:38.412619,Delivered,Closed,SHP061,Shipper 061,Enterprise,Outer Java,ST17_Makassar,HB06_EASTERN_GATEWAY,Central Java,ST09_Semarang,HB04_CTG_NATIONAL,Inter-Region,Next Day,Prepaid,CR155,Bike,1.49,1.59,1.59,279256,27155,21459,4,1,0,,31.0,36,0,0,,1,0,,0,,37.51,1.61,8.56,ST09_Semarang,Last Mile Delay
SHPM004157,AWB260004157,2026-03-23 03:06:56.475267,2026-03-23 03:19:56.475267,2026-03-23 03:46:56.475267,2026-03-23 11:24:17.222652,2026-03-23 11:53:17.222652,2026-03-23 13:07:17.222652,2026-03-23 14:44:07.008503,2026-03-23 19:32:30.639815,2026-03-24 09:23:44.874301,2026-03-24 15:50:06.855201,2026-03-24 22:40:13.340488,2026-03-26 03:06:56.475267,Delivered,Closed,SHP055,Shipper 055,Marketplace,East Java,ST14_Kediri,HB03_SBY_GATEWAY,Central Java,ST09_Semarang,HB04_CTG_NATIONAL,Inter-Region,Regular,Prepaid,CR135,Bike,1.31,1.36,1.36,509674,18120,14273,8,0,0,,29.0,72,1,0,,1,0,,0,,43.55,1.61,13.85,ST09_Semarang,
SHPM004158,AWB260004158,2026-02-21 23:17:53.458838,2026-02-21 23:52:53.458838,2026-02-22 00:21:53.458838,2026-02-22 03:31:08.775981,2026-02-22 04:00:08.775981,2026-02-22 05:26:08.775981,2026-02-22 10:44:05.507208,2026-02-22 18:32:16.701986,2026-02-23 03:45:23.271774,2026-02-23 20:06:17.067839,2026-02-23 23:24:46.117750,2026-02-23 11:17:53.458838,Delivered,Closed,SHP095,Shipper 095,Enterprise,Central Java,ST11_Yogyakarta,HB04_CTG_NATIONAL,Jabodetabek,ST03_JKT_East,HB01_JKT_GATEWAY,Inter-Region,Next Day,COD,CR105,Van,0.24,0.27,0.27,118042,25215,18700,4,1,0,,29.0,36,0,0,,1,0,,0,,48.11,5.3,9.22,ST03_JKT_East,Last Mile Delay
SHPM004159,AWB260004159,2026-02-16 04:17:44.091384,2026-02-16 05:02:44.091384,2026-02-16 05:17:44.091384,2026-02-16 08:28:30.844916,2026-02-16 08:42:30.844916,2026-02-16 09:18:30.844916,2026-02-16 13:55:24.283520,2026-02-16 18:29:44.705673,2026-02-17 03:13:21.027992,2026-02-17 13:08:34.827923,2026-02-17 18:49:06.005909,2026-02-19 04:17:44.091384,Delivered,Closed,SHP048,Shipper 048,Enterprise,Outer Java,ST17_Makassar,HB06_EASTERN_GATEWAY,West Java,ST08_Bogor,HB01_JKT_GATEWAY,Inter-Region,Regular,COD,CR161,Truck,2.81,4.03,4.03,742869,34135,26574,8,1,0,,14.0,72,1,0,,1,0,,0,,38.52,4.61,8.73,ST08_Bogor,
SHPM004160,AWB260004160,2026-02-28 04:30:49.208064,2026-02-28 04:36:49.208064,2026-02-28 04:58:49.208064,2026-02-28 12:06:28.541711,2026-02-28 12:39:28.541711,2026-02-28 13:56:28.541711,2026-02-28 18:13:15.592005,2026-02-28 23:22:43.026393,2026-03-01 09:22:23.713020,2026-03-01 17:28:49.983715,2026-03-01 21:53:33.281165,2026-03-03 04:30:49.208064,Delivered,Closed,SHP056,Shipper 056,Enterprise,Jabodetabek,ST03_JKT_East,HB01_JKT_GATEWAY,East Java,ST12_Surabaya,HB03_SBY_GATEWAY,Inter-Region,Regular,Prepaid,CR024,Van,1.22,1.2,1.22,644563,17490,12607,8,1,0,,33.0,72,1,0,,1,0,,0,,41.38,4.28,9.99,ST12_Surabaya,
SHPM004161,AWB260004161,2026-03-15 13:19:16.377032,2026-03-15 13:25:16.377032,2026-03-15 13:33:16.377032,2026-03-15 15:05:11.532799,2026-03-15 15:50:11.532799,2026-03-15 17:44:11.532799,2026-03-15 19:38:20.400353,2026-03-15 23:51:23.964967,2026-03-16 02:24:30.429517,2026-03-16 04:52:53.314771,2026-03-16 06:08:14.976278,2026-03-15 23:19:16.377032,Delivered,Closed,SHP071,Shipper 071,Enterprise,Jabodetabek,ST01_JKT_Central,HB01_JKT_GATEWAY,Jabodetabek,ST04_Bekasi,HB01_JKT_GATEWAY,Intra-Region,Same Day,COD,CR011,Bike,4.01,3.9,4.01,851261,49045,30727,2,1,0,,45.0,10,0,0,,1,0,,0,,16.82,1.9,2.55,ST04_Bekasi,Last Mile Delay
SHPM004162,AWB260004162,2026-03-08 00:03:58.982750,2026-03-08 00:09:58.982750,2026-03-08 00:45:58.982750,2026-03-08 02:08:37.076009,2026-03-08 02:44:37.076009,2026-03-08 03:04:37.076009,2026-03-08 04:28:59.269556,2026-03-08 07:11:10.257090,2026-03-08 15:25:23.282559,2026-03-08 21:04:38.118847,2026-03-08 22:14:58.244958,2026-03-08 16:03:58.982750,Delivered,Closed,SHP056,Shipper 056,Enterprise,Jabodetabek,ST03_JKT_East,HB01_JKT_GATEWAY,Central Java,ST10_Solo,HB04_CTG_NATIONAL,Inter-Region,Same Day,Prepaid,CR030,Van,0.37,0.39,0.39,260020,28755,21984,2,1,0,,36.0,16,0,0,,1,0,,0,,22.18,1.41,8.24,ST10_Solo,Last Mile Delay
SHPM004163,AWB260004163,2026-03-10 23:55:01.444699,2026-03-11 00:15:01.444699,2026-03-11 00:43:01.444699,2026-03-11 07:48:31.608112,2026-03-11 08:44:31.608112,2026-03-11 10:32:31.608112,2026-03-11 11:54:02.953387,2026-03-11 19:11:56.071479,2026-03-11 22:27:31.286642,2026-03-12 05:46:27.980875,2026-03-12 14:08:37.741953,2026-03-13 23:55:01.444699,Delivered,Closed,SHP045,Shipper 045,Marketplace,Jabodetabek,ST03_JKT_East,HB01_JKT_GATEWAY,Central Java,ST11_Yogyakarta,HB04_CTG_NATIONAL,Inter-Region,Regular,Prepaid,CR024,Bike,1.58,1.74,1.74,2004876,19830,16010,8,1,0,,56.0,72,1,0,,1,0,,0,,38.23,1.36,3.26,ST11_Yogyakarta,
SHPM004164,AWB260004164,2026-02-16 16:23:55.508126,2026-02-16 16:28:55.508126,2026-02-16 17:08:55.508126,2026-02-16 20:58:30.174737,2026-02-16 21:27:30.174737,2026-02-16 22:22:30.174737,2026-02-17 01:03:41.363544,2026-02-17 03:23:35.082557,2026-02-17 09:51:00.161127,2026-02-18 03:01:55.636998,2026-02-18 05:09:52.111993,2026-02-18 04:23:55.508126,Delivered,Closed,SHP097,Shipper 097,SME,Jabodetabek,ST03_JKT_East,HB01_JKT_GATEWAY,East Java,ST14_Kediri,HB03_SBY_GATEWAY,Inter-Region,Next Day,Prepaid,CR028,Bike,0.97,1.04,1.04,1674659,24680,17154,4,0,0,,29.0,36,0,0,,1,0,,0,,36.77,2.69,6.46,ST14_Kediri,First Mile Delay
SHPM004165,AWB260004165,2026-03-23 09:10:38.729390,2026-03-23 09:40:38.729390,2026-03-23 09:45:38.729390,2026-03-23 18:28:51.584160,2026-03-23 19:12:51.584160,2026-03-23 20:00:51.584160,2026-03-23 22:35:49.490751,2026-03-24 02:13:37.117457,2026-03-24 06:14:14.901323,2026-03-24 14:19:26.636291,2026-03-25 04:34:34.424062,2026-03-25 09:10:38.729390,Delivered,Closed,SHP043,Shipper 043,Marketplace,Central Java,ST09_Semarang,HB04_CTG_NATIONAL,Central Java,ST11_Yogyakarta,HB04_CTG_NATIONAL,Intra-Region,Regular,Prepaid,CR088,Bike,1.94,1.94,1.94,317549,20730,14665,8,0,0,,44.0,48,1,0,,1,0,,0,,43.4,2.58,4.01,ST11_Yogyakarta,
SHPM004166,AWB260004166,2026-03-13 05:17:56.406392,2026-03-13 05:37:56.406392,2026-03-13 06:02:56.406392,,,,,,,,,2026-03-16 05:17:56.406392,Failed Pickup,Exception,SHP041,Shipper 041,SME,West Java,ST08_Bogor,HB01_JKT_GATEWAY,East Java,ST12_Surabaya,HB03_SBY_GATEWAY,Inter-Region,Regular,Prepaid,CR077,Van,0.64,1.01,1.01,365026,16545,11289,8,0,1,Shipper Not Ready,,72,0,0,,0,0,,0,,582.7,,,ST08_Bogor,
SHPM004167,AWB260004167,2026-03-16 14:50:43.037059,2026-03-16 15:15:43.037059,2026-03-16 15:48:43.037059,2026-03-16 22:18:08.923170,2026-03-16 22:45:08.923170,2026-03-16 23:44:08.923170,2026-03-17 04:32:37.071295,2026-03-17 08:56:26.746409,2026-03-17 14:23:25.175885,2026-03-18 01:53:25.169019,2026-03-18 16:01:55.082466,2026-03-19 14:50:43.037059,Delivered,Closed,SHP001,Shipper 001,Marketplace,Jabodetabek,ST03_JKT_East,HB01_JKT_GATEWAY,West Java,ST07_Cirebon,HB02_BDG_TRANSIT,Inter-Region,Regular,Prepaid,CR023,Bike,3.12,2.89,3.12,1296967,26040,19289,8,1,0,,27.0,72,1,0,,1,0,,0,,49.19,4.81,5.45,ST07_Cirebon,
SHPM004168,AWB260004168,2026-03-31 16:23:35.949164,2026-03-31 16:55:35.949164,2026-03-31 17:30:35.949164,2026-03-31 18:55:58.633436,2026-03-31 19:36:58.633436,2026-03-31 20:09:58.633436,2026-03-31 21:19:04.117581,2026-04-01 00:30:58.383739,2026-04-01 10:13:51.919647,2026-04-01 21:50:48.397464,2026-04-02 01:47:34.698884,2026-04-02 04:23:35.949164,Delivered,Closed,SHP017,Shipper 017,Marketplace,Outer Java,ST16_Palembang,HB05_SUMATRA_GATEWAY,East Java,ST14_Kediri,HB03_SBY_GATEWAY,Inter-Region,Next Day,Prepaid,CR146,Truck,2.0,1.86,2.0,263095,29000,24504,4,1,0,,41.0,36,1,0,,1,0,,0,,33.4,1.15,9.71,ST14_Kediri,
SHPM004169,AWB260004169,2026-02-26 04:11:51.508457,2026-02-26 04:43:51.508457,2026-02-26 05:31:51.508457,2026-02-26 08:23:42.892266,2026-02-26 08:34:42.892266,2026-02-26 10:16:42.892266,2026-02-26 12:41:50.267843,2026-02-26 15:37:26.875932,2026-02-27 04:20:19.388508,2026-02-27 11:13:43.198740,2026-02-27 22:03:10.660202,2026-02-27 04:11:51.508457,Delivered,Closed,SHP082,Shipper 082,SME,Outer Java,ST16_Palembang,HB05_SUMATRA_GATEWAY,Outer Java,ST18_Balikpapan,HB06_EASTERN_GATEWAY,Intra-Region,Next Day,COD,CR147,Van,1.29,1.18,1.29,1687925,29805,16802,4,1,0,,11.0,24,0,0,,1,0,,0,,41.86,2.42,12.71,ST18_Balikpapan,Hub Bottleneck
SHPM004170,AWB260004170,2026-02-26 19:31:30.228728,2026-02-26 19:54:30.228728,2026-02-26 20:40:30.228728,2026-02-26 22:38:48.339015,2026-02-26 22:58:48.339015,2026-02-27 00:43:48.339015,2026-02-27 02:40:04.530032,2026-02-27 05:07:18.308592,2026-02-27 08:34:45.906653,2026-02-27 18:33:50.281040,2026-02-28 07:30:04.083615,2026-03-01 19:31:30.228728,Delivered,Closed,SHP007,Shipper 007,SME,Jabodetabek,ST05_Tangerang,HB01_JKT_GATEWAY,West Java,ST06_Bandung,HB01_JKT_GATEWAY,Inter-Region,Regular,Prepaid,CR045,Van,0.62,0.8,0.8,1561103,15600,13819,8,1,0,,20.0,72,1,0,,1,0,,0,,35.98,1.94,3.46,ST06_Bandung,
SHPM004171,AWB260004171,2026-03-11 10:24:37.873771,2026-03-11 10:40:37.873771,2026-03-11 11:18:37.873771,,,,,,,,,2026-03-14 10:24:37.873771,Failed Pickup,Exception,SHP056,Shipper 056,Enterprise,Jabodetabek,ST03_JKT_East,HB01_JKT_GATEWAY,Outer Java,ST17_Makassar,HB06_EASTERN_GATEWAY,Inter-Region,Regular,COD,CR022,Bike,1.56,1.56,1.56,895205,23020,13531,8,0,1,Schedule Miss,,72,0,0,,0,0,,0,,625.59,,,ST03_JKT_East,
SHPM004172,AWB260004172,2026-03-17 04:36:05.155979,2026-03-17 04:54:05.155979,2026-03-17 05:30:05.155979,2026-03-17 07:58:38.423616,2026-03-17 08:29:38.423616,2026-03-17 09:50:38.423616,2026-03-17 15:49:59.554987,2026-03-17 17:33:59.669019,2026-03-17 20:22:48.852353,2026-03-18 02:25:14.064692,2026-03-18 05:05:06.995896,2026-03-18 04:36:05.155979,Delivered,Closed,SHP017,Shipper 017,Marketplace,Outer Java,ST16_Palembang,HB05_SUMATRA_GATEWAY,Outer Java,ST15_Medan,HB05_SUMATRA_GATEWAY,Intra-Region,Next Day,Prepaid,CR152,Bike,0.41,0.42,0.42,331517,21890,16386,4,1,0,,31.0,24,0,0,,1,0,,0,,24.48,5.99,2.81,ST15_Medan,Remote Area
SHPM004173,AWB260004173,2026-03-05 18:21:54.868279,2026-03-05 18:59:54.868279,2026-03-05 19:34:54.868279,2026-03-05 20:49:12.882975,2026-03-05 21:31:12.882975,2026-03-05 21:59:12.882975,2026-03-06 02:54:11.411994,2026-03-06 12:10:32.105794,2026-03-06 14:17:59.318891,2026-03-06 23:49:21.746920,2026-03-07 05:10:55.202421,2026-03-06 10:21:54.868279,Delivered,Closed,SHP044,Shipper 044,Marketplace,Jabodetabek,ST05_Tangerang,HB01_JKT_GATEWAY,East Java,ST13_Malang,HB03_SBY_GATEWAY,Inter-Region,Same Day,Prepaid,CR053,Bike,1.86,1.94,1.94,210782,35730,23227,2,1,0,,42.0,16,0,0,,1,0,,0,,34.82,4.92,2.12,ST13_Malang,Last Mile Delay
SHPM004174,AWB260004174,2026-03-19 15:13:03.591303,2026-03-19 15:22:03.591303,2026-03-19 16:14:03.591303,2026-03-19 16:11:31.186665,2026-03-19 16:31:31.186665,2026-03-19 17:15:31.186665,2026-03-19 20:24:48.115592,2026-03-20 00:24:56.382877,2026-03-20 15:33:42.497727,2026-03-21 04:40:44.678289,2026-03-21 06:54:32.866164,2026-03-20 07:13:03.591303,Delivered,Closed,SHP016,Shipper 016,Marketplace,Jabodetabek,ST02_JKT_West,HB01_JKT_GATEWAY,Outer Java,ST18_Balikpapan,HB06_EASTERN_GATEWAY,Inter-Region,Same Day,Prepaid,CR017,Bike,1.19,1.61,1.61,1896705,34245,24773,2,1,0,,20.0,16,0,0,,1,0,,0,,39.69,3.15,15.15,ST18_Balikpapan,Hub Bottleneck
SHPM004175,AWB260004175,2026-03-02 15:22:08.948652,2026-03-02 15:28:08.948652,2026-03-02 16:30:08.948652,2026-03-02 16:45:46.125274,2026-03-02 17:08:46.125274,2026-03-02 18:13:46.125274,2026-03-02 20:35:23.941153,2026-03-02 22:37:25.261818,2026-03-03 12:03:24.433139,2026-03-04 02:42:03.717119,2026-03-04 16:02:11.359039,2026-03-04 03:22:08.948652,Delivered,Closed,SHP036,Shipper 036,Marketplace,West Java,ST08_Bogor,HB01_JKT_GATEWAY,Outer Java,ST15_Medan,HB05_SUMATRA_GATEWAY,Inter-Region,Next Day,COD,CR082,Van,0.45,0.47,0.47,401417,26115,24095,4,1,0,,23.0,36,0,0,,1,0,,0,,48.67,2.36,13.43,ST15_Medan,Hub Bottleneck
SHPM004176,AWB260004176,2026-02-15 09:36:26.334140,2026-02-15 10:11:26.334140,2026-02-15 10:27:26.334140,2026-02-15 17:44:12.156834,2026-02-15 18:54:12.156834,2026-02-15 20:01:12.156834,2026-02-15 23:22:39.168040,2026-02-16 03:35:59.576959,2026-02-16 07:29:18.876468,2026-02-16 10:59:15.874492,2026-02-16 16:00:06.121846,2026-02-17 09:36:26.334140,Delivered,Closed,SHP084,Shipper 084,Enterprise,Central Java,ST11_Yogyakarta,HB04_CTG_NATIONAL,Central Java,ST11_Yogyakarta,HB04_CTG_NATIONAL,Intra-Region,Regular,Prepaid,CR104,Bike,2.76,3.34,3.34,1676584,27030,22609,8,1,0,,70.0,48,1,0,,1,0,,0,,30.39,3.36,3.89,ST11_Yogyakarta,
SHPM004177,AWB260004177,2026-03-30 10:31:06.821026,2026-03-30 11:11:06.821026,2026-03-30 11:32:06.821026,2026-03-30 17:59:01.623785,2026-03-30 18:41:01.623785,2026-03-30 19:07:01.623785,2026-03-30 22:13:56.313258,2026-03-31 07:54:21.741914,2026-03-31 10:58:23.703914,2026-03-31 21:54:24.565432,2026-04-01 09:29:16.513398,2026-04-02 10:31:06.821026,Delivered,Closed,SHP054,Shipper 054,Marketplace,West Java,ST06_Bandung,HB01_JKT_GATEWAY,Jabodetabek,ST03_JKT_East,HB01_JKT_GATEWAY,Inter-Region,Regular,Prepaid,CR057,Bike,0.97,0.94,0.97,1683843,16365,11305,8,1,0,,42.0,72,1,0,,1,0,,0,,46.97,3.12,3.07,ST03_JKT_East,
SHPM004178,AWB260004178,2026-02-21 16:09:31.863322,2026-02-21 16:39:31.863322,2026-02-21 17:06:31.863322,2026-02-21 23:10:22.819252,2026-02-21 23:31:22.819252,2026-02-22 01:31:22.819252,2026-02-22 02:46:56.037892,2026-02-22 10:43:20.109618,2026-02-22 13:47:36.013964,2026-02-22 19:37:34.194291,2026-02-23 07:54:19.722858,2026-02-24 16:09:31.863322,Delivered,Closed,SHP072,Shipper 072,Enterprise,Outer Java,ST18_Balikpapan,HB06_EASTERN_GATEWAY,Central Java,ST11_Yogyakarta,HB04_CTG_NATIONAL,Inter-Region,Regular,COD,CR168,Truck,1.41,1.33,1.41,937882,22345,16941,8,1,0,,21.0,72,1,0,,1,0,,0,,39.75,1.26,3.07,ST11_Yogyakarta,
SHPM004179,AWB260004179,2026-03-22 08:00:03.577558,2026-03-22 08:38:03.577558,2026-03-22 09:00:03.577558,2026-03-22 17:11:25.469282,2026-03-22 18:03:25.469282,2026-03-22 19:14:25.469282,2026-03-22 22:32:55.209159,2026-03-22 23:40:52.388277,2026-03-23 07:29:01.514808,2026-03-23 13:54:34.611497,2026-03-24 02:15:37.252592,2026-03-24 08:00:03.577558,Delivered,Closed,SHP042,Shipper 042,Marketplace,Jabodetabek,ST05_Tangerang,HB01_JKT_GATEWAY,Jabodetabek,ST02_JKT_West,HB01_JKT_GATEWAY,Intra-Region,Regular,COD,CR051,Bike,1.73,1.56,1.73,133821,23785,22118,8,0,0,,52.0,48,1,0,,1,0,,0,,42.26,3.31,7.8,ST02_JKT_West,
SHPM004180,AWB260004180,2026-02-28 18:04:39.393833,2026-02-28 18:41:39.393833,2026-02-28 19:09:39.393833,2026-03-01 00:52:59.996363,2026-03-01 01:47:59.996363,2026-03-01 02:47:59.996363,2026-03-01 04:34:16.791597,2026-03-01 07:23:23.714904,2026-03-01 16:58:10.358099,2026-03-02 04:31:22.133968,2026-03-02 15:25:03.317771,2026-03-03 18:04:39.393833,Delivered,Closed,SHP081,Shipper 081,Marketplace,West Java,ST06_Bandung,HB01_JKT_GATEWAY,Central Java,ST09_Semarang,HB04_CTG_NATIONAL,Inter-Region,Regular,Prepaid,CR057,Van,0.83,0.92,0.92,2231329,16140,10253,8,1,0,,55.0,72,1,0,,1,0,,0,,45.34,1.77,9.58,ST09_Semarang,
SHPM004181,AWB260004181,2026-02-16 11:23:18.139099,2026-02-16 11:28:18.139099,2026-02-16 11:52:18.139099,2026-02-16 13:17:04.183315,2026-02-16 13:46:04.183315,2026-02-16 15:15:04.183315,2026-02-16 20:54:40.936840,2026-02-17 02:00:14.460192,2026-02-17 17:46:38.114371,2026-02-18 00:54:28.536143,2026-02-18 05:47:05.518004,2026-02-17 03:23:18.139099,Delivered,Closed,SHP090,Shipper 090,Enterprise,East Java,ST14_Kediri,HB03_SBY_GATEWAY,West Java,ST07_Cirebon,HB02_BDG_TRANSIT,Inter-Region,Same Day,COD,CR126,Bike,1.93,2.09,2.09,457352,40405,24164,2,1,0,,29.0,16,0,0,,1,0,,0,,42.4,5.66,15.77,ST07_Cirebon,Hub Bottleneck
SHPM004182,AWB260004182,2026-03-14 12:00:08.370583,2026-03-14 12:19:08.370583,2026-03-14 12:37:08.370583,2026-03-14 18:14:37.619073,2026-03-14 19:12:37.619073,2026-03-14 19:29:37.619073,2026-03-14 21:26:57.805105,2026-03-15 06:45:51.061165,2026-03-15 18:24:36.989795,2026-03-16 05:42:32.298863,2026-03-16 21:36:58.647078,2026-03-17 12:00:08.370583,Delivered,Closed,SHP044,Shipper 044,Marketplace,Jabodetabek,ST05_Tangerang,HB01_JKT_GATEWAY,East Java,ST13_Malang,HB03_SBY_GATEWAY,Inter-Region,Regular,Prepaid,CR046,Truck,1.9,1.84,1.9,1667243,20550,14254,8,1,0,,58.0,72,1,0,,1,0,,0,,57.61,1.96,11.65,ST13_Malang,
SHPM004183,AWB260004183,2026-03-09 23:41:13.475672,2026-03-09 23:50:13.475672,2026-03-10 00:48:13.475672,2026-03-10 01:54:34.151756,2026-03-10 02:44:34.151756,2026-03-10 03:07:34.151756,2026-03-10 05:39:18.267159,2026-03-10 10:10:25.808999,2026-03-10 17:47:17.626201,2026-03-11 09:16:18.734001,2026-03-11 18:52:45.692785,2026-03-11 11:41:13.475672,Delivered,Closed,SHP082,Shipper 082,SME,Outer Java,ST19_Denpasar,HB06_EASTERN_GATEWAY,Central Java,ST10_Solo,HB04_CTG_NATIONAL,Inter-Region,Next Day,Prepaid,CR179,Bike,2.79,3.91,3.91,1288350,37595,21234,4,1,0,,50.0,36,0,0,,1,0,,0,,43.19,2.53,7.61,ST10_Solo,Last Mile Delay
SHPM004184,AWB260004184,2026-02-24 07:53:17.384878,2026-02-24 08:05:17.384878,2026-02-24 08:41:17.384878,2026-02-24 11:19:28.651429,2026-02-24 11:54:28.651429,2026-02-24 12:51:28.651429,2026-02-24 16:59:26.868363,2026-02-24 20:39:13.330940,2026-02-25 00:56:12.053994,2026-02-25 14:14:43.660030,,2026-02-27 07:53:17.384878,Delivery Exception,Exception,SHP027,Shipper 027,SME,Jabodetabek,ST05_Tangerang,HB01_JKT_GATEWAY,Outer Java,ST16_Palembang,HB05_SUMATRA_GATEWAY,Inter-Region,Regular,COD,CR049,Truck,1.38,1.5,1.5,2280718,22750,20767,8,1,0,,35.0,72,0,1,Customer Not Home,2,0,,0,,988.11,4.13,4.28,ST16_Palembang,Delivery Exception
SHPM004185,AWB260004185,2026-02-18 09:52:16.628696,2026-02-18 10:14:16.628696,2026-02-18 11:13:16.628696,2026-02-18 18:44:46.840354,2026-02-18 19:41:46.840354,2026-02-18 20:32:46.840354,2026-02-19 04:09:37.331763,2026-02-19 14:02:29.222873,2026-02-19 21:56:37.375068,2026-02-20 03:45:22.630447,2026-02-20 22:51:29.244537,2026-02-21 09:52:16.628696,Delivered,Closed,SHP076,Shipper 076,Enterprise,West Java,ST07_Cirebon,HB02_BDG_TRANSIT,Outer Java,ST17_Makassar,HB06_EASTERN_GATEWAY,Inter-Region,Regular,Prepaid,CR071,Bike,0.35,0.37,0.37,1107454,13665,11789,8,0,0,,57.0,72,1,0,,1,0,,0,,60.99,7.61,7.9,ST17_Makassar,
SHPM004186,AWB260004186,2026-03-03 08:34:27.656734,2026-03-03 08:54:27.656734,2026-03-03 09:18:27.656734,2026-03-03 15:23:55.558221,2026-03-03 15:37:55.558221,2026-03-03 17:11:55.558221,2026-03-03 20:29:02.831732,2026-03-04 01:48:13.986672,2026-03-04 06:09:53.232759,2026-03-04 14:16:40.855747,2026-03-05 02:02:37.578825,2026-03-06 08:34:27.656734,Delivered,Closed,SHP069,Shipper 069,SME,West Java,ST06_Bandung,HB01_JKT_GATEWAY,Central Java,ST11_Yogyakarta,HB04_CTG_NATIONAL,Inter-Region,Regular,Prepaid,CR063,Bike,0.89,1.01,1.01,2073681,16545,12568,8,1,0,,14.0,72,1,0,,1,0,,0,,41.47,3.29,4.36,ST11_Yogyakarta,
SHPM004187,AWB260004187,2026-03-09 20:52:12.732344,2026-03-09 21:28:12.732344,2026-03-09 21:55:12.732344,2026-03-09 23:03:57.598587,2026-03-10 00:14:57.598587,2026-03-10 01:42:57.598587,2026-03-10 03:34:17.018566,2026-03-10 11:43:16.172742,2026-03-10 13:23:36.457899,2026-03-11 05:24:12.955942,2026-03-11 12:21:51.059382,2026-03-11 08:52:12.732344,Delivered,Closed,SHP094,Shipper 094,SME,Outer Java,ST16_Palembang,HB05_SUMATRA_GATEWAY,Central Java,ST09_Semarang,HB04_CTG_NATIONAL,Inter-Region,Next Day,Prepaid,CR152,Bike,0.99,0.92,0.99,1361009,24455,15747,4,1,0,,71.0,36,0,0,,1,0,,0,,39.49,1.86,1.67,ST09_Semarang,Last Mile Delay
SHPM004188,AWB260004188,2026-02-17 09:32:17.296666,2026-02-17 09:44:17.296666,2026-02-17 10:19:17.296666,2026-02-17 14:13:58.473153,2026-02-17 14:47:58.473153,2026-02-17 15:53:58.473153,2026-02-17 19:59:35.076438,2026-02-18 01:34:37.784791,2026-02-18 07:28:13.454811,2026-02-18 13:25:15.068554,2026-02-18 23:46:46.137907,2026-02-18 21:32:17.296666,Delivered,Closed,SHP079,Shipper 079,Marketplace,East Java,ST13_Malang,HB03_SBY_GATEWAY,Outer Java,ST19_Denpasar,HB06_EASTERN_GATEWAY,Inter-Region,Next Day,COD,CR125,Bike,1.05,1.73,1.73,1574427,31785,23532,4,0,0,,34.0,36,0,0,,1,0,,0,,38.24,4.09,5.89,ST19_Denpasar,First Mile Delay
SHPM004189,AWB260004189,2026-02-23 11:55:52.212917,2026-02-23 12:38:52.212917,2026-02-23 12:44:52.212917,,,,,,,,,2026-02-26 11:55:52.212917,Failed Pickup,Exception,SHP072,Shipper 072,Enterprise,Outer Java,ST16_Palembang,HB05_SUMATRA_GATEWAY,Jabodetabek,ST04_Bekasi,HB01_JKT_GATEWAY,Inter-Region,Regular,Prepaid,CR152,Bike,1.11,1.52,1.52,871904,18840,12143,8,0,1,Schedule Miss,,72,0,0,,0,0,,0,,1008.07,,,ST16_Palembang,
SHPM004190,AWB260004190,2026-03-29 19:31:43.642238,2026-03-29 19:45:43.642238,2026-03-29 20:08:43.642238,2026-03-29 22:51:10.357474,2026-03-29 23:41:10.357474,2026-03-30 01:05:10.357474,2026-03-30 02:39:11.789859,2026-03-30 06:11:51.235671,2026-03-30 17:20:20.425738,2026-03-30 22:55:29.004782,2026-03-31 05:00:54.245871,2026-03-30 19:31:43.642238,Delivered,Closed,SHP063,Shipper 063,Enterprise,Jabodetabek,ST05_Tangerang,HB01_JKT_GATEWAY,Jabodetabek,ST02_JKT_West,HB01_JKT_GATEWAY,Intra-Region,Next Day,Prepaid,CR049,Bike,1.33,2.16,2.16,2298516,29720,18121,4,1,0,,50.0,24,0,0,,1,0,,0,,33.49,1.57,11.14,ST02_JKT_West,Hub Bottleneck
SHPM004191,AWB260004191,2026-02-16 01:18:31.682463,2026-02-16 01:48:31.682463,2026-02-16 02:35:31.682463,2026-02-16 11:45:38.120812,2026-02-16 12:56:38.120812,2026-02-16 14:44:38.120812,2026-02-16 20:34:30.607973,2026-02-16 22:56:29.104996,2026-02-17 07:15:02.082076,2026-02-18 00:56:45.880792,2026-02-18 05:13:23.010137,2026-02-19 01:18:31.682463,Delivered,Closed,SHP010,Shipper 010,Enterprise,East Java,ST12_Surabaya,HB03_SBY_GATEWAY,Jabodetabek,ST05_Tangerang,HB01_JKT_GATEWAY,Inter-Region,Regular,Prepaid,CR110,Bike,2.13,2.05,2.13,474572,21585,13260,8,0,0,,71.0,72,1,0,,1,0,,0,,51.91,5.83,8.31,ST05_Tangerang,
SHPM004192,AWB260004192,2026-02-20 22:25:53.193603,2026-02-20 22:35:53.193603,2026-02-20 23:10:53.193603,2026-02-21 01:54:01.432310,2026-02-21 02:50:01.432310,2026-02-21 03:16:01.432310,2026-02-21 08:34:56.250479,2026-02-21 14:55:05.570752,2026-02-22 02:51:13.855148,2026-02-22 17:47:06.429009,2026-02-22 22:20:41.808193,2026-02-22 10:25:53.193603,Delivered,Closed,SHP043,Shipper 043,Marketplace,Central Java,ST09_Semarang,HB04_CTG_NATIONAL,Outer Java,ST20_Banjarmasin,HB06_EASTERN_GATEWAY,Inter-Region,Next Day,Prepaid,CR088,Bike,0.47,0.49,0.49,248442,22205,13058,4,1,0,,56.0,36,0,0,,1,0,,0,,47.91,5.32,11.94,ST20_Banjarmasin,Hub Bottleneck
SHPM004193,AWB260004193,2026-03-04 13:06:31.356196,2026-03-04 13:24:31.356196,2026-03-04 14:17:31.356196,2026-03-04 22:35:54.940456,2026-03-04 23:59:54.940456,2026-03-05 01:08:54.940456,2026-03-05 04:44:31.490826,2026-03-05 07:23:07.532905,2026-03-06 01:05:51.426742,2026-03-06 06:26:52.557146,2026-03-06 08:27:17.974458,2026-03-05 13:06:31.356196,Delivered,Closed,SHP020,Shipper 020,SME,East Java,ST12_Surabaya,HB03_SBY_GATEWAY,East Java,ST13_Malang,HB03_SBY_GATEWAY,Intra-Region,Next Day,Prepaid,CR113,Bike,1.35,1.45,1.45,2509846,26525,17504,4,0,0,,84.0,24,0,0,,1,0,,0,,43.35,3.59,17.71,ST13_Malang,First Mile Delay
SHPM004194,AWB260004194,2026-03-15 21:39:40.928781,2026-03-15 22:02:40.928781,2026-03-15 22:55:40.928781,2026-03-15 23:30:15.672962,2026-03-16 00:43:15.672962,2026-03-16 02:24:15.672962,2026-03-16 11:00:20.929435,2026-03-16 14:51:20.658558,2026-03-17 05:10:42.524780,2026-03-17 21:50:11.257838,2026-03-18 00:49:44.399599,2026-03-16 13:39:40.928781,Delivered,Closed,SHP068,Shipper 068,Marketplace,East Java,ST12_Surabaya,HB03_SBY_GATEWAY,Jabodetabek,ST02_JKT_West,HB01_JKT_GATEWAY,Inter-Region,Same Day,Prepaid,CR109,Bike,1.22,1.63,1.63,919414,34335,30879,2,1,0,,73.0,16,0,0,,1,0,,0,,51.17,8.6,14.32,ST02_JKT_West,Hub Bottleneck
SHPM004195,AWB260004195,2026-03-02 19:01:58.391680,2026-03-02 19:19:58.391680,2026-03-02 20:09:58.391680,2026-03-03 09:29:03.890523,2026-03-03 10:22:03.890523,2026-03-03 11:29:03.890523,2026-03-03 20:06:41.122362,2026-03-04 02:33:06.516370,2026-03-04 08:54:59.080541,2026-03-04 19:44:27.384477,2026-03-05 05:37:39.929535,2026-03-05 19:01:58.391680,Delivered,Closed,SHP090,Shipper 090,Enterprise,East Java,ST12_Surabaya,HB03_SBY_GATEWAY,Jabodetabek,ST02_JKT_West,HB01_JKT_GATEWAY,Inter-Region,Regular,COD,CR113,Bike,1.94,2.0,2.0,1560157,25000,21548,8,0,0,,53.0,72,1,0,,1,0,,0,,58.59,8.63,6.36,ST02_JKT_West,
SHPM004196,AWB260004196,2026-03-18 01:40:13.446068,2026-03-18 02:12:13.446068,2026-03-18 02:32:13.446068,2026-03-18 06:24:28.122616,2026-03-18 07:02:28.122616,2026-03-18 08:49:28.122616,2026-03-18 10:32:17.087452,2026-03-18 13:57:27.114616,2026-03-19 05:40:01.092979,2026-03-19 12:42:49.622381,2026-03-19 17:20:34.766578,2026-03-19 01:40:13.446068,Delivered,Closed,SHP088,Shipper 088,SME,Outer Java,ST19_Denpasar,HB06_EASTERN_GATEWAY,Outer Java,ST20_Banjarmasin,HB06_EASTERN_GATEWAY,Intra-Region,Next Day,Prepaid,CR180,Van,0.96,1.04,1.04,801002,24680,21866,4,0,0,,38.0,24,0,0,,1,0,,0,,39.67,1.71,15.71,ST20_Banjarmasin,First Mile Delay
SHPM004197,AWB260004197,2026-03-23 09:33:45.549165,2026-03-23 09:45:45.549165,2026-03-23 10:08:45.549165,2026-03-23 14:12:49.714095,2026-03-23 14:54:49.714095,2026-03-23 16:35:49.714095,2026-03-23 21:33:10.491075,2026-03-24 03:15:54.059812,2026-03-24 04:56:19.376725,2026-03-24 15:31:26.354029,2026-03-25 02:08:01.517050,2026-03-24 21:33:45.549165,Delivered,Closed,SHP007,Shipper 007,SME,Jabodetabek,ST05_Tangerang,HB01_JKT_GATEWAY,West Java,ST08_Bogor,HB01_JKT_GATEWAY,Inter-Region,Next Day,Prepaid,CR054,Van,0.61,0.95,0.95,2290309,24275,19112,4,0,0,,42.0,36,0,0,,1,0,,0,,40.57,4.96,1.67,ST08_Bogor,First Mile Delay
SHPM004198,AWB260004198,2026-03-30 06:43:11.083868,2026-03-30 07:09:11.083868,2026-03-30 07:44:11.083868,2026-03-30 11:12:30.234869,2026-03-30 12:02:30.234869,2026-03-30 12:25:30.234869,2026-03-30 15:09:15.479584,2026-03-30 21:10:20.028677,2026-03-31 06:30:16.200925,2026-03-31 18:18:07.635035,2026-04-01 04:10:57.742283,2026-04-02 06:43:11.083868,Delivered,Closed,SHP029,Shipper 029,SME,Outer Java,ST18_Balikpapan,HB06_EASTERN_GATEWAY,Jabodetabek,ST01_JKT_Central,HB01_JKT_GATEWAY,Inter-Region,Regular,COD,CR172,Van,4.33,6.28,6.28,388750,44260,35133,8,1,0,,50.0,72,1,0,,1,0,,0,,45.46,2.73,9.33,ST01_JKT_Central,
SHPM004199,AWB260004199,2026-03-14 05:36:14.746654,2026-03-14 06:20:14.746654,2026-03-14 06:48:14.746654,2026-03-14 15:00:48.327177,2026-03-14 15:20:48.327177,2026-03-14 15:42:48.327177,2026-03-14 19:01:56.205338,2026-03-15 04:53:48.235352,2026-03-15 16:28:53.146238,2026-03-16 09:06:35.349262,2026-03-16 16:26:26.623570,2026-03-17 05:36:14.746654,Delivered,Closed,SHP067,Shipper 067,SME,East Java,ST14_Kediri,HB03_SBY_GATEWAY,Central Java,ST10_Solo,HB04_CTG_NATIONAL,Inter-Region,Regular,COD,CR131,Van,0.85,0.77,0.85,2291644,19825,12088,8,0,0,,20.0,72,1,0,,1,0,,0,,58.84,3.32,11.58,ST10_Solo,
SHPM004200,AWB260004200,2026-03-27 21:44:03.739641,2026-03-27 22:17:03.739641,2026-03-27 22:49:03.739641,2026-03-28 02:47:51.097943,2026-03-28 03:20:51.097943,2026-03-28 05:15:51.097943,2026-03-28 07:48:07.492477,2026-03-28 12:33:33.476014,2026-03-29 01:48:52.928076,2026-03-29 17:00:59.639108,2026-03-30 00:06:31.839009,2026-03-30 21:44:03.739641,Delivered,Closed,SHP090,Shipper 090,Enterprise,East Java,ST14_Kediri,HB03_SBY_GATEWAY,Outer Java,ST19_Denpasar,HB06_EASTERN_GATEWAY,Inter-Region,Regular,COD,CR131,Bike,0.71,0.66,0.71,1831801,19195,13428,8,1,0,,33.0,72,1,0,,1,0,,0,,50.37,2.54,13.26,ST19_Denpasar,
SHPM004201,AWB260004201,2026-03-04 05:21:07.724921,2026-03-04 05:30:07.724921,2026-03-04 06:02:07.724921,2026-03-04 08:14:38.611625,2026-03-04 08:52:38.611625,2026-03-04 10:42:38.611625,2026-03-04 15:49:31.538969,2026-03-04 19:24:33.585516,2026-03-05 03:20:24.972293,2026-03-05 15:00:13.551172,2026-03-06 05:23:51.956050,2026-03-07 05:21:07.724921,Delivered,Closed,SHP002,Shipper 002,Enterprise,Jabodetabek,ST01_JKT_Central,HB01_JKT_GATEWAY,East Java,ST13_Malang,HB03_SBY_GATEWAY,Inter-Region,Regular,Prepaid,CR009,Bike,0.87,0.97,0.97,758146,16365,13780,8,1,0,,38.0,72,1,0,,1,0,,0,,48.05,5.11,7.93,ST13_Malang,
SHPM004202,AWB260004202,2026-02-20 23:44:43.062471,2026-02-21 00:23:43.062471,2026-02-21 00:41:43.062471,,,,,,,,,2026-02-22 11:44:43.062471,Failed Pickup,Exception,SHP051,Shipper 051,Marketplace,Outer Java,ST19_Denpasar,HB06_EASTERN_GATEWAY,Jabodetabek,ST04_Bekasi,HB01_JKT_GATEWAY,Inter-Region,Next Day,Prepaid,CR180,Bike,1.28,1.23,1.28,1357780,25760,17209,4,0,1,Capacity Full,,36,0,0,,0,0,,0,,1068.25,,,ST19_Denpasar,
SHPM004203,AWB260004203,2026-03-24 20:58:53.460319,2026-03-24 21:41:53.460319,2026-03-24 22:10:53.460319,2026-03-24 23:47:10.368997,2026-03-25 00:52:10.368997,2026-03-25 02:20:10.368997,2026-03-25 04:51:23.876590,2026-03-25 12:40:36.061189,2026-03-25 21:28:27.885005,2026-03-26 05:56:58.055218,2026-03-26 18:28:42.066833,2026-03-27 20:58:53.460319,Delivered,Closed,SHP088,Shipper 088,SME,Outer Java,ST19_Denpasar,HB06_EASTERN_GATEWAY,Jabodetabek,ST02_JKT_West,HB01_JKT_GATEWAY,Inter-Region,Regular,COD,CR175,Van,1.02,1.27,1.27,2084689,21715,15425,8,1,0,,65.0,72,1,0,,1,0,,0,,45.5,2.52,8.8,ST02_JKT_West,
SHPM004204,AWB260004204,2026-03-10 21:37:44.597509,2026-03-10 21:58:44.597509,2026-03-10 22:16:44.597509,2026-03-11 02:22:40.362327,2026-03-11 02:32:40.362327,2026-03-11 04:12:40.362327,2026-03-11 05:39:15.671207,2026-03-11 10:16:52.050368,2026-03-11 17:58:41.647009,2026-03-12 04:48:44.907894,2026-03-12 15:28:10.180944,2026-03-12 09:37:44.597509,Delivered,Closed,SHP012,Shipper 012,Marketplace,Outer Java,ST16_Palembang,HB05_SUMATRA_GATEWAY,West Java,ST07_Cirebon,HB02_BDG_TRANSIT,Inter-Region,Next Day,Prepaid,CR147,Bike,0.72,0.7,0.72,1245239,23240,21984,4,0,0,,10.0,36,0,0,,1,0,,0,,41.84,1.44,7.7,ST07_Cirebon,First Mile Delay
SHPM004205,AWB260004205,2026-04-01 03:34:21.578722,2026-04-01 04:06:21.578722,2026-04-01 04:37:21.578722,2026-04-01 18:59:36.276456,2026-04-01 19:52:36.276456,2026-04-01 20:46:36.276456,2026-04-02 00:44:17.246421,2026-04-02 03:35:23.763100,2026-04-02 13:13:47.817738,2026-04-02 15:08:14.877282,2026-04-03 03:26:39.978518,2026-04-03 03:34:21.578722,Delivered,Closed,SHP018,Shipper 018,Enterprise,West Java,ST08_Bogor,HB01_JKT_GATEWAY,West Java,ST06_Bandung,HB01_JKT_GATEWAY,Intra-Region,Regular,Prepaid,CR076,Bike,1.41,1.72,1.72,999864,19740,16476,8,0,0,,53.0,48,1,0,,1,0,,0,,47.87,3.96,9.64,ST06_Bandung,
SHPM004206,AWB260004206,2026-03-28 02:42:09.117223,2026-03-28 02:53:09.117223,2026-03-28 03:20:09.117223,2026-03-28 09:55:26.901737,2026-03-28 10:30:26.901737,2026-03-28 11:33:26.901737,2026-03-28 14:12:07.215313,2026-03-28 19:06:25.831250,2026-03-29 01:14:58.432603,2026-03-29 06:17:30.226100,2026-03-29 16:08:02.114872,2026-03-30 02:42:09.117223,Delivered,Closed,SHP050,Shipper 050,Marketplace,Jabodetabek,ST05_Tangerang,HB01_JKT_GATEWAY,Jabodetabek,ST04_Bekasi,HB01_JKT_GATEWAY,Intra-Region,Regular,COD,CR046,Van,2.74,2.96,2.96,386850,29320,27457,8,1,0,,35.0,48,1,0,,1,0,,0,,37.43,2.64,6.14,ST04_Bekasi,
SHPM004207,AWB260004207,2026-03-04 20:57:16.964934,2026-03-04 21:39:16.964934,2026-03-04 22:06:16.964934,2026-03-04 23:13:51.849602,2026-03-04 23:21:51.849602,2026-03-05 00:43:51.849602,2026-03-05 04:27:26.883709,2026-03-05 06:40:43.012402,2026-03-05 18:21:30.356840,2026-03-06 02:50:53.185854,2026-03-06 13:31:07.549465,2026-03-06 08:57:16.964934,Delivered,Closed,SHP061,Shipper 061,Enterprise,Outer Java,ST17_Makassar,HB06_EASTERN_GATEWAY,Jabodetabek,ST03_JKT_East,HB01_JKT_GATEWAY,Inter-Region,Next Day,COD,CR157,Van,1.24,1.29,1.29,139015,29805,18138,4,1,0,,8.0,36,0,0,,1,0,,0,,40.56,3.73,11.68,ST03_JKT_East,Hub Bottleneck
SHPM004208,AWB260004208,2026-03-05 05:44:46.299759,2026-03-05 06:29:46.299759,2026-03-05 06:35:46.299759,2026-03-05 10:58:35.635529,2026-03-05 11:29:35.635529,2026-03-05 12:00:35.635529,2026-03-05 15:49:33.433443,2026-03-05 18:49:41.843436,2026-03-05 23:18:23.310223,2026-03-06 16:55:34.376335,2026-03-07 01:24:48.190269,2026-03-06 17:44:46.299759,Delivered,Closed,SHP035,Shipper 035,Enterprise,Jabodetabek,ST04_Bekasi,HB01_JKT_GATEWAY,East Java,ST13_Malang,HB03_SBY_GATEWAY,Inter-Region,Next Day,Prepaid,CR039,Van,1.3,1.77,1.77,1552399,27965,16130,4,0,0,,31.0,36,0,0,,1,0,,0,,43.67,3.82,4.48,ST13_Malang,First Mile Delay
SHPM004209,AWB260004209,2026-02-16 12:38:39.947659,2026-02-16 12:49:39.947659,2026-02-16 13:30:39.947659,2026-02-16 15:05:13.295366,2026-02-16 15:13:13.295366,2026-02-16 16:04:13.295366,2026-02-16 21:01:03.053973,2026-02-16 23:06:01.418923,2026-02-17 02:24:34.451978,2026-02-17 08:35:53.758128,2026-02-17 16:33:58.390402,2026-02-18 12:38:39.947659,Delivered,Closed,SHP089,Shipper 089,Enterprise,Central Java,ST11_Yogyakarta,HB04_CTG_NATIONAL,Central Java,ST10_Solo,HB04_CTG_NATIONAL,Intra-Region,Regular,COD,CR104,Van,1.61,1.61,1.61,403858,23245,17283,8,1,0,,8.0,48,1,0,,1,0,,0,,27.92,4.95,3.31,ST10_Solo,
SHPM004210,AWB260004210,2026-03-05 00:33:36.737824,2026-03-05 00:42:36.737824,2026-03-05 01:02:36.737824,2026-03-05 03:34:54.161938,2026-03-05 03:42:54.161938,2026-03-05 04:29:54.161938,2026-03-05 06:39:00.000069,2026-03-05 10:45:59.824917,2026-03-05 17:40:40.576664,2026-03-05 23:58:06.773552,2026-03-06 08:48:29.239969,2026-03-06 12:33:36.737824,Delivered,Closed,SHP075,Shipper 075,Marketplace,Outer Java,ST20_Banjarmasin,HB06_EASTERN_GATEWAY,Jabodetabek,ST05_Tangerang,HB01_JKT_GATEWAY,Inter-Region,Next Day,Prepaid,CR188,Bike,1.52,1.37,1.52,1155505,26840,19318,4,1,0,,8.0,36,1,0,,1,0,,0,,32.25,2.15,6.91,ST05_Tangerang,
SHPM004211,AWB260004211,2026-03-12 23:39:03.904985,2026-03-12 23:53:03.904985,2026-03-13 00:22:03.904985,2026-03-13 02:53:05.611992,2026-03-13 03:36:05.611992,2026-03-13 04:35:05.611992,2026-03-13 09:48:59.940843,2026-03-13 17:49:36.377029,2026-03-14 05:22:02.408644,2026-03-14 11:45:58.968699,2026-03-14 18:11:28.345907,2026-03-14 11:39:03.904985,Delivered,Closed,SHP005,Shipper 005,Enterprise,Central Java,ST09_Semarang,HB04_CTG_NATIONAL,East Java,ST14_Kediri,HB03_SBY_GATEWAY,Inter-Region,Next Day,Prepaid,CR083,Bike,2.01,2.22,2.22,1497248,29990,27087,4,1,0,,43.0,36,0,0,,1,0,,0,,42.54,5.23,11.54,ST14_Kediri,Hub Bottleneck
SHPM004212,AWB260004212,2026-03-07 01:55:04.402214,2026-03-07 02:21:04.402214,2026-03-07 02:34:04.402214,2026-03-07 07:06:47.690335,2026-03-07 07:47:47.690335,2026-03-07 08:04:47.690335,2026-03-07 11:51:03.581670,2026-03-07 19:32:49.322339,2026-03-08 05:36:46.971670,2026-03-08 20:07:47.567804,2026-03-09 05:44:05.272148,2026-03-10 01:55:04.402214,Delivered,Closed,SHP099,Shipper 099,SME,West Java,ST08_Bogor,HB01_JKT_GATEWAY,Outer Java,ST19_Denpasar,HB06_EASTERN_GATEWAY,Inter-Region,Regular,COD,CR082,Van,1.11,1.16,1.16,2163991,21220,18965,8,1,0,,41.0,72,1,0,,1,0,,0,,51.82,3.77,10.07,ST19_Denpasar,
SHPM004213,AWB260004213,2026-03-07 00:57:27.745939,2026-03-07 01:40:27.745939,2026-03-07 02:39:27.745939,2026-03-07 05:22:10.946916,2026-03-07 05:30:10.946916,2026-03-07 07:01:10.946916,2026-03-07 12:33:49.246238,2026-03-07 18:19:41.700390,2026-03-07 23:14:43.676423,2026-03-08 16:05:34.106873,2026-03-08 18:55:21.754332,2026-03-08 12:57:27.745939,Delivered,Closed,SHP011,Shipper 011,Enterprise,Jabodetabek,ST03_JKT_East,HB01_JKT_GATEWAY,West Java,ST08_Bogor,HB01_JKT_GATEWAY,Inter-Region,Next Day,Prepaid,CR030,Van,1.0,1.01,1.01,1229588,24545,18880,4,1,0,,8.0,36,0,0,,1,0,,0,,41.97,5.54,4.92,ST08_Bogor,Last Mile Delay
SHPM004214,AWB260004214,2026-02-15 18:03:36.162003,2026-02-15 18:23:36.162003,2026-02-15 19:07:36.162003,2026-02-15 20:24:07.926390,2026-02-15 21:25:07.926390,2026-02-15 23:09:07.926390,2026-02-16 00:19:51.823652,2026-02-16 07:25:49.449446,2026-02-16 18:22:22.635567,2026-02-17 04:07:48.535830,2026-02-17 08:42:25.134915,2026-02-18 18:03:36.162003,Delivered,Closed,SHP094,Shipper 094,SME,Outer Java,ST15_Medan,HB05_SUMATRA_GATEWAY,Central Java,ST09_Semarang,HB04_CTG_NATIONAL,Inter-Region,Regular,Prepaid,CR144,Bike,0.46,0.48,0.48,2761229,14160,12588,8,1,0,,61.0,72,1,0,,1,0,,0,,38.65,1.18,10.94,ST09_Semarang,
SHPM004215,AWB260004215,2026-02-18 19:26:07.731780,2026-02-18 19:56:07.731780,2026-02-18 20:14:07.731780,2026-02-19 02:57:49.130693,2026-02-19 03:14:49.130693,2026-02-19 04:00:49.130693,2026-02-19 08:04:48.301522,2026-02-19 13:02:38.882429,2026-02-19 19:28:05.282425,2026-02-20 04:26:18.943450,2026-02-20 21:58:29.831514,2026-02-20 19:26:07.731780,Delivered,Closed,SHP014,Shipper 014,Enterprise,Jabodetabek,ST05_Tangerang,HB01_JKT_GATEWAY,Jabodetabek,ST02_JKT_West,HB01_JKT_GATEWAY,Intra-Region,Regular,COD,CR044,Van,1.71,2.1,2.1,445313,25450,22847,8,1,0,,17.0,48,0,0,,1,0,,0,,50.54,4.07,6.42,ST02_JKT_West,Last Mile Delay
SHPM004216,AWB260004216,2026-03-04 12:18:44.833874,2026-03-04 12:30:44.833874,2026-03-04 12:44:44.833874,2026-03-04 14:20:14.579138,2026-03-04 15:16:14.579138,2026-03-04 15:33:14.579138,2026-03-04 18:15:16.989998,2026-03-04 22:27:47.521291,2026-03-05 05:34:59.083207,2026-03-05 14:34:54.983246,2026-03-05 19:48:14.681488,2026-03-06 00:18:44.833874,Delivered,Closed,SHP041,Shipper 041,SME,West Java,ST08_Bogor,HB01_JKT_GATEWAY,Outer Java,ST18_Balikpapan,HB06_EASTERN_GATEWAY,Inter-Region,Next Day,COD,CR080,Truck,2.03,3.44,3.44,1537219,39480,26868,4,1,0,,56.0,36,1,0,,1,0,,0,,31.49,2.7,7.12,ST18_Balikpapan,
SHPM004217,AWB260004217,2026-02-19 22:12:09.276209,2026-02-19 22:21:09.276209,2026-02-19 23:29:09.276209,2026-02-20 01:00:41.582144,2026-02-20 02:22:41.582144,2026-02-20 04:05:41.582144,2026-02-20 13:19:57.453848,2026-02-20 18:30:26.924872,2026-02-21 06:31:45.622410,2026-02-21 12:18:44.900675,2026-02-21 15:14:10.114059,2026-02-20 14:12:09.276209,Delivered,Closed,SHP018,Shipper 018,Enterprise,West Java,ST07_Cirebon,HB02_BDG_TRANSIT,Outer Java,ST17_Makassar,HB06_EASTERN_GATEWAY,Inter-Region,Same Day,Prepaid,CR075,Bike,1.94,2.01,2.01,2301827,36045,27965,2,0,0,,82.0,16,0,0,,1,0,,0,,41.03,9.24,12.02,ST17_Makassar,First Mile Delay
SHPM004218,AWB260004218,2026-02-15 08:54:39.064607,2026-02-15 09:05:39.064607,2026-02-15 09:21:39.064607,2026-02-15 13:18:05.428537,2026-02-15 14:26:05.428537,2026-02-15 15:16:05.428537,2026-02-15 19:25:37.524595,2026-02-15 22:10:14.920059,2026-02-16 06:15:38.888670,2026-02-16 23:27:49.940002,2026-02-17 08:54:53.580263,2026-02-16 20:54:39.064607,Delivered,Closed,SHP078,Shipper 078,SME,Outer Java,ST17_Makassar,HB06_EASTERN_GATEWAY,West Java,ST06_Bandung,HB01_JKT_GATEWAY,Inter-Region,Next Day,Prepaid,CR160,Van,3.62,5.23,5.23,1822009,43535,24217,4,0,0,,68.0,36,0,0,,1,0,,0,,48.0,4.16,8.09,ST06_Bandung,First Mile Delay
SHPM004219,AWB260004219,2026-03-29 08:44:27.596328,2026-03-29 09:19:27.596328,2026-03-29 09:47:27.596328,2026-03-29 13:27:39.385350,2026-03-29 14:12:39.385350,2026-03-29 14:55:39.385350,2026-03-29 16:55:50.564067,2026-03-29 18:23:42.680398,2026-03-30 04:21:53.645813,2026-03-30 06:39:16.678353,2026-03-30 09:29:06.017149,2026-03-30 08:44:27.596328,Delivered,Closed,SHP035,Shipper 035,Enterprise,Jabodetabek,ST04_Bekasi,HB01_JKT_GATEWAY,Jabodetabek,ST05_Tangerang,HB01_JKT_GATEWAY,Intra-Region,Next Day,Prepaid,CR036,Van,1.72,2.15,2.15,878658,29675,19928,4,0,0,,45.0,24,0,0,,1,0,,0,,24.74,2.0,9.97,ST05_Tangerang,First Mile Delay
SHPM004220,AWB260004220,2026-03-31 22:23:25.016058,2026-03-31 22:33:25.016058,2026-03-31 22:45:25.016058,2026-04-01 01:26:03.035106,2026-04-01 02:22:03.035106,2026-04-01 04:10:03.035106,2026-04-01 07:44:51.969575,2026-04-01 16:39:07.077856,2026-04-01 18:11:36.701902,2026-04-02 09:58:39.045947,2026-04-02 19:56:33.150938,2026-04-02 10:23:25.016058,Delivered,Closed,SHP049,Shipper 049,Enterprise,Jabodetabek,ST05_Tangerang,HB01_JKT_GATEWAY,West Java,ST06_Bandung,HB01_JKT_GATEWAY,Inter-Region,Next Day,Prepaid,CR046,Bike,2.08,1.88,2.08,1208602,29360,18464,4,1,0,,56.0,36,0,0,,1,0,,0,,45.55,3.58,1.54,ST06_Bandung,Last Mile Delay
SHPM004221,AWB260004221,2026-03-22 00:56:36.252892,2026-03-22 01:14:36.252892,2026-03-22 02:02:36.252892,2026-03-22 07:35:04.026322,2026-03-22 08:40:04.026322,2026-03-22 08:57:04.026322,2026-03-22 13:32:29.055116,2026-03-22 16:38:07.898285,2026-03-23 05:00:18.978926,2026-03-24 06:37:56.128016,2026-03-24 09:41:48.130115,2026-03-23 00:56:36.252892,Delivered,Closed,SHP010,Shipper 010,Enterprise,East Java,ST12_Surabaya,HB03_SBY_GATEWAY,East Java,ST13_Malang,HB03_SBY_GATEWAY,Intra-Region,Next Day,Prepaid,CR111,Bike,3.07,2.86,3.07,841231,33815,30894,4,0,0,,65.0,24,0,0,,1,1,Invalid Address,0,,56.75,4.59,12.37,ST13_Malang,First Mile Delay
SHPM004222,AWB260004222,2026-02-18 20:27:25.702802,2026-02-18 20:43:25.702802,2026-02-18 21:15:25.702802,2026-02-18 21:48:24.756413,2026-02-18 22:21:24.756413,2026-02-19 00:18:24.756413,2026-02-19 01:24:31.404241,2026-02-19 08:24:52.692490,2026-02-19 15:16:34.809592,2026-02-20 00:48:28.122526,2026-02-20 04:38:02.043044,2026-02-20 08:27:25.702802,Delivered,Closed,SHP029,Shipper 029,SME,Outer Java,ST20_Banjarmasin,HB06_EASTERN_GATEWAY,East Java,ST12_Surabaya,HB03_SBY_GATEWAY,Inter-Region,Next Day,COD,CR183,Van,0.69,1.05,1.05,1636258,28725,25240,4,1,0,,33.0,36,1,0,,1,0,,0,,32.18,1.1,6.86,ST12_Surabaya,
SHPM004223,AWB260004223,2026-03-19 21:03:18.352818,2026-03-19 21:27:18.352818,2026-03-19 21:39:18.352818,2026-03-19 22:54:10.402283,2026-03-19 23:54:10.402283,2026-03-20 01:37:10.402283,2026-03-20 05:32:13.447839,2026-03-20 14:22:38.848795,2026-03-20 20:49:02.428346,2026-03-21 08:37:19.385114,2026-03-21 13:17:39.456692,2026-03-20 13:03:18.352818,Delivered,Closed,SHP089,Shipper 089,Enterprise,Central Java,ST11_Yogyakarta,HB04_CTG_NATIONAL,Jabodetabek,ST05_Tangerang,HB01_JKT_GATEWAY,Inter-Region,Same Day,Prepaid,CR101,Bike,2.08,2.85,2.85,2303211,39825,36882,2,1,0,,60.0,16,0,0,,1,0,,0,,40.24,3.92,6.44,ST05_Tangerang,Last Mile Delay
SHPM004224,AWB260004224,2026-03-28 19:20:48.177039,2026-03-28 19:25:48.177039,2026-03-28 19:55:48.177039,2026-03-28 23:02:21.426866,2026-03-28 23:41:21.426866,2026-03-29 01:25:21.426866,2026-03-29 02:50:51.487320,2026-03-29 12:49:49.656623,2026-03-29 23:08:24.084433,2026-03-30 16:15:20.627873,2026-03-31 04:02:31.741489,2026-03-31 19:20:48.177039,Delivered,Closed,SHP033,Shipper 033,Marketplace,Jabodetabek,ST04_Bekasi,HB01_JKT_GATEWAY,Central Java,ST11_Yogyakarta,HB04_CTG_NATIONAL,Inter-Region,Regular,COD,CR039,Truck,0.7,0.68,0.7,1674005,19150,11929,8,1,0,,39.0,72,1,0,,1,0,,0,,56.7,1.43,10.31,ST11_Yogyakarta,
SHPM004225,AWB260004225,2026-03-25 05:32:02.874631,2026-03-25 05:41:02.874631,2026-03-25 06:21:02.874631,2026-03-25 09:58:06.617397,2026-03-25 10:28:06.617397,2026-03-25 12:12:06.617397,2026-03-25 14:52:53.160008,2026-03-25 20:54:45.465537,2026-03-26 21:43:04.790527,2026-03-27 11:34:42.610111,2026-03-27 17:55:30.076439,2026-03-28 05:32:02.874631,Delivered,Closed,SHP068,Shipper 068,Marketplace,East Java,ST14_Kediri,HB03_SBY_GATEWAY,Jabodetabek,ST01_JKT_Central,HB01_JKT_GATEWAY,Inter-Region,Regular,Prepaid,CR126,Van,5.28,5.07,5.28,527718,35760,25106,8,1,0,,30.0,72,1,0,,1,0,,0,,60.39,2.68,24.81,ST01_JKT_Central,
SHPM004226,AWB260004226,2026-03-30 15:26:36.551037,2026-03-30 16:07:36.551037,2026-03-30 16:38:36.551037,2026-03-30 23:06:06.200211,2026-03-30 23:32:06.200211,2026-03-31 01:22:06.200211,2026-03-31 07:08:38.699566,2026-03-31 13:36:05.484760,2026-03-31 16:32:15.003950,2026-03-31 22:45:24.552606,2026-04-01 07:50:31.493610,2026-04-02 15:26:36.551037,Delivered,Closed,SHP095,Shipper 095,Enterprise,Central Java,ST11_Yogyakarta,HB04_CTG_NATIONAL,Outer Java,ST15_Medan,HB05_SUMATRA_GATEWAY,Inter-Region,Regular,Prepaid,CR105,Bike,1.84,2.92,2.92,1027892,25140,18769,8,1,0,,26.0,72,1,0,,1,0,,0,,40.4,5.78,2.94,ST15_Medan,
SHPM004227,AWB260004227,2026-03-12 23:47:12.946982,2026-03-13 00:21:12.946982,2026-03-13 00:44:12.946982,2026-03-13 02:34:29.485065,2026-03-13 03:12:29.485065,2026-03-13 04:56:29.485065,2026-03-13 08:58:29.886013,2026-03-13 12:35:54.428616,2026-03-13 21:36:15.357639,2026-03-14 08:23:01.288095,2026-03-14 21:55:54.213636,2026-03-15 23:47:12.946982,Delivered,Closed,SHP094,Shipper 094,SME,Outer Java,ST15_Medan,HB05_SUMATRA_GATEWAY,East Java,ST14_Kediri,HB03_SBY_GATEWAY,Inter-Region,Regular,Prepaid,CR143,Bike,2.32,3.15,3.15,595580,26175,18845,8,1,0,,38.0,72,1,0,,1,0,,0,,46.14,4.03,9.01,ST14_Kediri,
SHPM004228,AWB260004228,2026-03-25 17:48:28.063042,2026-03-25 18:31:28.063042,2026-03-25 19:00:28.063042,2026-03-25 20:27:46.347344,2026-03-25 21:47:46.347344,2026-03-25 22:47:46.347344,2026-03-26 04:38:23.522157,2026-03-26 14:17:52.844471,2026-03-26 16:57:57.839750,2026-03-26 23:51:52.026414,2026-03-27 04:08:27.897759,2026-03-26 09:48:28.063042,Delivered,Closed,SHP056,Shipper 056,Enterprise,Jabodetabek,ST03_JKT_East,HB01_JKT_GATEWAY,East Java,ST13_Malang,HB03_SBY_GATEWAY,Inter-Region,Same Day,Prepaid,CR030,Bike,0.95,1.5,1.5,1922700,33750,23196,2,1,0,,80.0,16,0,0,,1,0,,0,,34.33,5.84,2.67,ST13_Malang,Last Mile Delay
SHPM004229,AWB260004229,2026-02-19 18:19:17.664848,2026-02-19 18:46:17.664848,2026-02-19 18:56:17.664848,2026-02-19 19:51:42.597779,2026-02-19 20:04:42.597779,2026-02-19 21:37:42.597779,2026-02-20 03:07:23.762456,2026-02-20 11:21:51.395529,2026-02-20 16:15:10.364044,2026-02-21 08:53:35.133588,2026-02-21 12:27:36.205355,2026-02-21 06:19:17.664848,Delivered,Closed,SHP008,Shipper 008,SME,Outer Java,ST16_Palembang,HB05_SUMATRA_GATEWAY,Jabodetabek,ST01_JKT_Central,HB01_JKT_GATEWAY,Inter-Region,Next Day,Prepaid,CR149,Van,3.67,4.39,4.39,771466,39755,30513,4,1,0,,13.0,36,0,0,,1,0,,0,,42.14,5.49,4.89,ST01_JKT_Central,Last Mile Delay
SHPM004230,AWB260004230,2026-03-03 08:43:55.761536,2026-03-03 09:20:55.761536,2026-03-03 09:47:55.761536,2026-03-03 15:34:28.944622,2026-03-03 15:52:28.944622,2026-03-03 17:36:28.944622,2026-03-03 19:30:18.561887,2026-03-03 20:47:23.472140,2026-03-04 01:05:35.868710,2026-03-04 06:24:40.296576,,2026-03-05 08:43:55.761536,Delivery Exception,Exception,SHP014,Shipper 014,Enterprise,Jabodetabek,ST05_Tangerang,HB01_JKT_GATEWAY,Jabodetabek,ST05_Tangerang,HB01_JKT_GATEWAY,Intra-Region,Regular,COD,CR048,Van,1.86,1.69,1.86,1212860,24370,22635,8,1,0,,18.0,48,0,1,Customer Not Home,2,0,,0,,819.27,1.9,4.3,ST05_Tangerang,Delivery Exception
SHPM004231,AWB260004231,2026-03-13 22:19:54.030870,2026-03-13 22:26:54.030870,2026-03-13 22:48:54.030870,2026-03-14 01:16:47.178592,2026-03-14 01:24:47.178592,2026-03-14 02:12:47.178592,2026-03-14 04:58:03.385042,2026-03-14 09:29:52.066851,2026-03-14 12:28:40.301505,2026-03-15 03:44:10.959197,2026-03-15 18:05:30.774493,2026-03-16 22:19:54.030870,Delivered,Closed,SHP056,Shipper 056,Enterprise,Jabodetabek,ST03_JKT_East,HB01_JKT_GATEWAY,East Java,ST13_Malang,HB03_SBY_GATEWAY,Inter-Region,Regular,Prepaid,CR026,Bike,2.32,2.33,2.33,1884772,22485,20175,8,1,0,,8.0,72,1,0,,1,0,,0,,43.76,2.75,2.98,ST13_Malang,
SHPM004232,AWB260004232,2026-03-29 07:36:24.322370,2026-03-29 07:51:24.322370,2026-03-29 08:25:24.322370,2026-03-29 10:23:00.996420,2026-03-29 11:06:00.996420,2026-03-29 11:34:00.996420,2026-03-29 15:17:02.876611,2026-03-29 19:26:35.490346,2026-03-30 04:01:55.280138,2026-03-30 10:02:11.534366,2026-03-30 21:58:12.276655,2026-04-01 07:36:24.322370,Delivered,Closed,SHP014,Shipper 014,Enterprise,Jabodetabek,ST01_JKT_Central,HB01_JKT_GATEWAY,Central Java,ST09_Semarang,HB04_CTG_NATIONAL,Inter-Region,Regular,Prepaid,CR002,Bike,2.31,3.5,3.5,786028,27750,15603,8,1,0,,43.0,72,1,0,,1,0,,0,,38.36,3.72,8.59,ST09_Semarang,
SHPM004233,AWB260004233,2026-02-15 17:19:37.555871,2026-02-15 17:45:37.555871,2026-02-15 17:58:37.555871,2026-02-15 20:16:57.877383,2026-02-15 20:54:57.877383,2026-02-15 21:18:57.877383,2026-02-16 01:53:57.850653,2026-02-16 09:27:22.880403,2026-02-16 22:08:31.905809,2026-02-18 17:25:32.310848,2026-02-19 04:09:52.470360,2026-02-17 05:19:37.555871,Delivered,Closed,SHP090,Shipper 090,Enterprise,East Java,ST14_Kediri,HB03_SBY_GATEWAY,Outer Java,ST20_Banjarmasin,HB06_EASTERN_GATEWAY,Inter-Region,Next Day,Prepaid,CR130,Bike,1.78,1.6,1.78,869654,28010,22358,4,1,0,,38.0,36,0,0,,1,1,Capacity Delay,0,,82.84,4.58,12.69,ST20_Banjarmasin,Hub Bottleneck
SHPM004234,AWB260004234,2026-03-21 01:22:22.080278,2026-03-21 02:05:22.080278,2026-03-21 02:25:22.080278,2026-03-21 03:30:11.106454,2026-03-21 04:08:11.106454,2026-03-21 05:38:11.106454,2026-03-21 09:28:28.146227,2026-03-21 17:14:01.952774,2026-03-21 21:16:36.554263,2026-03-22 07:51:42.296158,2026-03-22 11:59:02.871879,2026-03-22 13:22:22.080278,Delivered,Closed,SHP040,Shipper 040,Marketplace,West Java,ST08_Bogor,HB01_JKT_GATEWAY,Jabodetabek,ST03_JKT_East,HB01_JKT_GATEWAY,Inter-Region,Next Day,Prepaid,CR076,Bike,1.78,2.65,2.65,1139971,31925,27510,4,1,0,,38.0,36,1,0,,1,0,,0,,34.61,3.84,4.04,ST03_JKT_East,
SHPM004235,AWB260004235,2026-03-16 23:11:55.564519,2026-03-16 23:19:55.564519,2026-03-17 00:04:55.564519,2026-03-17 06:23:04.217687,2026-03-17 07:05:04.217687,2026-03-17 08:25:04.217687,2026-03-17 14:15:43.439379,2026-03-17 19:56:54.359960,2026-03-18 04:20:40.565261,2026-03-18 21:21:30.078289,2026-03-19 07:41:00.952485,2026-03-19 23:11:55.564519,Delivered,Closed,SHP084,Shipper 084,Enterprise,Central Java,ST11_Yogyakarta,HB04_CTG_NATIONAL,Jabodetabek,ST04_Bekasi,HB01_JKT_GATEWAY,Inter-Region,Regular,Prepaid,CR101,Van,4.99,5.21,5.21,1381684,35445,21781,8,1,0,,42.0,72,1,0,,1,0,,0,,56.48,5.84,8.4,ST04_Bekasi,
SHPM004236,AWB260004236,2026-03-11 19:29:55.091848,2026-03-11 20:00:55.091848,2026-03-11 20:26:55.091848,2026-03-11 23:14:43.455603,2026-03-11 23:22:43.455603,2026-03-12 01:10:43.455603,2026-03-12 05:00:32.428323,2026-03-12 10:19:21.904517,2026-03-12 21:28:39.222715,2026-03-13 06:05:27.284591,2026-03-13 22:44:58.491023,2026-03-14 19:29:55.091848,Delivered,Closed,SHP073,Shipper 073,Marketplace,Outer Java,ST15_Medan,HB05_SUMATRA_GATEWAY,Jabodetabek,ST04_Bekasi,HB01_JKT_GATEWAY,Inter-Region,Regular,Prepaid,CR143,Bike,1.08,1.11,1.11,794618,16995,14877,8,1,0,,8.0,72,1,0,,1,0,,0,,51.25,3.83,11.15,ST04_Bekasi,
SHPM004237,AWB260004237,2026-03-12 05:17:35.731065,2026-03-12 06:01:35.731065,2026-03-12 06:37:35.731065,2026-03-12 12:55:14.200738,2026-03-12 13:35:14.200738,2026-03-12 15:12:14.200738,2026-03-12 19:04:23.597669,2026-03-13 01:50:58.183728,2026-03-13 10:49:58.108079,2026-03-13 21:27:01.825963,2026-03-14 10:38:52.407165,2026-03-15 05:17:35.731065,Delivered,Closed,SHP070,Shipper 070,Enterprise,Jabodetabek,ST04_Bekasi,HB01_JKT_GATEWAY,West Java,ST08_Bogor,HB01_JKT_GATEWAY,Inter-Region,Regular,Prepaid,CR036,Bike,1.74,1.63,1.74,918768,19830,14579,8,1,0,,40.0,72,1,0,,1,0,,0,,53.35,3.87,8.98,ST08_Bogor,
SHPM004238,AWB260004238,2026-03-01 09:11:53.273044,2026-03-01 09:47:53.273044,2026-03-01 10:09:53.273044,2026-03-01 14:19:05.196395,2026-03-01 14:43:05.196395,2026-03-01 15:01:05.196395,2026-03-01 17:43:09.207735,2026-03-01 21:57:14.305805,2026-03-02 03:18:38.506139,2026-03-02 08:22:27.762556,2026-03-02 21:01:34.636135,2026-03-04 09:11:53.273044,Delivered,Closed,SHP034,Shipper 034,Enterprise,Jabodetabek,ST01_JKT_Central,HB01_JKT_GATEWAY,West Java,ST08_Bogor,HB01_JKT_GATEWAY,Inter-Region,Regular,Prepaid,CR007,Bike,1.05,1.77,1.77,995909,19965,16034,8,1,0,,24.0,72,1,0,,1,0,,0,,35.83,2.7,5.36,ST08_Bogor,
SHPM004239,AWB260004239,2026-03-31 00:26:29.371829,2026-03-31 00:31:29.371829,2026-03-31 00:54:29.371829,2026-03-31 03:40:29.096547,2026-03-31 04:33:29.096547,2026-03-31 05:58:29.096547,2026-03-31 07:16:49.441918,2026-03-31 14:09:28.533176,2026-04-01 01:25:15.075222,2026-04-01 16:25:10.532755,2026-04-02 01:21:02.203864,2026-04-01 12:26:29.371829,Delivered,Closed,SHP029,Shipper 029,SME,Outer Java,ST18_Balikpapan,HB06_EASTERN_GATEWAY,West Java,ST07_Cirebon,HB02_BDG_TRANSIT,Inter-Region,Next Day,Prepaid,CR171,Bike,1.3,1.26,1.3,1927332,25850,18410,4,1,0,,53.0,36,0,0,,1,0,,0,,48.91,1.31,11.26,ST07_Cirebon,Hub Bottleneck
SHPM004240,AWB260004240,2026-03-21 20:33:34.674882,2026-03-21 20:42:34.674882,2026-03-21 21:16:34.674882,2026-03-22 00:26:56.343848,2026-03-22 01:33:56.343848,2026-03-22 02:44:56.343848,2026-03-22 05:34:26.628912,2026-03-22 07:36:30.680191,2026-03-22 09:52:36.855481,2026-03-22 14:05:41.832839,2026-03-22 20:56:52.108077,2026-03-23 20:33:34.674882,Delivered,Closed,SHP095,Shipper 095,Enterprise,Central Java,ST11_Yogyakarta,HB04_CTG_NATIONAL,Central Java,ST10_Solo,HB04_CTG_NATIONAL,Intra-Region,Regular,Prepaid,CR100,Truck,1.89,2.79,2.79,1520431,24555,15475,8,1,0,,67.0,48,1,0,,1,0,,0,,24.39,2.83,2.27,ST10_Solo,
SHPM004241,AWB260004241,2026-03-04 03:08:48.045564,2026-03-04 03:21:48.045564,2026-03-04 03:28:48.045564,2026-03-04 10:46:43.567431,2026-03-04 11:09:43.567431,2026-03-04 13:06:43.567431,2026-03-04 15:04:02.499554,2026-03-05 00:21:18.364896,2026-03-05 09:10:52.733028,2026-03-05 14:16:56.888415,2026-03-06 04:44:36.558421,2026-03-07 03:08:48.045564,Delivered,Closed,SHP079,Shipper 079,Marketplace,East Java,ST13_Malang,HB03_SBY_GATEWAY,West Java,ST06_Bandung,HB01_JKT_GATEWAY,Inter-Region,Regular,COD,CR123,Bike,0.48,0.5,0.5,980323,18250,11963,8,1,0,,23.0,72,1,0,,1,0,,0,,49.6,1.96,8.83,ST06_Bandung,
SHPM004242,AWB260004242,2026-02-20 02:15:35.863525,2026-02-20 02:31:35.863525,2026-02-20 03:03:35.863525,2026-02-20 06:57:11.516353,2026-02-20 07:41:11.516353,2026-02-20 08:26:11.516353,2026-02-20 10:52:25.839107,2026-02-20 20:48:05.774289,2026-02-21 06:08:22.907876,2026-02-21 22:32:59.006945,2026-02-22 09:02:13.733941,2026-02-23 02:15:35.863525,Delivered,Closed,SHP072,Shipper 072,Enterprise,Outer Java,ST18_Balikpapan,HB06_EASTERN_GATEWAY,East Java,ST12_Surabaya,HB03_SBY_GATEWAY,Inter-Region,Regular,Prepaid,CR165,Bike,0.47,0.51,0.51,1218597,14295,13255,8,1,0,,44.0,72,1,0,,1,0,,0,,54.78,2.44,9.34,ST12_Surabaya,
SHPM004243,AWB260004243,2026-03-26 18:52:15.453112,2026-03-26 19:37:15.453112,2026-03-26 20:06:15.453112,2026-03-26 23:50:53.431804,2026-03-27 00:23:53.431804,2026-03-27 01:45:53.431804,2026-03-27 06:36:15.298698,2026-03-27 10:11:19.420064,2026-03-27 14:03:23.165365,2026-03-28 06:11:53.160216,2026-03-28 23:47:05.452385,2026-03-29 18:52:15.453112,Delivered,Closed,SHP070,Shipper 070,Enterprise,Jabodetabek,ST04_Bekasi,HB01_JKT_GATEWAY,West Java,ST07_Cirebon,HB02_BDG_TRANSIT,Inter-Region,Regular,Prepaid,CR043,Bike,1.61,2.44,2.44,577963,22980,19646,8,1,0,,33.0,72,1,0,,1,0,,0,,52.91,4.84,3.87,ST07_Cirebon,
SHPM004244,AWB260004244,2026-03-24 11:48:01.399472,2026-03-24 12:25:01.399472,2026-03-24 12:53:01.399472,2026-03-24 18:51:12.893803,2026-03-24 19:36:12.893803,2026-03-24 21:14:12.893803,2026-03-25 00:06:02.257793,2026-03-25 05:00:24.906595,2026-03-25 11:22:27.035120,2026-03-25 19:19:39.680488,2026-03-26 08:13:30.470329,2026-03-27 11:48:01.399472,Delivered,Closed,SHP004,Shipper 004,Marketplace,Jabodetabek,ST01_JKT_Central,HB01_JKT_GATEWAY,Outer Java,ST20_Banjarmasin,HB06_EASTERN_GATEWAY,Inter-Region,Regular,COD,CR004,Bike,1.66,2.39,2.39,791265,26755,17563,8,1,0,,45.0,72,1,0,,1,0,,0,,44.42,2.86,6.37,ST20_Banjarmasin,
SHPM004245,AWB260004245,2026-03-01 13:39:12.486650,2026-03-01 13:54:12.486650,2026-03-01 14:13:12.486650,2026-03-01 20:04:53.363285,2026-03-01 20:30:53.363285,2026-03-01 21:52:53.363285,2026-03-02 02:22:40.346060,2026-03-02 11:24:33.635142,2026-03-02 21:42:24.476176,2026-03-03 06:24:48.222144,2026-03-03 23:11:54.664262,2026-03-04 13:39:12.486650,Delivered,Closed,SHP074,Shipper 074,Enterprise,Outer Java,ST15_Medan,HB05_SUMATRA_GATEWAY,Jabodetabek,ST03_JKT_East,HB01_JKT_GATEWAY,Inter-Region,Regular,COD,CR138,Bike,1.12,1.2,1.2,558990,21400,19592,8,1,0,,26.0,72,1,0,,1,0,,0,,57.55,4.5,10.3,ST03_JKT_East,
SHPM004246,AWB260004246,2026-03-20 09:32:40.799855,2026-03-20 09:48:40.799855,2026-03-20 10:15:40.799855,2026-03-20 11:10:28.934646,2026-03-20 11:28:28.934646,2026-03-20 13:00:28.934646,2026-03-20 18:11:15.964796,2026-03-20 20:16:33.172973,2026-03-21 03:33:27.370842,2026-03-21 16:30:08.828073,2026-03-21 21:03:51.498472,2026-03-21 01:32:40.799855,Delivered,Closed,SHP071,Shipper 071,Enterprise,Jabodetabek,ST04_Bekasi,HB01_JKT_GATEWAY,West Java,ST06_Bandung,HB01_JKT_GATEWAY,Inter-Region,Same Day,Prepaid,CR034,Bike,2.22,2.43,2.43,1075748,37935,29668,2,1,0,,18.0,16,0,0,,1,0,,0,,35.52,5.18,7.28,ST06_Bandung,Last Mile Delay
SHPM004247,AWB260004247,2026-03-27 19:50:40.602682,2026-03-27 20:15:40.602682,2026-03-27 20:22:40.602682,2026-03-28 03:33:19.757457,2026-03-28 04:10:19.757457,2026-03-28 06:06:19.757457,2026-03-28 09:30:19.210145,2026-03-28 17:02:43.734527,2026-03-29 02:54:23.103681,2026-03-29 13:02:16.573708,2026-03-29 22:30:25.662525,2026-03-30 19:50:40.602682,Delivered,Closed,SHP097,Shipper 097,SME,Jabodetabek,ST03_JKT_East,HB01_JKT_GATEWAY,East Java,ST12_Surabaya,HB03_SBY_GATEWAY,Inter-Region,Regular,Prepaid,CR028,Van,13.9,15.13,15.13,703970,80085,75260,8,1,0,,37.0,72,1,0,,1,0,,0,,50.66,3.4,9.86,ST12_Surabaya,
SHPM004248,AWB260004248,2026-02-18 21:56:20.839405,2026-02-18 22:22:20.839405,2026-02-18 23:17:20.839405,2026-02-19 00:45:54.898665,2026-02-19 01:04:54.898665,2026-02-19 01:20:54.898665,2026-02-19 03:28:21.860081,2026-02-19 12:50:38.787255,2026-02-19 20:32:22.737322,2026-02-20 12:39:27.337493,2026-02-21 06:02:51.708791,2026-02-20 09:56:20.839405,Delivered,Closed,SHP069,Shipper 069,SME,West Java,ST06_Bandung,HB01_JKT_GATEWAY,Outer Java,ST16_Palembang,HB05_SUMATRA_GATEWAY,Inter-Region,Next Day,Prepaid,CR060,Bike,0.41,0.38,0.41,1084219,21845,13445,4,1,0,,19.0,36,0,0,,1,0,,0,,56.11,2.12,7.7,ST16_Palembang,Remote Area
SHPM004249,AWB260004249,2026-03-11 19:02:34.406775,2026-03-11 19:29:34.406775,2026-03-11 20:00:34.406775,2026-03-11 22:37:13.563756,2026-03-11 23:43:13.563756,2026-03-12 01:16:13.563756,2026-03-12 02:30:39.972222,2026-03-12 04:37:46.336420,2026-03-12 11:42:02.338995,2026-03-12 16:56:07.187068,2026-03-13 04:19:23.467205,2026-03-13 19:02:34.406775,Delivered,Closed,SHP078,Shipper 078,SME,Outer Java,ST16_Palembang,HB05_SUMATRA_GATEWAY,Outer Java,ST19_Denpasar,HB06_EASTERN_GATEWAY,Intra-Region,Regular,Prepaid,CR152,Van,0.83,1.38,1.38,1389530,18210,13533,8,1,0,,66.0,48,1,0,,1,0,,0,,33.28,1.24,7.07,ST19_Denpasar,
SHPM004250,AWB260004250,2026-03-17 02:27:45.971129,2026-03-17 02:33:45.971129,2026-03-17 03:14:45.971129,2026-03-17 07:07:37.379502,2026-03-17 08:02:37.379502,2026-03-17 09:09:37.379502,2026-03-17 13:33:36.785278,2026-03-17 16:25:57.361760,2026-03-17 20:06:53.345292,2026-03-17 21:41:35.774544,2026-03-18 02:37:14.476890,2026-03-19 02:27:45.971129,Delivered,Closed,SHP099,Shipper 099,SME,West Java,ST08_Bogor,HB01_JKT_GATEWAY,West Java,ST06_Bandung,HB01_JKT_GATEWAY,Intra-Region,Regular,Prepaid,CR076,Van,1.17,1.24,1.24,221035,17580,15684,8,1,0,,55.0,48,1,0,,1,0,,0,,24.16,4.4,3.68,ST06_Bandung,
SHPM004251,AWB260004251,2026-03-19 23:53:38.112499,2026-03-20 00:22:38.112499,2026-03-20 00:42:38.112499,2026-03-20 02:27:45.871344,2026-03-20 03:46:45.871344,2026-03-20 04:20:45.871344,2026-03-20 07:10:13.311829,2026-03-20 15:46:33.377026,2026-03-21 06:23:32.371329,2026-03-21 19:13:36.161128,2026-03-21 20:34:06.341702,2026-03-20 15:53:38.112499,Delivered,Closed,SHP010,Shipper 010,Enterprise,East Java,ST13_Malang,HB03_SBY_GATEWAY,West Java,ST06_Bandung,HB01_JKT_GATEWAY,Inter-Region,Same Day,Prepaid,CR115,Bike,1.14,1.13,1.14,504548,32130,17789,2,0,0,,79.0,16,0,0,,1,0,,0,,44.67,2.82,14.62,ST06_Bandung,First Mile Delay
SHPM004252,AWB260004252,2026-03-28 02:28:16.264940,2026-03-28 02:51:16.264940,2026-03-28 03:20:16.264940,2026-03-28 07:36:39.954525,2026-03-28 08:21:39.954525,2026-03-28 08:55:39.954525,2026-03-28 13:43:53.493108,2026-03-28 20:42:37.875253,2026-03-29 13:33:39.928702,2026-03-30 04:09:13.331468,2026-03-30 12:37:49.784548,2026-03-31 02:28:16.264940,Delivered,Closed,SHP004,Shipper 004,Marketplace,Jabodetabek,ST05_Tangerang,HB01_JKT_GATEWAY,Outer Java,ST19_Denpasar,HB06_EASTERN_GATEWAY,Inter-Region,Regular,Prepaid,CR052,Bike,0.34,0.32,0.34,2042018,13530,9588,8,1,0,,45.0,72,1,0,,1,0,,0,,58.16,4.8,16.85,ST19_Denpasar,
SHPM004253,AWB260004253,2026-03-15 02:27:19.854471,2026-03-15 02:51:19.854471,2026-03-15 03:13:19.854471,2026-03-15 08:44:17.677012,2026-03-15 10:00:17.677012,2026-03-15 11:58:17.677012,2026-03-15 17:23:03.091108,2026-03-15 21:30:40.754200,2026-03-16 06:15:08.826029,2026-03-16 17:20:37.923891,2026-03-17 05:49:15.332241,2026-03-18 02:27:19.854471,Delivered,Closed,SHP072,Shipper 072,Enterprise,Outer Java,ST18_Balikpapan,HB06_EASTERN_GATEWAY,West Java,ST07_Cirebon,HB02_BDG_TRANSIT,Inter-Region,Regular,Prepaid,CR172,Van,1.53,1.45,1.53,2246981,18885,17884,8,1,0,,76.0,72,1,0,,1,0,,0,,51.37,5.41,8.74,ST07_Cirebon,
SHPM004254,AWB260004254,2026-02-19 06:25:48.127943,2026-02-19 06:42:48.127943,2026-02-19 07:09:48.127943,2026-02-19 09:20:19.654843,2026-02-19 09:50:19.654843,2026-02-19 10:08:19.654843,2026-02-19 12:40:35.169200,2026-02-19 19:10:13.068566,2026-02-19 20:59:40.974133,2026-02-20 09:21:12.279293,2026-02-20 18:18:16.996855,2026-02-20 18:25:48.127943,Delivered,Closed,SHP074,Shipper 074,Enterprise,Outer Java,ST15_Medan,HB05_SUMATRA_GATEWAY,East Java,ST14_Kediri,HB03_SBY_GATEWAY,Inter-Region,Next Day,Prepaid,CR142,Van,1.48,1.41,1.48,319635,26660,23467,4,1,0,,30.0,36,1,0,,1,0,,0,,35.87,2.54,1.82,ST14_Kediri,
SHPM004255,AWB260004255,2026-03-13 02:07:04.077067,2026-03-13 02:26:04.077067,2026-03-13 03:01:04.077067,2026-03-13 05:34:34.992385,2026-03-13 06:43:34.992385,2026-03-13 07:48:34.992385,2026-03-13 10:37:13.822606,2026-03-13 14:05:48.421425,2026-03-13 21:57:10.814693,2026-03-14 14:01:49.972654,2026-03-14 22:46:05.317639,2026-03-14 14:07:04.077067,Delivered,Closed,SHP048,Shipper 048,Enterprise,Outer Java,ST16_Palembang,HB05_SUMATRA_GATEWAY,Jabodetabek,ST04_Bekasi,HB01_JKT_GATEWAY,Inter-Region,Next Day,COD,CR145,Van,2.63,3.86,3.86,617299,41370,30119,4,1,0,,69.0,36,0,0,,1,0,,0,,44.65,2.81,7.86,ST04_Bekasi,Last Mile Delay
SHPM004256,AWB260004256,2026-02-20 05:41:47.879218,2026-02-20 06:03:47.879218,2026-02-20 06:23:47.879218,2026-02-20 09:33:08.205555,2026-02-20 10:14:08.205555,2026-02-20 10:46:08.205555,2026-02-20 13:38:32.387985,2026-02-20 23:14:18.669926,2026-02-21 06:03:09.761009,2026-02-21 18:57:31.797633,2026-02-22 07:22:09.707976,2026-02-21 17:41:47.879218,Delivered,Closed,SHP089,Shipper 089,Enterprise,Central Java,ST11_Yogyakarta,HB04_CTG_NATIONAL,Outer Java,ST20_Banjarmasin,HB06_EASTERN_GATEWAY,Inter-Region,Next Day,COD,CR101,Van,1.03,1.11,1.11,1245185,28995,20017,4,1,0,,41.0,36,0,0,,1,0,,0,,49.67,2.87,6.81,ST20_Banjarmasin,Remote Area
SHPM004257,AWB260004257,2026-03-12 14:35:31.083272,2026-03-12 15:13:31.083272,2026-03-12 16:08:31.083272,2026-03-12 17:45:05.237432,2026-03-12 19:14:05.237432,2026-03-12 20:27:05.237432,2026-03-13 04:33:07.460046,2026-03-13 07:40:04.968966,2026-03-13 18:06:47.220461,2026-03-14 02:45:24.632710,2026-03-14 16:28:38.308989,2026-03-14 02:35:31.083272,Delivered,Closed,SHP081,Shipper 081,Marketplace,West Java,ST07_Cirebon,HB02_BDG_TRANSIT,Outer Java,ST16_Palembang,HB05_SUMATRA_GATEWAY,Inter-Region,Next Day,Prepaid,CR064,Bike,0.74,1.08,1.08,1425008,24860,18327,4,1,0,,89.0,36,0,0,,1,0,,0,,49.89,8.1,10.45,ST16_Palembang,Hub Bottleneck
SHPM004258,AWB260004258,2026-03-03 01:35:28.341976,2026-03-03 01:45:28.341976,2026-03-03 02:13:28.341976,2026-03-03 07:04:04.006849,2026-03-03 07:31:04.006849,2026-03-03 08:14:04.006849,2026-03-03 11:06:10.566063,2026-03-03 16:46:46.451522,2026-03-03 22:12:24.140628,2026-03-04 07:20:08.244235,2026-03-04 23:44:46.302532,2026-03-06 01:35:28.341976,Delivered,Closed,SHP072,Shipper 072,Enterprise,Outer Java,ST16_Palembang,HB05_SUMATRA_GATEWAY,Jabodetabek,ST04_Bekasi,HB01_JKT_GATEWAY,Inter-Region,Regular,COD,CR147,Bike,3.19,3.02,3.19,1292718,30355,22013,8,1,0,,27.0,72,1,0,,1,0,,0,,46.15,2.87,5.43,ST04_Bekasi,
SHPM004259,AWB260004259,2026-03-27 23:03:31.443626,2026-03-27 23:09:31.443626,2026-03-27 23:47:31.443626,,,,,,,,,2026-03-29 11:03:31.443626,Failed Pickup,Exception,SHP062,Shipper 062,Enterprise,Jabodetabek,ST04_Bekasi,HB01_JKT_GATEWAY,Outer Java,ST17_Makassar,HB06_EASTERN_GATEWAY,Inter-Region,Next Day,Prepaid,CR041,Truck,1.21,1.29,1.29,1032331,25805,20462,4,0,1,Shipper Not Ready,,36,0,0,,0,0,,0,,228.94,,,ST04_Bekasi,
SHPM004260,AWB260004260,2026-03-19 23:09:57.779247,2026-03-19 23:48:57.779247,2026-03-20 00:15:57.779247,2026-03-20 06:09:34.713609,2026-03-20 06:17:34.713609,2026-03-20 07:51:34.713609,2026-03-20 11:33:58.586659,2026-03-20 17:04:40.844527,2026-03-21 07:04:17.705022,2026-03-21 18:36:11.878445,2026-03-22 13:03:44.834608,2026-03-22 23:09:57.779247,Delivered,Closed,SHP069,Shipper 069,SME,West Java,ST06_Bandung,HB01_JKT_GATEWAY,Outer Java,ST17_Makassar,HB06_EASTERN_GATEWAY,Inter-Region,Regular,COD,CR063,Van,2.85,2.73,2.85,799479,28825,24852,8,1,0,,8.0,72,1,0,,1,0,,0,,61.9,3.71,13.99,ST17_Makassar,
SHPM004261,AWB260004261,2026-02-22 22:56:30.108289,2026-02-22 23:05:30.108289,2026-02-22 23:36:30.108289,2026-02-23 07:32:17.316649,2026-02-23 07:56:17.316649,2026-02-23 09:37:17.316649,2026-02-23 13:38:21.041368,2026-02-23 20:23:31.079749,2026-02-23 22:33:32.066292,2026-02-24 15:21:23.517769,2026-02-25 09:02:59.349959,2026-02-25 22:56:30.108289,Delivered,Closed,SHP065,Shipper 065,Marketplace,Jabodetabek,ST02_JKT_West,HB01_JKT_GATEWAY,West Java,ST06_Bandung,HB01_JKT_GATEWAY,Inter-Region,Regular,COD,CR018,Bike,1.52,2.36,2.36,444234,26620,14731,8,0,0,,24.0,72,1,0,,1,0,,0,,58.11,4.02,2.17,ST06_Bandung,
SHPM004262,AWB260004262,2026-03-28 04:13:47.039615,2026-03-28 04:38:47.039615,2026-03-28 05:16:47.039615,2026-03-28 08:39:30.124701,2026-03-28 09:12:30.124701,2026-03-28 10:55:30.124701,2026-03-28 14:21:47.643359,2026-03-28 20:31:09.333352,2026-03-29 01:33:53.062278,2026-03-29 11:04:53.311313,2026-03-29 19:28:15.947361,2026-03-29 16:13:47.039615,Delivered,Closed,SHP071,Shipper 071,Enterprise,Jabodetabek,ST04_Bekasi,HB01_JKT_GATEWAY,East Java,ST14_Kediri,HB03_SBY_GATEWAY,Inter-Region,Next Day,Prepaid,CR034,Bike,2.05,1.94,2.05,1021458,29225,24076,4,0,0,,33.0,36,0,0,,1,0,,0,,39.24,3.44,5.05,ST14_Kediri,First Mile Delay
SHPM004263,AWB260004263,2026-02-20 17:06:34.867887,2026-02-20 17:43:34.867887,2026-02-20 17:56:34.867887,2026-02-20 20:28:24.106399,2026-02-20 21:38:24.106399,2026-02-20 22:27:24.106399,2026-02-21 00:37:31.885192,2026-02-21 05:04:30.879449,2026-02-21 11:18:36.006761,2026-02-21 19:53:09.811095,2026-02-22 01:47:10.946844,2026-02-22 05:06:34.867887,Delivered,Closed,SHP034,Shipper 034,Enterprise,Jabodetabek,ST01_JKT_Central,HB01_JKT_GATEWAY,Outer Java,ST17_Makassar,HB06_EASTERN_GATEWAY,Inter-Region,Next Day,Prepaid,CR006,Van,0.43,0.43,0.43,1514893,21935,12792,4,1,0,,70.0,36,1,0,,1,0,,0,,32.68,2.17,6.23,ST17_Makassar,
SHPM004264,AWB260004264,2026-03-15 02:14:07.004443,2026-03-15 02:29:07.004443,2026-03-15 03:03:07.004443,2026-03-15 06:00:36.961057,2026-03-15 06:35:36.961057,2026-03-15 07:09:36.961057,2026-03-15 10:15:42.509545,2026-03-15 17:39:29.146687,2026-03-16 02:35:38.394503,2026-03-16 19:52:47.580940,2026-03-17 04:45:50.305022,2026-03-16 14:14:07.004443,Delivered,Closed,SHP074,Shipper 074,Enterprise,Outer Java,ST15_Medan,HB05_SUMATRA_GATEWAY,East Java,ST13_Malang,HB03_SBY_GATEWAY,Inter-Region,Next Day,Prepaid,CR138,Van,2.43,2.25,2.43,1268685,30935,18435,4,1,0,,35.0,36,0,0,,1,0,,0,,50.53,3.1,8.94,ST13_Malang,Last Mile Delay
SHPM004265,AWB260004265,2026-03-25 04:19:23.072267,2026-03-25 04:45:23.072267,2026-03-25 05:00:23.072267,2026-03-25 13:34:59.856458,2026-03-25 14:43:59.856458,2026-03-25 16:38:59.856458,2026-03-25 20:10:43.197510,2026-03-26 01:07:34.541432,2026-03-26 12:30:18.619819,2026-03-27 00:21:30.254752,2026-03-27 09:54:38.219596,2026-03-28 04:19:23.072267,Delivered,Closed,SHP097,Shipper 097,SME,Jabodetabek,ST03_JKT_East,HB01_JKT_GATEWAY,West Java,ST08_Bogor,HB01_JKT_GATEWAY,Inter-Region,Regular,Prepaid,CR019,Bike,0.97,1.0,1.0,603872,16500,12891,8,0,0,,69.0,72,1,0,,1,0,,0,,53.59,3.53,11.38,ST08_Bogor,
SHPM004266,AWB260004266,2026-03-21 18:06:21.510582,2026-03-21 18:16:21.510582,2026-03-21 18:45:21.510582,2026-03-21 21:25:46.801073,2026-03-21 21:57:46.801073,2026-03-21 23:32:46.801073,2026-03-22 04:59:14.757538,2026-03-22 13:55:35.480387,2026-03-22 19:58:47.123988,2026-03-23 10:29:46.598132,2026-03-23 18:40:33.116399,2026-03-23 06:06:21.510582,Delivered,Closed,SHP034,Shipper 034,Enterprise,Jabodetabek,ST01_JKT_Central,HB01_JKT_GATEWAY,West Java,ST06_Bandung,HB01_JKT_GATEWAY,Inter-Region,Next Day,COD,CR004,Bike,1.04,1.01,1.04,469212,28680,20639,4,1,0,,32.0,36,0,0,,1,0,,0,,48.57,5.44,6.05,ST06_Bandung,Last Mile Delay
SHPM004267,AWB260004267,2026-03-26 14:16:27.372305,2026-03-26 14:42:27.372305,2026-03-26 15:17:27.372305,2026-03-26 15:20:56.495842,2026-03-26 16:06:56.495842,2026-03-26 17:02:56.495842,2026-03-26 22:33:03.488105,2026-03-27 06:57:22.541905,2026-03-27 13:05:31.998375,2026-03-28 06:06:13.890939,2026-03-28 09:14:48.292793,2026-03-27 06:16:27.372305,Delivered,Closed,SHP025,Shipper 025,Marketplace,East Java,ST14_Kediri,HB03_SBY_GATEWAY,Jabodetabek,ST04_Bekasi,HB01_JKT_GATEWAY,Inter-Region,Same Day,COD,CR128,Truck,0.28,0.37,0.37,468065,32665,20028,2,1,0,,46.0,16,0,0,,1,0,,0,,42.97,5.5,6.14,ST04_Bekasi,Last Mile Delay
SHPM004268,AWB260004268,2026-03-21 14:18:03.239459,2026-03-21 14:51:03.239459,2026-03-21 15:18:03.239459,2026-03-21 18:01:12.036418,2026-03-21 19:12:12.036418,2026-03-21 19:30:12.036418,2026-03-22 00:39:47.492176,2026-03-22 03:13:21.646682,2026-03-22 07:45:43.547005,2026-03-22 21:32:42.316265,2026-03-23 07:34:09.411687,2026-03-23 02:18:03.239459,Delivered,Closed,SHP023,Shipper 023,Enterprise,West Java,ST08_Bogor,HB01_JKT_GATEWAY,East Java,ST13_Malang,HB03_SBY_GATEWAY,Inter-Region,Next Day,Prepaid,CR081,Bike,0.7,0.76,0.76,1022836,23420,14560,4,1,0,,71.0,36,0,0,,1,0,,0,,41.27,5.16,4.54,ST13_Malang,Last Mile Delay
SHPM004269,AWB260004269,2026-03-12 15:59:52.300664,2026-03-12 16:09:52.300664,2026-03-12 16:54:52.300664,2026-03-12 21:02:06.189186,2026-03-12 21:15:06.189186,2026-03-12 21:50:06.189186,2026-03-13 03:47:27.822955,2026-03-13 13:39:52.025672,2026-03-13 20:03:54.921453,2026-03-14 11:01:51.403117,2026-03-15 02:36:31.727846,2026-03-15 15:59:52.300664,Delivered,Closed,SHP071,Shipper 071,Enterprise,Jabodetabek,ST05_Tangerang,HB01_JKT_GATEWAY,Central Java,ST09_Semarang,HB04_CTG_NATIONAL,Inter-Region,Regular,Prepaid,CR050,Bike,0.76,1.24,1.24,440892,17580,10085,8,1,0,,13.0,72,1,0,,1,0,,0,,58.61,5.96,6.4,ST09_Semarang,
SHPM004270,AWB260004270,2026-02-21 18:05:37.304688,2026-02-21 18:19:37.304688,2026-02-21 19:07:37.304688,2026-02-22 01:52:11.082697,2026-02-22 02:30:11.082697,2026-02-22 04:26:11.082697,2026-02-22 06:31:14.626569,2026-02-22 10:31:33.561745,2026-02-22 19:41:15.696441,2026-02-23 02:59:14.254128,2026-02-23 16:59:29.686347,2026-02-24 18:05:37.304688,Delivered,Closed,SHP050,Shipper 050,Marketplace,Jabodetabek,ST04_Bekasi,HB01_JKT_GATEWAY,East Java,ST14_Kediri,HB03_SBY_GATEWAY,Inter-Region,Regular,Prepaid,CR034,Truck,1.72,1.88,1.88,2179357,20460,15404,8,1,0,,38.0,72,1,0,,1,0,,0,,46.9,2.08,9.16,ST14_Kediri,
SHPM004271,AWB260004271,2026-03-29 05:18:47.336523,2026-03-29 05:52:47.336523,2026-03-29 06:19:47.336523,2026-03-29 08:48:01.664906,2026-03-29 08:56:01.664906,2026-03-29 09:52:01.664906,2026-03-29 11:39:06.253976,2026-03-29 18:26:17.902107,2026-03-30 01:02:55.467119,2026-03-30 16:41:01.937311,2026-03-31 03:47:16.451749,2026-04-01 05:18:47.336523,Delivered,Closed,SHP087,Shipper 087,Enterprise,Jabodetabek,ST02_JKT_West,HB01_JKT_GATEWAY,West Java,ST08_Bogor,HB01_JKT_GATEWAY,Inter-Region,Regular,Prepaid,CR015,Bike,1.22,1.25,1.25,1044507,17625,13896,8,1,0,,8.0,72,1,0,,1,0,,0,,46.47,1.78,6.61,ST08_Bogor,
SHPM004272,AWB260004272,2026-03-21 17:07:49.901820,2026-03-21 17:38:49.901820,2026-03-21 18:13:49.901820,2026-03-21 20:24:08.857435,2026-03-21 20:32:08.857435,2026-03-21 21:53:08.857435,2026-03-22 03:40:05.119245,2026-03-22 10:21:42.800784,2026-03-22 17:42:16.972355,2026-03-23 02:07:18.552834,2026-03-23 08:33:26.255663,2026-03-23 05:07:49.901820,Delivered,Closed,SHP040,Shipper 040,Marketplace,West Java,ST06_Bandung,HB01_JKT_GATEWAY,Jabodetabek,ST05_Tangerang,HB01_JKT_GATEWAY,Inter-Region,Next Day,Prepaid,CR058,Truck,0.92,1.43,1.43,1348274,26435,19452,4,1,0,,8.0,36,0,0,,1,0,,0,,39.43,5.78,7.34,ST05_Tangerang,Last Mile Delay
SHPM004273,AWB260004273,2026-03-11 01:38:00.886818,2026-03-11 01:54:00.886818,2026-03-11 02:17:00.886818,2026-03-11 05:18:07.242634,2026-03-11 06:28:07.242634,2026-03-11 08:07:07.242634,2026-03-11 10:46:54.245689,2026-03-11 14:59:53.699002,2026-03-11 21:23:41.719594,2026-03-12 11:54:48.145917,2026-03-12 16:29:31.387158,2026-03-12 13:38:00.886818,Delivered,Closed,SHP028,Shipper 028,Marketplace,Jabodetabek,ST05_Tangerang,HB01_JKT_GATEWAY,East Java,ST13_Malang,HB03_SBY_GATEWAY,Inter-Region,Next Day,Prepaid,CR045,Bike,3.59,3.28,3.59,2054481,36155,22809,4,1,0,,70.0,36,0,0,,1,0,,0,,38.86,2.66,6.4,ST13_Malang,Last Mile Delay
SHPM004274,AWB260004274,2026-02-18 23:17:47.172910,2026-02-18 23:54:47.172910,2026-02-19 00:40:47.172910,2026-02-19 04:22:10.056738,2026-02-19 05:18:10.056738,2026-02-19 07:16:10.056738,2026-02-19 13:13:57.638260,2026-02-19 17:24:41.513368,2026-02-20 07:20:01.940401,2026-02-20 12:54:20.493078,2026-02-20 19:36:45.064475,2026-02-21 23:17:47.172910,Delivered,Closed,SHP081,Shipper 081,Marketplace,West Java,ST08_Bogor,HB01_JKT_GATEWAY,Outer Java,ST19_Denpasar,HB06_EASTERN_GATEWAY,Inter-Region,Regular,Prepaid,CR082,Van,1.34,1.28,1.34,328703,18030,12422,8,1,0,,56.0,72,1,0,,1,0,,0,,44.32,5.96,13.92,ST19_Denpasar,
SHPM004275,AWB260004275,2026-03-10 16:14:29.224845,2026-03-10 16:42:29.224845,2026-03-10 17:05:29.224845,2026-03-11 00:42:05.819357,2026-03-11 01:05:05.819357,2026-03-11 03:02:05.819357,2026-03-11 06:43:43.411445,2026-03-11 11:04:23.349465,2026-03-11 22:32:04.494952,2026-03-12 15:23:58.770243,2026-03-13 00:55:57.976043,2026-03-13 16:14:29.224845,Delivered,Closed,SHP078,Shipper 078,SME,Outer Java,ST17_Makassar,HB06_EASTERN_GATEWAY,Jabodetabek,ST02_JKT_West,HB01_JKT_GATEWAY,Inter-Region,Regular,Prepaid,CR159,Bike,0.77,0.78,0.78,955607,15510,14302,8,1,0,,23.0,72,1,0,,1,0,,0,,56.69,3.69,11.46,ST02_JKT_West,
SHPM004276,AWB260004276,2026-02-28 14:38:03.685435,2026-02-28 14:55:03.685435,2026-02-28 15:17:03.685435,2026-02-28 17:03:30.982510,2026-02-28 17:32:30.982510,2026-02-28 18:59:30.982510,2026-03-01 00:52:16.524796,2026-03-01 06:59:32.132169,2026-03-01 11:37:27.330035,2026-03-01 21:56:06.010064,2026-03-02 06:21:27.047651,2026-03-02 02:38:03.685435,Delivered,Closed,SHP076,Shipper 076,Enterprise,West Java,ST06_Bandung,HB01_JKT_GATEWAY,Central Java,ST09_Semarang,HB04_CTG_NATIONAL,Inter-Region,Next Day,COD,CR056,Van,1.63,1.83,1.83,1010794,32235,19315,4,1,0,,29.0,36,0,0,,1,0,,0,,39.72,5.88,4.63,ST09_Semarang,Last Mile Delay
SHPM004277,AWB260004277,2026-03-01 18:37:35.075866,2026-03-01 18:44:35.075866,2026-03-01 19:13:35.075866,2026-03-01 21:10:45.516853,2026-03-01 22:11:45.516853,2026-03-01 23:22:45.516853,2026-03-02 03:14:48.583144,2026-03-02 06:17:15.306584,2026-03-02 11:25:30.369812,2026-03-03 01:39:41.704705,2026-03-03 12:06:23.712117,2026-03-03 06:37:35.075866,Delivered,Closed,SHP067,Shipper 067,SME,East Java,ST14_Kediri,HB03_SBY_GATEWAY,Jabodetabek,ST01_JKT_Central,HB01_JKT_GATEWAY,Inter-Region,Next Day,Prepaid,CR129,Van,2.05,2.85,2.85,1259457,32825,19141,4,1,0,,61.0,36,0,0,,1,0,,0,,41.48,3.87,5.14,ST01_JKT_Central,Last Mile Delay
SHPM004278,AWB260004278,2026-03-30 11:34:15.837780,2026-03-30 11:52:15.837780,2026-03-30 12:19:15.837780,2026-03-30 19:30:42.774372,2026-03-30 19:38:42.774372,2026-03-30 20:54:42.774372,2026-03-30 23:07:22.179045,2026-03-31 07:28:32.691198,2026-04-01 09:59:21.678277,2026-04-01 17:44:30.133008,2026-04-02 06:17:27.179401,2026-04-02 11:34:15.837780,Delivered,Closed,SHP006,Shipper 006,Marketplace,East Java,ST14_Kediri,HB03_SBY_GATEWAY,Jabodetabek,ST03_JKT_East,HB01_JKT_GATEWAY,Inter-Region,Regular,Prepaid,CR130,Van,0.89,0.91,0.91,602189,16095,13989,8,1,0,,8.0,72,1,0,,1,0,,0,,66.72,2.21,26.51,ST03_JKT_East,
SHPM004279,AWB260004279,2026-02-27 02:46:35.868137,2026-02-27 03:16:35.868137,2026-02-27 03:21:35.868137,2026-02-27 06:51:19.273188,2026-02-27 07:29:19.273188,2026-02-27 07:47:19.273188,2026-02-27 10:45:36.534114,2026-02-27 14:31:46.861675,2026-02-27 19:49:11.602149,2026-02-28 10:08:30.274241,2026-02-28 15:33:18.490992,2026-02-28 14:46:35.868137,Delivered,Closed,SHP022,Shipper 022,Marketplace,Central Java,ST09_Semarang,HB04_CTG_NATIONAL,Jabodetabek,ST05_Tangerang,HB01_JKT_GATEWAY,Inter-Region,Next Day,COD,CR084,Bike,0.78,1.29,1.29,1481998,29805,17347,4,1,0,,38.0,36,0,0,,1,0,,0,,36.78,2.97,5.29,ST05_Tangerang,Last Mile Delay
SHPM004280,AWB260004280,2026-02-20 02:47:33.580289,2026-02-20 03:27:33.580289,2026-02-20 03:48:33.580289,2026-02-20 12:05:59.071576,2026-02-20 13:07:59.071576,2026-02-20 15:02:59.071576,2026-02-20 17:25:07.389415,2026-02-20 20:23:05.388637,2026-02-21 07:40:59.349258,2026-02-21 22:42:11.160595,,2026-02-23 02:47:33.580289,Return To Sender,RTS,SHP096,Shipper 096,Marketplace,Jabodetabek,ST02_JKT_West,HB01_JKT_GATEWAY,West Java,ST08_Bogor,HB01_JKT_GATEWAY,Inter-Region,Regular,COD,CR015,Bike,2.73,2.53,2.73,1490937,28285,19612,8,0,0,,62.0,72,0,1,Invalid Address,3,0,,1,Invalid Address,1089.21,2.37,11.3,ST08_Bogor,Hub Bottleneck
SHPM004281,AWB260004281,2026-03-31 22:06:45.814397,2026-03-31 22:20:45.814397,2026-03-31 22:25:45.814397,2026-04-01 04:25:32.223319,2026-04-01 04:33:32.223319,2026-04-01 04:48:32.223319,2026-04-01 08:44:13.873253,2026-04-01 12:32:35.130806,2026-04-02 01:12:30.402346,2026-04-02 07:49:38.099443,2026-04-02 20:45:10.183094,2026-04-03 22:06:45.814397,Delivered,Closed,SHP071,Shipper 071,Enterprise,Jabodetabek,ST04_Bekasi,HB01_JKT_GATEWAY,Outer Java,ST19_Denpasar,HB06_EASTERN_GATEWAY,Inter-Region,Regular,Prepaid,CR041,Van,1.17,1.15,1.17,701307,17265,11936,8,1,0,,8.0,72,1,0,,1,0,,0,,46.64,3.93,12.67,ST19_Denpasar,
SHPM004282,AWB260004282,2026-03-20 13:31:53.167226,2026-03-20 13:46:53.167226,2026-03-20 14:15:53.167226,2026-03-20 22:36:19.407559,2026-03-20 23:31:19.407559,2026-03-21 00:05:19.407559,2026-03-21 02:49:24.511268,2026-03-21 11:18:06.350153,2026-03-21 13:05:32.819202,2026-03-21 22:33:47.803852,2026-03-22 07:50:01.134472,2026-03-23 13:31:53.167226,Delivered,Closed,SHP083,Shipper 083,Marketplace,Jabodetabek,ST03_JKT_East,HB01_JKT_GATEWAY,Central Java,ST10_Solo,HB04_CTG_NATIONAL,Inter-Region,Regular,Prepaid,CR028,Bike,0.47,0.51,0.51,467093,14295,9329,8,0,0,,55.0,72,1,0,,1,0,,0,,42.3,2.73,1.79,ST10_Solo,
SHPM004283,AWB260004283,2026-03-28 16:17:35.613512,2026-03-28 16:52:35.613512,2026-03-28 17:49:35.613512,2026-03-29 01:05:52.636724,2026-03-29 02:01:52.636724,2026-03-29 02:24:52.636724,2026-03-29 09:00:47.972376,2026-03-29 13:50:20.821891,2026-03-29 20:36:21.867495,2026-03-30 13:18:14.103832,2026-03-31 05:50:03.288197,2026-03-31 16:17:35.613512,Delivered,Closed,SHP060,Shipper 060,Enterprise,East Java,ST12_Surabaya,HB03_SBY_GATEWAY,Outer Java,ST20_Banjarmasin,HB06_EASTERN_GATEWAY,Inter-Region,Regular,COD,CR107,Bike,0.45,0.49,0.49,1372669,18205,16860,8,0,0,,56.0,72,1,0,,1,0,,0,,61.54,6.6,6.77,ST20_Banjarmasin,
SHPM004284,AWB260004284,2026-03-25 04:00:45.924046,2026-03-25 04:30:45.924046,2026-03-25 04:45:45.924046,2026-03-25 13:06:21.919685,2026-03-25 13:42:21.919685,2026-03-25 14:30:21.919685,2026-03-25 18:19:53.759262,2026-03-25 21:47:26.273002,2026-03-26 06:42:06.325611,2026-03-26 19:13:35.350476,2026-03-27 00:20:31.034869,2026-03-28 04:00:45.924046,Delivered,Closed,SHP014,Shipper 014,Enterprise,Jabodetabek,ST05_Tangerang,HB01_JKT_GATEWAY,West Java,ST08_Bogor,HB01_JKT_GATEWAY,Inter-Region,Regular,Prepaid,CR053,Bike,1.67,1.94,1.94,1043698,20730,16433,8,0,0,,36.0,72,1,0,,1,0,,0,,44.33,3.83,8.91,ST08_Bogor,
SHPM004285,AWB260004285,2026-02-22 19:23:42.794443,2026-02-22 19:51:42.794443,2026-02-22 20:10:42.794443,2026-02-23 02:54:05.960876,2026-02-23 03:32:05.960876,2026-02-23 03:56:05.960876,2026-02-23 08:45:18.817192,2026-02-23 15:37:59.153641,2026-02-24 00:28:23.974157,2026-02-24 12:54:14.378531,2026-02-25 03:02:57.487413,2026-02-25 19:23:42.794443,Delivered,Closed,SHP088,Shipper 088,SME,Outer Java,ST19_Denpasar,HB06_EASTERN_GATEWAY,Central Java,ST09_Semarang,HB04_CTG_NATIONAL,Inter-Region,Regular,Prepaid,CR181,Van,0.65,0.67,0.67,405533,15015,13083,8,1,0,,38.0,72,1,0,,1,0,,0,,55.65,4.82,8.84,ST09_Semarang,
SHPM004286,AWB260004286,2026-03-24 18:47:50.127062,2026-03-24 19:13:50.127062,2026-03-24 19:32:50.127062,2026-03-24 22:00:30.086871,2026-03-24 22:42:30.086871,2026-03-25 00:41:30.086871,2026-03-25 04:16:45.671707,2026-03-25 10:49:27.452874,2026-03-25 14:33:21.696106,2026-03-26 05:25:56.097951,2026-03-26 18:24:42.682278,2026-03-27 18:47:50.127062,Delivered,Closed,SHP100,Shipper 100,Marketplace,Central Java,ST11_Yogyakarta,HB04_CTG_NATIONAL,West Java,ST06_Bandung,HB01_JKT_GATEWAY,Inter-Region,Regular,COD,CR100,Bike,0.59,0.61,0.61,422640,18745,13027,8,1,0,,42.0,72,1,0,,1,0,,0,,47.61,3.59,3.73,ST06_Bandung,
SHPM004287,AWB260004287,2026-03-21 12:07:37.804673,2026-03-21 12:40:37.804673,2026-03-21 13:10:37.804673,2026-03-21 20:39:56.517640,2026-03-21 21:05:56.517640,2026-03-21 22:15:56.517640,2026-03-21 23:16:51.874753,2026-03-22 00:39:10.175370,2026-03-22 03:19:45.940341,2026-03-22 10:24:58.630040,2026-03-22 14:50:20.209608,2026-03-23 12:07:37.804673,Delivered,Closed,SHP042,Shipper 042,Marketplace,Jabodetabek,ST03_JKT_East,HB01_JKT_GATEWAY,Jabodetabek,ST01_JKT_Central,HB01_JKT_GATEWAY,Intra-Region,Regular,Prepaid,CR026,Van,1.43,1.6,1.6,2265955,19200,12429,8,1,0,,26.0,48,1,0,,1,0,,0,,26.71,1.02,2.68,ST01_JKT_Central,
SHPM004288,AWB260004288,2026-02-23 21:44:53.340287,2026-02-23 22:25:53.340287,2026-02-23 22:41:53.340287,2026-02-24 00:30:48.781018,2026-02-24 01:00:48.781018,2026-02-24 02:15:48.781018,2026-02-24 03:34:02.813345,2026-02-24 13:28:36.977433,2026-02-24 16:11:55.170677,2026-02-25 01:29:41.938334,2026-02-25 06:44:43.916130,2026-02-26 21:44:53.340287,Delivered,Closed,SHP012,Shipper 012,Marketplace,Outer Java,ST20_Banjarmasin,HB06_EASTERN_GATEWAY,West Java,ST06_Bandung,HB01_JKT_GATEWAY,Inter-Region,Regular,COD,CR183,Truck,0.6,0.64,0.64,1341790,18880,11124,8,1,0,,30.0,72,1,0,,1,0,,0,,33.0,1.3,2.72,ST06_Bandung,
SHPM004289,AWB260004289,2026-03-22 19:33:34.561197,2026-03-22 19:47:34.561197,2026-03-22 20:11:34.561197,2026-03-23 07:12:37.580668,2026-03-23 08:34:37.580668,2026-03-23 10:05:37.580668,2026-03-23 18:59:37.452884,2026-03-23 23:15:15.657860,2026-03-24 08:00:57.823113,2026-03-24 16:49:17.139283,2026-03-24 19:00:04.078065,2026-03-24 07:33:34.561197,Delivered,Closed,SHP018,Shipper 018,Enterprise,West Java,ST07_Cirebon,HB02_BDG_TRANSIT,East Java,ST12_Surabaya,HB03_SBY_GATEWAY,Inter-Region,Next Day,Prepaid,CR071,Truck,0.64,0.68,0.68,1077675,23060,18586,4,0,0,,82.0,36,0,0,,1,0,,0,,47.44,8.9,8.76,ST12_Surabaya,First Mile Delay
SHPM004290,AWB260004290,2026-03-23 15:26:35.556455,2026-03-23 15:37:35.556455,2026-03-23 15:48:35.556455,2026-03-23 21:16:15.069425,2026-03-23 21:53:15.069425,2026-03-23 23:19:15.069425,2026-03-24 02:00:37.338005,2026-03-24 09:00:49.255640,2026-03-24 23:46:53.631811,2026-03-25 17:36:30.196149,2026-03-25 23:15:24.865516,2026-03-26 15:26:35.556455,Delivered,Closed,SHP006,Shipper 006,Marketplace,East Java,ST14_Kediri,HB03_SBY_GATEWAY,Central Java,ST10_Solo,HB04_CTG_NATIONAL,Inter-Region,Regular,Prepaid,CR128,Truck,0.48,0.52,0.52,1441452,14340,9628,8,1,0,,37.0,72,1,0,,1,0,,0,,55.81,2.69,14.77,ST10_Solo,
SHPM004291,AWB260004291,2026-03-27 00:22:56.162478,2026-03-27 00:48:56.162478,2026-03-27 00:53:56.162478,2026-03-27 04:03:54.250556,2026-03-27 04:40:54.250556,2026-03-27 05:35:54.250556,2026-03-27 07:23:44.069187,2026-03-27 10:21:07.457336,2026-03-27 18:59:21.955943,2026-03-28 05:06:19.878625,2026-03-28 13:30:31.901588,2026-03-28 12:22:56.162478,Delivered,Closed,SHP039,Shipper 039,Marketplace,Central Java,ST10_Solo,HB04_CTG_NATIONAL,Outer Java,ST15_Medan,HB05_SUMATRA_GATEWAY,Inter-Region,Next Day,Prepaid,CR097,Van,1.14,1.22,1.22,1367935,25490,22953,4,1,0,,37.0,36,0,0,,1,0,,0,,37.13,1.8,8.64,ST15_Medan,Remote Area
SHPM004292,AWB260004292,2026-03-31 03:36:25.476835,2026-03-31 04:19:25.476835,2026-03-31 04:46:25.476835,2026-03-31 04:55:57.542506,2026-03-31 05:18:57.542506,2026-03-31 06:24:57.542506,2026-03-31 11:17:31.668666,2026-03-31 16:55:43.695560,2026-04-01 01:41:51.813446,2026-04-01 11:03:01.516734,2026-04-01 12:49:44.227587,2026-03-31 19:36:25.476835,Delivered,Closed,SHP012,Shipper 012,Marketplace,Outer Java,ST20_Banjarmasin,HB06_EASTERN_GATEWAY,Jabodetabek,ST01_JKT_Central,HB01_JKT_GATEWAY,Inter-Region,Same Day,Prepaid,CR183,Van,0.89,0.81,0.89,719584,31005,27479,2,1,0,,23.0,16,0,0,,1,0,,0,,33.22,4.88,8.77,ST01_JKT_Central,Last Mile Delay
SHPM004293,AWB260004293,2026-02-26 07:57:49.812534,2026-02-26 08:20:49.812534,2026-02-26 09:11:49.812534,2026-02-26 20:30:39.007816,2026-02-26 21:53:39.007816,2026-02-26 22:27:39.007816,2026-02-27 02:32:14.587724,2026-02-27 10:41:14.874386,2026-02-28 00:31:08.705528,2026-02-28 11:36:37.367427,2026-03-01 06:57:58.722299,2026-03-01 07:57:49.812534,Delivered,Closed,SHP060,Shipper 060,Enterprise,East Java,ST12_Surabaya,HB03_SBY_GATEWAY,Outer Java,ST19_Denpasar,HB06_EASTERN_GATEWAY,Inter-Region,Regular,Prepaid,CR111,Bike,0.84,0.8,0.84,1220335,15780,9373,8,0,0,,83.0,72,1,0,,1,0,,0,,71.0,4.08,13.83,ST19_Denpasar,
SHPM004294,AWB260004294,2026-03-29 03:09:28.821130,2026-03-29 03:32:28.821130,2026-03-29 04:42:28.821130,2026-03-29 20:52:02.961408,2026-03-29 22:00:02.961408,2026-03-29 23:15:02.961408,2026-03-30 03:45:54.806312,2026-03-30 10:46:10.329185,2026-03-30 13:39:03.043301,2026-03-31 02:16:21.712440,2026-03-31 10:45:54.090935,2026-04-01 03:09:28.821130,Delivered,Closed,SHP018,Shipper 018,Enterprise,West Java,ST07_Cirebon,HB02_BDG_TRANSIT,Outer Java,ST15_Medan,HB05_SUMATRA_GATEWAY,Inter-Region,Regular,Prepaid,CR071,Bike,0.82,0.77,0.82,579807,15690,14715,8,0,0,,68.0,72,1,0,,1,0,,0,,55.61,4.51,2.88,ST15_Medan,
SHPM004295,AWB260004295,2026-03-20 11:36:54.876316,2026-03-20 12:05:54.876316,2026-03-20 12:17:54.876316,2026-03-20 15:00:39.734861,2026-03-20 16:02:39.734861,2026-03-20 17:57:39.734861,2026-03-20 23:28:30.576365,2026-03-21 07:47:04.872195,2026-03-21 18:18:32.403057,2026-03-22 01:13:49.012394,2026-03-22 10:13:15.004033,2026-03-21 23:36:54.876316,Delivered,Closed,SHP074,Shipper 074,Enterprise,Outer Java,ST15_Medan,HB05_SUMATRA_GATEWAY,East Java,ST14_Kediri,HB03_SBY_GATEWAY,Inter-Region,Next Day,COD,CR138,Van,0.89,0.89,0.89,631017,28005,17814,4,1,0,,62.0,36,0,0,,1,0,,0,,46.61,5.51,10.52,ST14_Kediri,Hub Bottleneck
SHPM004296,AWB260004296,2026-03-07 05:45:38.436886,2026-03-07 06:23:38.436886,2026-03-07 07:02:38.436886,2026-03-07 09:42:33.539307,2026-03-07 09:50:33.539307,2026-03-07 10:56:33.539307,2026-03-07 12:18:44.162640,2026-03-07 17:38:55.627642,2026-03-08 07:42:53.527834,2026-03-08 16:11:08.577345,2026-03-09 06:34:53.178173,2026-03-10 05:45:38.436886,Delivered,Closed,SHP057,Shipper 057,SME,Central Java,ST09_Semarang,HB04_CTG_NATIONAL,Outer Java,ST19_Denpasar,HB06_EASTERN_GATEWAY,Inter-Region,Regular,Prepaid,CR086,Bike,0.94,0.95,0.95,1935917,16275,12893,8,1,0,,8.0,72,1,0,,1,0,,0,,48.82,1.37,14.07,ST19_Denpasar,
SHPM004297,AWB260004297,2026-03-09 02:22:26.993655,2026-03-09 02:57:26.993655,2026-03-09 03:39:26.993655,2026-03-09 06:00:00.658756,2026-03-09 06:45:00.658756,2026-03-09 08:05:00.658756,2026-03-09 13:42:14.776092,2026-03-09 18:12:09.768886,2026-03-10 03:49:07.480459,2026-03-10 21:16:57.690373,2026-03-11 02:28:24.114128,2026-03-12 02:22:26.993655,Delivered,Closed,SHP038,Shipper 038,Marketplace,Jabodetabek,ST01_JKT_Central,HB01_JKT_GATEWAY,West Java,ST08_Bogor,HB01_JKT_GATEWAY,Inter-Region,Regular,COD,CR002,Bike,1.38,1.76,1.76,613660,23920,18381,8,1,0,,45.0,72,1,0,,1,0,,0,,48.1,5.62,9.62,ST08_Bogor,
SHPM004298,AWB260004298,2026-02-18 04:49:18.518875,2026-02-18 05:13:18.518875,2026-02-18 05:55:18.518875,2026-02-18 20:06:20.862433,2026-02-18 21:24:20.862433,2026-02-18 21:39:20.862433,2026-02-19 06:25:52.022444,2026-02-19 15:40:33.752875,2026-02-19 23:12:19.221367,2026-02-20 12:49:29.129094,2026-02-20 17:46:22.841701,2026-02-21 04:49:18.518875,Delivered,Closed,SHP076,Shipper 076,Enterprise,West Java,ST07_Cirebon,HB02_BDG_TRANSIT,East Java,ST12_Surabaya,HB03_SBY_GATEWAY,Inter-Region,Regular,Prepaid,CR068,Van,0.89,1.46,1.46,806804,18570,16915,8,0,0,,78.0,72,1,0,,1,0,,0,,60.95,8.78,7.53,ST12_Surabaya,
SHPM004299,AWB260004299,2026-03-20 22:41:27.645793,2026-03-20 23:18:27.645793,2026-03-20 23:48:27.645793,2026-03-21 04:44:11.114855,2026-03-21 06:06:11.114855,2026-03-21 07:47:11.114855,2026-03-21 10:23:42.247604,2026-03-21 13:13:19.077863,2026-03-21 17:14:32.628144,2026-03-22 06:49:36.730284,2026-03-22 11:35:36.409440,2026-03-23 22:41:27.645793,Delivered,Closed,SHP004,Shipper 004,Marketplace,Jabodetabek,ST01_JKT_Central,HB01_JKT_GATEWAY,East Java,ST12_Surabaya,HB03_SBY_GATEWAY,Inter-Region,Regular,Prepaid,CR009,Bike,1.15,1.17,1.17,729203,17265,13220,8,1,0,,82.0,72,1,0,,1,0,,0,,36.9,2.61,4.02,ST12_Surabaya,
SHPM004300,AWB260004300,2026-03-02 03:17:22.251278,2026-03-02 03:23:22.251278,2026-03-02 03:52:22.251278,,,,,,,,,2026-03-03 15:17:22.251278,Failed Pickup,Exception,SHP053,Shipper 053,Marketplace,Jabodetabek,ST03_JKT_East,HB01_JKT_GATEWAY,Outer Java,ST16_Palembang,HB05_SUMATRA_GATEWAY,Inter-Region,Next Day,Prepaid,CR029,Bike,1.53,1.5,1.53,829340,26885,14899,4,0,1,Address Not Found,,36,0,0,,0,0,,0,,848.71,,,ST03_JKT_East,
SHPM004301,AWB260004301,2026-03-27 17:44:37.051263,2026-03-27 18:27:37.051263,2026-03-27 18:46:37.051263,2026-03-27 20:24:52.662106,2026-03-27 21:05:52.662106,2026-03-27 21:36:52.662106,2026-03-28 01:57:38.703418,2026-03-28 05:55:57.958448,2026-03-28 10:23:53.858649,2026-03-28 15:31:20.838664,2026-03-28 20:34:26.462236,2026-03-28 03:44:37.051263,Delivered,Closed,SHP030,Shipper 030,Enterprise,Jabodetabek,ST05_Tangerang,HB01_JKT_GATEWAY,Jabodetabek,ST03_JKT_East,HB01_JKT_GATEWAY,Intra-Region,Same Day,COD,CR054,Bike,0.82,0.8,0.82,1361109,34690,27852,2,1,0,,41.0,10,0,0,,1,0,,0,,26.83,4.35,4.47,ST03_JKT_East,Last Mile Delay
SHPM004302,AWB260004302,2026-03-20 22:34:26.816359,2026-03-20 23:08:26.816359,2026-03-20 23:24:26.816359,2026-03-21 01:30:28.663109,2026-03-21 02:03:28.663109,2026-03-21 02:19:28.663109,2026-03-21 04:52:20.035925,2026-03-21 09:42:41.151348,2026-03-21 16:38:18.276498,2026-03-22 03:28:43.415295,2026-03-22 06:39:25.512991,2026-03-22 10:34:26.816359,Delivered,Closed,SHP032,Shipper 032,Marketplace,West Java,ST06_Bandung,HB01_JKT_GATEWAY,Jabodetabek,ST03_JKT_East,HB01_JKT_GATEWAY,Inter-Region,Next Day,COD,CR063,Bike,0.39,0.4,0.4,708594,25800,17295,4,1,0,,33.0,36,1,0,,1,0,,0,,32.08,2.55,6.93,ST03_JKT_East,
SHPM004303,AWB260004303,2026-02-28 14:14:42.682044,2026-02-28 14:59:42.682044,2026-02-28 15:24:42.682044,2026-02-28 19:57:15.370789,2026-02-28 20:23:15.370789,2026-02-28 21:42:15.370789,2026-02-28 23:24:39.690857,2026-03-01 03:42:35.800433,2026-03-01 09:32:45.398027,2026-03-02 00:55:10.157156,2026-03-02 08:17:08.239861,2026-03-03 14:14:42.682044,Delivered,Closed,SHP048,Shipper 048,Enterprise,Outer Java,ST17_Makassar,HB06_EASTERN_GATEWAY,West Java,ST06_Bandung,HB01_JKT_GATEWAY,Inter-Region,Regular,COD,CR160,Truck,1.52,1.41,1.52,237741,22840,16996,8,1,0,,26.0,72,1,0,,1,0,,0,,42.04,1.71,5.84,ST06_Bandung,
SHPM004304,AWB260004304,2026-03-30 16:55:47.766705,2026-03-30 17:37:47.766705,2026-03-30 18:24:47.766705,2026-03-30 18:35:29.323568,2026-03-30 18:46:29.323568,2026-03-30 20:01:29.323568,2026-03-31 00:53:01.813202,2026-03-31 06:59:28.756313,2026-03-31 09:04:56.030859,2026-03-31 21:11:04.339167,2026-03-31 23:09:14.727271,2026-03-31 08:55:47.766705,Delivered,Closed,SHP004,Shipper 004,Marketplace,Jabodetabek,ST01_JKT_Central,HB01_JKT_GATEWAY,West Java,ST07_Cirebon,HB02_BDG_TRANSIT,Inter-Region,Same Day,Prepaid,CR005,Bike,2.53,2.47,2.53,1409580,38385,28466,2,1,0,,11.0,16,0,0,,1,0,,0,,30.22,4.86,2.09,ST07_Cirebon,Last Mile Delay
SHPM004305,AWB260004305,2026-02-22 05:40:25.128508,2026-02-22 06:25:25.128508,2026-02-22 07:01:25.128508,2026-02-22 10:28:59.767071,2026-02-22 10:50:59.767071,2026-02-22 11:43:59.767071,2026-02-22 13:59:13.417721,2026-02-22 17:44:23.017919,2026-02-23 01:18:44.021451,2026-02-24 17:37:00.106410,2026-02-25 04:38:50.293631,2026-02-23 17:40:25.128508,Delivered,Closed,SHP062,Shipper 062,Enterprise,Jabodetabek,ST04_Bekasi,HB01_JKT_GATEWAY,Outer Java,ST18_Balikpapan,HB06_EASTERN_GATEWAY,Inter-Region,Next Day,Prepaid,CR033,Truck,1.07,1.28,1.28,2127061,25760,14366,4,0,0,,22.0,36,0,0,,1,1,Capacity Delay,0,,70.97,2.25,7.57,ST18_Balikpapan,First Mile Delay
SHPM004306,AWB260004306,2026-03-07 02:53:28.207902,2026-03-07 03:34:28.207902,2026-03-07 04:01:28.207902,2026-03-07 05:58:07.744330,2026-03-07 07:16:07.744330,2026-03-07 08:20:07.744330,2026-03-07 10:30:44.641847,2026-03-07 19:39:57.043679,2026-03-08 06:48:33.559534,2026-03-08 15:32:25.786114,2026-03-09 04:33:38.265223,2026-03-10 02:53:28.207902,Delivered,Closed,SHP073,Shipper 073,Marketplace,Outer Java,ST15_Medan,HB05_SUMATRA_GATEWAY,Central Java,ST11_Yogyakarta,HB04_CTG_NATIONAL,Inter-Region,Regular,Prepaid,CR143,Truck,0.66,0.65,0.66,1027124,14970,13732,8,1,0,,78.0,72,1,0,,1,0,,0,,49.67,2.18,11.14,ST11_Yogyakarta,
SHPM004307,AWB260004307,2026-02-16 16:46:43.673713,2026-02-16 17:19:43.673713,2026-02-16 18:10:43.673713,2026-02-16 21:48:29.029803,2026-02-16 22:24:29.029803,2026-02-16 23:54:29.029803,2026-02-17 02:59:35.574332,2026-02-17 09:12:52.631397,2026-02-17 15:46:46.779124,2026-02-17 22:50:49.460383,2026-02-18 04:34:38.238772,2026-02-19 16:46:43.673713,Delivered,Closed,SHP094,Shipper 094,SME,Outer Java,ST15_Medan,HB05_SUMATRA_GATEWAY,Jabodetabek,ST01_JKT_Central,HB01_JKT_GATEWAY,Inter-Region,Regular,Prepaid,CR138,Van,1.28,1.4,1.4,2572320,18300,14582,8,1,0,,36.0,72,1,0,,1,0,,0,,35.8,3.09,6.57,ST01_JKT_Central,
SHPM004308,AWB260004308,2026-03-18 10:49:15.919046,2026-03-18 11:02:15.919046,2026-03-18 11:43:15.919046,2026-03-18 17:18:18.189373,2026-03-18 18:28:18.189373,2026-03-18 19:18:18.189373,2026-03-18 21:42:50.575427,2026-03-19 01:35:12.031243,2026-03-19 07:01:27.959224,2026-03-19 16:36:16.226419,2026-03-20 07:20:39.357983,2026-03-21 10:49:15.919046,Delivered,Closed,SHP090,Shipper 090,Enterprise,East Java,ST14_Kediri,HB03_SBY_GATEWAY,Jabodetabek,ST01_JKT_Central,HB01_JKT_GATEWAY,Inter-Region,Regular,Prepaid,CR131,Bike,1.1,1.01,1.1,813551,16950,15154,8,1,0,,70.0,72,1,0,,1,0,,0,,44.52,2.41,5.44,ST01_JKT_Central,
SHPM004309,AWB260004309,2026-03-18 06:53:11.566415,2026-03-18 07:37:11.566415,2026-03-18 07:54:11.566415,2026-03-18 15:56:26.335935,2026-03-18 16:53:26.335935,2026-03-18 17:10:26.335935,2026-03-18 22:48:37.388633,2026-03-19 05:00:34.225971,2026-03-19 12:04:46.314010,2026-03-19 17:14:47.573536,2026-03-20 05:38:23.902130,2026-03-21 06:53:11.566415,Delivered,Closed,SHP069,Shipper 069,SME,West Java,ST06_Bandung,HB01_JKT_GATEWAY,Jabodetabek,ST04_Bekasi,HB01_JKT_GATEWAY,Inter-Region,Regular,COD,CR056,Bike,0.58,0.56,0.58,454980,18610,10826,8,0,0,,57.0,72,1,0,,1,0,,0,,46.75,5.64,7.07,ST04_Bekasi,
SHPM004310,AWB260004310,2026-03-28 16:08:58.339766,2026-03-28 16:48:58.339766,2026-03-28 17:20:58.339766,2026-03-28 22:09:15.051697,2026-03-28 22:35:15.051697,2026-03-28 22:57:15.051697,2026-03-29 03:20:18.003814,2026-03-29 10:49:41.751597,2026-03-29 12:48:40.025739,2026-03-30 03:51:24.742617,2026-03-30 18:17:24.505411,2026-03-31 16:08:58.339766,Delivered,Closed,SHP016,Shipper 016,Marketplace,Jabodetabek,ST02_JKT_West,HB01_JKT_GATEWAY,East Java,ST14_Kediri,HB03_SBY_GATEWAY,Inter-Region,Regular,Prepaid,CR012,Van,1.77,2.25,2.25,650809,22125,16667,8,1,0,,26.0,72,1,0,,1,0,,0,,50.14,4.38,1.98,ST14_Kediri,
SHPM004311,AWB260004311,2026-03-07 20:53:20.445252,2026-03-07 21:16:20.445252,2026-03-07 21:51:20.445252,2026-03-08 01:32:54.610730,2026-03-08 01:40:54.610730,2026-03-08 03:13:54.610730,2026-03-08 08:49:27.736441,2026-03-08 16:38:39.717003,2026-03-08 19:45:36.252914,2026-03-09 13:05:55.663786,2026-03-10 00:27:14.435962,2026-03-10 20:53:20.445252,Delivered,Closed,SHP062,Shipper 062,Enterprise,Jabodetabek,ST04_Bekasi,HB01_JKT_GATEWAY,West Java,ST06_Bandung,HB01_JKT_GATEWAY,Inter-Region,Regular,Prepaid,CR037,Van,2.01,2.08,2.08,1381055,21360,15846,8,1,0,,8.0,72,1,0,,1,0,,0,,51.56,5.59,3.12,ST06_Bandung,
SHPM004312,AWB260004312,2026-03-25 05:10:38.910503,2026-03-25 05:17:38.910503,2026-03-25 05:40:38.910503,2026-03-25 09:29:55.090244,2026-03-25 10:03:55.090244,2026-03-25 11:43:55.090244,2026-03-25 17:11:38.316908,2026-03-25 22:05:26.716178,2026-03-26 07:03:11.934089,2026-03-26 20:27:48.362342,,2026-03-26 17:10:38.910503,Delivery Exception,Exception,SHP084,Shipper 084,Enterprise,Central Java,ST10_Solo,HB04_CTG_NATIONAL,Jabodetabek,ST05_Tangerang,HB01_JKT_GATEWAY,Inter-Region,Next Day,Prepaid,CR094,Van,1.23,1.11,1.23,1718335,25535,20057,4,0,0,,34.0,36,0,1,Cash Issue,3,0,,0,,294.82,5.46,8.96,ST05_Tangerang,Delivery Exception
SHPM004313,AWB260004313,2026-02-25 22:15:58.673321,2026-02-25 22:40:58.673321,2026-02-26 00:05:58.673321,2026-02-26 03:37:18.312205,2026-02-26 04:50:18.312205,2026-02-26 05:09:18.312205,2026-02-26 08:57:15.754151,2026-02-26 11:09:44.591987,2026-02-27 06:06:48.644742,2026-02-27 11:48:18.088395,2026-02-27 16:49:34.645214,2026-02-27 10:15:58.673321,Delivered,Closed,SHP067,Shipper 067,SME,East Java,ST12_Surabaya,HB03_SBY_GATEWAY,Jabodetabek,ST05_Tangerang,HB01_JKT_GATEWAY,Inter-Region,Next Day,Prepaid,CR111,Bike,0.44,0.52,0.52,854329,22340,14882,4,0,0,,73.0,36,0,0,,1,0,,0,,42.56,3.8,18.95,ST05_Tangerang,First Mile Delay
SHPM004314,AWB260004314,2026-03-24 04:15:36.729184,2026-03-24 04:27:36.729184,2026-03-24 04:52:36.729184,2026-03-24 13:01:59.258792,2026-03-24 13:17:59.258792,2026-03-24 14:58:59.258792,2026-03-24 20:38:03.420878,2026-03-24 22:43:52.490797,2026-03-25 01:55:58.583998,2026-03-25 06:58:14.180533,2026-03-25 15:01:17.765963,2026-03-27 04:15:36.729184,Delivered,Closed,SHP007,Shipper 007,SME,Jabodetabek,ST05_Tangerang,HB01_JKT_GATEWAY,West Java,ST06_Bandung,HB01_JKT_GATEWAY,Inter-Region,Regular,COD,CR046,Van,2.2,2.39,2.39,1244141,26755,18038,8,0,0,,16.0,72,1,0,,1,0,,0,,34.76,5.65,3.2,ST06_Bandung,
SHPM004315,AWB260004315,2026-03-27 07:25:48.369350,2026-03-27 08:10:48.369350,2026-03-27 08:57:48.369350,2026-03-27 15:17:56.410490,2026-03-27 16:59:56.410490,2026-03-27 17:23:56.410490,2026-03-27 23:27:36.814798,2026-03-28 07:51:26.911049,2026-03-28 17:12:55.062299,2026-03-29 05:24:01.907239,2026-03-29 20:37:21.982995,2026-03-30 07:25:48.369350,Delivered,Closed,SHP040,Shipper 040,Marketplace,West Java,ST07_Cirebon,HB02_BDG_TRANSIT,Central Java,ST11_Yogyakarta,HB04_CTG_NATIONAL,Inter-Region,Regular,Prepaid,CR075,Bike,0.91,0.86,0.91,1104482,16095,15194,8,1,0,,102.0,72,1,0,,1,0,,0,,61.19,6.06,9.36,ST11_Yogyakarta,
SHPM004316,AWB260004316,2026-04-01 01:15:12.726898,2026-04-01 01:47:12.726898,2026-04-01 02:42:12.726898,2026-04-01 13:22:10.948006,2026-04-01 15:09:10.948006,2026-04-01 16:30:10.948006,2026-04-01 20:55:46.001624,2026-04-02 01:20:12.008282,2026-04-02 12:45:29.108767,2026-04-03 01:39:16.970470,2026-04-03 16:17:54.166725,2026-04-04 01:15:12.726898,Delivered,Closed,SHP040,Shipper 040,Marketplace,West Java,ST07_Cirebon,HB02_BDG_TRANSIT,Jabodetabek,ST03_JKT_East,HB01_JKT_GATEWAY,Inter-Region,Regular,COD,CR069,Van,0.82,0.77,0.82,223605,19690,14833,8,0,0,,107.0,72,1,0,,1,0,,0,,63.04,4.43,11.42,ST03_JKT_East,
SHPM004317,AWB260004317,2026-03-31 23:46:16.451461,2026-04-01 00:17:16.451461,2026-04-01 00:45:16.451461,2026-04-01 03:57:27.889017,2026-04-01 04:59:27.889017,2026-04-01 06:26:27.889017,2026-04-01 09:34:35.575535,2026-04-01 14:45:09.638477,2026-04-02 02:23:47.797328,2026-04-02 15:48:11.501152,2026-04-02 20:42:32.595339,2026-04-03 23:46:16.451461,Delivered,Closed,SHP090,Shipper 090,Enterprise,East Java,ST14_Kediri,HB03_SBY_GATEWAY,Jabodetabek,ST02_JKT_West,HB01_JKT_GATEWAY,Inter-Region,Regular,COD,CR126,Bike,1.77,2.65,2.65,2243542,27925,19891,8,1,0,,62.0,72,1,0,,1,0,,0,,44.94,3.14,11.64,ST02_JKT_West,
SHPM004318,AWB260004318,2026-03-28 01:11:39.615018,2026-03-28 01:36:39.615018,2026-03-28 02:08:39.615018,2026-03-28 03:41:23.605597,2026-03-28 04:19:23.605597,2026-03-28 05:14:23.605597,2026-03-28 10:03:04.157614,2026-03-28 15:57:56.601825,2026-03-29 02:42:02.651133,2026-03-29 08:19:40.263357,2026-03-30 05:24:33.965409,2026-03-31 01:11:39.615018,Delivered,Closed,SHP038,Shipper 038,Marketplace,Jabodetabek,ST01_JKT_Central,HB01_JKT_GATEWAY,Outer Java,ST15_Medan,HB05_SUMATRA_GATEWAY,Inter-Region,Regular,Prepaid,CR006,Bike,1.19,1.26,1.26,1221321,17670,14009,8,1,0,,38.0,72,1,0,,1,0,,0,,52.22,4.81,10.74,ST15_Medan,
SHPM004319,AWB260004319,2026-02-22 01:11:04.696122,2026-02-22 01:23:04.696122,2026-02-22 01:49:04.696122,2026-02-22 04:31:52.447842,2026-02-22 04:45:52.447842,2026-02-22 05:22:52.447842,2026-02-22 08:59:42.634961,2026-02-22 18:49:35.224726,2026-02-23 00:35:31.454445,2026-02-23 16:20:01.217774,2026-02-24 07:21:38.121869,2026-02-25 01:11:04.696122,Delivered,Closed,SHP062,Shipper 062,Enterprise,Jabodetabek,ST04_Bekasi,HB01_JKT_GATEWAY,West Java,ST08_Bogor,HB01_JKT_GATEWAY,Inter-Region,Regular,Prepaid,CR041,Truck,0.76,0.82,0.82,2488174,15690,10521,8,1,0,,14.0,72,1,0,,1,0,,0,,54.18,3.61,5.77,ST08_Bogor,
SHPM004320,AWB260004320,2026-03-24 22:19:03.435211,2026-03-24 22:59:03.435211,2026-03-24 23:23:03.435211,2026-03-25 03:02:07.472560,2026-03-25 03:39:07.472560,2026-03-25 05:19:07.472560,2026-03-25 07:26:05.705496,2026-03-25 13:40:45.229386,2026-03-26 01:30:01.360583,2026-03-26 09:42:53.166463,2026-03-26 17:46:56.066561,2026-03-26 10:19:03.435211,Delivered,Closed,SHP084,Shipper 084,Enterprise,Central Java,ST09_Semarang,HB04_CTG_NATIONAL,Jabodetabek,ST02_JKT_West,HB01_JKT_GATEWAY,Inter-Region,Next Day,Prepaid,CR088,Bike,1.84,1.81,1.84,623241,28280,17076,4,0,0,,37.0,36,0,0,,1,0,,0,,43.46,2.12,11.82,ST02_JKT_West,First Mile Delay
SHPM004321,AWB260004321,2026-03-22 15:02:19.263885,2026-03-22 15:09:19.263885,2026-03-22 15:38:19.263885,2026-03-22 17:10:09.083523,2026-03-22 18:01:09.083523,2026-03-22 19:23:09.083523,2026-03-22 21:47:39.299564,2026-03-23 02:40:14.455677,2026-03-23 09:48:30.091617,2026-03-23 17:39:10.357519,2026-03-24 03:44:59.828717,2026-03-24 03:02:19.263885,Delivered,Closed,SHP005,Shipper 005,Enterprise,Central Java,ST10_Solo,HB04_CTG_NATIONAL,Jabodetabek,ST02_JKT_West,HB01_JKT_GATEWAY,Inter-Region,Next Day,Prepaid,CR091,Truck,1.42,1.38,1.42,469448,26390,23986,4,1,0,,51.0,36,0,0,,1,0,,0,,36.71,2.41,7.14,ST02_JKT_West,Last Mile Delay
SHPM004322,AWB260004322,2026-03-20 20:12:23.482179,2026-03-20 20:26:23.482179,2026-03-20 20:55:23.482179,2026-03-20 21:11:27.893080,2026-03-20 22:12:27.893080,2026-03-20 22:37:27.893080,2026-03-21 03:38:56.854618,2026-03-21 09:36:07.152209,2026-03-21 14:49:10.918384,2026-03-22 01:24:04.962850,2026-03-22 03:03:09.340330,2026-03-21 12:12:23.482179,Delivered,Closed,SHP034,Shipper 034,Enterprise,Jabodetabek,ST01_JKT_Central,HB01_JKT_GATEWAY,East Java,ST14_Kediri,HB03_SBY_GATEWAY,Inter-Region,Same Day,Prepaid,CR011,Bike,2.49,2.5,2.5,752965,38250,33009,2,1,0,,61.0,16,0,0,,1,0,,0,,30.85,5.02,5.22,ST14_Kediri,Last Mile Delay
SHPM004323,AWB260004323,2026-03-20 02:52:28.901743,2026-03-20 03:33:28.901743,2026-03-20 04:11:28.901743,2026-03-20 06:32:05.851910,2026-03-20 07:19:05.851910,2026-03-20 07:36:05.851910,2026-03-20 08:47:11.139681,2026-03-20 13:57:58.147400,2026-03-21 00:32:37.870801,2026-03-21 05:54:34.481276,2026-03-21 08:41:33.146748,2026-03-21 14:52:28.901743,Delivered,Closed,SHP011,Shipper 011,Enterprise,Jabodetabek,ST03_JKT_East,HB01_JKT_GATEWAY,Central Java,ST10_Solo,HB04_CTG_NATIONAL,Inter-Region,Next Day,Prepaid,CR021,Bike,5.2,5.55,5.55,2169170,44975,37429,4,1,0,,47.0,36,1,0,,1,0,,0,,29.82,1.18,10.58,ST10_Solo,
SHPM004324,AWB260004324,2026-03-19 15:48:01.014041,2026-03-19 15:58:01.014041,2026-03-19 16:34:01.014041,2026-03-19 21:39:24.482219,2026-03-19 22:18:24.482219,2026-03-19 23:19:24.482219,2026-03-20 00:20:11.386259,2026-03-20 05:57:18.173233,2026-03-20 23:20:59.221929,2026-03-21 05:53:38.058941,2026-03-22 06:09:04.820102,2026-03-22 15:48:01.014041,Delivered,Closed,SHP035,Shipper 035,Enterprise,Jabodetabek,ST04_Bekasi,HB01_JKT_GATEWAY,Outer Java,ST16_Palembang,HB05_SUMATRA_GATEWAY,Inter-Region,Regular,Prepaid,CR040,Bike,1.46,1.5,1.5,1385858,18750,15492,8,1,0,,39.0,72,1,0,,1,0,,0,,62.35,1.01,17.39,ST16_Palembang,
SHPM004325,AWB260004325,2026-03-14 18:06:10.124060,2026-03-14 18:50:10.124060,2026-03-14 19:36:10.124060,2026-03-14 22:09:49.781250,2026-03-14 23:49:49.781250,2026-03-15 00:12:49.781250,2026-03-15 07:21:44.594546,2026-03-15 09:13:34.555845,2026-03-15 15:28:42.377604,2026-03-15 23:18:00.721763,2026-03-16 04:29:22.131891,2026-03-15 18:06:10.124060,Delivered,Closed,SHP018,Shipper 018,Enterprise,West Java,ST07_Cirebon,HB02_BDG_TRANSIT,West Java,ST06_Bandung,HB01_JKT_GATEWAY,Intra-Region,Next Day,Prepaid,CR071,Bike,1.56,2.2,2.2,2452792,29900,25088,4,1,0,,100.0,24,0,0,,1,0,,0,,34.39,7.15,6.25,ST06_Bandung,Last Mile Delay
SHPM004326,AWB260004326,2026-03-21 05:14:55.636829,2026-03-21 05:36:55.636829,2026-03-21 05:48:55.636829,2026-03-21 09:29:13.810260,2026-03-21 10:13:13.810260,2026-03-21 10:53:13.810260,2026-03-21 14:20:43.194974,2026-03-22 00:02:54.711316,2026-03-22 06:06:17.153054,2026-03-22 15:36:39.261964,2026-03-22 18:47:22.834105,2026-03-22 17:14:55.636829,Delivered,Closed,SHP059,Shipper 059,Marketplace,Jabodetabek,ST02_JKT_West,HB01_JKT_GATEWAY,Central Java,ST10_Solo,HB04_CTG_NATIONAL,Inter-Region,Next Day,Prepaid,CR013,Truck,2.21,3.06,3.06,1365569,33770,23599,4,1,0,,44.0,36,0,0,,1,0,,0,,37.54,3.46,6.06,ST10_Solo,Last Mile Delay
SHPM004327,AWB260004327,2026-03-10 23:00:52.585086,2026-03-10 23:05:52.585086,2026-03-10 23:39:52.585086,,,,,,,,,2026-03-12 11:00:52.585086,Failed Pickup,Exception,SHP002,Shipper 002,Enterprise,Jabodetabek,ST01_JKT_Central,HB01_JKT_GATEWAY,Central Java,ST10_Solo,HB04_CTG_NATIONAL,Inter-Region,Next Day,Prepaid,CR008,Van,1.18,1.14,1.18,1211224,25310,14612,4,0,1,Schedule Miss,,36,0,0,,0,0,,0,,636.99,,,ST01_JKT_Central,
SHPM004328,AWB260004328,2026-03-20 08:38:12.914974,2026-03-20 09:02:12.914974,2026-03-20 09:43:12.914974,2026-03-20 12:37:28.843788,2026-03-20 13:06:28.843788,2026-03-20 14:38:28.843788,2026-03-20 16:54:15.630261,2026-03-20 21:43:23.662918,2026-03-21 06:55:58.499338,2026-03-21 18:21:48.962041,,2026-03-21 20:38:12.914974,Delivery Exception,Exception,SHP090,Shipper 090,Enterprise,East Java,ST14_Kediri,HB03_SBY_GATEWAY,Jabodetabek,ST05_Tangerang,HB01_JKT_GATEWAY,Inter-Region,Next Day,COD,CR127,Bike,2.03,2.89,2.89,775586,37005,24563,4,1,0,,29.0,36,0,1,Remote Area Delay,3,0,,0,,411.36,2.26,9.21,ST05_Tangerang,Delivery Exception
SHPM004329,AWB260004329,2026-03-11 02:28:19.678384,2026-03-11 02:47:19.678384,2026-03-11 03:29:19.678384,2026-03-11 03:56:57.638692,2026-03-11 04:54:57.638692,2026-03-11 06:43:57.638692,2026-03-11 08:19:08.598080,2026-03-11 17:41:18.352760,2026-03-12 04:28:30.775887,2026-03-12 17:28:35.482385,2026-03-13 03:48:28.878440,2026-03-12 14:28:19.678384,Delivered,Closed,SHP098,Shipper 098,Marketplace,Outer Java,ST17_Makassar,HB06_EASTERN_GATEWAY,East Java,ST12_Surabaya,HB03_SBY_GATEWAY,Inter-Region,Next Day,Prepaid,CR156,Bike,1.29,1.33,1.33,2280445,25985,16811,4,1,0,,58.0,36,0,0,,1,0,,0,,49.34,1.59,10.79,ST12_Surabaya,Hub Bottleneck
SHPM004330,AWB260004330,2026-03-23 20:22:28.823346,2026-03-23 21:00:28.823346,2026-03-23 21:27:28.823346,2026-03-24 01:06:49.003394,2026-03-24 01:39:49.003394,2026-03-24 03:30:49.003394,2026-03-24 08:46:25.590686,2026-03-24 12:43:47.049796,2026-03-25 00:20:41.774081,2026-03-25 16:59:23.247561,2026-03-25 21:44:37.855199,2026-03-25 08:22:28.823346,Delivered,Closed,SHP054,Shipper 054,Marketplace,West Java,ST06_Bandung,HB01_JKT_GATEWAY,Jabodetabek,ST04_Bekasi,HB01_JKT_GATEWAY,Inter-Region,Next Day,Prepaid,CR061,Van,1.06,1.12,1.12,1014967,25040,16208,4,0,0,,33.0,36,0,0,,1,0,,0,,49.37,5.26,11.62,ST04_Bekasi,First Mile Delay
SHPM004331,AWB260004331,2026-03-20 10:32:11.591870,2026-03-20 10:43:11.591870,2026-03-20 11:14:11.591870,2026-03-20 17:43:53.545183,2026-03-20 18:41:53.545183,2026-03-20 20:24:53.545183,2026-03-20 22:22:24.547469,2026-03-21 00:47:45.531499,2026-03-21 08:04:16.415635,2026-03-21 21:03:17.399313,2026-03-22 09:57:08.423843,2026-03-23 10:32:11.591870,Delivered,Closed,SHP001,Shipper 001,Marketplace,Jabodetabek,ST03_JKT_East,HB01_JKT_GATEWAY,West Java,ST07_Cirebon,HB02_BDG_TRANSIT,Inter-Region,Regular,Prepaid,CR029,Bike,1.39,1.46,1.46,2091856,18570,12620,8,1,0,,58.0,72,1,0,,1,0,,0,,47.42,1.96,7.28,ST07_Cirebon,
SHPM004332,AWB260004332,2026-03-01 12:29:47.854571,2026-03-01 13:04:47.854571,2026-03-01 13:33:47.854571,2026-03-01 16:35:06.017149,2026-03-01 17:14:06.017149,2026-03-01 19:12:06.017149,2026-03-01 22:51:05.217217,2026-03-02 07:21:00.416878,2026-03-02 18:44:39.119556,2026-03-03 03:24:41.648099,2026-03-04 01:05:42.567093,2026-03-04 12:29:47.854571,Delivered,Closed,SHP033,Shipper 033,Marketplace,Jabodetabek,ST01_JKT_Central,HB01_JKT_GATEWAY,Outer Java,ST20_Banjarmasin,HB06_EASTERN_GATEWAY,Inter-Region,Regular,Prepaid,CR008,Bike,1.38,2.07,2.07,945770,21315,16680,8,1,0,,39.0,72,1,0,,1,0,,0,,60.6,3.65,11.39,ST20_Banjarmasin,
SHPM004333,AWB260004333,2026-03-09 12:19:52.956400,2026-03-09 12:48:52.956400,2026-03-09 12:59:52.956400,2026-03-09 13:51:06.478016,2026-03-09 14:25:06.478016,2026-03-09 16:04:06.478016,2026-03-09 17:30:41.856009,2026-03-09 21:49:01.525485,2026-03-10 01:53:54.936177,2026-03-10 13:42:08.006458,,2026-03-10 04:19:52.956400,Return To Sender,RTS,SHP023,Shipper 023,Enterprise,West Java,ST08_Bogor,HB01_JKT_GATEWAY,Outer Java,ST16_Palembang,HB05_SUMATRA_GATEWAY,Inter-Region,Same Day,Prepaid,CR077,Bike,1.96,1.97,1.97,650685,35865,32083,2,1,0,,34.0,16,0,1,Invalid Address,2,0,,1,Invalid Address,671.67,1.44,4.08,ST16_Palembang,Delivery Exception
SHPM004334,AWB260004334,2026-03-28 09:24:25.546375,2026-03-28 09:43:25.546375,2026-03-28 10:09:25.546375,2026-03-28 13:08:54.635575,2026-03-28 14:36:54.635575,2026-03-28 15:57:54.635575,2026-03-28 17:14:12.815015,2026-03-28 22:28:41.776041,2026-03-29 04:59:44.017080,2026-03-29 15:09:46.795132,2026-03-29 21:22:00.994046,2026-03-31 09:24:25.546375,Delivered,Closed,SHP039,Shipper 039,Marketplace,Central Java,ST10_Solo,HB04_CTG_NATIONAL,Jabodetabek,ST04_Bekasi,HB01_JKT_GATEWAY,Inter-Region,Regular,COD,CR098,Truck,0.57,0.59,0.59,996240,18655,11321,8,1,0,,88.0,72,1,0,,1,0,,0,,35.96,1.27,6.52,ST04_Bekasi,
SHPM004335,AWB260004335,2026-02-26 07:29:12.574894,2026-02-26 07:38:12.574894,2026-02-26 07:57:12.574894,2026-02-26 10:07:17.503707,2026-02-26 10:39:17.503707,2026-02-26 12:27:17.503707,2026-02-26 16:03:31.058073,2026-02-27 01:25:20.017879,2026-02-27 11:09:43.959558,2026-02-28 02:39:12.994955,2026-02-28 10:40:27.768725,2026-02-27 19:29:12.574894,Delivered,Closed,SHP083,Shipper 083,Marketplace,Jabodetabek,ST02_JKT_West,HB01_JKT_GATEWAY,West Java,ST07_Cirebon,HB02_BDG_TRANSIT,Inter-Region,Next Day,Prepaid,CR016,Truck,2.0,2.01,2.01,1051458,29045,18143,4,1,0,,32.0,36,0,0,,1,0,,0,,51.19,3.6,9.74,ST07_Cirebon,Last Mile Delay
SHPM004336,AWB260004336,2026-03-12 22:09:42.332607,2026-03-12 22:23:42.332607,2026-03-12 22:35:42.332607,2026-03-13 02:16:10.025959,2026-03-13 03:08:10.025959,2026-03-13 03:51:10.025959,2026-03-13 06:43:57.670474,2026-03-13 11:16:02.096233,2026-03-13 13:56:05.812955,2026-03-14 04:13:07.358764,2026-03-14 08:36:46.043931,2026-03-15 22:09:42.332607,Delivered,Closed,SHP039,Shipper 039,Marketplace,Central Java,ST10_Solo,HB04_CTG_NATIONAL,East Java,ST14_Kediri,HB03_SBY_GATEWAY,Inter-Region,Regular,Prepaid,CR092,Bike,2.06,2.08,2.08,856817,21360,12307,8,1,0,,52.0,72,1,0,,1,0,,0,,34.45,2.88,2.67,ST14_Kediri,
SHPM004337,AWB260004337,2026-03-23 08:58:28.209794,2026-03-23 09:30:28.209794,2026-03-23 09:40:28.209794,2026-03-23 10:57:10.270554,2026-03-23 11:56:10.270554,2026-03-23 12:53:10.270554,2026-03-23 17:37:07.961072,2026-03-23 19:50:51.572254,2026-03-24 03:03:41.210940,2026-03-24 18:04:41.201541,2026-03-24 21:57:13.596626,2026-03-24 20:58:28.209794,Delivered,Closed,SHP080,Shipper 080,SME,Outer Java,ST19_Denpasar,HB06_EASTERN_GATEWAY,Central Java,ST11_Yogyakarta,HB04_CTG_NATIONAL,Inter-Region,Next Day,Prepaid,CR175,Bike,1.84,1.96,1.96,889612,28820,20962,4,1,0,,59.0,36,0,0,,1,0,,0,,36.98,4.73,7.21,ST11_Yogyakarta,Last Mile Delay
SHPM004338,AWB260004338,2026-03-20 16:02:31.099377,2026-03-20 16:09:31.099377,2026-03-20 16:19:31.099377,2026-03-20 20:37:29.708623,2026-03-20 21:27:29.708623,2026-03-20 22:13:29.708623,2026-03-20 23:31:12.140723,2026-03-21 06:33:22.879871,2026-03-21 08:34:09.317015,2026-03-21 18:31:32.857607,2026-03-22 00:35:46.749192,2026-03-22 04:02:31.099377,Delivered,Closed,SHP037,Shipper 037,Marketplace,Central Java,ST11_Yogyakarta,HB04_CTG_NATIONAL,West Java,ST07_Cirebon,HB02_BDG_TRANSIT,Inter-Region,Next Day,Prepaid,CR102,Bike,2.05,1.91,2.05,1495772,29225,20132,4,0,0,,50.0,36,1,0,,1,0,,0,,32.55,1.3,2.01,ST07_Cirebon,
SHPM004339,AWB260004339,2026-03-11 19:39:55.711515,2026-03-11 20:15:55.711515,2026-03-11 20:50:55.711515,2026-03-12 00:49:00.263452,2026-03-12 01:33:00.263452,2026-03-12 02:31:00.263452,2026-03-12 09:26:19.557639,2026-03-12 14:01:15.350106,2026-03-13 01:31:20.843577,2026-03-13 07:43:47.314951,2026-03-13 08:56:39.488921,2026-03-12 11:39:55.711515,Delivered,Closed,SHP099,Shipper 099,SME,West Java,ST07_Cirebon,HB02_BDG_TRANSIT,Central Java,ST09_Semarang,HB04_CTG_NATIONAL,Inter-Region,Same Day,Prepaid,CR065,Bike,1.44,1.41,1.44,285535,33480,26054,2,0,0,,44.0,16,0,0,,1,0,,0,,37.28,6.92,11.5,ST09_Semarang,First Mile Delay
SHPM004340,AWB260004340,2026-03-15 07:19:40.185724,2026-03-15 07:37:40.185724,2026-03-15 07:55:40.185724,2026-03-15 10:52:54.855301,2026-03-15 11:54:54.855301,2026-03-15 12:24:54.855301,2026-03-15 14:05:13.341991,2026-03-15 20:58:10.115951,2026-03-16 06:56:45.078173,2026-03-16 20:42:41.150930,2026-03-17 05:01:50.764438,2026-03-16 19:19:40.185724,Delivered,Closed,SHP027,Shipper 027,SME,Jabodetabek,ST05_Tangerang,HB01_JKT_GATEWAY,East Java,ST14_Kediri,HB03_SBY_GATEWAY,Inter-Region,Next Day,Prepaid,CR050,Bike,0.39,0.37,0.39,1054379,21755,12733,4,1,0,,62.0,36,0,0,,1,0,,0,,45.7,1.67,9.98,ST14_Kediri,Last Mile Delay
SHPM004341,AWB260004341,2026-03-28 11:44:58.450793,2026-03-28 12:16:58.450793,2026-03-28 12:31:58.450793,,,,,,,,,2026-03-29 23:44:58.450793,Failed Pickup,Exception,SHP050,Shipper 050,Marketplace,Jabodetabek,ST04_Bekasi,HB01_JKT_GATEWAY,East Java,ST13_Malang,HB03_SBY_GATEWAY,Inter-Region,Next Day,Prepaid,CR037,Truck,1.05,1.11,1.11,488542,24995,21409,4,0,1,Capacity Full,,36,0,0,,0,0,,0,,216.25,,,ST04_Bekasi,
SHPM004342,AWB260004342,2026-02-23 10:20:27.327082,2026-02-23 10:30:27.327082,2026-02-23 10:59:27.327082,2026-02-23 14:53:20.311767,2026-02-23 15:28:20.311767,2026-02-23 16:06:20.311767,2026-02-23 19:15:45.900482,2026-02-24 05:03:37.929212,2026-02-24 14:38:05.067003,2026-02-24 19:38:48.840580,,2026-02-24 22:20:27.327082,Damaged,Exception,SHP034,Shipper 034,Enterprise,Jabodetabek,ST03_JKT_East,HB01_JKT_GATEWAY,Outer Java,ST16_Palembang,HB05_SUMATRA_GATEWAY,Inter-Region,Next Day,Prepaid,CR026,Bike,0.61,0.93,0.93,1291731,24185,14472,4,0,0,,35.0,36,0,0,,1,1,Damaged,0,,1009.66,3.16,9.57,ST03_JKT_East,
SHPM004343,AWB260004343,2026-03-11 01:39:22.767915,2026-03-11 01:44:22.767915,2026-03-11 02:13:22.767915,2026-03-11 06:40:40.158924,2026-03-11 06:52:40.158924,2026-03-11 07:50:40.158924,2026-03-11 13:33:02.358792,2026-03-11 15:37:58.920872,2026-03-12 00:21:48.369970,2026-03-12 07:58:21.900348,2026-03-12 19:15:06.490688,2026-03-14 01:39:22.767915,Delivered,Closed,SHP005,Shipper 005,Enterprise,Central Java,ST09_Semarang,HB04_CTG_NATIONAL,Jabodetabek,ST05_Tangerang,HB01_JKT_GATEWAY,Inter-Region,Regular,Prepaid,CR085,Bike,1.12,1.22,1.22,1130953,17490,10306,8,1,0,,12.0,72,1,0,,1,0,,0,,41.6,5.71,8.73,ST05_Tangerang,
SHPM004344,AWB260004344,2026-03-21 03:58:13.762230,2026-03-21 04:27:13.762230,2026-03-21 04:32:13.762230,2026-03-21 08:05:52.008680,2026-03-21 08:41:52.008680,2026-03-21 10:17:52.008680,2026-03-21 12:34:14.135235,2026-03-21 22:03:14.619341,2026-03-22 00:24:07.822940,2026-03-22 07:12:17.729162,2026-03-23 00:48:09.818346,2026-03-24 03:58:13.762230,Delivered,Closed,SHP017,Shipper 017,Marketplace,Outer Java,ST15_Medan,HB05_SUMATRA_GATEWAY,West Java,ST06_Bandung,HB01_JKT_GATEWAY,Inter-Region,Regular,Prepaid,CR142,Truck,1.25,1.36,1.36,1075678,18120,11089,8,1,0,,36.0,72,1,0,,1,0,,0,,44.83,2.27,2.35,ST06_Bandung,
SHPM004345,AWB260004345,2026-02-22 21:22:27.804232,2026-02-22 22:02:27.804232,2026-02-22 22:24:27.804232,2026-02-23 00:20:32.135002,2026-02-23 01:15:32.135002,2026-02-23 02:01:32.135002,2026-02-23 08:01:26.276356,2026-02-23 10:23:38.020706,2026-02-23 16:43:00.346954,2026-02-24 00:10:50.564155,2026-02-24 02:33:31.657075,2026-02-23 13:22:27.804232,Delivered,Closed,SHP087,Shipper 087,Enterprise,Jabodetabek,ST04_Bekasi,HB01_JKT_GATEWAY,West Java,ST08_Bogor,HB01_JKT_GATEWAY,Inter-Region,Same Day,Prepaid,CR036,Bike,2.31,3.2,3.2,1617439,41400,35777,2,0,0,,55.0,16,0,0,,1,0,,0,,29.18,6.0,6.32,ST08_Bogor,First Mile Delay
SHPM004346,AWB260004346,2026-02-28 07:57:57.466750,2026-02-28 08:10:57.466750,2026-02-28 08:19:57.466750,2026-02-28 10:00:21.442759,2026-02-28 10:50:21.442759,2026-02-28 11:46:21.442759,2026-02-28 15:26:41.341577,2026-02-28 19:24:14.721946,2026-03-01 06:29:05.412376,2026-03-01 16:59:45.479309,2026-03-01 20:53:49.109883,2026-02-28 23:57:57.466750,Delivered,Closed,SHP095,Shipper 095,Enterprise,Central Java,ST11_Yogyakarta,HB04_CTG_NATIONAL,Jabodetabek,ST05_Tangerang,HB01_JKT_GATEWAY,Inter-Region,Same Day,COD,CR100,Van,1.11,1.82,1.82,233241,39190,24916,2,1,0,,50.0,16,0,0,,1,0,,0,,36.93,3.67,11.08,ST05_Tangerang,Hub Bottleneck
SHPM004347,AWB260004347,2026-03-21 10:07:11.454859,2026-03-21 10:36:11.454859,2026-03-21 10:42:11.454859,2026-03-21 13:09:37.138299,2026-03-21 13:48:37.138299,2026-03-21 15:31:37.138299,2026-03-21 18:36:44.159112,2026-03-21 22:33:40.573442,2026-03-22 05:21:29.423707,2026-03-22 12:57:51.048181,2026-03-23 02:19:16.182192,2026-03-22 22:07:11.454859,Delivered,Closed,SHP023,Shipper 023,Enterprise,West Java,ST08_Bogor,HB01_JKT_GATEWAY,Outer Java,ST20_Banjarmasin,HB06_EASTERN_GATEWAY,Inter-Region,Next Day,COD,CR082,Truck,4.53,4.59,4.59,365738,44655,41936,4,1,0,,39.0,36,0,0,,1,0,,0,,40.2,3.09,6.8,ST20_Banjarmasin,Remote Area
SHPM004348,AWB260004348,2026-03-03 11:21:21.327088,2026-03-03 11:51:21.327088,2026-03-03 12:06:21.327088,2026-03-03 15:52:16.900622,2026-03-03 16:29:16.900622,2026-03-03 17:13:16.900622,2026-03-03 21:30:42.511274,2026-03-04 01:35:20.074756,2026-03-04 09:16:56.039494,2026-03-04 18:44:38.014729,2026-03-05 02:32:35.820750,2026-03-06 11:21:21.327088,Delivered,Closed,SHP046,Shipper 046,SME,East Java,ST14_Kediri,HB03_SBY_GATEWAY,Central Java,ST11_Yogyakarta,HB04_CTG_NATIONAL,Inter-Region,Regular,COD,CR126,Van,1.87,1.78,1.87,455744,24415,16871,8,1,0,,37.0,72,1,0,,1,0,,0,,39.19,4.29,7.69,ST11_Yogyakarta,
SHPM004349,AWB260004349,2026-03-11 03:33:19.615049,2026-03-11 04:02:19.615049,2026-03-11 04:37:19.615049,2026-03-11 05:05:24.612966,2026-03-11 05:38:24.612966,2026-03-11 07:23:24.612966,2026-03-11 11:19:05.138032,2026-03-11 18:30:11.896408,2026-03-12 05:59:46.389971,2026-03-12 21:58:29.289550,2026-03-13 02:56:34.767090,2026-03-11 19:33:19.615049,Delivered,Closed,SHP097,Shipper 097,SME,Jabodetabek,ST03_JKT_East,HB01_JKT_GATEWAY,Outer Java,ST19_Denpasar,HB06_EASTERN_GATEWAY,Inter-Region,Same Day,Prepaid,CR030,Bike,0.6,0.55,0.6,1909116,29700,21985,2,1,0,,33.0,16,0,0,,1,0,,0,,47.39,3.93,11.49,ST19_Denpasar,Hub Bottleneck
SHPM004350,AWB260004350,2026-03-15 10:51:52.550541,2026-03-15 11:27:52.550541,2026-03-15 11:42:52.550541,2026-03-15 15:33:38.757459,2026-03-15 16:03:38.757459,2026-03-15 17:20:38.757459,2026-03-15 19:06:45.734535,2026-03-15 22:19:26.468751,2026-03-16 02:36:06.058256,2026-03-16 12:07:52.171620,2026-03-16 17:50:44.567114,2026-03-16 22:51:52.550541,Delivered,Closed,SHP074,Shipper 074,Enterprise,Outer Java,ST15_Medan,HB05_SUMATRA_GATEWAY,West Java,ST06_Bandung,HB01_JKT_GATEWAY,Inter-Region,Next Day,Prepaid,CR137,Bike,0.42,0.54,0.54,1618483,22430,18218,4,0,0,,30.0,36,1,0,,1,0,,0,,30.98,1.77,4.28,ST06_Bandung,
SHPM004351,AWB260004351,2026-03-20 12:00:13.873568,2026-03-20 12:23:13.873568,2026-03-20 12:47:13.873568,2026-03-20 14:24:05.214839,2026-03-20 15:25:05.214839,2026-03-20 15:40:05.214839,2026-03-20 17:20:19.512954,2026-03-21 02:25:56.865572,2026-03-21 13:10:07.693416,2026-03-22 01:41:41.775552,2026-03-22 13:34:29.938814,2026-03-23 12:00:13.873568,Delivered,Closed,SHP071,Shipper 071,Enterprise,Jabodetabek,ST04_Bekasi,HB01_JKT_GATEWAY,Central Java,ST10_Solo,HB04_CTG_NATIONAL,Inter-Region,Regular,Prepaid,CR038,Van,0.77,0.81,0.81,885276,15645,8917,8,1,0,,61.0,72,1,0,,1,0,,0,,49.57,1.67,10.74,ST10_Solo,
SHPM004352,AWB260004352,2026-03-30 18:59:53.311576,2026-03-30 19:21:53.311576,2026-03-30 19:58:53.311576,2026-03-31 03:16:30.983314,2026-03-31 04:29:30.983314,2026-03-31 05:08:30.983314,2026-03-31 10:48:21.413577,2026-03-31 15:44:05.526695,2026-03-31 21:22:36.635216,2026-04-01 14:47:17.094272,2026-04-01 23:59:51.621119,2026-04-02 18:59:53.311576,Delivered,Closed,SHP097,Shipper 097,SME,Jabodetabek,ST03_JKT_East,HB01_JKT_GATEWAY,West Java,ST08_Bogor,HB01_JKT_GATEWAY,Inter-Region,Regular,Prepaid,CR029,Van,2.39,2.53,2.53,1416081,23385,20016,8,1,0,,73.0,72,1,0,,1,0,,0,,53.0,5.66,5.64,ST08_Bogor,
SHPM004353,AWB260004353,2026-02-19 00:38:22.103631,2026-02-19 01:05:22.103631,2026-02-19 01:39:22.103631,2026-02-19 07:40:17.108146,2026-02-19 08:04:17.108146,2026-02-19 08:59:17.108146,2026-02-19 11:14:07.748992,2026-02-19 20:40:11.603129,2026-02-20 07:01:02.528024,2026-02-21 00:50:18.712678,2026-02-21 08:06:46.345548,2026-02-22 00:38:22.103631,Delivered,Closed,SHP072,Shipper 072,Enterprise,Outer Java,ST18_Balikpapan,HB06_EASTERN_GATEWAY,Jabodetabek,ST05_Tangerang,HB01_JKT_GATEWAY,Inter-Region,Regular,Prepaid,CR170,Van,1.21,1.66,1.66,1240054,19470,12802,8,1,0,,24.0,72,1,0,,1,0,,0,,55.47,2.25,10.35,ST05_Tangerang,
SHPM004354,AWB260004354,2026-03-23 01:54:12.023993,2026-03-23 02:37:12.023993,2026-03-23 03:24:12.023993,2026-03-23 06:01:39.033720,2026-03-23 07:06:39.033720,2026-03-23 07:23:39.033720,2026-03-23 13:39:52.377969,2026-03-23 22:07:02.853579,2026-03-24 05:31:02.633982,2026-03-24 16:26:31.014549,2026-03-24 18:48:56.990944,2026-03-24 13:54:12.023993,Delivered,Closed,SHP099,Shipper 099,SME,West Java,ST07_Cirebon,HB02_BDG_TRANSIT,Jabodetabek,ST01_JKT_Central,HB01_JKT_GATEWAY,Inter-Region,Next Day,COD,CR068,Van,2.59,2.52,2.59,597926,35655,29141,4,1,0,,65.0,36,0,0,,1,0,,0,,40.91,6.27,7.4,ST01_JKT_Central,Last Mile Delay
SHPM004355,AWB260004355,2026-03-10 21:09:11.012372,2026-03-10 21:19:11.012372,2026-03-10 21:57:11.012372,2026-03-11 01:29:38.681759,2026-03-11 01:55:38.681759,2026-03-11 03:50:38.681759,2026-03-11 08:18:06.998848,2026-03-11 15:38:05.307708,2026-03-11 18:15:52.452163,2026-03-12 09:05:16.416045,2026-03-12 18:04:39.240463,2026-03-13 21:09:11.012372,Delivered,Closed,SHP062,Shipper 062,Enterprise,Jabodetabek,ST04_Bekasi,HB01_JKT_GATEWAY,East Java,ST13_Malang,HB03_SBY_GATEWAY,Inter-Region,Regular,COD,CR033,Bike,2.6,2.81,2.81,2541222,28645,25258,8,1,0,,26.0,72,1,0,,1,0,,0,,44.92,4.46,2.63,ST13_Malang,
SHPM004356,AWB260004356,2026-03-16 05:44:08.396710,2026-03-16 06:06:08.396710,2026-03-16 06:29:08.396710,2026-03-16 07:54:40.611428,2026-03-16 08:23:40.611428,2026-03-16 09:21:40.611428,2026-03-16 10:49:02.130453,2026-03-16 18:39:37.272372,2026-03-16 23:58:22.020092,2026-03-17 17:00:17.682152,2026-03-17 18:50:56.383313,2026-03-16 21:44:08.396710,Delivered,Closed,SHP009,Shipper 009,Marketplace,West Java,ST06_Bandung,HB01_JKT_GATEWAY,Jabodetabek,ST03_JKT_East,HB01_JKT_GATEWAY,Inter-Region,Same Day,COD,CR059,Bike,2.27,2.4,2.4,1435369,41800,33573,2,1,0,,29.0,16,0,0,,1,1,Missed Cut-Off,0,,37.11,1.46,5.31,ST03_JKT_East,Last Mile Delay
SHPM004357,AWB260004357,2026-04-01 12:43:35.597198,2026-04-01 13:24:35.597198,2026-04-01 13:46:35.597198,2026-04-01 21:51:09.464591,2026-04-01 22:11:09.464591,2026-04-01 22:52:09.464591,2026-04-02 01:38:12.869488,2026-04-02 07:35:23.833970,2026-04-02 11:21:18.438628,2026-04-02 20:39:10.672444,2026-04-03 08:24:56.943478,2026-04-04 12:43:35.597198,Delivered,Closed,SHP056,Shipper 056,Enterprise,Jabodetabek,ST01_JKT_Central,HB01_JKT_GATEWAY,Outer Java,ST20_Banjarmasin,HB06_EASTERN_GATEWAY,Inter-Region,Regular,Prepaid,CR010,Truck,1.33,1.34,1.34,1314452,18030,13240,8,0,0,,20.0,72,1,0,,1,0,,0,,43.69,2.77,3.77,ST20_Banjarmasin,
SHPM004358,AWB260004358,2026-03-10 19:14:29.039104,2026-03-10 19:23:29.039104,2026-03-10 20:16:29.039104,2026-03-10 21:52:06.119729,2026-03-10 22:48:06.119729,2026-03-10 23:05:06.119729,2026-03-11 05:00:04.794171,2026-03-11 13:47:09.729775,2026-03-11 23:32:57.567769,2026-03-12 17:21:26.095561,2026-03-13 04:43:37.353443,2026-03-13 19:14:29.039104,Delivered,Closed,SHP056,Shipper 056,Enterprise,Jabodetabek,ST03_JKT_East,HB01_JKT_GATEWAY,Central Java,ST09_Semarang,HB04_CTG_NATIONAL,Inter-Region,Regular,COD,CR027,Bike,1.38,1.45,1.45,738118,22525,14017,8,1,0,,56.0,72,1,0,,1,0,,0,,57.49,5.92,9.76,ST09_Semarang,
SHPM004359,AWB260004359,2026-02-15 13:19:56.876744,2026-02-15 13:58:56.876744,2026-02-15 14:40:56.876744,2026-02-15 15:16:00.935248,2026-02-15 15:55:00.935248,2026-02-15 17:05:00.935248,2026-02-15 20:12:45.749545,2026-02-16 06:08:39.021996,2026-02-16 14:58:33.274435,2026-02-17 04:34:14.993234,2026-02-17 07:18:52.202890,2026-02-17 01:19:56.876744,Delivered,Closed,SHP014,Shipper 014,Enterprise,Jabodetabek,ST04_Bekasi,HB01_JKT_GATEWAY,East Java,ST12_Surabaya,HB03_SBY_GATEWAY,Inter-Region,Next Day,Prepaid,CR032,Truck,0.86,0.79,0.86,1128476,23870,13426,4,1,0,,39.0,36,0,0,,1,0,,0,,41.98,3.13,8.83,ST12_Surabaya,Last Mile Delay
SHPM004360,AWB260004360,2026-02-23 13:49:56.150604,2026-02-23 14:27:56.150604,2026-02-23 15:22:56.150604,2026-02-23 17:57:09.715338,2026-02-23 18:19:09.715338,2026-02-23 19:05:09.715338,2026-02-23 20:39:39.524978,2026-02-24 01:05:25.378738,2026-02-24 04:19:14.251300,2026-02-24 12:43:54.595978,2026-02-24 17:38:04.008852,2026-02-25 01:49:56.150604,Delivered,Closed,SHP033,Shipper 033,Marketplace,Jabodetabek,ST04_Bekasi,HB01_JKT_GATEWAY,East Java,ST13_Malang,HB03_SBY_GATEWAY,Inter-Region,Next Day,Prepaid,CR033,Truck,1.33,2.02,2.02,1984797,29090,23016,4,1,0,,22.0,36,1,0,,1,0,,0,,27.8,1.57,3.23,ST13_Malang,
SHPM004361,AWB260004361,2026-02-21 11:34:33.308726,2026-02-21 11:41:33.308726,2026-02-21 12:17:33.308726,2026-02-21 19:14:34.316146,2026-02-21 20:30:34.316146,2026-02-21 21:10:34.316146,2026-02-22 02:50:27.082061,2026-02-22 06:06:11.399068,2026-02-22 21:40:39.412560,2026-02-23 03:13:04.754378,2026-02-23 13:57:54.848175,2026-02-24 11:34:33.308726,Delivered,Closed,SHP087,Shipper 087,Enterprise,Jabodetabek,ST02_JKT_West,HB01_JKT_GATEWAY,Outer Java,ST17_Makassar,HB06_EASTERN_GATEWAY,Inter-Region,Regular,Prepaid,CR015,Van,1.95,2.1,2.1,1053071,21450,13844,8,1,0,,76.0,72,1,0,,1,0,,0,,50.39,5.66,15.57,ST17_Makassar,
SHPM004362,AWB260004362,2026-03-08 14:56:50.995602,2026-03-08 15:09:50.995602,2026-03-08 15:44:50.995602,2026-03-08 20:29:37.910505,2026-03-08 21:11:37.910505,2026-03-08 22:14:37.910505,2026-03-09 03:50:48.421247,2026-03-09 11:42:20.225204,2026-03-09 18:15:52.014390,2026-03-10 10:38:47.210123,2026-03-11 02:05:44.944283,2026-03-11 14:56:50.995602,Delivered,Closed,SHP069,Shipper 069,SME,West Java,ST08_Bogor,HB01_JKT_GATEWAY,Outer Java,ST17_Makassar,HB06_EASTERN_GATEWAY,Inter-Region,Regular,COD,CR078,Bike,1.57,2.25,2.25,456188,26125,20407,8,1,0,,42.0,72,1,0,,1,0,,0,,59.15,5.6,6.56,ST17_Makassar,
SHPM004363,AWB260004363,2026-04-01 11:50:19.370099,2026-04-01 12:00:19.370099,2026-04-01 12:43:19.370099,2026-04-01 13:31:24.887866,2026-04-01 14:04:24.887866,2026-04-01 14:59:24.887866,2026-04-01 20:22:28.229524,2026-04-02 04:54:24.264198,2026-04-02 11:20:18.466681,2026-04-02 18:11:00.033696,2026-04-03 04:22:28.662492,2026-04-02 23:50:19.370099,Delivered,Closed,SHP095,Shipper 095,Enterprise,Central Java,ST11_Yogyakarta,HB04_CTG_NATIONAL,East Java,ST13_Malang,HB03_SBY_GATEWAY,Inter-Region,Next Day,Prepaid,CR103,Truck,0.6,0.62,0.62,2009767,22790,17573,4,1,0,,33.0,36,0,0,,1,0,,0,,40.54,5.38,6.43,ST13_Malang,Last Mile Delay
SHPM004364,AWB260004364,2026-02-26 12:17:06.237437,2026-02-26 12:56:06.237437,2026-02-26 13:40:06.237437,2026-02-26 17:17:42.619792,2026-02-26 18:12:42.619792,2026-02-26 19:17:42.619792,2026-02-26 21:18:02.741229,2026-02-27 05:15:22.687736,2026-02-27 12:45:34.496202,2026-02-28 04:51:26.747543,2026-02-28 08:47:40.560957,2026-02-28 00:17:06.237437,Delivered,Closed,SHP071,Shipper 071,Enterprise,Jabodetabek,ST04_Bekasi,HB01_JKT_GATEWAY,Central Java,ST09_Semarang,HB04_CTG_NATIONAL,Inter-Region,Next Day,Prepaid,CR035,Truck,0.64,0.69,0.69,1018010,23105,17908,4,0,0,,55.0,36,0,0,,1,0,,0,,44.51,2.01,7.5,ST09_Semarang,First Mile Delay
SHPM004365,AWB260004365,2026-02-27 15:43:37.008995,2026-02-27 15:54:37.008995,2026-02-27 16:24:37.008995,2026-02-28 00:09:22.861810,2026-02-28 00:50:22.861810,2026-02-28 02:00:22.861810,2026-02-28 06:10:59.892829,2026-02-28 11:58:37.534824,2026-02-28 19:49:18.092089,2026-03-01 12:28:33.896810,2026-03-02 05:53:40.350596,2026-03-02 15:43:37.008995,Delivered,Closed,SHP023,Shipper 023,Enterprise,West Java,ST08_Bogor,HB01_JKT_GATEWAY,Jabodetabek,ST01_JKT_Central,HB01_JKT_GATEWAY,Inter-Region,Regular,Prepaid,CR077,Bike,1.03,1.06,1.06,1503848,16770,11771,8,0,0,,41.0,72,1,0,,1,0,,0,,62.17,4.18,7.84,ST01_JKT_Central,
SHPM004366,AWB260004366,2026-02-16 21:32:59.972591,2026-02-16 22:13:59.972591,2026-02-16 22:36:59.972591,2026-02-17 00:50:18.762358,2026-02-17 01:58:18.762358,2026-02-17 02:45:18.762358,2026-02-17 03:52:32.654703,2026-02-17 08:18:21.477037,2026-02-17 11:10:36.901572,2026-02-17 23:12:47.718992,2026-02-18 12:44:39.123875,2026-02-19 21:32:59.972591,Delivered,Closed,SHP067,Shipper 067,SME,East Java,ST14_Kediri,HB03_SBY_GATEWAY,West Java,ST08_Bogor,HB01_JKT_GATEWAY,Inter-Region,Regular,Prepaid,CR133,Bike,2.01,1.97,2.01,289281,21045,14961,8,1,0,,68.0,72,1,0,,1,0,,0,,39.19,1.12,2.87,ST08_Bogor,
SHPM004367,AWB260004367,2026-03-07 06:19:37.733564,2026-03-07 07:02:37.733564,2026-03-07 07:28:37.733564,2026-03-07 09:53:35.114505,2026-03-07 10:22:35.114505,2026-03-07 11:28:35.114505,2026-03-07 16:06:27.135957,2026-03-07 20:47:32.705620,2026-03-07 22:20:36.524237,2026-03-08 05:14:19.462933,2026-03-08 10:15:41.583348,2026-03-08 18:19:37.733564,Delivered,Closed,SHP087,Shipper 087,Enterprise,Jabodetabek,ST01_JKT_Central,HB01_JKT_GATEWAY,Central Java,ST09_Semarang,HB04_CTG_NATIONAL,Inter-Region,Next Day,Prepaid,CR005,Van,0.9,1.51,1.51,591042,26795,20133,4,1,0,,29.0,36,1,0,,1,0,,0,,27.93,4.63,1.55,ST09_Semarang,
SHPM004368,AWB260004368,2026-02-25 04:00:12.958364,2026-02-25 04:08:12.958364,2026-02-25 04:35:12.958364,2026-02-25 10:45:56.366210,2026-02-25 11:42:56.366210,2026-02-25 12:52:56.366210,2026-02-25 16:17:23.166744,2026-02-26 01:35:09.405599,2026-02-26 13:26:53.123748,2026-02-26 23:17:32.257263,2026-02-27 09:40:03.373373,2026-02-28 04:00:12.958364,Delivered,Closed,SHP041,Shipper 041,SME,West Java,ST08_Bogor,HB01_JKT_GATEWAY,Jabodetabek,ST04_Bekasi,HB01_JKT_GATEWAY,Inter-Region,Regular,Prepaid,CR082,Bike,1.27,1.19,1.27,1937080,17715,12871,8,1,0,,57.0,72,1,0,,1,0,,0,,53.66,3.41,11.86,ST04_Bekasi,
SHPM004369,AWB260004369,2026-03-12 23:41:17.207671,2026-03-12 23:49:17.207671,2026-03-13 00:52:17.207671,2026-03-13 02:46:07.865099,2026-03-13 03:59:07.865099,2026-03-13 04:33:07.865099,2026-03-13 08:10:41.432366,2026-03-13 14:15:20.358268,2026-03-13 18:18:31.301966,2026-03-14 06:57:38.789268,,2026-03-14 11:41:17.207671,Delivery Exception,Exception,SHP066,Shipper 066,Marketplace,West Java,ST07_Cirebon,HB02_BDG_TRANSIT,East Java,ST12_Surabaya,HB03_SBY_GATEWAY,Inter-Region,Next Day,Prepaid,CR065,Bike,4.45,4.74,4.74,492195,41330,24988,4,1,0,,73.0,36,0,1,Cash Issue,3,0,,0,,588.31,3.63,4.05,ST12_Surabaya,Delivery Exception
SHPM004370,AWB260004370,2026-03-13 13:12:44.707577,2026-03-13 13:40:44.707577,2026-03-13 14:08:44.707577,2026-03-13 20:46:46.437470,2026-03-13 21:43:46.437470,2026-03-13 22:55:46.437470,2026-03-14 04:22:03.811053,2026-03-14 07:57:55.178462,2026-03-14 09:32:37.507655,2026-03-14 16:53:43.413091,2026-03-15 01:06:18.888507,2026-03-16 13:12:44.707577,Delivered,Closed,SHP051,Shipper 051,Marketplace,Outer Java,ST17_Makassar,HB06_EASTERN_GATEWAY,East Java,ST13_Malang,HB03_SBY_GATEWAY,Inter-Region,Regular,COD,CR157,Truck,2.24,2.21,2.24,1210496,26080,23297,8,1,0,,57.0,72,1,0,,1,0,,0,,35.89,5.44,1.58,ST13_Malang,
SHPM004371,AWB260004371,2026-03-27 21:35:47.482096,2026-03-27 22:00:47.482096,2026-03-27 22:55:47.482096,2026-03-28 02:32:50.925624,2026-03-28 02:57:50.925624,2026-03-28 03:58:50.925624,2026-03-28 07:14:06.522251,2026-03-28 10:32:00.137395,2026-03-28 16:07:56.886765,2026-03-29 05:02:50.519296,,2026-03-29 09:35:47.482096,Delivery Exception,Exception,SHP076,Shipper 076,Enterprise,West Java,ST06_Bandung,HB01_JKT_GATEWAY,Jabodetabek,ST04_Bekasi,HB01_JKT_GATEWAY,Inter-Region,Next Day,Prepaid,CR060,Van,2.84,3.11,3.11,1716763,33995,24821,4,0,0,,25.0,36,0,1,Customer Not Home,2,0,,0,,230.4,3.25,5.6,ST04_Bekasi,Delivery Exception
SHPM004372,AWB260004372,2026-03-15 11:25:55.237084,2026-03-15 11:46:55.237084,2026-03-15 12:01:55.237084,2026-03-15 14:00:00.171784,2026-03-15 14:38:00.171784,2026-03-15 15:08:00.171784,2026-03-15 17:38:24.505255,2026-03-15 21:03:10.427870,2026-03-16 03:30:43.423535,2026-03-16 09:33:26.519930,2026-03-16 19:35:05.252640,2026-03-16 23:25:55.237084,Delivered,Closed,SHP071,Shipper 071,Enterprise,Jabodetabek,ST04_Bekasi,HB01_JKT_GATEWAY,Outer Java,ST15_Medan,HB05_SUMATRA_GATEWAY,Inter-Region,Next Day,COD,CR038,Van,1.64,2.55,2.55,673989,35475,30512,4,1,0,,38.0,36,1,0,,1,0,,0,,32.15,2.51,6.46,ST15_Medan,
SHPM004373,AWB260004373,2026-03-20 14:49:21.942904,2026-03-20 14:56:21.942904,2026-03-20 15:35:21.942904,2026-03-20 16:53:16.222602,2026-03-20 17:26:16.222602,2026-03-20 19:07:16.222602,2026-03-20 23:42:40.154451,2026-03-21 07:46:30.059027,2026-03-21 13:55:56.963004,2026-03-22 07:22:23.925614,2026-03-22 18:16:39.401294,2026-03-22 02:49:21.942904,Delivered,Closed,SHP087,Shipper 087,Enterprise,Jabodetabek,ST02_JKT_West,HB01_JKT_GATEWAY,East Java,ST12_Surabaya,HB03_SBY_GATEWAY,Inter-Region,Next Day,COD,CR012,Bike,1.62,1.74,1.74,593899,31830,24422,4,1,0,,33.0,36,0,0,,1,0,,0,,51.45,4.59,6.16,ST12_Surabaya,Last Mile Delay
SHPM004374,AWB260004374,2026-03-12 11:05:03.801813,2026-03-12 11:12:03.801813,2026-03-12 11:53:03.801813,2026-03-12 14:29:36.142060,2026-03-12 15:13:36.142060,2026-03-12 16:28:36.142060,2026-03-12 20:44:17.096773,2026-03-13 03:56:04.102619,2026-03-13 12:45:12.545547,2026-03-14 01:46:49.708947,2026-03-14 19:20:53.035155,2026-03-15 11:05:03.801813,Delivered,Closed,SHP012,Shipper 012,Marketplace,Outer Java,ST20_Banjarmasin,HB06_EASTERN_GATEWAY,West Java,ST07_Cirebon,HB02_BDG_TRANSIT,Inter-Region,Regular,COD,CR186,Truck,0.47,0.43,0.47,1469016,18115,13020,8,1,0,,44.0,72,1,0,,1,0,,0,,56.26,4.26,8.82,ST07_Cirebon,
SHPM004375,AWB260004375,2026-02-24 13:02:57.020985,2026-02-24 13:45:57.020985,2026-02-24 14:13:57.020985,2026-02-24 15:34:22.121104,2026-02-24 16:47:22.121104,2026-02-24 17:22:22.121104,2026-02-24 20:48:57.376422,2026-02-24 23:38:11.716385,2026-02-26 20:48:42.357671,2026-02-27 03:23:40.214354,2026-02-27 05:02:02.638189,2026-02-25 05:02:57.020985,Delivered,Closed,SHP031,Shipper 031,SME,East Java,ST13_Malang,HB03_SBY_GATEWAY,Outer Java,ST19_Denpasar,HB06_EASTERN_GATEWAY,Inter-Region,Same Day,Prepaid,CR118,Van,2.7,2.6,2.7,845700,39150,32390,2,1,0,,73.0,16,0,0,,1,0,,0,,63.98,3.44,45.18,ST19_Denpasar,Hub Bottleneck
SHPM004376,AWB260004376,2026-03-09 15:27:26.296702,2026-03-09 15:36:26.296702,2026-03-09 15:56:26.296702,2026-03-09 17:31:56.007218,2026-03-09 17:57:56.007218,2026-03-09 19:47:56.007218,2026-03-10 00:06:32.076656,2026-03-10 03:36:30.517736,2026-03-10 05:40:00.891401,2026-03-10 15:51:47.225609,2026-03-10 22:03:50.925237,2026-03-11 03:27:26.296702,Delivered,Closed,SHP063,Shipper 063,Enterprise,Jabodetabek,ST05_Tangerang,HB01_JKT_GATEWAY,West Java,ST06_Bandung,HB01_JKT_GATEWAY,Inter-Region,Next Day,COD,CR050,Van,4.23,4.92,4.92,2550771,46140,29793,4,1,0,,26.0,36,1,0,,1,0,,0,,30.61,4.31,2.06,ST06_Bandung,
SHPM004377,AWB260004377,2026-03-30 03:05:23.888145,2026-03-30 03:23:23.888145,2026-03-30 03:43:23.888145,2026-03-30 11:31:20.015313,2026-03-30 12:09:20.015313,2026-03-30 12:42:20.015313,2026-03-30 15:53:23.162388,2026-03-30 21:56:28.602156,2026-03-31 00:43:39.811255,2026-03-31 17:55:28.154060,2026-04-01 09:49:30.041609,2026-04-02 03:05:23.888145,Delivered,Closed,SHP070,Shipper 070,Enterprise,Jabodetabek,ST04_Bekasi,HB01_JKT_GATEWAY,West Java,ST07_Cirebon,HB02_BDG_TRANSIT,Inter-Region,Regular,Prepaid,CR034,Truck,1.86,1.96,1.96,968834,20820,15156,8,0,0,,38.0,72,1,0,,1,0,,0,,54.74,3.18,2.79,ST07_Cirebon,
SHPM004378,AWB260004378,2026-03-01 08:14:44.411475,2026-03-01 08:47:44.411475,2026-03-01 09:18:44.411475,2026-03-01 12:14:21.964454,2026-03-01 12:52:21.964454,2026-03-01 13:41:21.964454,2026-03-01 16:55:22.828389,2026-03-02 00:33:17.952032,2026-03-02 11:52:49.082023,2026-03-03 05:51:31.176446,2026-03-03 15:02:48.413992,2026-03-02 20:14:44.411475,Delivered,Closed,SHP048,Shipper 048,Enterprise,Outer Java,ST16_Palembang,HB05_SUMATRA_GATEWAY,East Java,ST12_Surabaya,HB03_SBY_GATEWAY,Inter-Region,Next Day,COD,CR145,Bike,0.32,0.3,0.32,1542060,25440,21773,4,1,0,,38.0,36,0,0,,1,0,,0,,54.8,3.23,11.33,ST12_Surabaya,Hub Bottleneck
SHPM004379,AWB260004379,2026-02-20 11:45:05.940961,2026-02-20 12:12:05.940961,2026-02-20 12:49:05.940961,2026-02-20 16:41:34.456571,2026-02-20 17:02:34.456571,2026-02-20 17:36:34.456571,2026-02-20 22:43:35.743044,2026-02-21 03:55:04.243743,2026-02-21 15:24:56.541624,2026-02-22 05:01:13.064470,2026-02-22 10:42:11.899470,2026-02-21 23:45:05.940961,Delivered,Closed,SHP034,Shipper 034,Enterprise,Jabodetabek,ST01_JKT_Central,HB01_JKT_GATEWAY,West Java,ST07_Cirebon,HB02_BDG_TRANSIT,Inter-Region,Next Day,Prepaid,CR007,Van,5.32,6.58,6.58,2141525,49610,45460,4,0,0,,21.0,36,0,0,,1,0,,0,,46.95,5.12,11.5,ST07_Cirebon,First Mile Delay
SHPM004380,AWB260004380,2026-03-11 09:38:27.428389,2026-03-11 10:07:27.428389,2026-03-11 10:14:27.428389,2026-03-11 13:37:32.213428,2026-03-11 14:28:32.213428,2026-03-11 15:09:32.213428,2026-03-11 17:52:05.362152,2026-03-11 21:25:14.632199,2026-03-12 01:58:07.031764,2026-03-12 08:26:09.086777,2026-03-12 12:25:28.474559,2026-03-12 21:38:27.428389,Delivered,Closed,SHP042,Shipper 042,Marketplace,Jabodetabek,ST03_JKT_East,HB01_JKT_GATEWAY,East Java,ST13_Malang,HB03_SBY_GATEWAY,Inter-Region,Next Day,Prepaid,CR019,Truck,0.5,0.71,0.71,700031,23195,20864,4,1,0,,51.0,36,1,0,,1,0,,0,,26.78,2.71,4.55,ST13_Malang,
SHPM004381,AWB260004381,2026-03-30 14:52:36.008777,2026-03-30 14:59:36.008777,2026-03-30 15:43:36.008777,2026-03-31 12:51:56.574478,2026-03-31 14:22:56.574478,2026-03-31 14:58:56.574478,2026-03-31 19:15:14.955058,2026-04-01 02:07:16.491509,2026-04-01 08:37:18.780462,2026-04-02 02:31:42.000128,2026-04-02 07:17:33.833718,2026-04-02 14:52:36.008777,Delivered,Closed,SHP018,Shipper 018,Enterprise,West Java,ST07_Cirebon,HB02_BDG_TRANSIT,East Java,ST14_Kediri,HB03_SBY_GATEWAY,Inter-Region,Regular,Prepaid,CR065,Bike,1.2,1.87,1.87,776819,20415,12760,8,0,0,,91.0,72,1,0,,1,0,,0,,64.42,4.27,6.5,ST14_Kediri,
SHPM004382,AWB260004382,2026-03-28 02:57:30.143308,2026-03-28 03:27:30.143308,2026-03-28 03:32:30.143308,2026-03-28 07:38:13.954382,2026-03-28 08:00:13.954382,2026-03-28 09:11:13.954382,2026-03-28 13:55:12.057367,2026-03-28 20:18:24.123970,2026-03-29 00:17:04.460289,2026-03-29 10:51:12.809855,2026-03-29 20:55:56.966417,2026-03-31 02:57:30.143308,Delivered,Closed,SHP017,Shipper 017,Marketplace,Outer Java,ST15_Medan,HB05_SUMATRA_GATEWAY,East Java,ST13_Malang,HB03_SBY_GATEWAY,Inter-Region,Regular,Prepaid,CR137,Van,2.92,2.69,2.92,191233,25140,21809,8,1,0,,22.0,72,1,0,,1,0,,0,,41.97,4.73,3.98,ST13_Malang,
SHPM004383,AWB260004383,2026-03-19 10:24:51.730217,2026-03-19 10:43:51.730217,2026-03-19 11:06:51.730217,2026-03-19 12:46:17.826255,2026-03-19 12:59:17.826255,2026-03-19 14:29:17.826255,2026-03-19 18:38:12.730814,2026-03-20 00:06:11.728291,2026-03-20 06:53:16.241253,2026-03-20 20:58:15.829958,,2026-03-20 02:24:51.730217,Delivery Exception,Exception,SHP069,Shipper 069,SME,West Java,ST06_Bandung,HB01_JKT_GATEWAY,Jabodetabek,ST05_Tangerang,HB01_JKT_GATEWAY,Inter-Region,Same Day,Prepaid,CR060,Van,0.56,0.57,0.57,1812627,29565,23305,2,0,0,,13.0,16,0,1,Customer Reschedule,1,0,,0,,433.59,4.15,6.78,ST05_Tangerang,Delivery Exception
SHPM004384,AWB260004384,2026-03-17 11:59:20.614845,2026-03-17 12:21:20.614845,2026-03-17 12:39:20.614845,2026-03-17 15:57:30.119063,2026-03-17 16:44:30.119063,2026-03-17 18:08:30.119063,2026-03-17 20:49:24.213954,2026-03-17 22:02:55.933273,2026-03-18 08:44:26.639223,2026-03-18 17:29:48.202500,2026-03-18 22:56:35.385522,2026-03-19 11:59:20.614845,Delivered,Closed,SHP005,Shipper 005,Enterprise,Central Java,ST09_Semarang,HB04_CTG_NATIONAL,Central Java,ST10_Solo,HB04_CTG_NATIONAL,Intra-Region,Regular,COD,CR088,Bike,2.7,3.93,3.93,541955,33685,24273,8,1,0,,47.0,48,1,0,,1,0,,0,,34.95,2.68,10.69,ST10_Solo,
SHPM004385,AWB260004385,2026-02-18 08:35:52.765358,2026-02-18 09:04:52.765358,2026-02-18 09:12:52.765358,2026-02-18 10:57:05.758029,2026-02-18 11:37:05.758029,2026-02-18 11:52:05.758029,2026-02-18 16:44:33.651455,2026-02-18 22:51:49.153453,2026-02-19 01:46:36.890298,2026-02-19 08:42:40.919506,2026-02-19 13:28:15.684549,2026-02-19 00:35:52.765358,Delivered,Closed,SHP002,Shipper 002,Enterprise,Jabodetabek,ST01_JKT_Central,HB01_JKT_GATEWAY,East Java,ST12_Surabaya,HB03_SBY_GATEWAY,Inter-Region,Same Day,Prepaid,CR002,Truck,2.07,2.15,2.15,875021,36675,25278,2,1,0,,40.0,16,0,0,,1,0,,0,,28.87,4.87,2.91,ST12_Surabaya,Last Mile Delay
SHPM004386,AWB260004386,2026-03-17 04:21:31.200571,2026-03-17 05:06:31.200571,2026-03-17 05:50:31.200571,2026-03-17 12:53:58.082419,2026-03-17 13:27:58.082419,2026-03-17 13:48:58.082419,2026-03-17 16:09:51.466316,2026-03-17 19:28:31.245535,2026-03-18 01:43:56.884993,2026-03-18 18:06:53.802552,2026-03-19 10:33:25.079278,2026-03-20 04:21:31.200571,Delivered,Closed,SHP087,Shipper 087,Enterprise,Jabodetabek,ST02_JKT_West,HB01_JKT_GATEWAY,Central Java,ST10_Solo,HB04_CTG_NATIONAL,Inter-Region,Regular,Prepaid,CR013,Bike,3.43,3.57,3.57,1950027,28065,17497,8,1,0,,34.0,72,1,0,,1,0,,0,,54.2,2.35,6.26,ST10_Solo,
SHPM004387,AWB260004387,2026-03-14 00:18:16.688861,2026-03-14 00:53:16.688861,2026-03-14 01:38:16.688861,2026-03-14 03:51:56.312188,2026-03-14 04:25:56.312188,2026-03-14 06:19:56.312188,2026-03-14 10:29:17.873279,2026-03-14 20:07:05.112142,2026-03-15 20:43:38.212983,2026-03-16 09:59:39.891634,,2026-03-15 12:18:16.688861,Delivery Exception,Exception,SHP060,Shipper 060,Enterprise,East Java,ST12_Surabaya,HB03_SBY_GATEWAY,Outer Java,ST17_Makassar,HB06_EASTERN_GATEWAY,Inter-Region,Next Day,COD,CR110,Truck,0.86,0.88,0.88,2110266,27960,23482,4,1,0,,34.0,36,0,1,Invalid Address,3,0,,0,,563.7,4.16,24.61,ST17_Makassar,Hub Bottleneck
SHPM004388,AWB260004388,2026-03-26 10:36:28.232457,2026-03-26 10:51:28.232457,2026-03-26 11:27:28.232457,2026-03-26 12:38:57.470180,2026-03-26 12:46:57.470180,2026-03-26 13:01:57.470180,2026-03-26 15:30:21.710540,2026-03-26 18:40:37.421710,2026-03-26 22:24:10.333863,2026-03-27 05:57:43.353371,2026-03-27 11:54:20.197608,2026-03-27 10:36:28.232457,Delivered,Closed,SHP030,Shipper 030,Enterprise,Jabodetabek,ST05_Tangerang,HB01_JKT_GATEWAY,Jabodetabek,ST03_JKT_East,HB01_JKT_GATEWAY,Intra-Region,Next Day,COD,CR053,Truck,0.26,0.4,0.4,342238,25800,14408,4,1,0,,8.0,24,0,0,,1,0,,0,,25.3,2.47,3.73,ST03_JKT_East,Last Mile Delay
SHPM004389,AWB260004389,2026-03-09 01:07:27.156599,2026-03-09 01:31:27.156599,2026-03-09 02:08:27.156599,2026-03-09 03:04:49.891944,2026-03-09 03:38:49.891944,2026-03-09 05:00:49.891944,2026-03-09 10:38:01.296637,2026-03-09 15:30:59.581260,2026-03-09 19:22:11.801909,2026-03-09 23:45:12.777966,2026-03-10 04:42:59.325812,2026-03-09 11:07:27.156599,Delivered,Closed,SHP003,Shipper 003,Marketplace,Outer Java,ST17_Makassar,HB06_EASTERN_GATEWAY,Outer Java,ST15_Medan,HB05_SUMATRA_GATEWAY,Intra-Region,Same Day,Prepaid,CR160,Bike,1.14,1.22,1.22,596468,32490,23262,2,1,0,,34.0,10,0,0,,1,0,,0,,27.59,5.62,3.85,ST15_Medan,Remote Area
SHPM004390,AWB260004390,2026-02-25 09:23:39.700025,2026-02-25 09:46:39.700025,2026-02-25 09:53:39.700025,2026-02-25 14:24:27.487995,2026-02-25 15:06:27.487995,2026-02-25 16:47:27.487995,2026-02-25 21:37:40.804843,2026-02-26 00:12:44.386095,2026-02-26 08:46:31.791733,2026-02-26 22:16:45.224640,2026-02-27 08:49:06.785310,2026-02-26 21:23:39.700025,Delivered,Closed,SHP062,Shipper 062,Enterprise,Jabodetabek,ST04_Bekasi,HB01_JKT_GATEWAY,West Java,ST06_Bandung,HB01_JKT_GATEWAY,Inter-Region,Next Day,Prepaid,CR035,Bike,0.49,0.49,0.49,906287,22205,13217,4,0,0,,42.0,36,0,0,,1,0,,0,,47.42,4.84,8.56,ST06_Bandung,First Mile Delay
SHPM004391,AWB260004391,2026-03-31 20:23:37.987233,2026-03-31 20:46:37.987233,2026-03-31 21:27:37.987233,2026-04-01 00:42:39.398938,2026-04-01 01:17:39.398938,2026-04-01 01:56:39.398938,2026-04-01 07:50:59.859570,2026-04-01 10:26:32.925669,2026-04-01 16:22:24.070867,2026-04-02 09:18:41.290016,2026-04-03 01:24:57.877910,2026-04-03 20:23:37.987233,Delivered,Closed,SHP064,Shipper 064,Marketplace,Jabodetabek,ST04_Bekasi,HB01_JKT_GATEWAY,West Java,ST07_Cirebon,HB02_BDG_TRANSIT,Inter-Region,Regular,Prepaid,CR034,Van,1.11,1.7,1.7,2161361,19650,14863,8,1,0,,35.0,72,1,0,,1,0,,0,,53.02,5.91,5.93,ST07_Cirebon,
SHPM004392,AWB260004392,2026-03-31 17:48:00.739776,2026-03-31 18:27:00.739776,2026-03-31 18:48:00.739776,2026-03-31 21:03:12.617318,2026-03-31 22:04:12.617318,2026-03-31 23:33:12.617318,2026-04-01 05:10:53.277742,2026-04-01 10:32:11.908909,2026-04-01 17:46:25.241331,2026-04-02 06:25:56.916040,2026-04-02 13:14:13.763206,2026-04-03 17:48:00.739776,Delivered,Closed,SHP003,Shipper 003,Marketplace,Outer Java,ST15_Medan,HB05_SUMATRA_GATEWAY,Jabodetabek,ST01_JKT_Central,HB01_JKT_GATEWAY,Inter-Region,Regular,Prepaid,CR142,Bike,0.48,0.45,0.48,1613105,14160,12802,8,1,0,,61.0,72,1,0,,1,0,,0,,43.44,5.63,7.24,ST01_JKT_Central,
SHPM004393,AWB260004393,2026-02-24 01:42:25.176443,2026-02-24 02:10:25.176443,2026-02-24 02:41:25.176443,2026-02-24 03:13:04.338262,2026-02-24 03:38:04.338262,2026-02-24 05:07:04.338262,2026-02-24 10:40:17.616278,2026-02-24 17:07:17.847192,2026-02-24 23:11:55.524441,2026-02-25 11:33:10.430769,2026-02-25 17:23:11.158547,2026-02-25 13:42:25.176443,Delivered,Closed,SHP002,Shipper 002,Enterprise,Jabodetabek,ST01_JKT_Central,HB01_JKT_GATEWAY,West Java,ST07_Cirebon,HB02_BDG_TRANSIT,Inter-Region,Next Day,COD,CR002,Van,0.88,0.94,0.94,395250,28230,21256,4,1,0,,25.0,36,0,0,,1,0,,0,,39.68,5.55,6.08,ST07_Cirebon,Last Mile Delay
SHPM004394,AWB260004394,2026-03-16 12:29:09.293545,2026-03-16 13:09:09.293545,2026-03-16 13:29:09.293545,2026-03-16 14:41:47.412132,2026-03-16 15:24:47.412132,2026-03-16 16:44:47.412132,2026-03-16 21:37:58.778528,2026-03-17 01:58:33.297034,2026-03-17 09:03:58.760202,2026-03-17 14:13:12.797464,2026-03-17 23:09:05.979261,2026-03-18 00:29:09.293545,Delivered,Closed,SHP034,Shipper 034,Enterprise,Jabodetabek,ST01_JKT_Central,HB01_JKT_GATEWAY,Central Java,ST11_Yogyakarta,HB04_CTG_NATIONAL,Inter-Region,Next Day,COD,CR008,Van,1.04,1.61,1.61,558726,31245,22494,4,1,0,,43.0,36,1,0,,1,0,,0,,34.67,4.89,7.09,ST11_Yogyakarta,
SHPM004395,AWB260004395,2026-02-26 16:15:57.040585,2026-02-26 16:46:57.040585,2026-02-26 16:51:57.040585,2026-02-26 19:41:26.556034,2026-02-26 20:08:26.556034,2026-02-26 21:18:26.556034,2026-02-26 23:45:40.346090,2026-02-27 01:52:37.020582,2026-02-27 13:16:20.346425,2026-02-27 23:43:29.279043,2026-02-28 09:36:38.054758,2026-02-28 04:15:57.040585,Delivered,Closed,SHP096,Shipper 096,Marketplace,Jabodetabek,ST02_JKT_West,HB01_JKT_GATEWAY,West Java,ST06_Bandung,HB01_JKT_GATEWAY,Inter-Region,Next Day,Prepaid,CR013,Bike,1.21,1.46,1.46,699566,26570,23599,4,1,0,,27.0,36,0,0,,1,0,,0,,41.34,2.45,11.4,ST06_Bandung,Hub Bottleneck
SHPM004396,AWB260004396,2026-03-22 14:43:53.792388,2026-03-22 15:01:53.792388,2026-03-22 15:33:53.792388,2026-03-22 17:17:28.930627,2026-03-22 18:00:28.930627,2026-03-22 19:13:28.930627,2026-03-22 23:02:23.905259,2026-03-23 06:42:21.117621,2026-03-24 01:56:06.593276,2026-03-24 19:23:52.958640,2026-03-24 23:48:02.023588,2026-03-23 06:43:53.792388,Delivered,Closed,SHP020,Shipper 020,SME,East Java,ST14_Kediri,HB03_SBY_GATEWAY,Jabodetabek,ST03_JKT_East,HB01_JKT_GATEWAY,Inter-Region,Same Day,COD,CR134,Bike,1.98,2.14,2.14,1654898,40630,35987,2,0,0,,43.0,16,0,0,,1,0,,0,,57.07,3.82,19.23,ST03_JKT_East,First Mile Delay
SHPM004397,AWB260004397,2026-03-21 14:17:07.605891,2026-03-21 14:56:07.605891,2026-03-21 15:24:07.605891,2026-03-21 19:14:29.799696,2026-03-21 19:50:29.799696,2026-03-21 20:19:29.799696,2026-03-21 23:50:45.891044,2026-03-22 03:14:32.136850,2026-03-22 16:19:14.924987,2026-03-24 10:49:13.196581,2026-03-24 14:51:56.961832,2026-03-23 02:17:07.605891,Delivered,Closed,SHP014,Shipper 014,Enterprise,Jabodetabek,ST05_Tangerang,HB01_JKT_GATEWAY,Outer Java,ST17_Makassar,HB06_EASTERN_GATEWAY,Inter-Region,Next Day,Prepaid,CR047,Bike,0.94,1.49,1.49,1156957,26705,16010,4,0,0,,36.0,36,0,0,,1,1,Capacity Delay,0,,72.58,3.52,13.08,ST17_Makassar,First Mile Delay
SHPM004398,AWB260004398,2026-02-27 19:50:50.131977,2026-02-27 20:00:50.131977,2026-02-27 20:28:50.131977,2026-02-28 00:26:34.482949,2026-02-28 00:53:34.482949,2026-02-28 01:51:34.482949,2026-02-28 07:10:02.012936,2026-02-28 14:31:17.135915,2026-02-28 22:38:07.392345,2026-03-01 11:36:14.353150,2026-03-01 21:54:39.701309,2026-03-01 07:50:50.131977,Delivered,Closed,SHP043,Shipper 043,Marketplace,Central Java,ST11_Yogyakarta,HB04_CTG_NATIONAL,East Java,ST12_Surabaya,HB03_SBY_GATEWAY,Inter-Region,Next Day,Prepaid,CR104,Bike,2.35,3.18,3.18,1834843,34310,26883,4,0,0,,27.0,36,0,0,,1,0,,0,,50.06,5.31,8.11,ST12_Surabaya,First Mile Delay
SHPM004399,AWB260004399,2026-03-01 19:21:43.424000,2026-03-01 19:44:43.424000,2026-03-01 20:24:43.424000,2026-03-01 23:41:43.729783,2026-03-02 00:00:43.729783,2026-03-02 01:48:43.729783,2026-03-02 07:30:58.642437,2026-03-02 12:25:15.047743,2026-03-03 09:03:48.735692,2026-03-03 11:50:28.532740,2026-03-03 21:50:44.087392,2026-03-03 19:21:43.424000,Delivered,Closed,SHP061,Shipper 061,Enterprise,Outer Java,ST15_Medan,HB05_SUMATRA_GATEWAY,Outer Java,ST15_Medan,HB05_SUMATRA_GATEWAY,Intra-Region,Regular,Prepaid,CR138,Bike,1.54,1.63,1.63,1509710,19335,15285,8,1,0,,19.0,48,0,0,,1,0,,0,,50.48,5.7,20.64,ST15_Medan,Hub Bottleneck
SHPM004400,AWB260004400,2026-03-06 11:17:25.423291,2026-03-06 11:58:25.423291,2026-03-06 12:04:25.423291,2026-03-06 16:31:19.724134,2026-03-06 16:39:19.724134,2026-03-06 18:19:19.724134,2026-03-06 23:36:29.705514,2026-03-07 02:12:23.975695,2026-03-07 11:25:28.971461,2026-03-08 01:04:30.531039,2026-03-08 06:17:02.717692,2026-03-07 23:17:25.423291,Delivered,Closed,SHP030,Shipper 030,Enterprise,Jabodetabek,ST04_Bekasi,HB01_JKT_GATEWAY,Central Java,ST11_Yogyakarta,HB04_CTG_NATIONAL,Inter-Region,Next Day,COD,CR036,Van,0.87,1.33,1.33,1044515,29985,22687,4,0,0,,8.0,36,0,0,,1,0,,0,,42.99,5.29,9.22,ST11_Yogyakarta,First Mile Delay
SHPM004401,AWB260004401,2026-02-27 12:37:14.981862,2026-02-27 12:42:14.981862,2026-02-27 12:59:14.981862,2026-02-27 20:14:22.585608,2026-02-27 20:38:22.585608,2026-02-27 22:00:22.585608,2026-02-28 02:25:15.038168,2026-02-28 08:36:55.025808,2026-02-28 21:00:23.640087,2026-03-01 11:38:48.544513,2026-03-02 13:34:59.571367,2026-03-02 12:37:14.981862,Delivered,Closed,SHP035,Shipper 035,Enterprise,Jabodetabek,ST04_Bekasi,HB01_JKT_GATEWAY,Outer Java,ST17_Makassar,HB06_EASTERN_GATEWAY,Inter-Region,Regular,COD,CR033,Bike,0.38,0.41,0.41,2016681,17845,16422,8,1,0,,24.0,72,0,0,,1,0,,0,,72.96,4.41,12.39,ST17_Makassar,Hub Bottleneck
SHPM004402,AWB260004402,2026-03-11 10:44:11.808140,2026-03-11 11:15:11.808140,2026-03-11 12:00:11.808140,2026-03-11 18:37:41.809346,2026-03-11 19:27:41.809346,2026-03-11 20:06:41.809346,2026-03-11 22:26:51.941127,2026-03-12 05:34:26.923698,2026-03-12 11:15:06.688551,2026-03-12 19:40:14.111549,2026-03-13 13:38:38.459054,2026-03-14 10:44:11.808140,Delivered,Closed,SHP008,Shipper 008,SME,Outer Java,ST16_Palembang,HB05_SUMATRA_GATEWAY,Jabodetabek,ST02_JKT_West,HB01_JKT_GATEWAY,Inter-Region,Regular,COD,CR145,Van,0.8,0.85,0.85,737824,19825,16956,8,1,0,,50.0,72,1,0,,1,0,,0,,50.91,2.34,5.68,ST02_JKT_West,
SHPM004403,AWB260004403,2026-02-17 20:47:10.473480,2026-02-17 21:10:10.473480,2026-02-17 21:38:10.473480,2026-02-17 23:32:54.939848,2026-02-18 00:23:54.939848,2026-02-18 02:22:54.939848,2026-02-18 07:31:59.784043,2026-02-18 10:16:53.782185,2026-02-19 02:02:39.607589,2026-02-19 17:26:56.918342,2026-02-19 23:57:59.178128,2026-02-18 12:47:10.473480,Delivered,Closed,SHP024,Shipper 024,Marketplace,Jabodetabek,ST03_JKT_East,HB01_JKT_GATEWAY,Outer Java,ST15_Medan,HB05_SUMATRA_GATEWAY,Inter-Region,Same Day,Prepaid,CR022,Truck,1.73,1.7,1.73,1821015,34785,25807,2,0,0,,51.0,16,0,0,,1,0,,0,,51.18,5.15,15.76,ST15_Medan,First Mile Delay
SHPM004404,AWB260004404,2026-02-15 14:42:16.897070,2026-02-15 15:08:16.897070,2026-02-15 15:26:16.897070,2026-02-15 23:00:10.722767,2026-02-15 23:55:10.722767,2026-02-16 00:36:10.722767,2026-02-16 02:37:12.470598,2026-02-16 07:44:54.591250,2026-02-16 12:02:50.927766,2026-02-17 01:28:38.196623,2026-02-17 18:44:55.232411,2026-02-18 14:42:16.897070,Delivered,Closed,SHP094,Shipper 094,SME,Outer Java,ST15_Medan,HB05_SUMATRA_GATEWAY,Central Java,ST10_Solo,HB04_CTG_NATIONAL,Inter-Region,Regular,Prepaid,CR141,Van,2.06,2.38,2.38,2614896,22710,20936,8,1,0,,55.0,72,1,0,,1,0,,0,,52.04,2.02,4.3,ST10_Solo,
SHPM004405,AWB260004405,2026-03-11 06:34:37.322901,2026-03-11 07:10:37.322901,2026-03-11 08:30:37.322901,2026-03-11 10:44:53.994044,2026-03-11 12:46:53.994044,2026-03-11 13:05:53.994044,2026-03-11 18:06:25.611732,2026-03-12 02:26:05.417110,2026-03-12 21:29:29.146769,2026-03-13 10:58:15.780991,2026-03-13 13:08:30.249936,2026-03-11 22:34:37.322901,Delivered,Closed,SHP060,Shipper 060,Enterprise,East Java,ST12_Surabaya,HB03_SBY_GATEWAY,Jabodetabek,ST04_Bekasi,HB01_JKT_GATEWAY,Inter-Region,Same Day,Prepaid,CR107,Bike,3.11,3.46,3.46,1747911,42570,30671,2,0,0,,122.0,16,0,0,,1,0,,0,,54.56,5.01,19.06,ST04_Bekasi,First Mile Delay
SHPM004406,AWB260004406,2026-03-19 02:51:20.145045,2026-03-19 03:34:20.145045,2026-03-19 03:59:20.145045,2026-03-19 06:12:24.666707,2026-03-19 07:14:24.666707,2026-03-19 08:48:24.666707,2026-03-19 11:24:08.814754,2026-03-19 19:55:35.509441,2026-03-19 23:07:51.973280,2026-03-20 10:25:17.665171,2026-03-20 20:16:44.445123,2026-03-20 14:51:20.145045,Delivered,Closed,SHP034,Shipper 034,Enterprise,Jabodetabek,ST01_JKT_Central,HB01_JKT_GATEWAY,East Java,ST12_Surabaya,HB03_SBY_GATEWAY,Inter-Region,Next Day,Prepaid,CR009,Van,1.91,1.77,1.91,2547545,28595,17917,4,1,0,,62.0,36,0,0,,1,0,,0,,41.42,2.6,3.2,ST12_Surabaya,Last Mile Delay
SHPM004407,AWB260004407,2026-03-10 06:52:09.470035,2026-03-10 07:13:09.470035,2026-03-10 07:37:09.470035,2026-03-10 15:07:57.216596,2026-03-10 15:44:57.216596,2026-03-10 17:44:57.216596,2026-03-10 21:58:04.595718,2026-03-11 06:08:56.736747,2026-03-11 18:08:09.099217,2026-03-12 04:58:32.159094,2026-03-12 18:56:31.063480,2026-03-13 06:52:09.470035,Delivered,Closed,SHP087,Shipper 087,Enterprise,Jabodetabek,ST02_JKT_West,HB01_JKT_GATEWAY,East Java,ST12_Surabaya,HB03_SBY_GATEWAY,Inter-Region,Regular,Prepaid,CR018,Bike,0.87,0.82,0.87,753593,15915,14941,8,1,0,,37.0,72,1,0,,1,0,,0,,60.07,4.22,11.99,ST12_Surabaya,
SHPM004408,AWB260004408,2026-02-22 21:11:13.087475,2026-02-22 21:49:13.087475,2026-02-22 22:15:13.087475,2026-02-23 02:07:30.599955,2026-02-23 02:15:30.599955,2026-02-23 03:03:30.599955,2026-02-23 07:19:35.602603,2026-02-23 16:43:45.556851,2026-02-24 07:05:25.374168,2026-02-24 21:30:45.885962,2026-02-25 07:10:33.031447,2026-02-24 09:11:13.087475,Delivered,Closed,SHP049,Shipper 049,Enterprise,Jabodetabek,ST05_Tangerang,HB01_JKT_GATEWAY,Outer Java,ST17_Makassar,HB06_EASTERN_GATEWAY,Inter-Region,Next Day,Prepaid,CR048,Van,0.96,1.59,1.59,924507,27155,17910,4,0,0,,8.0,36,0,0,,1,0,,0,,57.99,4.27,14.36,ST17_Makassar,First Mile Delay
SHPM004409,AWB260004409,2026-03-11 05:28:07.403877,2026-03-11 05:34:07.403877,2026-03-11 06:11:07.403877,2026-03-11 07:47:13.005968,2026-03-11 08:37:13.005968,2026-03-11 08:56:13.005968,2026-03-11 14:37:33.561466,2026-03-11 23:05:29.802142,2026-03-12 19:11:21.323066,2026-03-13 06:39:23.670320,2026-03-13 11:52:36.569562,2026-03-14 05:28:07.403877,Delivered,Closed,SHP090,Shipper 090,Enterprise,East Java,ST14_Kediri,HB03_SBY_GATEWAY,West Java,ST06_Bandung,HB01_JKT_GATEWAY,Inter-Region,Regular,Prepaid,CR129,Bike,4.88,4.43,4.88,972670,33960,24662,8,1,0,,50.0,72,1,0,,1,0,,0,,54.41,5.69,20.1,ST06_Bandung,
SHPM004410,AWB260004410,2026-02-23 21:39:19.947747,2026-02-23 21:49:19.947747,2026-02-23 21:54:19.947747,2026-02-24 00:25:19.156109,2026-02-24 01:24:19.156109,2026-02-24 03:06:19.156109,2026-02-24 07:19:07.369821,2026-02-24 10:36:49.667004,2026-02-24 12:52:53.375724,2026-02-24 20:41:39.371119,2026-02-25 00:16:50.677962,2026-02-24 21:39:19.947747,Delivered,Closed,SHP049,Shipper 049,Enterprise,Jabodetabek,ST05_Tangerang,HB01_JKT_GATEWAY,Jabodetabek,ST03_JKT_East,HB01_JKT_GATEWAY,Intra-Region,Next Day,Prepaid,CR051,Bike,0.56,0.57,0.57,1002969,22565,13366,4,1,0,,59.0,24,0,0,,1,0,,0,,26.63,4.21,2.27,ST03_JKT_East,Last Mile Delay
SHPM004411,AWB260004411,2026-02-21 21:17:48.577572,2026-02-21 21:37:48.577572,2026-02-21 22:17:48.577572,2026-02-22 07:23:06.230549,2026-02-22 09:19:06.230549,2026-02-22 10:53:06.230549,2026-02-22 15:44:56.611773,2026-02-22 19:39:25.528820,2026-02-23 18:17:47.519589,2026-02-25 13:16:20.866884,2026-02-26 00:08:24.369862,2026-02-24 21:17:48.577572,Delivered,Closed,SHP067,Shipper 067,SME,East Java,ST12_Surabaya,HB03_SBY_GATEWAY,West Java,ST08_Bogor,HB01_JKT_GATEWAY,Inter-Region,Regular,COD,CR113,Truck,1.83,1.95,1.95,901515,24775,17474,8,0,0,,116.0,72,0,0,,1,1,Invalid Address,0,,98.84,4.86,22.64,ST08_Bogor,First Mile Delay
SHPM004412,AWB260004412,2026-02-19 04:36:25.939890,2026-02-19 05:14:25.939890,2026-02-19 06:14:25.939890,2026-02-19 06:45:14.562945,2026-02-19 06:53:14.562945,2026-02-19 07:37:14.562945,2026-02-19 08:59:45.723735,2026-02-19 10:10:40.812044,2026-02-20 04:16:24.169803,2026-02-20 08:57:47.637779,2026-02-20 23:22:22.690289,2026-02-20 04:36:25.939890,Delivered,Closed,SHP072,Shipper 072,Enterprise,Outer Java,ST18_Balikpapan,HB06_EASTERN_GATEWAY,Outer Java,ST15_Medan,HB05_SUMATRA_GATEWAY,Intra-Region,Next Day,Prepaid,CR168,Truck,4.18,4.46,4.46,1440252,40070,35226,4,1,0,,8.0,24,0,0,,1,0,,0,,42.77,1.38,18.1,ST15_Medan,Hub Bottleneck
SHPM004413,AWB260004413,2026-03-06 09:12:55.205007,2026-03-06 09:25:55.205007,2026-03-06 09:44:55.205007,2026-03-06 17:32:55.721980,2026-03-06 18:21:55.721980,2026-03-06 19:28:55.721980,2026-03-06 22:18:44.467439,2026-03-07 04:45:36.884293,2026-03-07 11:36:12.674206,2026-03-07 21:22:16.164449,2026-03-08 07:52:06.413494,2026-03-09 09:12:55.205007,Delivered,Closed,SHP056,Shipper 056,Enterprise,Jabodetabek,ST03_JKT_East,HB01_JKT_GATEWAY,West Java,ST06_Bandung,HB01_JKT_GATEWAY,Inter-Region,Regular,Prepaid,CR021,Bike,0.43,0.46,0.46,1692424,14070,10888,8,0,0,,49.0,72,1,0,,1,0,,0,,46.65,2.83,6.84,ST06_Bandung,
SHPM004414,AWB260004414,2026-03-11 14:13:28.956381,2026-03-11 14:33:28.956381,2026-03-11 15:09:28.956381,2026-03-11 19:10:27.199510,2026-03-11 19:50:27.199510,2026-03-11 20:58:27.199510,2026-03-12 01:15:53.099968,2026-03-12 05:18:40.463560,2026-03-12 16:59:48.632764,2026-03-13 00:32:06.603849,,2026-03-12 14:13:28.956381,Return To Sender,RTS,SHP081,Shipper 081,Marketplace,West Java,ST06_Bandung,HB01_JKT_GATEWAY,West Java,ST07_Cirebon,HB02_BDG_TRANSIT,Intra-Region,Next Day,COD,CR060,Bike,1.5,2.24,2.24,1439785,34080,25916,4,0,0,,40.0,24,0,1,Invalid Address,2,0,,1,Invalid Address,621.78,4.29,11.69,ST07_Cirebon,Hub Bottleneck
SHPM004415,AWB260004415,2026-03-01 23:01:51.433661,2026-03-01 23:11:51.433661,2026-03-01 23:40:51.433661,2026-03-02 02:29:09.495539,2026-03-02 03:07:09.495539,2026-03-02 03:30:09.495539,2026-03-02 07:44:01.917727,2026-03-02 12:49:05.077001,2026-03-02 21:49:26.044265,2026-03-03 07:21:14.355051,2026-03-03 16:25:52.608574,2026-03-03 11:01:51.433661,Delivered,Closed,SHP070,Shipper 070,Enterprise,Jabodetabek,ST04_Bekasi,HB01_JKT_GATEWAY,Central Java,ST10_Solo,HB04_CTG_NATIONAL,Inter-Region,Next Day,Prepaid,CR043,Van,0.8,0.82,0.82,776811,23690,14898,4,1,0,,38.0,36,0,0,,1,0,,0,,41.4,4.23,9.01,ST10_Solo,Last Mile Delay
SHPM004416,AWB260004416,2026-02-28 10:10:46.463451,2026-02-28 10:45:46.463451,2026-02-28 11:09:46.463451,2026-02-28 11:53:11.802402,2026-02-28 12:54:11.802402,2026-02-28 13:44:11.802402,2026-02-28 15:55:01.041596,2026-02-28 17:57:43.322324,2026-03-01 01:18:30.649925,2026-03-01 08:53:06.487418,2026-03-01 14:18:21.073036,2026-03-01 02:10:46.463451,Delivered,Closed,SHP099,Shipper 099,SME,West Java,ST08_Bogor,HB01_JKT_GATEWAY,East Java,ST12_Surabaya,HB03_SBY_GATEWAY,Inter-Region,Same Day,Prepaid,CR081,Van,2.07,2.39,2.39,776569,37755,23790,2,1,0,,61.0,16,0,0,,1,0,,0,,28.13,2.18,7.35,ST12_Surabaya,Last Mile Delay
SHPM004417,AWB260004417,2026-03-17 19:33:59.851927,2026-03-17 19:41:59.851927,2026-03-17 20:24:59.851927,2026-03-17 23:46:50.286820,2026-03-18 00:55:50.286820,2026-03-18 01:38:50.286820,2026-03-18 09:08:10.648946,2026-03-18 18:44:03.181881,2026-03-19 07:39:53.232892,2026-03-19 13:28:18.995323,2026-03-19 20:54:38.486389,2026-03-19 07:33:59.851927,Delivered,Closed,SHP025,Shipper 025,Marketplace,East Java,ST12_Surabaya,HB03_SBY_GATEWAY,Jabodetabek,ST05_Tangerang,HB01_JKT_GATEWAY,Inter-Region,Next Day,Prepaid,CR113,Bike,1.29,2.08,2.08,1133573,29360,26363,4,0,0,,69.0,36,0,0,,1,0,,0,,49.34,7.49,12.93,ST05_Tangerang,First Mile Delay
SHPM004418,AWB260004418,2026-03-08 10:15:20.793218,2026-03-08 10:40:20.793218,2026-03-08 11:59:20.793218,2026-03-08 21:33:40.975983,2026-03-08 22:35:40.975983,2026-03-08 23:45:40.975983,2026-03-09 01:58:52.753167,2026-03-09 08:18:17.372721,2026-03-09 16:29:17.930685,2026-03-10 08:50:21.703464,2026-03-10 20:30:56.439217,2026-03-11 10:15:20.793218,Delivered,Closed,SHP090,Shipper 090,Enterprise,East Java,ST12_Surabaya,HB03_SBY_GATEWAY,Jabodetabek,ST02_JKT_West,HB01_JKT_GATEWAY,Inter-Region,Regular,Prepaid,CR107,Van,1.53,2.06,2.06,765668,21270,15201,8,0,0,,62.0,72,1,0,,1,0,,0,,58.26,2.22,8.18,ST02_JKT_West,
SHPM004419,AWB260004419,2026-02-27 07:17:34.917391,2026-02-27 07:39:34.917391,2026-02-27 08:04:34.917391,2026-02-27 12:49:30.542612,2026-02-27 13:36:30.542612,2026-02-27 14:18:30.542612,2026-02-27 19:24:36.405952,2026-02-28 02:57:34.130216,2026-02-28 13:43:27.528084,2026-02-28 22:30:44.711163,2026-03-01 08:01:01.029035,2026-03-02 07:17:34.917391,Delivered,Closed,SHP080,Shipper 080,SME,Outer Java,ST19_Denpasar,HB06_EASTERN_GATEWAY,Jabodetabek,ST02_JKT_West,HB01_JKT_GATEWAY,Inter-Region,Regular,COD,CR180,Bike,2.13,2.16,2.16,993159,25720,15904,8,1,0,,47.0,72,1,0,,1,0,,0,,48.72,5.1,10.76,ST02_JKT_West,
SHPM004420,AWB260004420,2026-03-14 23:34:39.562918,2026-03-14 23:57:39.562918,2026-03-15 00:29:39.562918,2026-03-15 03:25:03.506145,2026-03-15 04:21:03.506145,2026-03-15 05:28:03.506145,2026-03-15 06:38:49.118011,2026-03-15 08:43:02.759140,2026-03-15 12:54:31.652059,2026-03-16 06:13:35.260939,2026-03-16 10:48:46.655746,2026-03-16 11:34:39.562918,Delivered,Closed,SHP097,Shipper 097,SME,Jabodetabek,ST03_JKT_East,HB01_JKT_GATEWAY,East Java,ST13_Malang,HB03_SBY_GATEWAY,Inter-Region,Next Day,Prepaid,CR026,Van,0.64,0.62,0.64,837951,22880,17983,4,1,0,,56.0,36,1,0,,1,0,,0,,35.24,1.18,4.19,ST13_Malang,
SHPM004421,AWB260004421,2026-03-30 12:00:47.964746,2026-03-30 12:13:47.964746,2026-03-30 12:42:47.964746,2026-03-30 14:36:14.808439,2026-03-30 15:58:14.808439,2026-03-30 16:29:14.808439,2026-03-30 18:33:11.319485,2026-03-31 01:51:26.242262,2026-03-31 11:41:10.046142,2026-03-31 23:29:30.502864,2026-04-01 11:35:19.991225,2026-04-02 12:00:47.964746,Delivered,Closed,SHP013,Shipper 013,SME,Jabodetabek,ST04_Bekasi,HB01_JKT_GATEWAY,East Java,ST12_Surabaya,HB03_SBY_GATEWAY,Inter-Region,Regular,Prepaid,CR041,Truck,3.73,3.37,3.73,1098533,28785,22261,8,1,0,,82.0,72,1,0,,1,0,,0,,47.58,2.07,9.83,ST12_Surabaya,
SHPM004422,AWB260004422,2026-02-22 10:27:33.335929,2026-02-22 11:07:33.335929,2026-02-22 11:37:33.335929,2026-02-22 14:42:56.288607,2026-02-22 15:33:56.288607,2026-02-22 17:26:56.288607,2026-02-22 18:50:31.969366,2026-02-22 23:48:00.808132,2026-02-24 00:04:22.476864,2026-02-24 08:44:32.877066,2026-02-24 18:16:06.090237,2026-02-25 10:27:33.335929,Delivered,Closed,SHP090,Shipper 090,Enterprise,East Java,ST14_Kediri,HB03_SBY_GATEWAY,West Java,ST06_Bandung,HB01_JKT_GATEWAY,Inter-Region,Regular,Prepaid,CR135,Truck,0.99,1.1,1.1,2012619,16950,10558,8,1,0,,51.0,72,1,0,,1,0,,0,,55.81,1.39,24.27,ST06_Bandung,
SHPM004423,AWB260004423,2026-03-11 15:11:31.436496,2026-03-11 15:46:31.436496,2026-03-11 16:16:31.436496,2026-03-11 19:38:43.442676,2026-03-11 20:24:43.442676,2026-03-11 21:34:43.442676,2026-03-12 01:34:47.524618,2026-03-12 05:14:02.355340,2026-03-12 15:29:47.160340,2026-03-12 19:04:13.520271,2026-03-13 02:25:27.716500,2026-03-12 15:11:31.436496,Delivered,Closed,SHP027,Shipper 027,SME,Jabodetabek,ST05_Tangerang,HB01_JKT_GATEWAY,Jabodetabek,ST02_JKT_West,HB01_JKT_GATEWAY,Intra-Region,Next Day,Prepaid,CR050,Bike,2.32,2.31,2.32,1264083,30440,19875,4,1,0,,46.0,24,0,0,,1,0,,0,,35.23,4.0,10.26,ST02_JKT_West,Hub Bottleneck
SHPM004424,AWB260004424,2026-02-19 13:33:39.772020,2026-02-19 14:10:39.772020,2026-02-19 14:50:39.772020,2026-02-19 18:55:47.910958,2026-02-19 19:35:47.910958,2026-02-19 21:30:47.910958,2026-02-19 22:49:14.420978,2026-02-20 07:59:54.485078,2026-02-20 14:59:33.671511,2026-02-21 03:22:04.122679,2026-02-21 06:02:24.635137,2026-02-21 01:33:39.772020,Delivered,Closed,SHP038,Shipper 038,Marketplace,Jabodetabek,ST01_JKT_Central,HB01_JKT_GATEWAY,East Java,ST13_Malang,HB03_SBY_GATEWAY,Inter-Region,Next Day,COD,CR003,Bike,0.93,0.99,0.99,543236,28455,26671,4,0,0,,40.0,36,0,0,,1,0,,0,,40.48,1.31,6.99,ST13_Malang,First Mile Delay
SHPM004425,AWB260004425,2026-03-28 21:33:03.612891,2026-03-28 22:02:03.612891,2026-03-28 22:40:03.612891,2026-03-29 02:47:13.635807,2026-03-29 03:28:13.635807,2026-03-29 05:02:13.635807,2026-03-29 06:49:25.104130,2026-03-29 13:39:19.543953,2026-03-29 19:23:17.975801,2026-03-30 12:16:40.879241,2026-03-30 16:41:19.810378,2026-03-30 09:33:03.612891,Delivered,Closed,SHP027,Shipper 027,SME,Jabodetabek,ST05_Tangerang,HB01_JKT_GATEWAY,West Java,ST07_Cirebon,HB02_BDG_TRANSIT,Inter-Region,Next Day,Prepaid,CR052,Van,1.03,0.96,1.03,1367353,24635,22434,4,0,0,,41.0,36,0,0,,1,0,,0,,43.14,1.79,5.73,ST07_Cirebon,First Mile Delay
SHPM004426,AWB260004426,2026-03-16 01:21:13.616344,2026-03-16 01:26:13.616344,2026-03-16 01:42:13.616344,2026-03-16 08:36:35.732176,2026-03-16 09:24:35.732176,2026-03-16 10:54:35.732176,2026-03-16 12:42:41.553879,2026-03-16 16:00:04.259243,2026-03-17 01:34:25.219326,2026-03-17 12:32:56.299869,2026-03-18 05:11:39.803597,2026-03-19 01:21:13.616344,Delivered,Closed,SHP089,Shipper 089,Enterprise,Central Java,ST11_Yogyakarta,HB04_CTG_NATIONAL,West Java,ST07_Cirebon,HB02_BDG_TRANSIT,Inter-Region,Regular,Prepaid,CR106,Van,0.45,0.41,0.45,696268,14025,8709,8,1,0,,48.0,72,1,0,,1,0,,0,,51.84,1.8,9.57,ST07_Cirebon,
SHPM004427,AWB260004427,2026-02-23 22:13:38.886978,2026-02-23 22:25:38.886978,2026-02-23 22:46:38.886978,2026-02-24 05:00:36.872104,2026-02-24 05:43:36.872104,2026-02-24 06:19:36.872104,2026-02-24 09:52:59.935052,2026-02-24 17:21:33.606723,2026-02-25 08:28:30.648932,2026-02-26 02:17:47.233111,2026-02-26 08:08:05.559236,2026-02-26 22:13:38.886978,Delivered,Closed,SHP049,Shipper 049,Enterprise,Jabodetabek,ST05_Tangerang,HB01_JKT_GATEWAY,Outer Java,ST16_Palembang,HB05_SUMATRA_GATEWAY,Inter-Region,Regular,Prepaid,CR051,Bike,1.49,1.56,1.56,1520220,19020,16904,8,1,0,,43.0,72,1,0,,1,0,,0,,57.91,3.56,15.12,ST16_Palembang,
SHPM004428,AWB260004428,2026-03-24 16:16:57.031564,2026-03-24 16:55:57.031564,2026-03-24 17:12:57.031564,2026-03-24 18:09:18.936832,2026-03-24 18:48:18.936832,2026-03-24 20:00:18.936832,2026-03-25 01:07:42.301872,2026-03-25 05:08:56.529819,2026-03-25 13:02:47.681508,2026-03-26 01:30:14.530283,2026-03-26 02:47:56.729784,2026-03-25 08:16:57.031564,Delivered,Closed,SHP072,Shipper 072,Enterprise,Outer Java,ST18_Balikpapan,HB06_EASTERN_GATEWAY,Jabodetabek,ST04_Bekasi,HB01_JKT_GATEWAY,Inter-Region,Same Day,COD,CR165,Bike,0.66,1.06,1.06,1249177,35770,24157,2,1,0,,39.0,16,0,0,,1,0,,0,,34.52,5.12,7.9,ST04_Bekasi,Last Mile Delay
SHPM004429,AWB260004429,2026-03-06 10:21:58.683117,2026-03-06 10:55:58.683117,2026-03-06 11:37:58.683117,2026-03-07 02:48:24.570351,2026-03-07 04:02:24.570351,2026-03-07 04:45:24.570351,2026-03-07 11:32:54.896465,2026-03-07 16:58:50.905257,2026-03-08 03:29:40.544243,2026-03-08 15:40:00.953628,2026-03-08 23:13:49.291174,2026-03-09 10:21:58.683117,Delivered,Closed,SHP019,Shipper 019,Marketplace,West Java,ST07_Cirebon,HB02_BDG_TRANSIT,Jabodetabek,ST05_Tangerang,HB01_JKT_GATEWAY,Inter-Region,Regular,COD,CR072,Bike,0.66,0.69,0.69,541571,19105,14293,8,0,0,,74.0,72,1,0,,1,0,,0,,60.86,6.79,10.51,ST05_Tangerang,
SHPM004430,AWB260004430,2026-03-12 08:17:37.186042,2026-03-12 08:46:37.186042,2026-03-12 09:18:37.186042,2026-03-12 16:43:27.569014,2026-03-12 17:04:27.569014,2026-03-12 18:40:27.569014,2026-03-12 23:19:29.702896,2026-03-13 02:05:58.911441,2026-03-13 21:09:58.478736,2026-03-14 08:47:07.695413,2026-03-15 00:50:32.404291,2026-03-15 08:17:37.186042,Delivered,Closed,SHP093,Shipper 093,SME,East Java,ST13_Malang,HB03_SBY_GATEWAY,Central Java,ST10_Solo,HB04_CTG_NATIONAL,Inter-Region,Regular,Prepaid,CR116,Van,2.4,2.44,2.44,244868,22980,18709,8,1,0,,21.0,72,1,0,,1,0,,0,,64.55,4.65,19.07,ST10_Solo,
SHPM004431,AWB260004431,2026-03-20 16:36:10.580993,2026-03-20 17:19:10.580993,2026-03-20 17:43:10.580993,2026-03-21 01:51:40.115621,2026-03-21 02:21:40.115621,2026-03-21 03:29:40.115621,2026-03-21 05:21:22.828908,2026-03-21 07:34:25.626234,2026-03-21 16:50:15.631014,2026-03-22 08:04:06.091341,2026-03-23 00:07:31.093946,2026-03-23 16:36:10.580993,Delivered,Closed,SHP092,Shipper 092,Marketplace,Jabodetabek,ST03_JKT_East,HB01_JKT_GATEWAY,Outer Java,ST16_Palembang,HB05_SUMATRA_GATEWAY,Inter-Region,Regular,Prepaid,CR020,Bike,0.2,0.24,0.24,1896559,13080,9535,8,0,0,,30.0,72,1,0,,1,0,,0,,55.52,1.86,9.26,ST16_Palembang,
SHPM004432,AWB260004432,2026-03-09 08:23:45.701836,2026-03-09 09:00:45.701836,2026-03-09 09:18:45.701836,2026-03-09 17:25:19.776010,2026-03-09 17:51:19.776010,2026-03-09 18:12:19.776010,2026-03-09 23:52:01.013266,2026-03-10 05:24:44.327078,2026-03-10 12:31:33.082533,2026-03-10 19:57:41.306860,2026-03-11 06:14:17.531119,2026-03-12 08:23:45.701836,Delivered,Closed,SHP049,Shipper 049,Enterprise,Jabodetabek,ST05_Tangerang,HB01_JKT_GATEWAY,East Java,ST12_Surabaya,HB03_SBY_GATEWAY,Inter-Region,Regular,Prepaid,CR053,Van,1.22,2.01,2.01,1251820,21045,18279,8,0,0,,26.0,72,1,0,,1,0,,0,,45.84,5.66,7.11,ST12_Surabaya,
SHPM004433,AWB260004433,2026-03-01 10:34:30.848754,2026-03-01 11:02:30.848754,2026-03-01 11:53:30.848754,2026-03-01 17:42:37.278841,2026-03-01 18:56:37.278841,2026-03-01 19:41:37.278841,2026-03-01 21:45:29.319266,2026-03-02 02:38:04.555381,2026-03-02 20:45:57.014355,2026-03-03 14:28:20.554693,2026-03-03 19:40:15.572100,2026-03-02 22:34:30.848754,Delivered,Closed,SHP090,Shipper 090,Enterprise,East Java,ST12_Surabaya,HB03_SBY_GATEWAY,Central Java,ST09_Semarang,HB04_CTG_NATIONAL,Inter-Region,Next Day,Prepaid,CR111,Bike,2.13,2.8,2.8,517620,32600,27855,4,0,0,,74.0,36,0,0,,1,0,,0,,57.1,2.06,18.13,ST09_Semarang,First Mile Delay
SHPM004434,AWB260004434,2026-03-13 14:40:13.788060,2026-03-13 14:47:13.788060,2026-03-13 14:58:13.788060,2026-03-13 21:40:35.459445,2026-03-13 22:30:35.459445,2026-03-13 23:31:35.459445,2026-03-14 01:07:18.703180,2026-03-14 10:38:46.242860,2026-03-15 04:38:20.228376,2026-03-15 20:31:56.122120,2026-03-16 03:50:55.982798,2026-03-16 14:40:13.788060,Delivered,Closed,SHP090,Shipper 090,Enterprise,East Java,ST14_Kediri,HB03_SBY_GATEWAY,Jabodetabek,ST03_JKT_East,HB01_JKT_GATEWAY,Inter-Region,Regular,Prepaid,CR132,Bike,1.31,1.21,1.31,2734913,17895,12956,8,1,0,,50.0,72,1,0,,1,0,,0,,61.18,1.6,17.99,ST03_JKT_East,
SHPM004435,AWB260004435,2026-03-19 17:29:18.708392,2026-03-19 18:01:18.708392,2026-03-19 18:09:18.708392,2026-03-19 20:23:37.997116,2026-03-19 21:35:37.997116,2026-03-19 22:05:37.997116,2026-03-20 03:06:49.680840,2026-03-20 08:57:23.074339,2026-03-20 20:37:24.388306,2026-03-21 09:18:04.223687,2026-03-21 18:10:23.889816,2026-03-22 17:29:18.708392,Delivered,Closed,SHP023,Shipper 023,Enterprise,West Java,ST08_Bogor,HB01_JKT_GATEWAY,Central Java,ST10_Solo,HB04_CTG_NATIONAL,Inter-Region,Regular,COD,CR079,Truck,1.48,1.42,1.48,1991788,22660,16718,8,1,0,,72.0,72,1,0,,1,0,,0,,48.68,5.02,11.67,ST10_Solo,
SHPM004436,AWB260004436,2026-03-25 20:15:19.940458,2026-03-25 20:24:19.940458,2026-03-25 20:46:19.940458,2026-03-26 00:15:54.759348,2026-03-26 00:53:54.759348,2026-03-26 01:26:54.759348,2026-03-26 06:47:19.630424,2026-03-26 10:45:59.073632,2026-03-26 13:21:39.508152,2026-03-27 06:03:27.454940,2026-03-27 14:04:27.039878,2026-03-28 20:15:19.940458,Delivered,Closed,SHP037,Shipper 037,Marketplace,Central Java,ST09_Semarang,HB04_CTG_NATIONAL,West Java,ST07_Cirebon,HB02_BDG_TRANSIT,Inter-Region,Regular,Prepaid,CR088,Bike,1.98,1.99,1.99,632791,20955,16277,8,1,0,,38.0,72,1,0,,1,0,,0,,41.82,5.34,2.59,ST07_Cirebon,
SHPM004437,AWB260004437,2026-03-14 05:02:46.618855,2026-03-14 05:34:46.618855,2026-03-14 06:09:46.618855,2026-03-14 09:09:05.719090,2026-03-14 10:17:05.719090,2026-03-14 11:35:05.719090,2026-03-14 16:25:39.265647,2026-03-14 22:38:46.698889,2026-03-15 08:29:15.202270,2026-03-15 22:49:57.040427,2026-03-16 15:55:53.813627,2026-03-17 05:02:46.618855,Delivered,Closed,SHP023,Shipper 023,Enterprise,West Java,ST08_Bogor,HB01_JKT_GATEWAY,Jabodetabek,ST03_JKT_East,HB01_JKT_GATEWAY,Inter-Region,Regular,COD,CR081,Bike,1.56,2.56,2.56,1134674,27520,17420,8,1,0,,68.0,72,1,0,,1,0,,0,,58.89,4.84,9.84,ST03_JKT_East,
SHPM004438,AWB260004438,2026-03-08 19:03:43.441939,2026-03-08 19:17:43.441939,2026-03-08 19:53:43.441939,2026-03-08 21:37:25.479623,2026-03-08 22:13:25.479623,2026-03-08 22:57:25.479623,2026-03-09 01:14:43.655802,2026-03-09 08:18:11.105165,2026-03-09 12:52:45.802556,2026-03-10 05:30:00.336583,2026-03-10 18:51:23.631488,2026-03-11 19:03:43.441939,Delivered,Closed,SHP058,Shipper 058,Enterprise,Jabodetabek,ST01_JKT_Central,HB01_JKT_GATEWAY,Outer Java,ST20_Banjarmasin,HB06_EASTERN_GATEWAY,Inter-Region,Regular,Prepaid,CR001,Truck,0.2,0.21,0.21,2088727,12945,7928,8,1,0,,36.0,72,1,0,,1,0,,0,,47.79,2.29,4.58,ST20_Banjarmasin,
SHPM004439,AWB260004439,2026-04-01 08:19:41.239863,2026-04-01 08:50:41.239863,2026-04-01 09:27:41.239863,2026-04-01 11:59:07.545594,2026-04-01 12:39:07.545594,2026-04-01 13:56:07.545594,2026-04-01 18:39:32.099115,2026-04-02 01:37:34.552503,2026-04-02 13:06:07.427358,2026-04-02 21:53:10.933570,2026-04-03 12:33:27.202922,2026-04-04 08:19:41.239863,Delivered,Closed,SHP041,Shipper 041,SME,West Java,ST08_Bogor,HB01_JKT_GATEWAY,Central Java,ST10_Solo,HB04_CTG_NATIONAL,Inter-Region,Regular,COD,CR078,Bike,1.87,1.98,1.98,405876,24910,20959,8,1,0,,40.0,72,1,0,,1,0,,0,,52.23,4.72,11.48,ST10_Solo,
SHPM004440,AWB260004440,2026-03-12 08:55:10.323699,2026-03-12 09:27:10.323699,2026-03-12 10:04:10.323699,2026-03-12 16:47:15.942306,2026-03-12 17:06:15.942306,2026-03-12 18:41:15.942306,2026-03-12 22:03:59.579510,2026-03-13 04:55:56.717212,2026-03-13 11:17:55.373200,2026-03-13 17:50:22.519233,,2026-03-15 08:55:10.323699,Delivery Exception,Exception,SHP023,Shipper 023,Enterprise,West Java,ST08_Bogor,HB01_JKT_GATEWAY,Central Java,ST11_Yogyakarta,HB04_CTG_NATIONAL,Inter-Region,Regular,Prepaid,CR081,Van,1.8,1.95,1.95,1600773,20775,16846,8,1,0,,19.0,72,0,1,Customer Not Home,3,0,,0,,603.08,3.38,6.37,ST11_Yogyakarta,Delivery Exception
SHPM004441,AWB260004441,2026-03-17 10:37:57.459341,2026-03-17 10:54:57.459341,2026-03-17 11:18:57.459341,2026-03-17 15:23:43.294852,2026-03-17 15:49:43.294852,2026-03-17 17:34:43.294852,2026-03-17 23:08:31.205432,2026-03-18 02:21:49.039083,2026-03-18 11:42:17.084509,2026-03-19 04:10:11.890968,2026-03-19 11:52:18.994446,2026-03-18 22:37:57.459341,Delivered,Closed,SHP058,Shipper 058,Enterprise,Jabodetabek,ST01_JKT_Central,HB01_JKT_GATEWAY,East Java,ST14_Kediri,HB03_SBY_GATEWAY,Inter-Region,Next Day,Prepaid,CR006,Van,1.97,2.03,2.03,388511,29135,23989,4,0,0,,26.0,36,0,0,,1,0,,0,,49.24,5.56,9.34,ST14_Kediri,First Mile Delay
SHPM004442,AWB260004442,2026-02-24 23:32:55.566563,2026-02-24 23:52:55.566563,2026-02-25 00:09:55.566563,2026-02-25 07:19:29.384457,2026-02-25 07:56:29.384457,2026-02-25 08:57:29.384457,2026-02-25 12:05:33.776211,2026-02-25 18:05:44.533820,2026-02-25 23:51:47.625585,2026-02-26 07:13:46.606920,2026-02-26 18:03:41.517294,2026-02-27 23:32:55.566563,Delivered,Closed,SHP094,Shipper 094,SME,Outer Java,ST15_Medan,HB05_SUMATRA_GATEWAY,Jabodetabek,ST04_Bekasi,HB01_JKT_GATEWAY,Inter-Region,Regular,Prepaid,CR144,Bike,2.23,2.15,2.23,943146,22035,19363,8,1,0,,37.0,72,1,0,,1,0,,0,,42.51,3.13,5.77,ST04_Bekasi,
SHPM004443,AWB260004443,2026-03-28 12:06:30.865321,2026-03-28 12:43:30.865321,2026-03-28 13:10:30.865321,2026-03-28 16:56:56.592094,2026-03-28 17:41:56.592094,2026-03-28 19:27:56.592094,2026-03-28 23:23:56.325635,2026-03-29 05:57:20.345923,2026-03-29 13:15:55.513041,2026-03-30 05:44:33.266386,2026-03-31 01:16:55.615594,2026-03-31 12:06:30.865321,Delivered,Closed,SHP016,Shipper 016,Marketplace,Jabodetabek,ST02_JKT_West,HB01_JKT_GATEWAY,Outer Java,ST20_Banjarmasin,HB06_EASTERN_GATEWAY,Inter-Region,Regular,Prepaid,CR016,Bike,1.32,1.25,1.32,1758382,17940,16178,8,1,0,,45.0,72,1,0,,1,0,,0,,61.17,3.93,7.31,ST20_Banjarmasin,
SHPM004444,AWB260004444,2026-03-20 13:15:12.865066,2026-03-20 13:29:12.865066,2026-03-20 14:17:12.865066,2026-03-20 18:49:11.417816,2026-03-20 19:35:11.417816,2026-03-20 21:06:11.417816,2026-03-20 23:22:12.907589,2026-03-21 03:16:29.165908,2026-03-21 12:20:52.922200,2026-03-21 19:19:50.757323,2026-03-22 02:11:38.934567,2026-03-23 13:15:12.865066,Delivered,Closed,SHP097,Shipper 097,SME,Jabodetabek,ST03_JKT_East,HB01_JKT_GATEWAY,West Java,ST08_Bogor,HB01_JKT_GATEWAY,Inter-Region,Regular,Prepaid,CR026,Bike,3.49,3.41,3.49,830794,27705,16012,8,1,0,,46.0,72,1,0,,1,0,,0,,36.94,2.27,9.07,ST08_Bogor,
SHPM004445,AWB260004445,2026-02-28 05:06:10.835340,2026-02-28 05:28:10.835340,2026-02-28 06:31:10.835340,2026-02-28 21:27:47.833232,2026-02-28 22:50:47.833232,2026-03-01 00:29:47.833232,2026-03-01 04:32:55.894002,2026-03-01 09:33:25.904462,2026-03-02 10:08:18.351833,2026-03-02 22:22:22.781973,2026-03-03 08:02:56.207352,2026-03-03 05:06:10.835340,Delivered,Closed,SHP060,Shipper 060,Enterprise,East Java,ST12_Surabaya,HB03_SBY_GATEWAY,Central Java,ST11_Yogyakarta,HB04_CTG_NATIONAL,Inter-Region,Regular,Prepaid,CR107,Bike,0.84,0.88,0.88,1975007,15960,15026,8,0,0,,83.0,72,0,0,,1,0,,0,,74.95,4.05,24.58,ST11_Yogyakarta,First Mile Delay
SHPM004446,AWB260004446,2026-03-17 13:09:50.329930,2026-03-17 13:41:50.329930,2026-03-17 14:04:50.329930,2026-03-17 18:12:42.675151,2026-03-17 18:35:42.675151,2026-03-17 18:56:42.675151,2026-03-17 20:33:20.134046,2026-03-17 21:57:29.873035,2026-03-18 02:59:25.001716,2026-03-18 10:49:06.827823,2026-03-18 20:05:21.672112,2026-03-19 13:09:50.329930,Delivered,Closed,SHP062,Shipper 062,Enterprise,Jabodetabek,ST02_JKT_West,HB01_JKT_GATEWAY,Jabodetabek,ST05_Tangerang,HB01_JKT_GATEWAY,Intra-Region,Regular,Prepaid,CR017,Bike,0.81,0.75,0.81,378259,15645,9648,8,1,0,,23.0,48,1,0,,1,0,,0,,30.93,1.61,5.03,ST05_Tangerang,
SHPM004447,AWB260004447,2026-02-24 14:39:37.875547,2026-02-24 15:12:37.875547,2026-02-24 15:32:37.875547,2026-02-24 23:44:13.430674,2026-02-25 00:30:13.430674,2026-02-25 01:49:13.430674,2026-02-25 04:57:54.918546,2026-02-25 11:43:43.647466,2026-02-25 15:13:27.548733,2026-02-26 02:13:30.459886,,2026-02-27 14:39:37.875547,Delivery Exception,Exception,SHP072,Shipper 072,Enterprise,Outer Java,ST19_Denpasar,HB06_EASTERN_GATEWAY,East Java,ST13_Malang,HB03_SBY_GATEWAY,Inter-Region,Regular,COD,CR178,Bike,0.58,0.55,0.58,649923,18610,12788,8,0,0,,46.0,72,0,1,Customer Not Home,3,0,,0,,981.34,3.14,3.5,ST13_Malang,Delivery Exception
SHPM004448,AWB260004448,2026-03-15 20:46:20.447396,2026-03-15 21:17:20.447396,2026-03-15 21:56:20.447396,2026-03-16 10:53:15.897305,2026-03-16 11:24:15.897305,2026-03-16 13:19:15.897305,2026-03-16 14:55:59.910565,2026-03-16 23:55:10.937327,2026-03-17 10:19:10.071146,2026-03-17 21:45:13.288950,2026-03-18 03:01:47.992265,2026-03-18 20:46:20.447396,Delivered,Closed,SHP018,Shipper 018,Enterprise,West Java,ST06_Bandung,HB01_JKT_GATEWAY,Jabodetabek,ST03_JKT_East,HB01_JKT_GATEWAY,Inter-Region,Regular,Prepaid,CR057,Bike,1.24,1.18,1.24,194415,17580,15926,8,0,0,,31.0,72,1,0,,1,0,,0,,54.26,1.61,10.4,ST03_JKT_East,
SHPM004449,AWB260004449,2026-03-05 18:03:52.008089,2026-03-05 18:45:52.008089,2026-03-05 19:12:52.008089,2026-03-05 23:32:12.158870,2026-03-06 00:13:12.158870,2026-03-06 01:46:12.158870,2026-03-06 04:29:31.668595,2026-03-06 08:59:06.567245,2026-03-06 12:16:30.918222,2026-03-07 05:37:52.486472,2026-03-07 09:55:14.273476,2026-03-07 06:03:52.008089,Delivered,Closed,SHP067,Shipper 067,SME,East Java,ST14_Kediri,HB03_SBY_GATEWAY,West Java,ST07_Cirebon,HB02_BDG_TRANSIT,Inter-Region,Next Day,Prepaid,CR136,Bike,1.23,1.35,1.35,568510,26075,20314,4,0,0,,41.0,36,0,0,,1,0,,0,,39.86,2.72,3.29,ST07_Cirebon,First Mile Delay
SHPM004450,AWB260004450,2026-03-12 16:29:31.011383,2026-03-12 16:53:31.011383,2026-03-12 17:25:31.011383,2026-03-12 18:22:04.338865,2026-03-12 18:50:04.338865,2026-03-12 19:49:04.338865,2026-03-13 00:56:47.904459,2026-03-13 03:21:02.996399,2026-03-13 10:41:46.293916,2026-03-13 18:57:42.296994,2026-03-14 01:51:06.389982,2026-03-14 04:29:31.011383,Delivered,Closed,SHP013,Shipper 013,SME,Jabodetabek,ST04_Bekasi,HB01_JKT_GATEWAY,Central Java,ST09_Semarang,HB04_CTG_NATIONAL,Inter-Region,Next Day,COD,CR039,Van,0.54,0.58,0.58,2025349,26610,19706,4,1,0,,28.0,36,1,0,,1,0,,0,,33.36,5.13,7.35,ST09_Semarang,
SHPM004451,AWB260004451,2026-03-07 01:31:48.361271,2026-03-07 02:02:48.361271,2026-03-07 02:25:48.361271,2026-03-07 04:03:44.916182,2026-03-07 05:06:44.916182,2026-03-07 07:05:44.916182,2026-03-07 11:05:18.327771,2026-03-07 20:00:20.376767,2026-03-08 03:39:09.100975,2026-03-09 11:55:49.381533,2026-03-09 17:39:57.226402,2026-03-08 13:31:48.361271,Delivered,Closed,SHP001,Shipper 001,Marketplace,Jabodetabek,ST03_JKT_East,HB01_JKT_GATEWAY,West Java,ST07_Cirebon,HB02_BDG_TRANSIT,Inter-Region,Next Day,COD,CR019,Bike,1.62,1.78,1.78,373974,32010,25794,4,1,0,,63.0,36,0,0,,1,1,Invalid Address,0,,64.14,3.99,7.65,ST07_Cirebon,Last Mile Delay
SHPM004452,AWB260004452,2026-02-26 11:59:15.141027,2026-02-26 12:20:15.141027,2026-02-26 13:00:15.141027,2026-02-26 14:59:11.815856,2026-02-26 15:37:11.815856,2026-02-26 16:52:11.815856,2026-02-26 22:44:02.760046,2026-02-27 07:50:51.435844,2026-02-27 14:01:04.530993,2026-02-27 19:31:08.361179,2026-02-28 02:18:15.523769,2026-03-01 11:59:15.141027,Delivered,Closed,SHP074,Shipper 074,Enterprise,Outer Java,ST20_Banjarmasin,HB06_EASTERN_GATEWAY,Central Java,ST10_Solo,HB04_CTG_NATIONAL,Inter-Region,Regular,COD,CR182,Van,1.52,1.58,1.58,2051056,23110,13905,8,1,0,,38.0,72,1,0,,1,0,,0,,38.32,5.86,6.17,ST10_Solo,
SHPM004453,AWB260004453,2026-03-11 09:56:53.138676,2026-03-11 10:12:53.138676,2026-03-11 10:45:53.138676,2026-03-11 18:57:31.211947,2026-03-11 19:16:31.211947,2026-03-11 21:07:31.211947,2026-03-12 02:35:35.485414,2026-03-12 07:06:29.070846,2026-03-12 14:48:11.339635,2026-03-12 17:09:32.073820,2026-03-13 11:05:20.485527,2026-03-13 09:56:53.138676,Delivered,Closed,SHP074,Shipper 074,Enterprise,Outer Java,ST15_Medan,HB05_SUMATRA_GATEWAY,Outer Java,ST20_Banjarmasin,HB06_EASTERN_GATEWAY,Intra-Region,Regular,Prepaid,CR144,Bike,2.16,2.28,2.28,1188120,22260,17892,8,0,0,,19.0,48,0,0,,1,0,,0,,49.14,5.47,7.7,ST20_Banjarmasin,First Mile Delay
SHPM004454,AWB260004454,2026-02-22 04:09:24.273387,2026-02-22 04:49:24.273387,2026-02-22 04:55:24.273387,2026-02-22 06:40:59.796450,2026-02-22 07:49:59.796450,2026-02-22 09:04:59.796450,2026-02-22 10:20:53.399388,2026-02-22 20:11:29.688183,2026-02-22 22:08:39.933890,2026-02-23 12:55:55.496131,2026-02-23 19:57:52.709567,2026-02-23 16:09:24.273387,Delivered,Closed,SHP061,Shipper 061,Enterprise,Outer Java,ST17_Makassar,HB06_EASTERN_GATEWAY,Central Java,ST11_Yogyakarta,HB04_CTG_NATIONAL,Inter-Region,Next Day,Prepaid,CR159,Truck,1.51,1.53,1.53,501905,26885,24062,4,1,0,,69.0,36,0,0,,1,0,,0,,39.81,1.26,1.95,ST11_Yogyakarta,Last Mile Delay
SHPM004455,AWB260004455,2026-03-02 12:07:01.574420,2026-03-02 12:28:01.574420,2026-03-02 13:01:01.574420,2026-03-02 16:33:14.480372,2026-03-02 16:46:14.480372,2026-03-02 18:08:14.480372,2026-03-02 23:25:35.070272,2026-03-03 00:53:52.617410,2026-03-03 09:31:50.422819,2026-03-03 13:43:07.147763,2026-03-04 01:14:54.449625,2026-03-03 12:07:01.574420,Delivered,Closed,SHP074,Shipper 074,Enterprise,Outer Java,ST15_Medan,HB05_SUMATRA_GATEWAY,Outer Java,ST20_Banjarmasin,HB06_EASTERN_GATEWAY,Intra-Region,Next Day,COD,CR137,Truck,2.1,2.12,2.12,688931,33540,21863,4,0,0,,13.0,24,0,0,,1,0,,0,,37.13,5.29,8.63,ST20_Banjarmasin,First Mile Delay
SHPM004456,AWB260004456,2026-02-17 03:19:03.828087,2026-02-17 04:00:03.828087,2026-02-17 04:29:03.828087,2026-02-17 07:52:54.318615,2026-02-17 08:38:54.318615,2026-02-17 09:26:54.318615,2026-02-17 15:11:31.770740,2026-02-17 21:26:31.857726,2026-02-18 04:23:20.778725,2026-02-18 10:03:18.321467,2026-02-18 16:37:03.570891,2026-02-18 15:19:03.828087,Delivered,Closed,SHP051,Shipper 051,Marketplace,Outer Java,ST19_Denpasar,HB06_EASTERN_GATEWAY,Jabodetabek,ST02_JKT_West,HB01_JKT_GATEWAY,Inter-Region,Next Day,Prepaid,CR176,Bike,1.05,1.57,1.57,1029125,27065,17794,4,1,0,,46.0,36,0,0,,1,0,,0,,37.3,5.74,6.95,ST02_JKT_West,Last Mile Delay
SHPM004457,AWB260004457,2026-02-16 19:58:49.116446,2026-02-16 20:08:49.116446,2026-02-16 20:54:49.116446,2026-02-16 23:19:50.988564,2026-02-16 23:58:50.988564,2026-02-17 00:22:50.988564,2026-02-17 02:34:11.562220,2026-02-17 10:24:22.989425,2026-02-17 17:00:51.443147,2026-02-18 03:50:30.490745,2026-02-18 06:16:28.547119,2026-02-18 07:58:49.116446,Delivered,Closed,SHP014,Shipper 014,Enterprise,Jabodetabek,ST05_Tangerang,HB01_JKT_GATEWAY,West Java,ST06_Bandung,HB01_JKT_GATEWAY,Inter-Region,Next Day,Prepaid,CR052,Van,1.6,1.62,1.62,696062,27290,15844,4,1,0,,39.0,36,1,0,,1,0,,0,,34.29,2.19,6.61,ST06_Bandung,
SHPM004458,AWB260004458,2026-02-20 00:29:07.432083,2026-02-20 00:57:07.432083,2026-02-20 01:37:07.432083,2026-02-20 03:58:13.792782,2026-02-20 04:09:13.792782,2026-02-20 05:50:13.792782,2026-02-20 07:09:21.622111,2026-02-20 09:50:18.999388,2026-02-20 14:10:15.879625,2026-02-21 08:06:19.421500,2026-02-21 20:38:35.703220,2026-02-23 00:29:07.432083,Delivered,Closed,SHP028,Shipper 028,Marketplace,Jabodetabek,ST04_Bekasi,HB01_JKT_GATEWAY,West Java,ST08_Bogor,HB01_JKT_GATEWAY,Inter-Region,Regular,Prepaid,CR042,Van,0.99,1.08,1.08,163634,16860,9395,8,1,0,,11.0,72,1,0,,1,0,,0,,44.16,1.32,4.33,ST08_Bogor,
SHPM004459,AWB260004459,2026-03-07 13:44:43.988018,2026-03-07 14:19:43.988018,2026-03-07 14:48:43.988018,2026-03-07 19:33:49.091459,2026-03-07 20:05:49.091459,2026-03-07 20:22:49.091459,2026-03-07 22:55:19.128808,2026-03-08 08:01:16.933701,2026-03-08 18:29:14.917936,2026-03-09 02:37:33.232759,2026-03-09 12:58:28.069717,2026-03-10 13:44:43.988018,Delivered,Closed,SHP062,Shipper 062,Enterprise,Jabodetabek,ST04_Bekasi,HB01_JKT_GATEWAY,East Java,ST13_Malang,HB03_SBY_GATEWAY,Inter-Region,Regular,Prepaid,CR037,Van,0.78,0.76,0.78,238968,15510,11707,8,1,0,,32.0,72,1,0,,1,0,,0,,47.23,2.54,10.47,ST13_Malang,
SHPM004460,AWB260004460,2026-02-21 14:49:19.524266,2026-02-21 15:09:19.524266,2026-02-21 16:06:19.524266,2026-02-21 22:36:15.697186,2026-02-22 00:17:15.697186,2026-02-22 00:54:15.697186,2026-02-22 05:40:58.183775,2026-02-22 12:07:47.847677,2026-02-23 19:05:22.665958,2026-02-25 01:57:58.574138,2026-02-25 10:10:00.332585,2026-02-23 02:49:19.524266,Delivered,Closed,SHP010,Shipper 010,Enterprise,East Java,ST12_Surabaya,HB03_SBY_GATEWAY,West Java,ST06_Bandung,HB01_JKT_GATEWAY,Inter-Region,Next Day,COD,CR109,Van,2.63,3.5,3.5,1148088,39750,36145,4,0,0,,101.0,36,0,0,,1,1,Weather Delay,0,,91.34,4.78,30.96,ST06_Bandung,First Mile Delay
SHPM004461,AWB260004461,2026-03-16 03:07:43.896514,2026-03-16 03:30:43.896514,2026-03-16 03:47:43.896514,2026-03-16 12:00:37.592810,2026-03-16 13:02:37.592810,2026-03-16 14:07:37.592810,2026-03-16 16:11:41.481921,2026-03-16 17:22:45.323886,2026-03-16 23:01:21.510322,2026-03-17 00:40:13.064501,2026-03-17 07:29:54.441187,2026-03-18 03:07:43.896514,Delivered,Closed,SHP090,Shipper 090,Enterprise,East Java,ST14_Kediri,HB03_SBY_GATEWAY,East Java,ST13_Malang,HB03_SBY_GATEWAY,Intra-Region,Regular,COD,CR128,Bike,0.55,0.58,0.58,766686,18610,12008,8,0,0,,62.0,48,1,0,,1,0,,0,,28.37,2.07,5.64,ST13_Malang,
SHPM004462,AWB260004462,2026-03-20 14:31:46.408533,2026-03-20 14:54:46.408533,2026-03-20 15:41:46.408533,2026-03-20 18:09:01.064908,2026-03-20 19:11:01.064908,2026-03-20 19:44:01.064908,2026-03-20 23:02:35.731317,2026-03-21 03:00:17.457114,2026-03-21 05:02:25.411322,2026-03-21 19:35:36.933874,2026-03-22 11:27:01.562906,2026-03-23 14:31:46.408533,Delivered,Closed,SHP084,Shipper 084,Enterprise,Central Java,ST11_Yogyakarta,HB04_CTG_NATIONAL,East Java,ST12_Surabaya,HB03_SBY_GATEWAY,Inter-Region,Regular,Prepaid,CR106,Truck,6.8,7.52,7.52,957578,45840,41246,8,1,0,,62.0,72,1,0,,1,0,,0,,44.92,3.31,2.04,ST12_Surabaya,
SHPM004463,AWB260004463,2026-04-01 03:04:02.104394,2026-04-01 03:10:02.104394,2026-04-01 03:15:02.104394,2026-04-01 05:52:00.224476,2026-04-01 06:15:00.224476,2026-04-01 07:50:00.224476,2026-04-01 09:42:09.636586,2026-04-01 19:39:07.914106,2026-04-01 21:16:23.377204,2026-04-02 14:12:14.160502,2026-04-02 22:29:19.283651,2026-04-02 15:04:02.104394,Delivered,Closed,SHP057,Shipper 057,SME,Central Java,ST09_Semarang,HB04_CTG_NATIONAL,Jabodetabek,ST03_JKT_East,HB01_JKT_GATEWAY,Inter-Region,Next Day,Prepaid,CR084,Bike,1.96,3.28,3.28,1163310,34760,25425,4,1,0,,23.0,36,0,0,,1,0,,0,,43.42,1.87,1.62,ST03_JKT_East,Last Mile Delay
SHPM004464,AWB260004464,2026-03-08 21:49:24.176581,2026-03-08 22:04:24.176581,2026-03-08 22:18:24.176581,2026-03-08 23:46:25.994749,2026-03-09 01:00:25.994749,2026-03-09 02:47:25.994749,2026-03-09 08:23:12.086932,2026-03-09 11:30:00.238433,2026-03-09 13:41:57.745575,2026-03-09 19:09:30.955851,,2026-03-10 09:49:24.176581,Return To Sender,RTS,SHP091,Shipper 091,SME,Outer Java,ST18_Balikpapan,HB06_EASTERN_GATEWAY,West Java,ST06_Bandung,HB01_JKT_GATEWAY,Inter-Region,Next Day,Prepaid,CR169,Van,1.4,1.31,1.4,793499,26300,18574,4,1,0,,74.0,36,0,1,Customer Not Home,2,0,,1,Customer Not Home,686.18,5.6,2.2,ST06_Bandung,Delivery Exception
SHPM004465,AWB260004465,2026-03-30 20:32:35.132840,2026-03-30 20:41:35.132840,2026-03-30 21:04:35.132840,2026-03-31 05:13:51.129156,2026-03-31 05:21:51.129156,2026-03-31 06:16:51.129156,2026-03-31 07:30:03.264772,2026-03-31 12:37:10.790268,2026-03-31 15:04:31.782585,2026-04-01 03:48:37.853744,2026-04-01 21:39:56.355066,2026-04-02 20:32:35.132840,Delivered,Closed,SHP088,Shipper 088,SME,Outer Java,ST15_Medan,HB05_SUMATRA_GATEWAY,Central Java,ST10_Solo,HB04_CTG_NATIONAL,Inter-Region,Regular,Prepaid,CR140,Bike,1.26,1.26,1.26,729838,17670,16346,8,0,0,,8.0,72,1,0,,1,0,,0,,49.12,1.22,2.46,ST10_Solo,
SHPM004466,AWB260004466,2026-02-27 22:23:26.345111,2026-02-27 22:59:26.345111,2026-02-27 23:34:26.345111,2026-02-28 02:25:16.849135,2026-02-28 03:05:16.849135,2026-02-28 04:53:16.849135,2026-02-28 06:00:11.603897,2026-02-28 10:03:45.621800,2026-02-28 14:02:54.792364,2026-02-28 21:46:47.659343,2026-03-01 14:57:51.704639,2026-03-01 22:23:26.345111,Delivered,Closed,SHP034,Shipper 034,Enterprise,Jabodetabek,ST01_JKT_Central,HB01_JKT_GATEWAY,Jabodetabek,ST02_JKT_West,HB01_JKT_GATEWAY,Intra-Region,Regular,Prepaid,CR007,Bike,0.7,0.78,0.78,1540405,15510,11933,8,1,0,,40.0,48,1,0,,1,0,,0,,40.57,1.12,3.99,ST02_JKT_West,
SHPM004467,AWB260004467,2026-02-15 14:08:32.858075,2026-02-15 14:35:32.858075,2026-02-15 15:17:32.858075,2026-02-15 16:57:38.942073,2026-02-15 17:42:38.942073,2026-02-15 19:31:38.942073,2026-02-15 23:57:44.818070,2026-02-16 03:36:19.654988,2026-02-16 12:02:22.716965,2026-02-17 03:25:46.325601,2026-02-17 08:34:21.036943,2026-02-17 02:08:32.858075,Delivered,Closed,SHP072,Shipper 072,Enterprise,Outer Java,ST18_Balikpapan,HB06_EASTERN_GATEWAY,Jabodetabek,ST02_JKT_West,HB01_JKT_GATEWAY,Inter-Region,Next Day,COD,CR171,Bike,0.8,0.73,0.8,845576,27600,15247,4,1,0,,45.0,36,0,0,,1,0,,0,,42.43,4.43,8.43,ST02_JKT_West,Last Mile Delay
SHPM004468,AWB260004468,2026-02-26 22:47:55.028161,2026-02-26 23:24:55.028161,2026-02-26 23:56:55.028161,2026-02-27 04:06:26.618798,2026-02-27 05:39:26.618798,2026-02-27 06:34:26.618798,2026-02-27 09:12:24.217509,2026-02-27 13:29:21.459226,2026-02-27 19:37:08.267580,2026-02-28 04:13:24.650613,2026-02-28 09:01:52.551365,2026-03-01 22:47:55.028161,Delivered,Closed,SHP010,Shipper 010,Enterprise,East Java,ST12_Surabaya,HB03_SBY_GATEWAY,Central Java,ST09_Semarang,HB04_CTG_NATIONAL,Inter-Region,Regular,Prepaid,CR108,Bike,0.59,0.59,0.59,2389069,14655,12858,8,1,0,,93.0,72,1,0,,1,0,,0,,34.23,2.63,6.13,ST09_Semarang,
SHPM004469,AWB260004469,2026-02-27 19:57:45.299690,2026-02-27 20:18:45.299690,2026-02-27 20:40:45.299690,2026-02-27 22:49:49.423331,2026-02-27 22:57:49.423331,2026-02-28 00:56:49.423331,2026-02-28 01:59:43.108721,2026-02-28 05:52:23.569632,2026-02-28 15:56:48.526754,2026-03-01 00:55:28.018668,2026-03-01 21:28:04.645750,2026-03-02 19:57:45.299690,Delivered,Closed,SHP014,Shipper 014,Enterprise,Jabodetabek,ST05_Tangerang,HB01_JKT_GATEWAY,Outer Java,ST19_Denpasar,HB06_EASTERN_GATEWAY,Inter-Region,Regular,COD,CR049,Bike,0.64,0.65,0.65,1672185,18925,15802,8,1,0,,8.0,72,1,0,,1,0,,0,,49.51,1.05,10.07,ST19_Denpasar,
SHPM004470,AWB260004470,2026-02-25 03:43:29.606885,2026-02-25 03:50:29.606885,2026-02-25 04:20:29.606885,2026-02-25 07:20:11.604497,2026-02-25 08:51:11.604497,2026-02-25 09:19:11.604497,2026-02-25 10:34:46.540146,2026-02-25 19:51:24.279928,2026-02-26 07:41:36.831126,2026-02-26 14:03:49.632184,2026-02-26 18:13:15.676514,2026-02-26 15:43:29.606885,Delivered,Closed,SHP092,Shipper 092,Marketplace,Jabodetabek,ST02_JKT_West,HB01_JKT_GATEWAY,East Java,ST14_Kediri,HB03_SBY_GATEWAY,Inter-Region,Next Day,Prepaid,CR017,Bike,1.18,1.07,1.18,279473,25310,22469,4,1,0,,91.0,36,0,0,,1,0,,0,,38.5,1.26,11.84,ST14_Kediri,Hub Bottleneck
SHPM004471,AWB260004471,2026-02-15 19:50:01.837588,2026-02-15 20:13:01.837588,2026-02-15 20:35:01.837588,2026-02-16 00:52:00.876626,2026-02-16 01:36:00.876626,2026-02-16 02:10:00.876626,2026-02-16 05:16:04.644249,2026-02-16 10:20:59.014968,2026-02-16 16:44:34.736214,2026-02-17 07:11:41.924343,2026-02-17 17:54:11.573874,2026-02-18 19:50:01.837588,Delivered,Closed,SHP062,Shipper 062,Enterprise,Jabodetabek,ST04_Bekasi,HB01_JKT_GATEWAY,Central Java,ST09_Semarang,HB04_CTG_NATIONAL,Inter-Region,Regular,Prepaid,CR040,Bike,0.97,0.92,0.97,842020,16365,12178,8,1,0,,44.0,72,1,0,,1,0,,0,,46.07,3.1,6.39,ST09_Semarang,
SHPM004472,AWB260004472,2026-03-06 09:10:42.623770,2026-03-06 09:50:42.623770,2026-03-06 10:13:42.623770,2026-03-06 18:38:46.124880,2026-03-06 20:05:46.124880,2026-03-06 22:02:46.124880,2026-03-06 23:59:32.464810,2026-03-07 02:40:19.123466,2026-03-07 07:37:24.645892,2026-03-08 01:14:27.234240,2026-03-08 17:42:02.229787,2026-03-09 09:10:42.623770,Delivered,Closed,SHP066,Shipper 066,Marketplace,West Java,ST07_Cirebon,HB02_BDG_TRANSIT,Jabodetabek,ST03_JKT_East,HB01_JKT_GATEWAY,Inter-Region,Regular,Prepaid,CR069,Bike,3.55,3.89,3.89,1705997,29505,22735,8,0,0,,87.0,72,1,0,,1,0,,0,,56.52,1.95,4.95,ST03_JKT_East,
SHPM004473,AWB260004473,2026-03-10 03:25:27.675885,2026-03-10 04:08:27.675885,2026-03-10 04:45:27.675885,2026-03-10 06:37:07.245756,2026-03-10 07:24:07.245756,2026-03-10 09:04:07.245756,2026-03-10 10:15:08.224981,2026-03-10 19:51:31.046501,2026-03-11 01:04:15.303666,2026-03-11 07:18:35.118136,2026-03-11 22:27:28.579655,2026-03-13 03:25:27.675885,Delivered,Closed,SHP013,Shipper 013,SME,Jabodetabek,ST04_Bekasi,HB01_JKT_GATEWAY,West Java,ST06_Bandung,HB01_JKT_GATEWAY,Inter-Region,Regular,Prepaid,CR034,Van,0.69,0.71,0.71,430100,15195,11571,8,1,0,,47.0,72,1,0,,1,0,,0,,43.03,1.18,5.21,ST06_Bandung,
SHPM004474,AWB260004474,2026-04-01 02:05:40.234960,2026-04-01 02:15:40.234960,2026-04-01 02:48:40.234960,2026-04-01 05:01:51.653759,2026-04-01 05:27:51.653759,2026-04-01 07:17:51.653759,2026-04-01 11:34:14.489570,2026-04-01 17:19:17.374273,2026-04-02 02:29:36.393946,2026-04-02 08:33:44.264324,2026-04-02 20:03:39.011551,2026-04-04 02:05:40.234960,Delivered,Closed,SHP071,Shipper 071,Enterprise,Jabodetabek,ST01_JKT_Central,HB01_JKT_GATEWAY,West Java,ST08_Bogor,HB01_JKT_GATEWAY,Inter-Region,Regular,Prepaid,CR007,Van,1.09,1.33,1.33,781533,17985,13759,8,1,0,,26.0,72,1,0,,1,0,,0,,41.97,4.27,9.17,ST08_Bogor,
SHPM004475,AWB260004475,2026-03-14 09:20:39.111834,2026-03-14 09:41:39.111834,2026-03-14 09:46:39.111834,2026-03-14 10:45:37.454190,2026-03-14 11:36:37.454190,2026-03-14 12:03:37.454190,2026-03-14 16:27:33.154313,2026-03-14 20:03:47.303029,2026-03-15 07:04:09.846885,2026-03-15 21:56:29.504400,2026-03-16 02:02:30.298836,2026-03-15 21:20:39.111834,Delivered,Closed,SHP077,Shipper 077,Marketplace,Outer Java,ST16_Palembang,HB05_SUMATRA_GATEWAY,Jabodetabek,ST02_JKT_West,HB01_JKT_GATEWAY,Inter-Region,Next Day,Prepaid,CR145,Truck,0.73,0.67,0.73,359311,23285,20304,4,1,0,,51.0,36,0,0,,1,0,,0,,40.7,4.4,11.01,ST02_JKT_West,Hub Bottleneck
SHPM004476,AWB260004476,2026-02-16 19:14:48.834134,2026-02-16 19:24:48.834134,2026-02-16 20:06:48.834134,2026-02-16 20:25:29.539628,2026-02-16 21:18:29.539628,2026-02-16 23:06:29.539628,2026-02-17 04:48:12.298794,2026-02-17 13:51:05.045655,2026-02-18 00:37:09.702164,2026-02-18 11:59:06.335315,2026-02-19 02:06:28.401446,2026-02-18 07:14:48.834134,Delivered,Closed,SHP050,Shipper 050,Marketplace,Jabodetabek,ST04_Bekasi,HB01_JKT_GATEWAY,Outer Java,ST16_Palembang,HB05_SUMATRA_GATEWAY,Inter-Region,Next Day,Prepaid,CR031,Van,1.57,1.51,1.57,1645504,27065,21801,4,1,0,,53.0,36,0,0,,1,0,,0,,54.86,5.7,10.77,ST16_Palembang,Hub Bottleneck
SHPM004477,AWB260004477,2026-03-12 09:23:07.450049,2026-03-12 09:44:07.450049,2026-03-12 10:08:07.450049,2026-03-12 11:43:12.128360,2026-03-12 12:38:12.128360,2026-03-12 13:17:12.128360,2026-03-12 16:53:10.723809,2026-03-12 22:50:25.092733,2026-03-13 04:28:09.030250,2026-03-13 15:49:58.259863,2026-03-14 00:09:06.651518,2026-03-13 21:23:07.450049,Delivered,Closed,SHP054,Shipper 054,Marketplace,West Java,ST06_Bandung,HB01_JKT_GATEWAY,Jabodetabek,ST03_JKT_East,HB01_JKT_GATEWAY,Inter-Region,Next Day,Prepaid,CR061,Bike,1.54,1.48,1.54,1273998,26930,19797,4,1,0,,55.0,36,0,0,,1,0,,0,,38.77,3.6,5.63,ST03_JKT_East,Last Mile Delay
SHPM004478,AWB260004478,2026-03-11 15:49:28.102440,2026-03-11 16:25:28.102440,2026-03-11 16:52:28.102440,2026-03-12 00:00:16.984792,2026-03-12 00:21:16.984792,2026-03-12 00:45:16.984792,2026-03-12 02:16:52.330259,2026-03-12 12:11:43.346865,2026-03-12 19:24:54.066068,2026-03-13 10:54:48.394474,2026-03-13 18:27:49.009173,2026-03-14 15:49:28.102440,Delivered,Closed,SHP007,Shipper 007,SME,Jabodetabek,ST01_JKT_Central,HB01_JKT_GATEWAY,West Java,ST08_Bogor,HB01_JKT_GATEWAY,Inter-Region,Regular,COD,CR003,Bike,1.29,1.31,1.31,2296539,21895,14345,8,1,0,,21.0,72,1,0,,1,0,,0,,50.64,1.53,7.22,ST08_Bogor,
SHPM004479,AWB260004479,2026-03-19 03:14:20.399094,2026-03-19 03:35:20.399094,2026-03-19 04:09:20.399094,2026-03-19 06:05:38.809567,2026-03-19 06:33:38.809567,2026-03-19 07:50:38.809567,2026-03-19 10:14:34.520311,2026-03-19 14:11:07.159666,2026-03-19 16:06:15.449422,2026-03-20 09:03:49.728364,2026-03-20 19:57:34.036589,2026-03-20 15:14:20.399094,Delivered,Closed,SHP027,Shipper 027,SME,Jabodetabek,ST05_Tangerang,HB01_JKT_GATEWAY,Central Java,ST10_Solo,HB04_CTG_NATIONAL,Inter-Region,Next Day,COD,CR051,Bike,1.03,1.67,1.67,1079292,31515,28584,4,1,0,,28.0,36,0,0,,1,0,,0,,40.72,2.4,1.92,ST10_Solo,Last Mile Delay
SHPM004480,AWB260004480,2026-03-05 17:02:10.803487,2026-03-05 17:26:10.803487,2026-03-05 17:53:10.803487,2026-03-06 00:38:58.797271,2026-03-06 01:13:58.797271,2026-03-06 02:34:58.797271,2026-03-06 08:20:54.634473,2026-03-06 14:36:46.895173,2026-03-07 11:26:16.499267,2026-03-08 05:11:28.600366,2026-03-08 13:42:09.892492,2026-03-08 17:02:10.803487,Delivered,Closed,SHP020,Shipper 020,SME,East Java,ST14_Kediri,HB03_SBY_GATEWAY,Jabodetabek,ST03_JKT_East,HB01_JKT_GATEWAY,Inter-Region,Regular,COD,CR132,Van,1.37,1.35,1.37,295187,22165,16185,8,1,0,,35.0,72,1,0,,1,0,,0,,68.67,5.77,20.82,ST03_JKT_East,
SHPM004481,AWB260004481,2026-03-16 16:29:03.223625,2026-03-16 16:59:03.223625,2026-03-16 17:24:03.223625,2026-03-16 20:22:35.003286,2026-03-16 20:58:35.003286,2026-03-16 21:51:35.003286,2026-03-17 02:44:41.863535,2026-03-17 07:31:23.201419,2026-03-17 10:30:34.328071,2026-03-18 15:06:08.925468,2026-03-18 23:51:41.380949,2026-03-18 04:29:03.223625,Delivered,Closed,SHP090,Shipper 090,Enterprise,East Java,ST13_Malang,HB03_SBY_GATEWAY,Jabodetabek,ST01_JKT_Central,HB01_JKT_GATEWAY,Inter-Region,Next Day,Prepaid,CR120,Bike,1.25,1.26,1.26,1018375,25670,18840,4,1,0,,36.0,36,0,0,,1,1,Missed Cut-Off,0,,55.38,4.89,2.99,ST01_JKT_Central,Last Mile Delay
SHPM004482,AWB260004482,2026-03-28 10:10:10.395353,2026-03-28 10:35:10.395353,2026-03-28 10:59:10.395353,2026-03-28 16:53:47.845149,2026-03-28 18:01:47.845149,2026-03-28 18:58:47.845149,2026-03-29 00:40:06.214543,2026-03-29 09:03:18.832587,2026-03-29 16:40:34.445480,2026-03-30 00:46:11.024412,2026-03-30 07:46:46.155998,2026-03-31 10:10:10.395353,Delivered,Closed,SHP087,Shipper 087,Enterprise,Jabodetabek,ST02_JKT_West,HB01_JKT_GATEWAY,East Java,ST13_Malang,HB03_SBY_GATEWAY,Inter-Region,Regular,Prepaid,CR014,Bike,1.55,1.66,1.66,772808,19470,18137,8,1,0,,68.0,72,1,0,,1,0,,0,,45.61,5.69,7.62,ST13_Malang,
SHPM004483,AWB260004483,2026-03-29 08:53:56.676401,2026-03-29 09:02:56.676401,2026-03-29 09:38:56.676401,2026-03-29 11:37:53.798857,2026-03-29 13:23:53.798857,2026-03-29 14:08:53.798857,2026-03-29 16:25:47.412521,2026-03-30 00:08:00.943661,2026-03-30 19:18:21.037010,2026-03-31 09:32:31.868190,2026-03-31 19:10:16.820761,2026-03-30 20:53:56.676401,Delivered,Closed,SHP060,Shipper 060,Enterprise,East Java,ST12_Surabaya,HB03_SBY_GATEWAY,Jabodetabek,ST05_Tangerang,HB01_JKT_GATEWAY,Inter-Region,Next Day,COD,CR111,Bike,0.7,0.67,0.7,2313573,27150,24480,4,1,0,,106.0,36,0,0,,1,0,,0,,58.27,2.28,19.17,ST05_Tangerang,Hub Bottleneck
SHPM004484,AWB260004484,2026-02-21 15:16:11.258049,2026-02-21 15:59:11.258049,2026-02-21 16:21:11.258049,2026-02-21 19:56:18.749737,2026-02-21 20:08:18.749737,2026-02-21 21:50:18.749737,2026-02-21 23:45:49.235750,2026-02-22 07:05:10.686320,2026-02-22 21:41:28.399341,2026-02-23 09:38:54.364862,2026-02-24 04:29:13.191112,2026-02-24 15:16:11.258049,Delivered,Closed,SHP044,Shipper 044,Marketplace,Jabodetabek,ST02_JKT_West,HB01_JKT_GATEWAY,Outer Java,ST19_Denpasar,HB06_EASTERN_GATEWAY,Inter-Region,Regular,COD,CR018,Bike,1.75,1.86,1.86,353278,24370,18362,8,1,0,,12.0,72,1,0,,1,0,,0,,61.22,1.93,14.6,ST19_Denpasar,
SHPM004485,AWB260004485,2026-02-19 02:13:58.385125,2026-02-19 02:54:58.385125,2026-02-19 03:26:58.385125,2026-02-19 06:35:06.904335,2026-02-19 07:13:06.904335,2026-02-19 08:17:06.904335,2026-02-19 10:33:12.303002,2026-02-19 19:13:16.389394,2026-02-20 05:31:25.749535,2026-02-20 21:39:38.918499,2026-02-21 06:59:47.776469,2026-02-20 14:13:58.385125,Delivered,Closed,SHP089,Shipper 089,Enterprise,Central Java,ST10_Solo,HB04_CTG_NATIONAL,East Java,ST14_Kediri,HB03_SBY_GATEWAY,Inter-Region,Next Day,Prepaid,CR095,Truck,2.77,3.37,3.37,1919205,35165,24246,4,1,0,,38.0,36,0,0,,1,0,,0,,52.76,2.27,10.3,ST14_Kediri,Hub Bottleneck
SHPM004486,AWB260004486,2026-03-27 11:32:47.372708,2026-03-27 11:44:47.372708,2026-03-27 12:12:47.372708,2026-03-27 13:53:11.885430,2026-03-27 14:01:11.885430,2026-03-27 14:36:11.885430,2026-03-27 19:51:33.186320,2026-03-27 23:04:17.873564,2026-03-28 05:29:03.106922,2026-03-28 07:23:10.464426,2026-03-28 11:52:54.421088,2026-03-28 11:32:47.372708,Delivered,Closed,SHP084,Shipper 084,Enterprise,Central Java,ST11_Yogyakarta,HB04_CTG_NATIONAL,Central Java,ST09_Semarang,HB04_CTG_NATIONAL,Intra-Region,Next Day,Prepaid,CR100,Van,0.5,0.49,0.5,1726433,22250,21032,4,1,0,,8.0,24,0,0,,1,0,,0,,24.34,5.26,6.41,ST09_Semarang,Last Mile Delay
SHPM004487,AWB260004487,2026-02-23 14:01:10.938255,2026-02-23 14:10:10.938255,2026-02-23 14:45:10.938255,2026-02-23 18:20:35.293268,2026-02-23 19:22:35.293268,2026-02-23 20:56:35.293268,2026-02-24 00:29:22.500549,2026-02-24 06:04:37.893393,2026-02-24 10:24:13.164692,2026-02-25 03:35:05.683924,2026-02-25 09:15:07.693009,2026-02-25 02:01:10.938255,Delivered,Closed,SHP015,Shipper 015,Marketplace,West Java,ST06_Bandung,HB01_JKT_GATEWAY,Outer Java,ST19_Denpasar,HB06_EASTERN_GATEWAY,Inter-Region,Next Day,Prepaid,CR061,Bike,0.34,0.36,0.36,1006303,21620,16561,4,0,0,,62.0,36,0,0,,1,0,,0,,43.23,3.55,4.33,ST19_Denpasar,First Mile Delay
SHPM004488,AWB260004488,2026-03-28 15:46:22.723005,2026-03-28 16:07:22.723005,2026-03-28 16:57:22.723005,2026-03-28 23:23:03.527849,2026-03-28 23:45:03.527849,2026-03-29 01:21:03.527849,2026-03-29 04:48:03.667801,2026-03-29 07:22:36.042706,2026-03-29 18:43:02.920133,2026-03-30 02:10:32.757871,2026-03-30 18:15:56.705729,2026-03-31 15:46:22.723005,Delivered,Closed,SHP039,Shipper 039,Marketplace,Central Java,ST10_Solo,HB04_CTG_NATIONAL,Jabodetabek,ST01_JKT_Central,HB01_JKT_GATEWAY,Inter-Region,Regular,COD,CR091,Bike,1.74,2.31,2.31,332311,26395,15155,8,1,0,,22.0,72,1,0,,1,0,,0,,50.49,3.45,11.34,ST01_JKT_Central,
SHPM004489,AWB260004489,2026-03-26 13:17:37.113504,2026-03-26 13:43:37.113504,2026-03-26 14:00:37.113504,2026-03-26 16:41:17.359836,2026-03-26 17:11:17.359836,2026-03-26 19:02:17.359836,2026-03-27 00:28:03.988710,2026-03-27 03:52:14.991204,2026-03-27 16:15:57.948560,2026-03-27 20:40:12.626479,2026-03-27 22:51:21.661904,2026-03-27 13:17:37.113504,Delivered,Closed,SHP020,Shipper 020,SME,East Java,ST13_Malang,HB03_SBY_GATEWAY,East Java,ST13_Malang,HB03_SBY_GATEWAY,Intra-Region,Next Day,COD,CR116,Van,1.26,1.36,1.36,1516619,30120,24221,4,1,0,,30.0,24,0,0,,1,0,,0,,33.56,5.43,12.4,ST13_Malang,Hub Bottleneck
SHPM004490,AWB260004490,2026-02-26 22:07:05.666013,2026-02-26 22:14:05.666013,2026-02-26 22:50:05.666013,2026-02-27 02:54:53.678516,2026-02-27 03:02:53.678516,2026-02-27 04:34:53.678516,2026-02-27 09:42:21.021242,2026-02-27 13:25:24.428318,2026-02-28 00:21:53.847524,2026-02-28 15:25:22.484824,2026-02-28 18:43:56.022551,2026-02-28 10:07:05.666013,Delivered,Closed,SHP048,Shipper 048,Enterprise,Outer Java,ST17_Makassar,HB06_EASTERN_GATEWAY,West Java,ST08_Bogor,HB01_JKT_GATEWAY,Inter-Region,Next Day,Prepaid,CR162,Bike,1.01,0.93,1.01,1919366,24545,14417,4,0,0,,8.0,36,0,0,,1,0,,0,,44.61,5.12,10.94,ST08_Bogor,First Mile Delay
SHPM004491,AWB260004491,2026-03-26 04:00:41.857411,2026-03-26 04:09:41.857411,2026-03-26 04:52:41.857411,2026-03-26 06:41:01.790051,2026-03-26 07:05:01.790051,2026-03-26 07:48:01.790051,2026-03-26 11:58:28.166654,2026-03-26 15:22:25.144147,2026-03-26 23:26:43.009498,2026-03-27 09:25:35.271252,2026-03-27 17:36:52.873243,2026-03-27 16:00:41.857411,Delivered,Closed,SHP063,Shipper 063,Enterprise,Jabodetabek,ST03_JKT_East,HB01_JKT_GATEWAY,East Java,ST14_Kediri,HB03_SBY_GATEWAY,Inter-Region,Next Day,COD,CR030,Bike,0.62,0.72,0.72,272312,27240,15190,4,1,0,,24.0,36,0,0,,1,0,,0,,37.6,4.17,8.07,ST14_Kediri,Last Mile Delay
SHPM004492,AWB260004492,2026-03-06 19:25:33.514965,2026-03-06 19:30:33.514965,2026-03-06 19:57:33.514965,2026-03-06 22:44:27.150470,2026-03-06 23:03:27.150470,2026-03-07 00:59:27.150470,2026-03-07 06:42:09.311586,2026-03-07 14:53:51.122092,2026-03-08 02:49:19.306686,2026-03-08 18:06:11.897958,2026-03-09 08:44:53.092475,2026-03-09 19:25:33.514965,Delivered,Closed,SHP079,Shipper 079,Marketplace,East Java,ST13_Malang,HB03_SBY_GATEWAY,Jabodetabek,ST03_JKT_East,HB01_JKT_GATEWAY,Inter-Region,Regular,Prepaid,CR117,Van,1.77,2.99,2.99,840820,25455,18934,8,1,0,,19.0,72,1,0,,1,0,,0,,61.32,5.71,11.92,ST03_JKT_East,
SHPM004493,AWB260004493,2026-03-26 04:16:57.812923,2026-03-26 04:28:57.812923,2026-03-26 04:37:57.812923,2026-03-26 06:23:52.062481,2026-03-26 06:57:52.062481,2026-03-26 08:03:52.062481,2026-03-26 09:15:45.345987,2026-03-26 17:22:54.150308,2026-03-27 04:04:07.183934,2026-03-27 11:21:22.201123,2026-03-27 16:44:09.630213,2026-03-26 20:16:57.812923,Delivered,Closed,SHP061,Shipper 061,Enterprise,Outer Java,ST17_Makassar,HB06_EASTERN_GATEWAY,East Java,ST13_Malang,HB03_SBY_GATEWAY,Inter-Region,Same Day,Prepaid,CR160,Bike,1.51,1.43,1.51,1372650,33795,24152,2,1,0,,34.0,16,0,0,,1,0,,0,,36.45,1.2,10.69,ST13_Malang,Hub Bottleneck
SHPM004494,AWB260004494,2026-02-21 13:08:19.387414,2026-02-21 13:32:19.387414,2026-02-21 14:12:19.387414,2026-02-21 20:55:55.121761,2026-02-21 21:22:55.121761,2026-02-21 22:54:55.121761,2026-02-22 02:57:41.223485,2026-02-22 11:25:14.477993,2026-02-22 22:55:00.964834,2026-02-23 12:55:18.202330,2026-02-24 01:50:04.340102,2026-02-24 13:08:19.387414,Delivered,Closed,SHP078,Shipper 078,SME,Outer Java,ST17_Makassar,HB06_EASTERN_GATEWAY,Jabodetabek,ST05_Tangerang,HB01_JKT_GATEWAY,Inter-Region,Regular,COD,CR158,Bike,1.72,1.87,1.87,1248784,24415,16354,8,1,0,,27.0,72,1,0,,1,0,,0,,60.7,4.05,11.5,ST05_Tangerang,
SHPM004495,AWB260004495,2026-02-17 21:18:09.293815,2026-02-17 21:52:09.293815,2026-02-17 22:18:09.293815,2026-02-18 01:32:51.889818,2026-02-18 01:58:51.889818,2026-02-18 02:54:51.889818,2026-02-18 08:28:50.617094,2026-02-18 16:28:09.495137,2026-02-19 02:17:37.036204,2026-02-19 10:27:58.068082,2026-02-19 14:53:34.317046,2026-02-20 21:18:09.293815,Delivered,Closed,SHP043,Shipper 043,Marketplace,Central Java,ST09_Semarang,HB04_CTG_NATIONAL,Jabodetabek,ST03_JKT_East,HB01_JKT_GATEWAY,Inter-Region,Regular,COD,CR087,Van,1.22,1.14,1.22,382650,21490,16322,8,1,0,,26.0,72,1,0,,1,0,,0,,41.59,5.57,9.82,ST03_JKT_East,
SHPM004496,AWB260004496,2026-02-25 16:42:26.175848,2026-02-25 16:52:26.175848,2026-02-25 17:32:26.175848,2026-02-25 21:01:19.898216,2026-02-25 21:09:19.898216,2026-02-25 22:22:19.898216,2026-02-26 04:14:24.017041,2026-02-26 13:12:21.674760,2026-02-26 15:24:22.369915,2026-02-27 05:09:39.804992,2026-02-27 22:47:18.922271,2026-02-28 16:42:26.175848,Delivered,Closed,SHP026,Shipper 026,Marketplace,Outer Java,ST18_Balikpapan,HB06_EASTERN_GATEWAY,Jabodetabek,ST02_JKT_West,HB01_JKT_GATEWAY,Inter-Region,Regular,Prepaid,CR169,Bike,0.36,0.47,0.47,679838,14115,11842,8,1,0,,8.0,72,1,0,,1,0,,0,,54.08,5.87,2.2,ST02_JKT_West,
SHPM004497,AWB260004497,2026-03-03 02:19:37.902373,2026-03-03 02:48:37.902373,2026-03-03 03:20:37.902373,2026-03-03 09:16:17.436529,2026-03-03 09:54:17.436529,2026-03-03 10:24:17.436529,2026-03-03 14:19:51.089530,2026-03-04 00:01:16.290841,2026-03-04 07:01:22.551238,2026-03-04 19:09:41.209079,2026-03-05 07:37:15.407874,2026-03-06 02:19:37.902373,Delivered,Closed,SHP089,Shipper 089,Enterprise,Central Java,ST10_Solo,HB04_CTG_NATIONAL,Jabodetabek,ST02_JKT_West,HB01_JKT_GATEWAY,Inter-Region,Regular,Prepaid,CR099,Bike,0.38,0.35,0.38,92286,13710,11459,8,1,0,,38.0,72,1,0,,1,0,,0,,53.29,3.93,7.0,ST02_JKT_West,
SHPM004498,AWB260004498,2026-03-07 12:52:57.489068,2026-03-07 13:13:57.489068,2026-03-07 14:00:57.489068,2026-03-07 16:46:12.585583,2026-03-07 17:26:12.585583,2026-03-07 17:54:12.585583,2026-03-07 22:20:37.429816,2026-03-08 04:50:14.247404,2026-03-08 15:26:28.660681,2026-03-09 05:53:47.819809,2026-03-09 16:53:24.646572,2026-03-10 12:52:57.489068,Delivered,Closed,SHP061,Shipper 061,Enterprise,Outer Java,ST19_Denpasar,HB06_EASTERN_GATEWAY,Jabodetabek,ST01_JKT_Central,HB01_JKT_GATEWAY,Inter-Region,Regular,COD,CR174,Bike,2.21,2.81,2.81,2158112,28645,24837,8,1,0,,40.0,72,1,0,,1,0,,0,,52.01,4.44,10.6,ST01_JKT_Central,
SHPM004499,AWB260004499,2026-03-31 15:09:45.952831,2026-03-31 15:28:45.952831,2026-03-31 16:00:45.952831,2026-03-31 18:29:26.594460,2026-03-31 19:12:26.594460,2026-03-31 20:02:26.594460,2026-03-31 22:57:22.941491,2026-04-01 04:37:23.307869,2026-04-01 16:04:19.262149,2026-04-01 23:44:51.960968,2026-04-02 09:02:04.814136,2026-04-02 03:09:45.952831,Delivered,Closed,SHP072,Shipper 072,Enterprise,Outer Java,ST15_Medan,HB05_SUMATRA_GATEWAY,East Java,ST13_Malang,HB03_SBY_GATEWAY,Inter-Region,Next Day,Prepaid,CR140,Van,3.91,4.02,4.02,179758,38090,34139,4,1,0,,43.0,36,0,0,,1,0,,0,,41.87,2.92,11.45,ST13_Malang,Hub Bottleneck
SHPM004500,AWB260004500,2026-03-19 03:22:53.646501,2026-03-19 03:53:53.646501,2026-03-19 04:24:53.646501,2026-03-19 11:40:24.318397,2026-03-19 12:32:24.318397,2026-03-19 14:32:24.318397,2026-03-19 18:11:08.963576,2026-03-19 22:18:38.557952,2026-03-20 07:21:57.850873,2026-03-20 19:58:47.306175,2026-03-21 13:36:30.902367,2026-03-22 03:22:53.646501,Delivered,Closed,SHP078,Shipper 078,SME,Outer Java,ST17_Makassar,HB06_EASTERN_GATEWAY,Jabodetabek,ST03_JKT_East,HB01_JKT_GATEWAY,Inter-Region,Regular,Prepaid,CR155,Truck,1.2,1.27,1.27,2280868,17715,11969,8,1,0,,52.0,72,1,0,,1,0,,0,,58.23,3.65,9.06,ST03_JKT_East,
SHPM004501,AWB260004501,2026-03-18 04:52:21.723614,2026-03-18 05:13:21.723614,2026-03-18 05:31:21.723614,2026-03-18 09:06:20.534652,2026-03-18 09:33:20.534652,2026-03-18 10:38:20.534652,2026-03-18 14:50:25.583087,2026-03-18 18:12:45.425066,2026-03-19 01:25:36.051538,2026-03-19 15:06:28.260702,2026-03-20 08:17:06.814950,2026-03-21 04:52:21.723614,Delivered,Closed,SHP084,Shipper 084,Enterprise,Central Java,ST10_Solo,HB04_CTG_NATIONAL,East Java,ST13_Malang,HB03_SBY_GATEWAY,Inter-Region,Regular,Prepaid,CR091,Bike,0.53,0.57,0.57,1690018,14565,10276,8,1,0,,27.0,72,1,0,,1,0,,0,,51.41,4.2,7.21,ST13_Malang,
SHPM004502,AWB260004502,2026-03-08 01:45:15.269944,2026-03-08 02:26:15.269944,2026-03-08 02:49:15.269944,2026-03-08 06:19:59.821262,2026-03-08 07:13:59.821262,2026-03-08 08:40:59.821262,2026-03-08 12:47:30.918323,2026-03-08 21:23:04.053563,2026-03-09 05:44:25.387221,2026-03-09 17:16:05.705494,2026-03-10 01:07:05.995624,2026-03-11 01:45:15.269944,Delivered,Closed,SHP037,Shipper 037,Marketplace,Central Java,ST10_Solo,HB04_CTG_NATIONAL,Jabodetabek,ST05_Tangerang,HB01_JKT_GATEWAY,Inter-Region,Regular,Prepaid,CR094,Bike,1.18,1.52,1.52,374532,18840,14893,8,1,0,,54.0,72,1,0,,1,0,,0,,47.36,4.11,8.36,ST05_Tangerang,
SHPM004503,AWB260004503,2026-02-16 08:15:00.380483,2026-02-16 08:47:00.380483,2026-02-16 10:01:00.380483,2026-02-16 12:58:24.061859,2026-02-16 14:43:24.061859,2026-02-16 15:10:24.061859,2026-02-16 20:18:40.358933,2026-02-17 04:55:07.977903,2026-02-17 13:07:15.060985,2026-02-18 01:47:43.353366,,2026-02-19 08:15:00.380483,Damaged,Exception,SHP060,Shipper 060,Enterprise,East Java,ST12_Surabaya,HB03_SBY_GATEWAY,Central Java,ST11_Yogyakarta,HB04_CTG_NATIONAL,Inter-Region,Regular,Prepaid,CR108,Bike,2.21,2.12,2.21,900178,21945,16361,8,1,0,,105.0,72,0,0,,1,1,Damaged,0,,1179.75,5.14,8.2,ST12_Surabaya,
SHPM004504,AWB260004504,2026-03-08 04:16:20.941249,2026-03-08 04:53:20.941249,2026-03-08 05:25:20.941249,2026-03-08 09:28:26.436987,2026-03-08 10:04:26.436987,2026-03-08 11:48:26.436987,2026-03-08 15:08:37.206331,2026-03-08 21:35:46.896551,2026-03-09 07:16:25.110876,2026-03-09 23:51:32.921957,2026-03-10 06:09:06.509332,2026-03-09 16:16:20.941249,Delivered,Closed,SHP009,Shipper 009,Marketplace,West Java,ST06_Bandung,HB01_JKT_GATEWAY,Jabodetabek,ST02_JKT_West,HB01_JKT_GATEWAY,Inter-Region,Next Day,COD,CR057,Bike,3.51,3.29,3.51,198435,39795,28268,4,0,0,,36.0,36,0,0,,1,0,,0,,49.88,3.34,9.68,ST02_JKT_West,First Mile Delay
SHPM004505,AWB260004505,2026-03-14 18:35:29.986284,2026-03-14 18:43:29.986284,2026-03-14 19:19:29.986284,2026-03-15 00:11:29.115378,2026-03-15 00:45:29.115378,2026-03-15 02:26:29.115378,2026-03-15 04:11:53.461524,2026-03-15 08:04:34.697412,2026-03-15 12:36:32.719591,2026-03-16 03:44:10.884810,2026-03-16 16:22:36.734237,2026-03-17 18:35:29.986284,Delivered,Closed,SHP097,Shipper 097,SME,Jabodetabek,ST03_JKT_East,HB01_JKT_GATEWAY,West Java,ST08_Bogor,HB01_JKT_GATEWAY,Inter-Region,Regular,Prepaid,CR027,Bike,0.69,0.7,0.7,367906,15150,11136,8,1,0,,34.0,72,1,0,,1,0,,0,,45.79,1.76,4.53,ST08_Bogor,
SHPM004506,AWB260004506,2026-03-26 09:33:42.725115,2026-03-26 10:06:42.725115,2026-03-26 11:03:42.725115,2026-03-26 16:26:29.967709,2026-03-26 17:57:29.967709,2026-03-26 18:32:29.967709,2026-03-26 21:39:27.826972,2026-03-27 05:13:57.028203,2026-03-27 11:52:14.833378,2026-03-28 02:25:10.413305,2026-03-28 19:05:32.231819,2026-03-29 09:33:42.725115,Delivered,Closed,SHP019,Shipper 019,Marketplace,West Java,ST07_Cirebon,HB02_BDG_TRANSIT,Jabodetabek,ST02_JKT_West,HB01_JKT_GATEWAY,Inter-Region,Regular,Prepaid,CR074,Bike,1.43,1.43,1.43,601333,18435,15760,8,1,0,,91.0,72,1,0,,1,0,,0,,57.53,3.12,6.64,ST02_JKT_West,
SHPM004507,AWB260004507,2026-03-17 04:59:03.079551,2026-03-17 05:37:03.079551,2026-03-17 06:07:03.079551,2026-03-17 09:28:02.250143,2026-03-17 10:14:02.250143,2026-03-17 11:48:02.250143,2026-03-17 14:26:13.945346,2026-03-17 19:27:23.267365,2026-03-17 22:40:17.174318,2026-03-18 04:09:25.097974,2026-03-18 21:02:37.108512,2026-03-20 04:59:03.079551,Delivered,Closed,SHP087,Shipper 087,Enterprise,Jabodetabek,ST02_JKT_West,HB01_JKT_GATEWAY,Central Java,ST10_Solo,HB04_CTG_NATIONAL,Inter-Region,Regular,Prepaid,CR017,Bike,0.73,0.71,0.73,1193039,15285,10612,8,1,0,,46.0,72,1,0,,1,0,,0,,40.06,2.64,3.21,ST10_Solo,
SHPM004508,AWB260004508,2026-02-20 21:42:49.170678,2026-02-20 22:13:49.170678,2026-02-20 22:38:49.170678,2026-02-21 02:27:57.156336,2026-02-21 03:05:57.156336,2026-02-21 03:29:57.156336,2026-02-21 06:00:41.002109,2026-02-21 12:42:01.947053,2026-02-22 00:52:03.477985,2026-02-22 18:37:25.659337,2026-02-23 10:53:23.497064,2026-02-22 09:42:49.170678,Delivered,Closed,SHP034,Shipper 034,Enterprise,Jabodetabek,ST02_JKT_West,HB01_JKT_GATEWAY,Outer Java,ST20_Banjarmasin,HB06_EASTERN_GATEWAY,Inter-Region,Next Day,COD,CR014,Van,3.77,3.86,3.86,438903,41370,38476,4,0,0,,38.0,36,0,0,,1,0,,0,,61.18,2.51,12.17,ST20_Banjarmasin,First Mile Delay
SHPM004509,AWB260004509,2026-03-17 19:34:29.642278,2026-03-17 19:47:29.642278,2026-03-17 19:52:29.642278,2026-03-17 23:37:55.644018,2026-03-18 00:05:55.644018,2026-03-18 00:26:55.644018,2026-03-18 04:39:43.625368,2026-03-18 12:47:28.079373,2026-03-18 21:24:57.872461,2026-03-19 13:24:59.563870,2026-03-20 01:49:44.400993,2026-03-20 19:34:29.642278,Delivered,Closed,SHP024,Shipper 024,Marketplace,Jabodetabek,ST01_JKT_Central,HB01_JKT_GATEWAY,Central Java,ST11_Yogyakarta,HB04_CTG_NATIONAL,Inter-Region,Regular,Prepaid,CR011,Truck,0.52,0.7,0.7,1461833,15150,11824,8,1,0,,28.0,72,1,0,,1,0,,0,,54.25,4.21,8.62,ST11_Yogyakarta,
SHPM004510,AWB260004510,2026-03-10 22:44:35.367803,2026-03-10 23:05:35.367803,2026-03-10 23:11:35.367803,2026-03-11 02:02:38.993772,2026-03-11 02:51:38.993772,2026-03-11 04:05:38.993772,2026-03-11 06:24:48.852805,2026-03-11 09:23:21.794590,2026-03-11 13:58:17.047858,2026-03-12 06:13:21.595563,2026-03-12 14:37:29.783648,2026-03-13 22:44:35.367803,Delivered,Closed,SHP003,Shipper 003,Marketplace,Outer Java,ST15_Medan,HB05_SUMATRA_GATEWAY,West Java,ST07_Cirebon,HB02_BDG_TRANSIT,Inter-Region,Regular,Prepaid,CR141,Bike,0.58,0.72,0.72,485128,15240,10044,8,1,0,,49.0,72,1,0,,1,0,,0,,39.88,2.32,4.58,ST07_Cirebon,
SHPM004511,AWB260004511,2026-02-16 22:16:27.689066,2026-02-16 22:33:27.689066,2026-02-16 22:51:27.689066,2026-02-17 00:37:36.679009,2026-02-17 01:22:36.679009,2026-02-17 03:02:36.679009,2026-02-17 04:27:28.223552,2026-02-17 06:52:38.019681,2026-02-17 09:44:19.564486,2026-02-17 13:29:00.669057,2026-02-17 19:46:01.836231,2026-02-17 22:16:27.689066,Delivered,Closed,SHP005,Shipper 005,Enterprise,Central Java,ST09_Semarang,HB04_CTG_NATIONAL,Central Java,ST11_Yogyakarta,HB04_CTG_NATIONAL,Intra-Region,Next Day,Prepaid,CR087,Van,1.0,1.17,1.17,1123337,25265,21723,4,1,0,,45.0,24,1,0,,1,0,,0,,21.49,1.41,2.86,ST11_Yogyakarta,
SHPM004512,AWB260004512,2026-04-01 08:41:34.434857,2026-04-01 08:57:34.434857,2026-04-01 09:12:34.434857,2026-04-01 10:40:11.097032,2026-04-01 11:42:11.097032,2026-04-01 13:42:11.097032,2026-04-01 15:37:52.614383,2026-04-01 23:39:24.522450,2026-04-02 02:53:24.274524,2026-04-02 08:13:42.881939,2026-04-02 14:50:01.678578,2026-04-02 20:41:34.434857,Delivered,Closed,SHP084,Shipper 084,Enterprise,Central Java,ST11_Yogyakarta,HB04_CTG_NATIONAL,West Java,ST08_Bogor,HB01_JKT_GATEWAY,Inter-Region,Next Day,Prepaid,CR106,Bike,1.25,1.68,1.68,1120770,27560,23791,4,1,0,,62.0,36,1,0,,1,0,,0,,30.14,1.93,3.23,ST08_Bogor,
SHPM004513,AWB260004513,2026-03-02 10:57:06.196129,2026-03-02 11:08:06.196129,2026-03-02 11:43:06.196129,2026-03-02 13:37:27.029443,2026-03-02 14:01:27.029443,2026-03-02 15:25:27.029443,2026-03-02 16:58:51.707458,2026-03-03 02:48:05.370407,2026-03-03 06:24:50.960971,2026-03-03 21:45:12.469633,2026-03-04 03:47:16.848334,2026-03-03 22:57:06.196129,Delivered,Closed,SHP074,Shipper 074,Enterprise,Outer Java,ST15_Medan,HB05_SUMATRA_GATEWAY,West Java,ST08_Bogor,HB01_JKT_GATEWAY,Inter-Region,Next Day,Prepaid,CR140,Truck,2.19,1.99,2.19,1980377,29855,24649,4,1,0,,24.0,36,0,0,,1,0,,0,,40.84,1.56,3.61,ST08_Bogor,Last Mile Delay
SHPM004514,AWB260004514,2026-03-01 18:01:56.873740,2026-03-01 18:16:56.873740,2026-03-01 18:43:56.873740,2026-03-01 19:09:35.068379,2026-03-01 20:09:35.068379,2026-03-01 21:37:35.068379,2026-03-02 02:50:43.423275,2026-03-02 05:01:31.960036,2026-03-02 08:03:33.088825,2026-03-02 23:25:01.739253,2026-03-03 02:37:08.371474,2026-03-02 10:01:56.873740,Delivered,Closed,SHP014,Shipper 014,Enterprise,Jabodetabek,ST05_Tangerang,HB01_JKT_GATEWAY,West Java,ST06_Bandung,HB01_JKT_GATEWAY,Inter-Region,Same Day,Prepaid,CR053,Bike,0.34,0.45,0.45,1170333,29025,20619,2,1,0,,60.0,16,0,0,,1,0,,0,,32.59,5.22,3.03,ST06_Bandung,Last Mile Delay
SHPM004515,AWB260004515,2026-03-13 16:17:46.661871,2026-03-13 16:25:46.661871,2026-03-13 17:11:46.661871,2026-03-13 19:37:12.165375,2026-03-13 20:22:12.165375,2026-03-13 21:43:12.165375,2026-03-14 03:22:35.654718,2026-03-14 10:47:09.088693,2026-03-14 21:11:25.377841,2026-03-15 04:21:47.733140,2026-03-15 09:31:21.083059,2026-03-15 04:17:46.661871,Delivered,Closed,SHP037,Shipper 037,Marketplace,Central Java,ST11_Yogyakarta,HB04_CTG_NATIONAL,Jabodetabek,ST01_JKT_Central,HB01_JKT_GATEWAY,Inter-Region,Next Day,Prepaid,CR100,Van,1.18,1.83,1.83,1018767,28235,19809,4,1,0,,45.0,36,0,0,,1,0,,0,,41.23,5.66,10.4,ST01_JKT_Central,Hub Bottleneck
SHPM004516,AWB260004516,2026-03-11 18:14:23.986914,2026-03-11 18:43:23.986914,2026-03-11 19:10:23.986914,2026-03-11 20:01:09.596774,2026-03-11 20:41:09.596774,2026-03-11 22:04:09.596774,2026-03-12 02:19:34.352878,2026-03-12 08:44:13.906484,2026-03-12 13:59:26.465822,2026-03-13 01:04:56.220767,2026-03-13 02:56:50.863925,2026-03-12 10:14:23.986914,Delivered,Closed,SHP088,Shipper 088,SME,Outer Java,ST19_Denpasar,HB06_EASTERN_GATEWAY,Jabodetabek,ST03_JKT_East,HB01_JKT_GATEWAY,Inter-Region,Same Day,Prepaid,CR178,Bike,2.73,2.93,2.93,1681496,40185,33933,2,1,0,,40.0,16,0,0,,1,0,,0,,32.71,4.26,5.25,ST03_JKT_East,Last Mile Delay
SHPM004517,AWB260004517,2026-02-27 10:47:41.773126,2026-02-27 11:15:41.773126,2026-02-27 12:13:41.773126,2026-02-27 19:54:45.537081,2026-02-27 20:28:45.537081,2026-02-27 21:57:45.537081,2026-02-28 00:50:24.505768,2026-02-28 07:06:41.049161,2026-03-01 01:57:03.968246,2026-03-01 16:09:50.970690,2026-03-02 02:21:48.397987,2026-03-02 10:47:41.773126,Delivered,Closed,SHP060,Shipper 060,Enterprise,East Java,ST12_Surabaya,HB03_SBY_GATEWAY,West Java,ST08_Bogor,HB01_JKT_GATEWAY,Inter-Region,Regular,Prepaid,CR112,Van,1.79,1.94,1.94,1212935,20730,11816,8,0,0,,34.0,72,1,0,,1,0,,0,,63.57,2.88,18.84,ST08_Bogor,
SHPM004518,AWB260004518,2026-02-18 20:32:16.055893,2026-02-18 21:03:16.055893,2026-02-18 21:29:16.055893,2026-02-18 23:41:34.244226,2026-02-19 00:46:34.244226,2026-02-19 02:04:34.244226,2026-02-19 04:34:13.023702,2026-02-19 07:29:16.377849,2026-02-19 23:31:12.432861,2026-02-20 03:08:14.304317,2026-02-20 23:48:06.021532,2026-02-20 20:32:16.055893,Delivered,Closed,SHP088,Shipper 088,SME,Outer Java,ST19_Denpasar,HB06_EASTERN_GATEWAY,Outer Java,ST18_Balikpapan,HB06_EASTERN_GATEWAY,Intra-Region,Regular,COD,CR179,Truck,0.92,0.98,0.98,811278,20410,19032,8,1,0,,65.0,48,0,0,,1,0,,0,,51.26,2.49,16.03,ST18_Balikpapan,Hub Bottleneck
SHPM004519,AWB260004519,2026-03-24 08:18:10.771717,2026-03-24 09:01:10.771717,2026-03-24 09:28:10.771717,2026-03-24 13:08:16.547404,2026-03-24 14:19:16.547404,2026-03-24 16:19:16.547404,2026-03-24 17:47:01.454076,2026-03-25 01:59:45.144439,2026-03-25 12:22:28.726542,2026-03-25 18:09:36.572618,2026-03-26 01:06:37.127786,2026-03-27 08:18:10.771717,Delivered,Closed,SHP008,Shipper 008,SME,Outer Java,ST16_Palembang,HB05_SUMATRA_GATEWAY,Central Java,ST10_Solo,HB04_CTG_NATIONAL,Inter-Region,Regular,COD,CR147,Van,0.87,0.94,0.94,244072,20230,14372,8,1,0,,71.0,72,1,0,,1,0,,0,,40.81,1.46,10.38,ST10_Solo,
SHPM004520,AWB260004520,2026-03-21 07:34:48.913251,2026-03-21 08:09:48.913251,2026-03-21 09:05:48.913251,2026-03-21 10:33:49.819816,2026-03-21 11:36:49.819816,2026-03-21 12:03:49.819816,2026-03-21 14:35:50.786155,2026-03-21 22:40:23.131524,2026-03-22 14:24:37.083296,2026-03-22 22:30:57.856163,2026-03-23 07:09:52.243445,2026-03-22 19:34:48.913251,Delivered,Closed,SHP010,Shipper 010,Enterprise,East Java,ST12_Surabaya,HB03_SBY_GATEWAY,West Java,ST06_Bandung,HB01_JKT_GATEWAY,Inter-Region,Next Day,Prepaid,CR112,Bike,1.77,1.94,1.94,481755,28730,26981,4,1,0,,63.0,36,0,0,,1,0,,0,,47.58,2.53,15.74,ST06_Bandung,Hub Bottleneck
SHPM004521,AWB260004521,2026-03-09 04:08:42.650040,2026-03-09 04:44:42.650040,2026-03-09 05:21:42.650040,2026-03-09 05:26:14.159499,2026-03-09 05:41:14.159499,2026-03-09 06:26:14.159499,2026-03-09 10:08:08.022212,2026-03-09 19:53:54.425113,2026-03-09 22:57:11.979717,2026-03-10 16:40:32.047038,2026-03-10 20:58:25.564665,2026-03-09 20:08:42.650040,Delivered,Closed,SHP049,Shipper 049,Enterprise,Jabodetabek,ST02_JKT_West,HB01_JKT_GATEWAY,East Java,ST14_Kediri,HB03_SBY_GATEWAY,Inter-Region,Same Day,Prepaid,CR016,Bike,1.08,1.75,1.75,865617,34875,24110,2,1,0,,15.0,16,0,0,,1,0,,0,,40.83,3.7,3.05,ST14_Kediri,Last Mile Delay
SHPM004522,AWB260004522,2026-03-22 22:58:43.233818,2026-03-22 23:30:43.233818,2026-03-22 23:43:43.233818,2026-03-23 02:01:23.199547,2026-03-23 02:14:23.199547,2026-03-23 02:33:23.199547,2026-03-23 06:27:31.464805,2026-03-23 15:49:49.736470,2026-03-24 00:03:30.125752,2026-03-24 13:08:57.270197,2026-03-24 20:09:50.900571,2026-03-24 10:58:43.233818,Delivered,Closed,SHP061,Shipper 061,Enterprise,Outer Java,ST17_Makassar,HB06_EASTERN_GATEWAY,Jabodetabek,ST03_JKT_East,HB01_JKT_GATEWAY,Inter-Region,Next Day,Prepaid,CR159,Van,2.02,1.88,2.02,1663408,29090,20864,4,1,0,,13.0,36,0,0,,1,0,,0,,45.19,3.9,8.23,ST03_JKT_East,Last Mile Delay
SHPM004523,AWB260004523,2026-03-04 11:11:21.858248,2026-03-04 11:41:21.858248,2026-03-04 12:20:21.858248,2026-03-04 20:20:07.233157,2026-03-04 20:59:07.233157,2026-03-04 22:50:07.233157,2026-03-05 03:45:04.417949,2026-03-05 08:32:53.136639,2026-03-05 22:53:41.896104,2026-03-06 06:01:25.742183,,2026-03-07 11:11:21.858248,Delivery Exception,Exception,SHP007,Shipper 007,SME,Jabodetabek,ST05_Tangerang,HB01_JKT_GATEWAY,Outer Java,ST17_Makassar,HB06_EASTERN_GATEWAY,Inter-Region,Regular,COD,CR047,Bike,2.17,3.47,3.47,1880727,31615,19805,8,0,0,,39.0,72,0,1,Remote Area Delay,2,0,,0,,792.81,4.92,14.35,ST17_Makassar,Hub Bottleneck
SHPM004524,AWB260004524,2026-03-24 23:14:41.669564,2026-03-24 23:25:41.669564,2026-03-24 23:45:41.669564,2026-03-25 06:46:18.970992,2026-03-25 07:37:18.970992,2026-03-25 09:29:18.970992,2026-03-25 11:13:52.771475,2026-03-25 14:32:43.393309,2026-03-25 16:44:04.039143,2026-03-26 07:18:25.947354,2026-03-26 11:21:25.776381,2026-03-27 23:14:41.669564,Delivered,Closed,SHP082,Shipper 082,SME,Outer Java,ST19_Denpasar,HB06_EASTERN_GATEWAY,Jabodetabek,ST01_JKT_Central,HB01_JKT_GATEWAY,Inter-Region,Regular,COD,CR176,Bike,0.58,0.55,0.58,1508674,18610,13588,8,1,0,,51.0,72,1,0,,1,0,,0,,36.11,1.74,2.19,ST01_JKT_Central,
SHPM004525,AWB260004525,2026-03-02 14:43:35.837944,2026-03-02 15:05:35.837944,2026-03-02 15:42:35.837944,2026-03-02 21:50:57.688572,2026-03-02 22:56:57.688572,2026-03-03 00:11:57.688572,2026-03-03 05:13:31.238998,2026-03-03 14:02:19.408347,2026-03-03 22:45:33.814518,2026-03-04 14:29:22.106418,2026-03-05 05:40:19.118844,2026-03-05 14:43:35.837944,Delivered,Closed,SHP082,Shipper 082,SME,Outer Java,ST19_Denpasar,HB06_EASTERN_GATEWAY,West Java,ST06_Bandung,HB01_JKT_GATEWAY,Inter-Region,Regular,COD,CR176,Bike,1.27,1.31,1.31,629774,21895,12649,8,1,0,,66.0,72,1,0,,1,0,,0,,62.95,5.03,8.72,ST06_Bandung,
SHPM004526,AWB260004526,2026-02-25 00:53:07.160295,2026-02-25 01:38:07.160295,2026-02-25 01:54:07.160295,2026-02-25 03:54:30.337660,2026-02-25 04:22:30.337660,2026-02-25 05:22:30.337660,2026-02-25 09:19:20.132761,2026-02-25 17:32:56.464653,2026-02-26 04:35:43.175755,2026-02-26 14:54:18.426152,2026-02-26 21:51:38.685542,2026-02-26 12:53:07.160295,Delivered,Closed,SHP035,Shipper 035,Enterprise,Jabodetabek,ST04_Bekasi,HB01_JKT_GATEWAY,Central Java,ST09_Semarang,HB04_CTG_NATIONAL,Inter-Region,Next Day,Prepaid,CR036,Van,2.62,2.83,2.83,2334982,32735,23376,4,1,0,,28.0,36,0,0,,1,0,,0,,44.98,3.95,11.05,ST09_Semarang,Hub Bottleneck
SHPM004527,AWB260004527,2026-02-19 03:19:02.445112,2026-02-19 03:33:02.445112,2026-02-19 04:07:02.445112,2026-02-19 11:30:26.435540,2026-02-19 11:53:26.435540,2026-02-19 13:48:26.435540,2026-02-19 18:28:43.233513,2026-02-19 21:17:35.150282,2026-02-20 00:21:24.526421,2026-02-20 06:32:54.483690,2026-02-21 12:51:46.237549,2026-02-22 03:19:02.445112,Delivered,Closed,SHP084,Shipper 084,Enterprise,Central Java,ST09_Semarang,HB04_CTG_NATIONAL,Outer Java,ST17_Makassar,HB06_EASTERN_GATEWAY,Inter-Region,Regular,COD,CR085,Van,0.99,0.93,0.99,1627627,20455,13045,8,1,0,,23.0,72,1,0,,1,0,,0,,57.55,4.67,3.06,ST17_Makassar,
SHPM004528,AWB260004528,2026-03-04 12:21:36.312248,2026-03-04 12:33:36.312248,2026-03-04 13:10:36.312248,2026-03-04 13:35:24.283760,2026-03-04 14:31:24.283760,2026-03-04 15:53:24.283760,2026-03-04 20:25:38.918979,2026-03-05 03:13:42.892732,2026-03-05 08:24:34.616025,2026-03-06 00:58:58.930687,,2026-03-06 00:21:36.312248,Lost,Exception,SHP024,Shipper 024,Marketplace,Jabodetabek,ST03_JKT_East,HB01_JKT_GATEWAY,Outer Java,ST15_Medan,HB05_SUMATRA_GATEWAY,Inter-Region,Next Day,Prepaid,CR030,Bike,1.09,1.26,1.26,959896,25670,17093,4,1,0,,56.0,36,0,0,,1,1,Lost,0,,791.64,4.54,5.18,HB01_JKT_GATEWAY,
SHPM004529,AWB260004529,2026-03-25 15:52:49.177836,2026-03-25 16:37:49.177836,2026-03-25 17:13:49.177836,2026-03-26 00:00:03.353163,2026-03-26 00:30:03.353163,2026-03-26 02:20:03.353163,2026-03-26 05:33:54.246229,2026-03-26 11:50:11.696046,2026-03-26 14:31:38.214650,2026-03-27 08:01:25.876956,2026-03-27 18:35:53.409104,2026-03-28 15:52:49.177836,Delivered,Closed,SHP002,Shipper 002,Enterprise,Jabodetabek,ST01_JKT_Central,HB01_JKT_GATEWAY,West Java,ST06_Bandung,HB01_JKT_GATEWAY,Inter-Region,Regular,Prepaid,CR009,Bike,2.98,2.85,2.98,1094448,25410,22554,8,1,0,,30.0,72,1,0,,1,0,,0,,50.72,3.23,2.69,ST06_Bandung,
SHPM004530,AWB260004530,2026-02-24 14:37:33.821690,2026-02-24 15:21:33.821690,2026-02-24 16:01:33.821690,2026-02-24 17:44:49.395609,2026-02-24 18:27:49.395609,2026-02-24 19:30:49.395609,2026-02-24 20:56:14.743287,2026-02-25 01:25:01.286416,2026-02-25 04:01:31.921756,2026-02-25 21:55:18.275397,2026-02-26 02:44:26.001379,2026-02-25 06:37:33.821690,Delivered,Closed,SHP088,Shipper 088,SME,Outer Java,ST17_Makassar,HB06_EASTERN_GATEWAY,Jabodetabek,ST02_JKT_West,HB01_JKT_GATEWAY,Inter-Region,Same Day,Prepaid,CR157,Bike,2.6,2.62,2.62,551198,38790,27529,2,0,0,,43.0,16,0,0,,1,0,,0,,36.11,1.42,2.61,ST02_JKT_West,First Mile Delay
SHPM004531,AWB260004531,2026-03-14 06:01:21.127787,2026-03-14 06:41:21.127787,2026-03-14 06:52:21.127787,2026-03-14 10:46:10.452512,2026-03-14 11:28:10.452512,2026-03-14 11:58:10.452512,2026-03-14 14:48:58.430364,2026-03-14 17:56:59.359689,2026-03-15 05:08:53.594590,2026-03-15 20:12:14.057109,2026-03-16 13:11:49.425726,2026-03-17 06:01:21.127787,Delivered,Closed,SHP090,Shipper 090,Enterprise,East Java,ST13_Malang,HB03_SBY_GATEWAY,West Java,ST06_Bandung,HB01_JKT_GATEWAY,Inter-Region,Regular,Prepaid,CR118,Van,1.37,1.42,1.42,467272,18390,14778,8,1,0,,42.0,72,1,0,,1,0,,0,,55.17,2.85,11.2,ST06_Bandung,
SHPM004532,AWB260004532,2026-02-17 12:09:37.169251,2026-02-17 12:49:37.169251,2026-02-17 13:02:37.169251,2026-02-17 16:10:37.689494,2026-02-17 17:06:37.689494,2026-02-17 18:23:37.689494,2026-02-17 21:34:47.140832,2026-02-18 01:50:16.595601,2026-02-18 12:31:41.087973,2026-02-18 18:45:48.345342,2026-02-19 05:04:37.644923,2026-02-18 12:09:37.169251,Delivered,Closed,SHP076,Shipper 076,Enterprise,West Java,ST06_Bandung,HB01_JKT_GATEWAY,West Java,ST07_Cirebon,HB02_BDG_TRANSIT,Intra-Region,Next Day,Prepaid,CR061,Truck,1.1,1.1,1.1,954404,24950,18570,4,1,0,,56.0,24,0,0,,1,0,,0,,40.92,3.19,10.69,ST07_Cirebon,Hub Bottleneck
SHPM004533,AWB260004533,2026-02-21 06:19:35.436244,2026-02-21 07:00:35.436244,2026-02-21 07:45:35.436244,2026-02-21 11:21:38.497328,2026-02-21 11:58:38.497328,2026-02-21 12:24:38.497328,2026-02-21 18:00:14.870332,2026-02-22 03:14:08.639153,2026-02-22 13:13:42.764841,2026-02-23 16:15:41.064343,2026-02-24 03:21:48.967081,2026-02-24 06:19:35.436244,Delivered,Closed,SHP062,Shipper 062,Enterprise,Jabodetabek,ST04_Bekasi,HB01_JKT_GATEWAY,West Java,ST06_Bandung,HB01_JKT_GATEWAY,Inter-Region,Regular,Prepaid,CR035,Bike,0.96,0.98,0.98,2079706,16410,9789,8,1,0,,37.0,72,1,0,,1,1,Missed Cut-Off,0,,69.04,5.59,9.99,ST06_Bandung,
SHPM004534,AWB260004534,2026-03-28 03:22:36.727829,2026-03-28 03:35:36.727829,2026-03-28 04:13:36.727829,2026-03-28 10:16:48.801480,2026-03-28 10:59:48.801480,2026-03-28 12:29:48.801480,2026-03-28 16:35:32.513412,2026-03-29 01:13:19.312026,2026-03-29 04:23:30.497535,2026-03-29 11:14:32.929482,2026-03-29 16:56:28.627895,2026-03-31 03:22:36.727829,Delivered,Closed,SHP086,Shipper 086,Marketplace,Jabodetabek,ST02_JKT_West,HB01_JKT_GATEWAY,West Java,ST08_Bogor,HB01_JKT_GATEWAY,Inter-Region,Regular,Prepaid,CR016,Bike,0.82,0.98,0.98,1979198,16410,10378,8,1,0,,43.0,72,1,0,,1,0,,0,,37.56,4.1,3.17,ST08_Bogor,
SHPM004535,AWB260004535,2026-03-12 10:17:59.338167,2026-03-12 10:33:59.338167,2026-03-12 10:48:59.338167,2026-03-12 14:12:17.210345,2026-03-12 14:20:17.210345,2026-03-12 14:46:17.210345,2026-03-12 16:35:07.247576,2026-03-12 22:38:33.145462,2026-03-13 00:23:38.333169,2026-03-13 06:56:48.477932,2026-03-13 12:07:46.442268,2026-03-13 22:17:59.338167,Delivered,Closed,SHP070,Shipper 070,Enterprise,Jabodetabek,ST04_Bekasi,HB01_JKT_GATEWAY,West Java,ST06_Bandung,HB01_JKT_GATEWAY,Inter-Region,Next Day,Prepaid,CR037,Truck,3.21,3.38,3.38,1299305,35210,30929,4,1,0,,8.0,36,1,0,,1,0,,0,,25.83,1.81,1.75,ST06_Bandung,
SHPM004536,AWB260004536,2026-02-19 09:50:18.119884,2026-02-19 10:32:18.119884,2026-02-19 10:56:18.119884,2026-02-19 18:22:48.038798,2026-02-19 18:30:48.038798,2026-02-19 19:22:48.038798,2026-02-19 21:04:48.210704,2026-02-20 03:58:44.122051,2026-02-20 09:52:45.547484,2026-02-20 23:53:31.195205,2026-02-21 06:18:36.077624,2026-02-22 09:50:18.119884,Delivered,Closed,SHP041,Shipper 041,SME,West Java,ST08_Bogor,HB01_JKT_GATEWAY,Outer Java,ST19_Denpasar,HB06_EASTERN_GATEWAY,Inter-Region,Regular,Prepaid,CR077,Van,0.83,1.1,1.1,2299440,16950,13231,8,1,0,,8.0,72,1,0,,1,0,,0,,44.47,1.7,5.9,ST19_Denpasar,
SHPM004537,AWB260004537,2026-02-23 19:09:08.142873,2026-02-23 19:54:08.142873,2026-02-23 20:14:08.142873,2026-02-23 22:42:57.437722,2026-02-23 23:08:57.437722,2026-02-24 00:56:57.437722,2026-02-24 03:39:04.600596,2026-02-24 09:40:10.688120,2026-02-24 20:12:34.491072,2026-02-25 05:52:55.141174,,2026-02-26 19:09:08.142873,Delivery Exception,Exception,SHP045,Shipper 045,Marketplace,Jabodetabek,ST02_JKT_West,HB01_JKT_GATEWAY,West Java,ST08_Bogor,HB01_JKT_GATEWAY,Inter-Region,Regular,COD,CR012,Truck,1.15,1.75,1.75,308731,23875,19268,8,1,0,,26.0,72,0,1,Customer Not Home,1,0,,0,,1000.85,2.7,10.54,ST08_Bogor,Hub Bottleneck
SHPM004538,AWB260004538,2026-03-01 07:42:26.684475,2026-03-01 08:27:26.684475,2026-03-01 08:57:26.684475,2026-03-01 15:58:43.404466,2026-03-01 16:32:43.404466,2026-03-01 17:20:43.404466,2026-03-01 18:28:41.833407,2026-03-02 03:07:10.525780,2026-03-02 09:14:15.389677,2026-03-03 00:17:18.069985,2026-03-03 10:15:31.620105,2026-03-04 07:42:26.684475,Delivered,Closed,SHP089,Shipper 089,Enterprise,Central Java,ST11_Yogyakarta,HB04_CTG_NATIONAL,East Java,ST14_Kediri,HB03_SBY_GATEWAY,Inter-Region,Regular,Prepaid,CR105,Bike,1.92,3.08,3.08,1379083,25860,22911,8,1,0,,34.0,72,1,0,,1,0,,0,,50.55,1.13,6.12,ST14_Kediri,
SHPM004539,AWB260004539,2026-02-18 17:12:44.449614,2026-02-18 17:41:44.449614,2026-02-18 18:13:44.449614,2026-02-18 20:01:47.092397,2026-02-18 20:45:47.092397,2026-02-18 22:36:47.092397,2026-02-19 01:02:59.661833,2026-02-19 09:39:58.766901,2026-02-19 21:04:41.247232,2026-02-20 03:21:35.020382,2026-02-20 09:43:45.193828,2026-02-20 05:12:44.449614,Delivered,Closed,SHP010,Shipper 010,Enterprise,East Java,ST13_Malang,HB03_SBY_GATEWAY,Outer Java,ST19_Denpasar,HB06_EASTERN_GATEWAY,Inter-Region,Next Day,Prepaid,CR119,Bike,0.55,0.57,0.57,1369657,22565,20432,4,1,0,,44.0,36,0,0,,1,0,,0,,40.52,2.44,11.41,ST19_Denpasar,Hub Bottleneck
SHPM004540,AWB260004540,2026-03-01 23:50:28.043454,2026-03-01 23:57:28.043454,2026-03-02 00:02:28.043454,2026-03-02 08:46:23.926417,2026-03-02 09:56:23.926417,2026-03-02 11:29:23.926417,2026-03-02 16:04:12.496098,2026-03-02 21:33:28.639205,2026-03-03 07:16:01.752997,2026-03-03 13:17:40.723866,2026-03-04 03:45:33.717777,2026-03-04 23:50:28.043454,Delivered,Closed,SHP096,Shipper 096,Marketplace,Jabodetabek,ST02_JKT_West,HB01_JKT_GATEWAY,East Java,ST14_Kediri,HB03_SBY_GATEWAY,Inter-Region,Regular,Prepaid,CR013,Van,5.08,4.66,5.08,324901,34860,28194,8,0,0,,70.0,72,1,0,,1,0,,0,,51.92,4.58,9.71,ST14_Kediri,
SHPM004541,AWB260004541,2026-03-18 16:31:04.953906,2026-03-18 17:14:04.953906,2026-03-18 17:46:04.953906,2026-03-18 21:29:38.745560,2026-03-18 22:18:38.745560,2026-03-18 22:34:38.745560,2026-03-19 02:14:17.261732,2026-03-19 12:09:01.449994,2026-03-19 15:27:41.808730,2026-03-19 20:28:14.703978,2026-03-20 06:55:24.935083,2026-03-20 04:31:04.953906,Delivered,Closed,SHP035,Shipper 035,Enterprise,Jabodetabek,ST04_Bekasi,HB01_JKT_GATEWAY,West Java,ST06_Bandung,HB01_JKT_GATEWAY,Inter-Region,Next Day,COD,CR038,Van,1.7,1.63,1.7,1502912,31650,26298,4,0,0,,49.0,36,0,0,,1,0,,0,,38.41,3.66,3.31,ST06_Bandung,First Mile Delay
SHPM004542,AWB260004542,2026-03-08 07:07:37.493509,2026-03-08 07:26:37.493509,2026-03-08 07:43:37.493509,2026-03-08 10:12:56.978166,2026-03-08 10:50:56.978166,2026-03-08 11:28:56.978166,2026-03-08 16:09:16.125578,2026-03-08 18:58:18.585043,2026-03-09 02:17:03.698951,2026-03-09 07:22:01.877900,2026-03-09 17:37:18.973291,2026-03-09 19:07:37.493509,Delivered,Closed,SHP078,Shipper 078,SME,Outer Java,ST20_Banjarmasin,HB06_EASTERN_GATEWAY,East Java,ST13_Malang,HB03_SBY_GATEWAY,Inter-Region,Next Day,Prepaid,CR191,Van,0.84,1.09,1.09,816584,24905,23262,4,1,0,,38.0,36,1,0,,1,0,,0,,34.49,4.67,7.31,ST13_Malang,
SHPM004543,AWB260004543,2026-03-17 21:40:49.642794,2026-03-17 21:54:49.642794,2026-03-17 22:03:49.642794,2026-03-18 02:53:15.612195,2026-03-18 03:08:15.612195,2026-03-18 03:34:15.612195,2026-03-18 06:38:45.070116,2026-03-18 13:44:20.283478,2026-03-19 00:30:12.500881,2026-03-19 17:43:48.351714,2026-03-19 22:41:44.719126,2026-03-20 21:40:49.642794,Delivered,Closed,SHP084,Shipper 084,Enterprise,Central Java,ST11_Yogyakarta,HB04_CTG_NATIONAL,East Java,ST13_Malang,HB03_SBY_GATEWAY,Inter-Region,Regular,Prepaid,CR105,Bike,0.86,1.19,1.19,866709,17355,13191,8,1,0,,15.0,72,1,0,,1,0,,0,,49.02,3.07,10.76,ST13_Malang,
SHPM004544,AWB260004544,2026-03-26 09:06:42.996292,2026-03-26 09:38:42.996292,2026-03-26 10:16:42.996292,2026-03-26 12:44:37.200979,2026-03-26 13:35:37.200979,2026-03-26 13:54:37.200979,2026-03-26 18:30:24.269688,2026-03-26 21:18:06.457571,2026-03-27 08:45:29.425461,2026-03-27 13:48:12.532772,2026-03-28 08:14:05.681938,2026-03-28 09:06:42.996292,Delivered,Closed,SHP078,Shipper 078,SME,Outer Java,ST17_Makassar,HB06_EASTERN_GATEWAY,Outer Java,ST19_Denpasar,HB06_EASTERN_GATEWAY,Intra-Region,Regular,Prepaid,CR161,Bike,4.31,4.04,4.31,902922,31395,17967,8,1,0,,51.0,48,1,0,,1,0,,0,,47.12,4.6,11.46,ST19_Denpasar,
SHPM004545,AWB260004545,2026-03-10 11:20:18.303251,2026-03-10 11:43:18.303251,2026-03-10 12:24:18.303251,2026-03-10 17:33:48.287590,2026-03-10 18:09:48.287590,2026-03-10 19:07:48.287590,2026-03-10 22:50:42.135878,2026-03-11 02:14:02.124300,2026-03-11 07:21:49.255304,2026-03-11 12:51:35.946760,2026-03-11 22:57:47.562816,2026-03-12 11:20:18.303251,Delivered,Closed,SHP011,Shipper 011,Enterprise,Jabodetabek,ST03_JKT_East,HB01_JKT_GATEWAY,Jabodetabek,ST02_JKT_West,HB01_JKT_GATEWAY,Intra-Region,Regular,Prepaid,CR029,Bike,0.55,0.53,0.55,226191,14475,9400,8,1,0,,36.0,48,1,0,,1,0,,0,,35.62,3.71,5.13,ST02_JKT_West,
SHPM004546,AWB260004546,2026-02-23 11:57:12.192087,2026-02-23 12:35:12.192087,2026-02-23 12:49:12.192087,2026-02-23 16:39:58.724221,2026-02-23 17:22:58.724221,2026-02-23 18:10:58.724221,2026-02-23 21:05:25.491279,2026-02-24 04:26:00.075596,2026-02-24 17:55:34.281776,2026-02-25 09:21:10.149613,2026-02-25 15:58:39.963366,2026-02-26 11:57:12.192087,Delivered,Closed,SHP068,Shipper 068,Marketplace,East Java,ST14_Kediri,HB03_SBY_GATEWAY,Jabodetabek,ST02_JKT_West,HB01_JKT_GATEWAY,Inter-Region,Regular,COD,CR128,Bike,1.03,1.1,1.1,800823,20950,16333,8,1,0,,43.0,72,1,0,,1,0,,0,,52.02,2.91,13.49,ST02_JKT_West,
SHPM004547,AWB260004547,2026-03-22 04:55:08.411275,2026-03-22 05:15:08.411275,2026-03-22 05:59:08.411275,2026-03-22 10:24:15.198658,2026-03-22 11:21:15.198658,2026-03-22 12:50:15.198658,2026-03-22 17:38:24.318116,2026-03-23 01:43:18.719012,2026-03-23 14:09:56.095553,2026-03-24 07:41:44.868390,2026-03-25 00:03:26.774431,2026-03-25 04:55:08.411275,Delivered,Closed,SHP099,Shipper 099,SME,West Java,ST08_Bogor,HB01_JKT_GATEWAY,Outer Java,ST16_Palembang,HB05_SUMATRA_GATEWAY,Inter-Region,Regular,COD,CR079,Truck,0.83,1.29,1.29,1654797,21805,12049,8,1,0,,57.0,72,1,0,,1,0,,0,,67.14,4.8,12.44,ST16_Palembang,
SHPM004548,AWB260004548,2026-03-17 10:47:43.012767,2026-03-17 11:32:43.012767,2026-03-17 12:06:43.012767,2026-03-17 13:38:41.945122,2026-03-17 14:06:41.945122,2026-03-17 15:38:41.945122,2026-03-17 20:23:38.341446,2026-03-18 05:49:43.960226,2026-03-18 12:02:48.961080,2026-03-19 03:18:46.560133,,2026-03-18 02:47:43.012767,Return To Sender,RTS,SHP008,Shipper 008,SME,Outer Java,ST19_Denpasar,HB06_EASTERN_GATEWAY,East Java,ST14_Kediri,HB03_SBY_GATEWAY,Inter-Region,Same Day,COD,CR177,Van,1.13,1.08,1.13,1474665,36085,33756,2,0,0,,28.0,16,0,1,Customer Not Home,1,0,,1,Customer Not Home,481.2,4.75,6.22,ST14_Kediri,Delivery Exception
SHPM004549,AWB260004549,2026-03-14 02:53:02.222021,2026-03-14 03:04:02.222021,2026-03-14 03:27:02.222021,2026-03-14 04:52:40.984985,2026-03-14 05:29:40.984985,2026-03-14 07:06:40.984985,2026-03-14 11:21:11.806891,2026-03-14 17:19:25.282408,2026-03-14 21:03:35.805174,2026-03-15 06:50:16.578392,,2026-03-14 18:53:02.222021,Delivery Exception,Exception,SHP049,Shipper 049,Enterprise,Jabodetabek,ST04_Bekasi,HB01_JKT_GATEWAY,East Java,ST12_Surabaya,HB03_SBY_GATEWAY,Inter-Region,Same Day,COD,CR043,Bike,1.23,1.33,1.33,511540,36985,34875,2,1,0,,37.0,16,0,1,Customer Not Home,3,0,,0,,561.12,4.24,3.74,ST12_Surabaya,Delivery Exception
SHPM004550,AWB260004550,2026-02-22 12:39:59.259547,2026-02-22 12:53:59.259547,2026-02-22 13:15:59.259547,2026-02-22 14:49:56.351722,2026-02-22 14:59:56.351722,2026-02-22 15:42:56.351722,2026-02-22 17:33:36.170821,2026-02-22 22:20:46.024433,2026-02-23 02:24:42.586475,2026-02-23 10:33:40.687640,2026-02-23 16:42:54.512591,2026-02-24 00:39:59.259547,Delivered,Closed,SHP085,Shipper 085,Marketplace,Central Java,ST09_Semarang,HB04_CTG_NATIONAL,Outer Java,ST18_Balikpapan,HB06_EASTERN_GATEWAY,Inter-Region,Next Day,Prepaid,CR083,Bike,0.79,1.07,1.07,710648,24815,14788,4,1,0,,10.0,36,1,0,,1,0,,0,,28.05,1.84,4.07,ST18_Balikpapan,
SHPM004551,AWB260004551,2026-02-25 21:33:40.148556,2026-02-25 21:47:40.148556,2026-02-25 22:19:40.148556,2026-02-25 22:55:55.915289,2026-02-25 23:29:55.915289,2026-02-26 00:17:55.915289,2026-02-26 04:51:27.157783,2026-02-26 07:37:33.484045,2026-02-27 05:37:13.262058,2026-02-27 15:04:13.162117,2026-02-28 01:07:04.813046,2026-02-27 09:33:40.148556,Delivered,Closed,SHP060,Shipper 060,Enterprise,East Java,ST13_Malang,HB03_SBY_GATEWAY,Outer Java,ST20_Banjarmasin,HB06_EASTERN_GATEWAY,Inter-Region,Next Day,COD,CR122,Bike,1.39,1.83,1.83,688996,32235,20599,4,1,0,,34.0,36,0,0,,1,0,,0,,51.56,4.56,21.99,ST20_Banjarmasin,Hub Bottleneck
SHPM004552,AWB260004552,2026-03-05 12:51:12.758070,2026-03-05 13:17:12.758070,2026-03-05 13:51:12.758070,2026-03-05 14:01:47.244600,2026-03-05 14:45:47.244600,2026-03-05 15:26:47.244600,2026-03-05 21:16:53.023320,2026-03-06 03:27:06.732050,2026-03-06 05:45:26.971129,2026-03-06 18:24:31.942700,2026-03-06 19:22:35.493273,2026-03-06 04:51:12.758070,Delivered,Closed,SHP080,Shipper 080,SME,Outer Java,ST16_Palembang,HB05_SUMATRA_GATEWAY,Jabodetabek,ST05_Tangerang,HB01_JKT_GATEWAY,Inter-Region,Same Day,Prepaid,CR145,Bike,2.62,2.99,2.99,1243968,40455,32589,2,1,0,,44.0,16,0,0,,1,0,,0,,30.52,5.83,2.31,ST05_Tangerang,Last Mile Delay
SHPM004553,AWB260004553,2026-03-28 11:18:59.401988,2026-03-28 12:00:59.401988,2026-03-28 12:12:59.401988,2026-03-28 16:53:48.666859,2026-03-28 17:44:48.666859,2026-03-28 18:21:48.666859,2026-03-28 21:53:54.754506,2026-03-29 03:07:41.813253,2026-03-29 07:48:34.198874,2026-03-29 22:34:19.750081,2026-03-30 04:52:59.245650,2026-03-31 11:18:59.401988,Delivered,Closed,SHP085,Shipper 085,Marketplace,Central Java,ST09_Semarang,HB04_CTG_NATIONAL,West Java,ST07_Cirebon,HB02_BDG_TRANSIT,Inter-Region,Regular,COD,CR090,Bike,0.98,0.96,0.98,886938,20410,18241,8,1,0,,51.0,72,1,0,,1,0,,0,,41.57,3.54,4.68,ST07_Cirebon,
SHPM004554,AWB260004554,2026-02-25 03:54:07.925546,2026-02-25 04:25:07.925546,2026-02-25 04:47:07.925546,2026-02-25 05:51:10.159701,2026-02-25 06:17:10.159701,2026-02-25 06:42:10.159701,2026-02-25 12:07:31.071380,2026-02-25 17:23:35.181180,2026-02-25 21:41:53.304980,2026-02-26 09:58:08.875764,2026-02-26 12:20:45.679215,2026-02-26 15:54:07.925546,Delivered,Closed,SHP095,Shipper 095,Enterprise,Central Java,ST11_Yogyakarta,HB04_CTG_NATIONAL,West Java,ST07_Cirebon,HB02_BDG_TRANSIT,Inter-Region,Next Day,Prepaid,CR104,Truck,1.74,1.86,1.86,475365,28370,25286,4,1,0,,26.0,36,1,0,,1,0,,0,,32.44,5.42,4.31,ST07_Cirebon,
SHPM004555,AWB260004555,2026-03-11 09:08:46.049160,2026-03-11 09:19:46.049160,2026-03-11 09:57:46.049160,2026-03-11 18:16:35.746713,2026-03-11 19:18:35.746713,2026-03-11 19:44:35.746713,2026-03-12 00:17:47.044884,2026-03-12 10:10:22.064925,2026-03-12 23:16:41.114758,2026-03-13 07:13:20.110743,2026-03-14 00:39:16.394385,2026-03-14 09:08:46.049160,Delivered,Closed,SHP090,Shipper 090,Enterprise,East Java,ST14_Kediri,HB03_SBY_GATEWAY,Jabodetabek,ST05_Tangerang,HB01_JKT_GATEWAY,Inter-Region,Regular,Prepaid,CR132,Bike,0.69,0.66,0.69,2491514,15105,8616,8,0,0,,62.0,72,1,0,,1,0,,0,,63.51,4.55,13.11,ST05_Tangerang,
SHPM004556,AWB260004556,2026-02-28 20:43:02.181922,2026-02-28 20:53:02.181922,2026-02-28 21:25:02.181922,2026-03-01 01:04:07.267691,2026-03-01 01:38:07.267691,2026-03-01 02:14:07.267691,2026-03-01 06:17:12.208124,2026-03-01 10:28:13.719232,2026-03-01 21:41:56.481434,2026-03-02 13:30:34.740979,2026-03-02 17:38:17.903666,2026-03-02 08:43:02.181922,Delivered,Closed,SHP030,Shipper 030,Enterprise,Jabodetabek,ST02_JKT_West,HB01_JKT_GATEWAY,Central Java,ST10_Solo,HB04_CTG_NATIONAL,Inter-Region,Next Day,Prepaid,CR015,Truck,1.04,1.11,1.11,606496,24995,20876,4,0,0,,34.0,36,0,0,,1,0,,0,,44.92,4.05,11.23,ST10_Solo,First Mile Delay
SHPM004557,AWB260004557,2026-02-23 02:43:59.434834,2026-02-23 03:15:59.434834,2026-02-23 03:48:59.434834,2026-02-23 06:44:42.137489,2026-02-23 06:58:42.137489,2026-02-23 08:01:42.137489,2026-02-23 09:44:21.655068,2026-02-23 16:06:58.720459,2026-02-23 22:45:40.860691,2026-02-24 05:16:15.675267,2026-02-24 13:16:44.187191,2026-02-24 14:43:59.434834,Delivered,Closed,SHP051,Shipper 051,Marketplace,Outer Java,ST19_Denpasar,HB06_EASTERN_GATEWAY,East Java,ST14_Kediri,HB03_SBY_GATEWAY,Inter-Region,Next Day,Prepaid,CR175,Van,2.3,2.4,2.4,657080,30800,23139,4,1,0,,14.0,36,1,0,,1,0,,0,,34.55,1.71,6.65,ST14_Kediri,
SHPM004558,AWB260004558,2026-03-09 01:40:46.703352,2026-03-09 02:23:46.703352,2026-03-09 02:55:46.703352,2026-03-09 08:44:27.666040,2026-03-09 09:34:27.666040,2026-03-09 10:10:27.666040,2026-03-09 15:14:26.428148,2026-03-09 19:53:12.250258,2026-03-10 08:22:57.986386,2026-03-10 15:37:48.084707,2026-03-11 14:14:53.643325,2026-03-12 01:40:46.703352,Delivered,Closed,SHP076,Shipper 076,Enterprise,West Java,ST06_Bandung,HB01_JKT_GATEWAY,Outer Java,ST19_Denpasar,HB06_EASTERN_GATEWAY,Inter-Region,Regular,Prepaid,CR057,Van,0.94,1.15,1.15,1614565,17175,13499,8,1,0,,50.0,72,1,0,,1,0,,0,,60.57,5.07,12.5,ST19_Denpasar,
SHPM004559,AWB260004559,2026-03-14 09:16:11.884547,2026-03-14 09:59:11.884547,2026-03-14 10:40:11.884547,2026-03-14 17:45:51.010811,2026-03-14 18:18:51.010811,2026-03-14 19:21:51.010811,2026-03-15 00:15:18.925066,2026-03-15 09:41:38.296476,2026-03-15 16:56:56.447710,2026-03-16 01:23:07.415331,2026-03-16 07:36:42.801000,2026-03-17 09:16:11.884547,Delivered,Closed,SHP082,Shipper 082,SME,Outer Java,ST16_Palembang,HB05_SUMATRA_GATEWAY,Jabodetabek,ST03_JKT_East,HB01_JKT_GATEWAY,Inter-Region,Regular,Prepaid,CR147,Bike,3.4,3.37,3.4,2089651,27300,21998,8,1,0,,33.0,72,1,0,,1,0,,0,,46.34,4.89,7.26,ST03_JKT_East,
SHPM004560,AWB260004560,2026-03-26 19:53:20.212827,2026-03-26 20:24:20.212827,2026-03-26 20:47:20.212827,2026-03-26 22:42:13.961642,2026-03-26 23:34:13.961642,2026-03-27 01:10:13.961642,2026-03-27 06:16:27.450749,2026-03-27 12:06:10.116133,2026-03-27 20:15:12.892915,2026-03-28 10:01:27.825107,2026-03-28 19:51:53.563914,2026-03-29 19:53:20.212827,Delivered,Closed,SHP077,Shipper 077,Marketplace,Outer Java,ST16_Palembang,HB05_SUMATRA_GATEWAY,East Java,ST13_Malang,HB03_SBY_GATEWAY,Inter-Region,Regular,Prepaid,CR146,Van,0.85,0.98,0.98,903015,16410,13549,8,1,0,,52.0,72,1,0,,1,0,,0,,47.98,5.1,8.15,ST13_Malang,
SHPM004561,AWB260004561,2026-03-21 04:44:41.912664,2026-03-21 05:02:41.912664,2026-03-21 05:11:41.912664,2026-03-21 07:21:41.200980,2026-03-21 08:38:41.200980,2026-03-21 10:11:41.200980,2026-03-21 11:12:52.283998,2026-03-21 14:43:31.546420,2026-03-21 20:07:30.385385,2026-03-22 03:43:44.238437,2026-03-22 06:28:15.192351,2026-03-21 20:44:41.912664,Delivered,Closed,SHP005,Shipper 005,Enterprise,Central Java,ST09_Semarang,HB04_CTG_NATIONAL,Outer Java,ST18_Balikpapan,HB06_EASTERN_GATEWAY,Inter-Region,Same Day,Prepaid,CR088,Bike,4.65,4.32,4.65,244180,47925,35809,2,0,0,,77.0,16,0,0,,1,0,,0,,25.73,1.02,5.4,ST18_Balikpapan,First Mile Delay
SHPM004562,AWB260004562,2026-03-10 23:58:16.018017,2026-03-11 00:33:16.018017,2026-03-11 01:15:16.018017,2026-03-11 06:28:47.688289,2026-03-11 06:37:47.688289,2026-03-11 07:28:47.688289,2026-03-11 11:17:16.057661,2026-03-11 15:45:34.227844,2026-03-12 01:14:24.658491,2026-03-12 08:47:16.743548,2026-03-12 16:57:22.732588,2026-03-13 23:58:16.018017,Delivered,Closed,SHP084,Shipper 084,Enterprise,Central Java,ST11_Yogyakarta,HB04_CTG_NATIONAL,West Java,ST06_Bandung,HB01_JKT_GATEWAY,Inter-Region,Regular,Prepaid,CR102,Bike,0.46,0.76,0.76,202017,15420,11213,8,1,0,,9.0,72,1,0,,1,0,,0,,40.99,3.81,9.48,ST06_Bandung,
SHPM004563,AWB260004563,2026-03-10 04:10:48.213777,2026-03-10 04:18:48.213777,2026-03-10 04:40:48.213777,2026-03-10 11:44:06.640943,2026-03-10 12:01:06.640943,2026-03-10 13:36:06.640943,2026-03-10 14:53:23.849605,2026-03-11 00:39:57.105241,2026-03-11 04:21:20.944815,2026-03-11 13:01:11.085563,2026-03-12 02:42:54.644751,2026-03-13 04:10:48.213777,Delivered,Closed,SHP021,Shipper 021,Marketplace,East Java,ST14_Kediri,HB03_SBY_GATEWAY,Jabodetabek,ST03_JKT_East,HB01_JKT_GATEWAY,Inter-Region,Regular,Prepaid,CR127,Bike,0.72,0.66,0.72,1919278,15240,12536,8,1,0,,17.0,72,1,0,,1,0,,0,,46.54,1.29,3.69,ST03_JKT_East,
SHPM004564,AWB260004564,2026-03-10 00:10:06.741371,2026-03-10 00:43:06.741371,2026-03-10 01:16:06.741371,2026-03-10 03:36:26.357443,2026-03-10 04:32:26.357443,2026-03-10 05:27:26.357443,2026-03-10 10:22:06.420480,2026-03-10 13:21:31.826976,2026-03-10 18:47:15.758678,2026-03-11 07:26:02.329006,2026-03-11 12:37:17.824406,2026-03-13 00:10:06.741371,Delivered,Closed,SHP084,Shipper 084,Enterprise,Central Java,ST11_Yogyakarta,HB04_CTG_NATIONAL,Jabodetabek,ST04_Bekasi,HB01_JKT_GATEWAY,Inter-Region,Regular,Prepaid,CR105,Bike,0.94,1.11,1.11,577182,16995,10708,8,1,0,,56.0,72,1,0,,1,0,,0,,36.45,4.91,5.43,ST04_Bekasi,
SHPM004565,AWB260004565,2026-03-08 11:12:52.789993,2026-03-08 11:22:52.789993,2026-03-08 12:28:52.789993,2026-03-08 20:07:22.755437,2026-03-08 21:31:22.755437,2026-03-08 22:03:22.755437,2026-03-09 05:26:03.704277,2026-03-09 11:55:30.745056,2026-03-09 14:41:27.896980,2026-03-09 23:05:47.725488,2026-03-10 10:45:04.312025,2026-03-11 11:12:52.789993,Delivered,Closed,SHP019,Shipper 019,Marketplace,West Java,ST07_Cirebon,HB02_BDG_TRANSIT,Jabodetabek,ST05_Tangerang,HB01_JKT_GATEWAY,Inter-Region,Regular,Prepaid,CR064,Bike,1.06,1.0,1.06,409195,16770,10530,8,0,0,,84.0,72,1,0,,1,0,,0,,47.54,7.38,2.77,ST05_Tangerang,
SHPM004566,AWB260004566,2026-03-06 16:16:39.804860,2026-03-06 16:56:39.804860,2026-03-06 17:26:39.804860,2026-03-06 19:06:58.007060,2026-03-06 19:28:58.007060,2026-03-06 20:58:58.007060,2026-03-06 23:54:10.659971,2026-03-07 02:52:41.455921,2026-03-07 13:45:56.095868,2026-03-07 21:21:57.290770,2026-03-08 12:54:54.717761,2026-03-09 16:16:39.804860,Delivered,Closed,SHP042,Shipper 042,Marketplace,Jabodetabek,ST02_JKT_West,HB01_JKT_GATEWAY,East Java,ST12_Surabaya,HB03_SBY_GATEWAY,Inter-Region,Regular,Prepaid,CR013,Bike,0.42,0.43,0.43,930078,13935,9201,8,1,0,,22.0,72,1,0,,1,0,,0,,44.64,2.92,10.89,ST12_Surabaya,
SHPM004567,AWB260004567,2026-03-23 05:30:25.834537,2026-03-23 06:05:25.834537,2026-03-23 06:11:25.834537,2026-03-23 14:28:42.312980,2026-03-23 15:23:42.312980,2026-03-23 16:10:42.312980,2026-03-23 18:03:41.396140,2026-03-24 00:53:47.825135,2026-03-24 12:50:33.827000,2026-03-25 02:17:05.111241,2026-03-25 07:47:58.856191,2026-03-26 05:30:25.834537,Delivered,Closed,SHP080,Shipper 080,SME,Outer Java,ST19_Denpasar,HB06_EASTERN_GATEWAY,West Java,ST08_Bogor,HB01_JKT_GATEWAY,Inter-Region,Regular,COD,CR179,Bike,0.89,0.89,0.89,1107876,20005,13358,8,0,0,,55.0,72,1,0,,1,0,,0,,50.29,1.88,11.95,ST08_Bogor,
SHPM004568,AWB260004568,2026-03-16 12:39:03.892008,2026-03-16 12:49:03.892008,2026-03-16 13:15:03.892008,,,,,,,,,2026-03-19 12:39:03.892008,Failed Pickup,Exception,SHP095,Shipper 095,Enterprise,Central Java,ST11_Yogyakarta,HB04_CTG_NATIONAL,Jabodetabek,ST05_Tangerang,HB01_JKT_GATEWAY,Inter-Region,Regular,COD,CR105,Van,1.5,1.58,1.58,458430,23110,14224,8,0,1,Shipper Not Ready,,72,0,0,,0,0,,0,,503.35,,,ST11_Yogyakarta,
SHPM004569,AWB260004569,2026-03-18 11:05:35.199463,2026-03-18 11:27:35.199463,2026-03-18 11:38:35.199463,2026-03-18 15:34:02.765103,2026-03-18 15:58:02.765103,2026-03-18 17:04:02.765103,2026-03-18 21:27:26.300027,2026-03-19 00:22:04.644073,2026-03-20 06:11:03.003812,2026-03-20 17:37:10.975376,2026-03-21 09:03:37.410839,2026-03-21 11:05:35.199463,Delivered,Closed,SHP010,Shipper 010,Enterprise,East Java,ST14_Kediri,HB03_SBY_GATEWAY,Jabodetabek,ST04_Bekasi,HB01_JKT_GATEWAY,Inter-Region,Regular,Prepaid,CR132,Van,1.55,1.66,1.66,221177,19470,18295,8,1,0,,24.0,72,1,0,,1,0,,0,,69.97,4.39,29.82,ST04_Bekasi,
SHPM004570,AWB260004570,2026-03-22 09:06:05.794450,2026-03-22 09:36:05.794450,2026-03-22 09:45:05.794450,2026-03-22 16:58:47.671860,2026-03-22 17:13:47.671860,2026-03-22 17:37:47.671860,2026-03-22 20:47:43.194789,2026-03-23 00:32:17.392607,2026-03-23 10:28:34.113844,2026-03-23 19:08:22.513453,2026-03-24 09:05:12.997896,2026-03-25 09:06:05.794450,Delivered,Closed,SHP080,Shipper 080,SME,Outer Java,ST19_Denpasar,HB06_EASTERN_GATEWAY,West Java,ST06_Bandung,HB01_JKT_GATEWAY,Inter-Region,Regular,Prepaid,CR178,Van,2.57,3.18,3.18,1510054,26310,22485,8,1,0,,15.0,72,1,0,,1,0,,0,,47.99,3.17,9.94,ST06_Bandung,
SHPM004571,AWB260004571,2026-03-03 06:15:51.212427,2026-03-03 06:55:51.212427,2026-03-03 07:53:51.212427,2026-03-03 11:40:02.696612,2026-03-03 12:57:02.696612,2026-03-03 13:24:02.696612,2026-03-03 20:54:12.890401,2026-03-04 05:24:38.239873,2026-03-04 14:11:20.071606,2026-03-05 07:02:00.955784,2026-03-05 12:08:30.253882,2026-03-03 22:15:51.212427,Delivered,Closed,SHP060,Shipper 060,Enterprise,East Java,ST12_Surabaya,HB03_SBY_GATEWAY,West Java,ST07_Cirebon,HB02_BDG_TRANSIT,Inter-Region,Same Day,Prepaid,CR113,Bike,0.92,1.5,1.5,1388779,33750,22253,2,0,0,,77.0,16,0,0,,1,0,,0,,53.88,7.5,8.78,ST07_Cirebon,First Mile Delay
SHPM004572,AWB260004572,2026-03-08 05:16:19.598421,2026-03-08 05:46:19.598421,2026-03-08 06:23:19.598421,2026-03-08 09:58:18.005932,2026-03-08 11:16:18.005932,2026-03-08 11:36:18.005932,2026-03-08 16:35:55.358653,2026-03-09 01:23:22.990072,2026-03-09 13:05:03.953357,2026-03-09 19:06:18.766337,,2026-03-11 05:16:19.598421,Delivery Exception,Exception,SHP051,Shipper 051,Marketplace,Outer Java,ST19_Denpasar,HB06_EASTERN_GATEWAY,East Java,ST12_Surabaya,HB03_SBY_GATEWAY,Inter-Region,Regular,COD,CR174,Bike,0.56,0.56,0.56,106606,18520,12872,8,1,0,,78.0,72,0,1,Invalid Address,2,0,,0,,702.73,4.99,11.69,ST12_Surabaya,Hub Bottleneck
SHPM004573,AWB260004573,2026-03-21 16:23:12.604495,2026-03-21 16:31:12.604495,2026-03-21 16:36:12.604495,2026-03-21 19:59:21.623668,2026-03-21 20:40:21.623668,2026-03-21 21:16:21.623668,2026-03-22 02:16:16.470401,2026-03-22 06:43:42.659911,2026-03-22 08:59:05.291651,2026-03-23 00:32:19.669906,2026-03-23 06:47:28.569584,2026-03-23 04:23:12.604495,Delivered,Closed,SHP049,Shipper 049,Enterprise,Jabodetabek,ST02_JKT_West,HB01_JKT_GATEWAY,Central Java,ST11_Yogyakarta,HB04_CTG_NATIONAL,Inter-Region,Next Day,Prepaid,CR018,Bike,0.78,0.71,0.78,2118844,23510,20246,4,1,0,,41.0,36,0,0,,1,0,,0,,38.4,5.0,2.26,ST11_Yogyakarta,Last Mile Delay
SHPM004574,AWB260004574,2026-02-25 05:43:57.162477,2026-02-25 05:57:57.162477,2026-02-25 06:39:57.162477,2026-02-25 11:16:35.731720,2026-02-25 11:48:35.731720,2026-02-25 12:19:35.731720,2026-02-25 13:24:50.255634,2026-02-25 18:50:16.793797,2026-02-25 22:11:58.776772,2026-02-26 13:32:10.426068,2026-02-27 07:09:17.470015,2026-02-28 05:43:57.162477,Delivered,Closed,SHP057,Shipper 057,SME,Central Java,ST09_Semarang,HB04_CTG_NATIONAL,Jabodetabek,ST05_Tangerang,HB01_JKT_GATEWAY,Inter-Region,Regular,Prepaid,CR089,Van,0.84,0.9,0.9,1179661,16050,12188,8,1,0,,32.0,72,1,0,,1,0,,0,,49.42,1.09,3.36,ST05_Tangerang,
SHPM004575,AWB260004575,2026-02-21 21:40:42.879810,2026-02-21 22:21:42.879810,2026-02-21 22:46:42.879810,2026-02-22 01:18:37.233193,2026-02-22 01:39:37.233193,2026-02-22 02:33:37.233193,2026-02-22 04:49:33.444443,2026-02-22 13:22:28.120414,2026-02-22 15:23:49.335889,2026-02-23 06:05:56.491364,2026-02-23 13:12:56.902199,2026-02-23 09:40:42.879810,Delivered,Closed,SHP095,Shipper 095,Enterprise,Central Java,ST11_Yogyakarta,HB04_CTG_NATIONAL,Jabodetabek,ST01_JKT_Central,HB01_JKT_GATEWAY,Inter-Region,Next Day,Prepaid,CR102,Van,5.19,6.76,6.76,2451352,50420,45159,4,1,0,,21.0,36,0,0,,1,0,,0,,39.54,2.27,2.02,ST01_JKT_Central,Last Mile Delay
SHPM004576,AWB260004576,2026-03-14 03:32:04.702381,2026-03-14 03:59:04.702381,2026-03-14 04:21:04.702381,2026-03-14 09:06:24.460287,2026-03-14 09:51:24.460287,2026-03-14 10:22:24.460287,2026-03-14 15:44:36.100987,2026-03-14 20:41:00.764630,2026-03-15 02:44:38.952585,2026-03-15 10:50:42.860340,2026-03-15 23:53:08.258089,2026-03-16 03:32:04.702381,Delivered,Closed,SHP039,Shipper 039,Marketplace,Central Java,ST10_Solo,HB04_CTG_NATIONAL,Central Java,ST10_Solo,HB04_CTG_NATIONAL,Intra-Region,Regular,COD,CR099,Truck,0.81,1.13,1.13,844983,21085,17043,8,1,0,,45.0,48,1,0,,1,0,,0,,44.35,5.37,6.06,ST10_Solo,
SHPM004577,AWB260004577,2026-02-17 18:14:04.254665,2026-02-17 18:44:04.254665,2026-02-17 19:04:04.254665,2026-02-17 23:28:02.634597,2026-02-18 00:11:02.634597,2026-02-18 01:41:02.634597,2026-02-18 06:32:02.751593,2026-02-18 13:45:35.494541,2026-02-18 18:37:59.243707,2026-02-19 09:23:48.691762,2026-02-19 15:18:11.050488,2026-02-20 18:14:04.254665,Delivered,Closed,SHP082,Shipper 082,SME,Outer Java,ST19_Denpasar,HB06_EASTERN_GATEWAY,Jabodetabek,ST01_JKT_Central,HB01_JKT_GATEWAY,Inter-Region,Regular,COD,CR179,Bike,0.54,0.61,0.61,1361887,18745,13106,8,1,0,,43.0,72,1,0,,1,0,,0,,45.07,4.85,4.87,ST01_JKT_Central,
SHPM004578,AWB260004578,2026-03-09 11:06:42.655649,2026-03-09 11:14:42.655649,2026-03-09 11:39:42.655649,2026-03-09 16:31:01.172104,2026-03-09 17:00:01.172104,2026-03-09 17:32:01.172104,2026-03-09 19:25:12.609271,2026-03-10 00:00:43.038069,2026-03-10 02:07:54.551397,2026-03-10 16:09:11.253854,2026-03-10 20:41:09.702729,2026-03-12 11:06:42.655649,Delivered,Closed,SHP089,Shipper 089,Enterprise,Central Java,ST11_Yogyakarta,HB04_CTG_NATIONAL,West Java,ST08_Bogor,HB01_JKT_GATEWAY,Inter-Region,Regular,COD,CR100,Bike,0.67,0.83,0.83,1737475,19735,12878,8,1,0,,29.0,72,1,0,,1,0,,0,,33.57,1.89,2.12,ST08_Bogor,
SHPM004579,AWB260004579,2026-03-28 12:08:03.670011,2026-03-28 12:17:03.670011,2026-03-28 12:31:03.670011,2026-03-28 16:18:43.523500,2026-03-28 16:43:43.523500,2026-03-28 18:41:43.523500,2026-03-28 20:29:39.888943,2026-03-28 22:47:12.898962,2026-03-29 02:50:50.714365,2026-03-29 07:41:37.811177,2026-03-29 15:15:38.285682,2026-03-29 12:08:03.670011,Delivered,Closed,SHP062,Shipper 062,Enterprise,Jabodetabek,ST04_Bekasi,HB01_JKT_GATEWAY,Jabodetabek,ST01_JKT_Central,HB01_JKT_GATEWAY,Intra-Region,Next Day,Prepaid,CR041,Bike,0.57,0.76,0.76,723326,23420,13682,4,0,0,,25.0,24,0,0,,1,0,,0,,27.13,1.8,4.06,ST01_JKT_Central,First Mile Delay
SHPM004580,AWB260004580,2026-02-16 14:18:42.737330,2026-02-16 14:41:42.737330,2026-02-16 15:25:42.737330,2026-02-16 16:27:37.930805,2026-02-16 17:02:37.930805,2026-02-16 18:47:37.930805,2026-02-17 00:32:40.428473,2026-02-17 07:36:24.080711,2026-02-17 13:53:29.398074,2026-02-17 19:17:36.072354,2026-02-18 05:19:01.164981,2026-02-18 02:18:42.737330,Delivered,Closed,SHP094,Shipper 094,SME,Outer Java,ST15_Medan,HB05_SUMATRA_GATEWAY,Jabodetabek,ST04_Bekasi,HB01_JKT_GATEWAY,Inter-Region,Next Day,COD,CR139,Van,0.81,1.3,1.3,543490,29850,25541,4,1,0,,35.0,36,0,0,,1,0,,0,,39.01,5.75,6.28,ST04_Bekasi,Last Mile Delay
SHPM004581,AWB260004581,2026-02-18 01:59:10.806005,2026-02-18 02:24:10.806005,2026-02-18 02:35:10.806005,2026-02-18 04:03:40.460810,2026-02-18 04:36:40.460810,2026-02-18 05:14:40.460810,2026-02-18 09:20:53.773354,2026-02-18 19:13:51.499451,2026-02-18 22:19:49.120926,2026-02-19 08:01:53.062395,2026-02-19 17:51:11.902994,2026-02-19 13:59:10.806005,Delivered,Closed,SHP011,Shipper 011,Enterprise,Jabodetabek,ST04_Bekasi,HB01_JKT_GATEWAY,Central Java,ST10_Solo,HB04_CTG_NATIONAL,Inter-Region,Next Day,COD,CR031,Van,0.81,1.18,1.18,960330,29310,26501,4,1,0,,33.0,36,0,0,,1,0,,0,,39.87,4.1,3.1,ST10_Solo,Last Mile Delay
SHPM004582,AWB260004582,2026-03-23 02:29:49.757384,2026-03-23 03:05:49.757384,2026-03-23 03:21:49.757384,,,,,,,,,2026-03-26 02:29:49.757384,Failed Pickup,Exception,SHP061,Shipper 061,Enterprise,Outer Java,ST17_Makassar,HB06_EASTERN_GATEWAY,Central Java,ST09_Semarang,HB04_CTG_NATIONAL,Inter-Region,Regular,COD,CR161,Van,2.52,2.32,2.52,822312,27340,17640,8,0,1,Capacity Full,,72,0,0,,0,0,,0,,345.5,,,ST17_Makassar,
SHPM004583,AWB260004583,2026-02-26 18:57:05.804359,2026-02-26 19:29:05.804359,2026-02-26 19:56:05.804359,2026-02-26 20:29:59.104957,2026-02-26 20:40:59.104957,2026-02-26 22:05:59.104957,2026-02-27 01:28:40.853141,2026-02-27 04:03:08.968354,2026-02-27 05:52:01.092730,2026-02-27 14:52:27.001911,2026-02-27 23:01:27.204457,2026-02-28 06:57:05.804359,Delivered,Closed,SHP088,Shipper 088,SME,Outer Java,ST19_Denpasar,HB06_EASTERN_GATEWAY,Central Java,ST09_Semarang,HB04_CTG_NATIONAL,Inter-Region,Next Day,Prepaid,CR178,Bike,1.37,1.97,1.97,379714,28865,26637,4,1,0,,11.0,36,1,0,,1,0,,0,,28.07,3.38,1.81,ST09_Semarang,
SHPM004584,AWB260004584,2026-02-26 15:07:22.833552,2026-02-26 15:17:22.833552,2026-02-26 15:33:22.833552,2026-02-26 20:06:54.059096,2026-02-26 20:45:54.059096,2026-02-26 22:19:54.059096,2026-02-27 03:39:06.647460,2026-02-27 07:44:49.068182,2026-02-27 17:20:00.332216,2026-02-28 07:37:15.818756,2026-02-28 21:33:45.246873,2026-03-01 15:07:22.833552,Delivered,Closed,SHP034,Shipper 034,Enterprise,Jabodetabek,ST01_JKT_Central,HB01_JKT_GATEWAY,East Java,ST12_Surabaya,HB03_SBY_GATEWAY,Inter-Region,Regular,Prepaid,CR007,Van,2.49,2.48,2.49,1948668,23205,20055,8,1,0,,39.0,72,1,0,,1,0,,0,,54.44,5.32,9.59,ST12_Surabaya,
SHPM004585,AWB260004585,2026-03-18 12:34:35.455044,2026-03-18 13:18:35.455044,2026-03-18 13:42:35.455044,2026-03-18 16:23:03.675524,2026-03-18 17:03:03.675524,2026-03-18 17:56:03.675524,2026-03-18 22:43:14.832144,2026-03-19 08:18:39.708939,2026-03-19 14:29:56.294058,2026-03-20 07:27:49.628619,2026-03-20 19:44:57.361006,2026-03-20 00:34:35.455044,Delivered,Closed,SHP087,Shipper 087,Enterprise,Jabodetabek,ST04_Bekasi,HB01_JKT_GATEWAY,Outer Java,ST18_Balikpapan,HB06_EASTERN_GATEWAY,Inter-Region,Next Day,Prepaid,CR040,Van,1.68,1.84,1.84,2616607,28280,15756,4,1,0,,40.0,36,0,0,,1,0,,0,,55.17,4.79,6.19,ST18_Balikpapan,Remote Area
SHPM004586,AWB260004586,2026-03-22 19:41:22.051282,2026-03-22 19:57:22.051282,2026-03-22 20:19:22.051282,2026-03-22 22:15:29.711714,2026-03-22 22:49:29.711714,2026-03-23 00:34:29.711714,2026-03-23 03:20:24.022318,2026-03-23 13:04:47.372862,2026-03-24 06:57:09.875058,2026-03-24 23:16:32.601631,2026-03-25 03:36:04.755933,2026-03-24 07:41:22.051282,Delivered,Closed,SHP087,Shipper 087,Enterprise,Jabodetabek,ST01_JKT_Central,HB01_JKT_GATEWAY,Outer Java,ST20_Banjarmasin,HB06_EASTERN_GATEWAY,Inter-Region,Next Day,COD,CR004,Bike,1.09,1.05,1.09,303604,28905,17272,4,1,0,,34.0,36,0,0,,1,0,,0,,55.91,2.77,17.87,ST20_Banjarmasin,Hub Bottleneck
SHPM004587,AWB260004587,2026-03-27 19:36:03.595346,2026-03-27 19:42:03.595346,2026-03-27 20:07:03.595346,2026-03-27 20:47:59.608528,2026-03-27 21:15:59.608528,2026-03-27 22:13:59.608528,2026-03-28 00:46:56.092681,2026-03-28 05:19:11.339349,2026-03-28 13:26:08.233253,2026-03-28 21:22:01.350911,2026-03-29 02:14:04.246660,2026-03-28 11:36:03.595346,Delivered,Closed,SHP078,Shipper 078,SME,Outer Java,ST15_Medan,HB05_SUMATRA_GATEWAY,West Java,ST08_Bogor,HB01_JKT_GATEWAY,Inter-Region,Same Day,Prepaid,CR138,Bike,2.05,2.22,2.22,1377293,36990,22831,2,1,0,,28.0,16,0,0,,1,0,,0,,30.63,2.55,8.12,ST08_Bogor,Last Mile Delay
SHPM004588,AWB260004588,2026-03-31 21:15:28.443444,2026-03-31 21:23:28.443444,2026-03-31 21:29:28.443444,2026-04-01 02:01:59.863156,2026-04-01 02:26:59.863156,2026-04-01 03:14:59.863156,2026-04-01 04:33:17.658273,2026-04-01 06:48:04.125989,2026-04-01 16:43:41.419316,2026-04-02 05:51:00.019464,2026-04-02 09:28:38.254977,2026-04-02 09:15:28.443444,Delivered,Closed,SHP089,Shipper 089,Enterprise,Central Java,ST11_Yogyakarta,HB04_CTG_NATIONAL,Outer Java,ST15_Medan,HB05_SUMATRA_GATEWAY,Inter-Region,Next Day,Prepaid,CR100,Truck,0.58,0.63,0.63,689160,22835,19763,4,0,0,,25.0,36,0,0,,1,0,,0,,36.22,1.3,9.93,ST15_Medan,First Mile Delay
SHPM004589,AWB260004589,2026-03-29 20:54:22.184163,2026-03-29 21:21:22.184163,2026-03-29 21:36:22.184163,2026-03-30 05:31:19.658568,2026-03-30 06:02:19.658568,2026-03-30 07:02:19.658568,2026-03-30 09:22:22.320903,2026-03-30 16:06:02.454520,2026-03-31 13:26:05.322266,2026-04-01 06:11:10.725130,2026-04-01 22:47:10.671609,2026-04-01 20:54:22.184163,Delivered,Closed,SHP055,Shipper 055,Marketplace,East Java,ST14_Kediri,HB03_SBY_GATEWAY,Central Java,ST10_Solo,HB04_CTG_NATIONAL,Inter-Region,Regular,Prepaid,CR130,Bike,2.64,2.6,2.64,316769,23880,19469,8,0,0,,31.0,72,0,0,,1,0,,0,,73.88,2.33,21.33,ST10_Solo,First Mile Delay
SHPM004590,AWB260004590,2026-03-11 03:20:52.892409,2026-03-11 04:03:52.892409,2026-03-11 04:37:52.892409,2026-03-11 12:59:29.575640,2026-03-11 13:38:29.575640,2026-03-11 14:12:29.575640,2026-03-11 17:17:26.763602,2026-03-11 23:14:02.434311,2026-03-12 04:14:19.560540,2026-03-12 09:37:47.842699,2026-03-12 23:09:16.312599,2026-03-14 03:20:52.892409,Delivered,Closed,SHP009,Shipper 009,Marketplace,West Java,ST06_Bandung,HB01_JKT_GATEWAY,East Java,ST13_Malang,HB03_SBY_GATEWAY,Inter-Region,Regular,Prepaid,CR058,Bike,0.51,0.53,0.53,2293152,14385,12104,8,0,0,,39.0,72,1,0,,1,0,,0,,43.81,3.08,5.0,ST13_Malang,
SHPM004591,AWB260004591,2026-03-21 08:21:47.649599,2026-03-21 08:52:47.649599,2026-03-21 09:16:47.649599,2026-03-21 16:03:01.925045,2026-03-21 17:02:01.925045,2026-03-21 17:31:01.925045,2026-03-21 19:01:25.423803,2026-03-22 01:41:59.273330,2026-03-22 04:30:50.258141,2026-03-22 12:30:52.882675,2026-03-23 03:30:03.915635,2026-03-24 08:21:47.649599,Delivered,Closed,SHP009,Shipper 009,Marketplace,West Java,ST06_Bandung,HB01_JKT_GATEWAY,Jabodetabek,ST03_JKT_East,HB01_JKT_GATEWAY,Inter-Region,Regular,Prepaid,CR057,Bike,0.62,0.56,0.62,710266,14790,8623,8,1,0,,59.0,72,1,0,,1,0,,0,,43.14,1.51,2.81,ST03_JKT_East,
SHPM004592,AWB260004592,2026-03-16 14:35:00.634328,2026-03-16 15:11:00.634328,2026-03-16 15:31:00.634328,2026-03-16 17:42:22.192494,2026-03-16 18:07:22.192494,2026-03-16 18:31:22.192494,2026-03-16 20:00:33.038940,2026-03-17 01:43:00.512632,2026-03-17 09:59:06.386249,2026-03-17 17:14:42.405143,2026-03-18 07:28:42.229007,2026-03-19 14:35:00.634328,Delivered,Closed,SHP037,Shipper 037,Marketplace,Central Java,ST11_Yogyakarta,HB04_CTG_NATIONAL,Jabodetabek,ST02_JKT_West,HB01_JKT_GATEWAY,Inter-Region,Regular,COD,CR101,Truck,0.89,0.96,0.96,1357852,20320,17693,8,1,0,,25.0,72,1,0,,1,0,,0,,40.89,1.49,8.27,ST02_JKT_West,
SHPM004593,AWB260004593,2026-03-17 09:27:23.713541,2026-03-17 09:55:23.713541,2026-03-17 10:19:23.713541,2026-03-17 11:56:39.225650,2026-03-17 13:00:39.225650,2026-03-17 13:44:39.225650,2026-03-17 16:25:58.261846,2026-03-18 02:00:14.056484,2026-03-18 11:30:50.777706,2026-03-19 02:43:34.283144,2026-03-19 08:14:26.108406,2026-03-20 09:27:23.713541,Delivered,Closed,SHP027,Shipper 027,SME,Jabodetabek,ST05_Tangerang,HB01_JKT_GATEWAY,East Java,ST13_Malang,HB03_SBY_GATEWAY,Inter-Region,Regular,Prepaid,CR047,Bike,0.75,0.7,0.75,207049,15375,10915,8,1,0,,64.0,72,1,0,,1,0,,0,,46.78,2.69,9.51,ST13_Malang,
SHPM004594,AWB260004594,2026-02-28 21:12:07.083313,2026-02-28 21:43:07.083313,2026-02-28 21:59:07.083313,2026-03-01 00:39:12.175979,2026-03-01 01:30:12.175979,2026-03-01 02:51:12.175979,2026-03-01 07:49:21.059881,2026-03-01 12:24:37.067479,2026-03-02 05:31:46.124341,2026-03-02 10:53:16.478722,2026-03-03 00:03:07.941972,2026-03-01 21:12:07.083313,Delivered,Closed,SHP051,Shipper 051,Marketplace,Outer Java,ST19_Denpasar,HB06_EASTERN_GATEWAY,Outer Java,ST20_Banjarmasin,HB06_EASTERN_GATEWAY,Intra-Region,Next Day,COD,CR176,Bike,2.26,3.39,3.39,316083,39255,31348,4,1,0,,51.0,24,0,0,,1,0,,0,,50.85,4.97,17.12,ST20_Banjarmasin,Hub Bottleneck
SHPM004595,AWB260004595,2026-02-25 03:28:25.907314,2026-02-25 03:43:25.907314,2026-02-25 04:32:25.907314,2026-02-25 06:24:28.128777,2026-02-25 06:44:28.128777,2026-02-25 08:32:28.128777,2026-02-25 14:29:23.556095,2026-02-25 21:54:36.484412,2026-02-26 04:57:38.916936,2026-02-26 10:09:49.864343,2026-02-26 14:44:08.467322,2026-02-26 15:28:25.907314,Delivered,Closed,SHP084,Shipper 084,Enterprise,Central Java,ST10_Solo,HB04_CTG_NATIONAL,East Java,ST12_Surabaya,HB03_SBY_GATEWAY,Inter-Region,Next Day,Prepaid,CR096,Van,0.3,0.31,0.31,545865,21395,13823,4,1,0,,20.0,36,1,0,,1,0,,0,,35.26,5.95,7.05,ST12_Surabaya,
SHPM004596,AWB260004596,2026-02-21 22:03:25.518869,2026-02-21 22:20:25.518869,2026-02-21 23:09:25.518869,2026-02-22 06:07:05.335508,2026-02-22 06:32:05.335508,2026-02-22 07:36:05.335508,2026-02-22 10:12:14.107304,2026-02-22 15:27:30.293032,2026-02-23 02:57:06.770561,2026-02-23 11:03:54.709365,,2026-02-24 22:03:25.518869,Delivery Exception,Exception,SHP003,Shipper 003,Marketplace,Outer Java,ST20_Banjarmasin,HB06_EASTERN_GATEWAY,West Java,ST06_Bandung,HB01_JKT_GATEWAY,Inter-Region,Regular,Prepaid,CR188,Bike,0.2,0.28,0.28,532227,13260,10660,8,1,0,,25.0,72,0,1,Customer Reschedule,2,0,,0,,1045.94,2.6,11.49,ST06_Bandung,Hub Bottleneck
SHPM004597,AWB260004597,2026-03-20 05:41:13.883274,2026-03-20 06:12:13.883274,2026-03-20 06:29:13.883274,2026-03-20 09:55:17.069782,2026-03-20 10:50:17.069782,2026-03-20 11:06:17.069782,2026-03-20 15:39:03.915648,2026-03-21 00:56:26.470395,2026-03-21 04:11:24.108348,2026-03-21 10:30:25.790392,2026-03-21 21:52:31.940686,2026-03-21 17:41:13.883274,Delivered,Closed,SHP023,Shipper 023,Enterprise,West Java,ST08_Bogor,HB01_JKT_GATEWAY,Outer Java,ST20_Banjarmasin,HB06_EASTERN_GATEWAY,Inter-Region,Next Day,Prepaid,CR078,Van,0.29,0.27,0.29,2921800,21305,15434,4,1,0,,55.0,36,0,0,,1,0,,0,,40.19,4.55,3.25,ST20_Banjarmasin,Remote Area
SHPM004598,AWB260004598,2026-03-11 02:35:49.021087,2026-03-11 02:44:49.021087,2026-03-11 02:51:49.021087,2026-03-11 03:55:26.559761,2026-03-11 04:40:26.559761,2026-03-11 06:04:26.559761,2026-03-11 07:07:20.303249,2026-03-11 13:41:01.520576,2026-03-11 17:30:37.134404,2026-03-12 10:23:52.145313,2026-03-12 15:34:47.712802,2026-03-12 14:35:49.021087,Delivered,Closed,SHP007,Shipper 007,SME,Jabodetabek,ST05_Tangerang,HB01_JKT_GATEWAY,West Java,ST06_Bandung,HB01_JKT_GATEWAY,Inter-Region,Next Day,COD,CR047,Truck,1.15,1.11,1.15,915001,29175,20750,4,1,0,,45.0,36,0,0,,1,0,,0,,36.98,1.05,3.83,ST06_Bandung,Last Mile Delay
SHPM004599,AWB260004599,2026-03-27 19:13:26.791183,2026-03-27 19:18:26.791183,2026-03-27 19:56:26.791183,2026-03-28 00:48:01.682716,2026-03-28 02:28:01.682716,2026-03-28 03:01:01.682716,2026-03-28 07:16:33.010662,2026-03-28 14:06:59.525112,2026-03-29 00:46:17.831482,2026-03-29 07:14:25.536812,,2026-03-30 19:13:26.791183,Delivery Exception,Exception,SHP072,Shipper 072,Enterprise,Outer Java,ST18_Balikpapan,HB06_EASTERN_GATEWAY,Central Java,ST10_Solo,HB04_CTG_NATIONAL,Inter-Region,Regular,COD,CR171,Van,3.95,3.68,3.95,631382,33775,29137,8,1,0,,100.0,72,0,1,Remote Area Delay,2,0,,0,,232.78,4.26,10.66,ST10_Solo,Hub Bottleneck
SHPM004600,AWB260004600,2026-03-25 12:10:56.181684,2026-03-25 12:22:56.181684,2026-03-25 12:54:56.181684,2026-03-25 15:34:21.838046,2026-03-25 16:30:21.838046,2026-03-25 18:15:21.838046,2026-03-26 00:08:03.214837,2026-03-26 02:09:45.434739,2026-03-26 06:37:21.949720,2026-03-26 22:59:01.198651,2026-03-27 02:18:43.534155,2026-03-27 00:10:56.181684,Delivered,Closed,SHP061,Shipper 061,Enterprise,Outer Java,ST17_Makassar,HB06_EASTERN_GATEWAY,Jabodetabek,ST01_JKT_Central,HB01_JKT_GATEWAY,Inter-Region,Next Day,COD,CR154,Bike,1.61,1.94,1.94,1091659,32730,28689,4,1,0,,56.0,36,0,0,,1,0,,0,,38.13,5.88,4.46,ST01_JKT_Central,Last Mile Delay
SHPM004601,AWB260004601,2026-03-24 06:17:27.114935,2026-03-24 06:34:27.114935,2026-03-24 07:01:27.114935,2026-03-24 09:09:57.922015,2026-03-24 10:24:57.922015,2026-03-24 10:43:57.922015,2026-03-24 14:36:09.752808,2026-03-24 23:10:51.252461,2026-03-25 04:00:44.795986,2026-03-25 14:11:04.603522,2026-03-25 23:34:15.784288,2026-03-27 06:17:27.114935,Delivered,Closed,SHP058,Shipper 058,Enterprise,Jabodetabek,ST01_JKT_Central,HB01_JKT_GATEWAY,West Java,ST06_Bandung,HB01_JKT_GATEWAY,Inter-Region,Regular,Prepaid,CR003,Bike,1.39,1.56,1.56,2217783,19020,17786,8,1,0,,75.0,72,1,0,,1,0,,0,,41.28,3.87,4.83,ST06_Bandung,
SHPM004602,AWB260004602,2026-03-10 02:15:18.648707,2026-03-10 02:50:18.648707,2026-03-10 03:18:18.648707,2026-03-10 06:28:54.319890,2026-03-10 07:11:54.319890,2026-03-10 07:32:54.319890,2026-03-10 12:40:46.156764,2026-03-10 15:05:09.830275,2026-03-10 19:16:51.876889,2026-03-11 02:10:43.224012,2026-03-11 07:05:27.339776,2026-03-11 02:15:18.648707,Delivered,Closed,SHP062,Shipper 062,Enterprise,Jabodetabek,ST04_Bekasi,HB01_JKT_GATEWAY,Jabodetabek,ST05_Tangerang,HB01_JKT_GATEWAY,Intra-Region,Next Day,COD,CR042,Bike,1.71,2.49,2.49,476485,35205,22713,4,1,0,,43.0,24,0,0,,1,0,,0,,28.84,5.13,4.2,ST05_Tangerang,Last Mile Delay
SHPM004603,AWB260004603,2026-03-14 22:21:24.748408,2026-03-14 22:53:24.748408,2026-03-14 23:13:24.748408,2026-03-15 01:16:58.894057,2026-03-15 02:25:58.894057,2026-03-15 04:19:58.894057,2026-03-15 08:16:08.971985,2026-03-15 14:30:23.350869,2026-03-15 21:07:38.194857,2026-03-16 14:40:19.636014,2026-03-16 16:51:12.032231,2026-03-15 14:21:24.748408,Delivered,Closed,SHP082,Shipper 082,SME,Outer Java,ST19_Denpasar,HB06_EASTERN_GATEWAY,West Java,ST06_Bandung,HB01_JKT_GATEWAY,Inter-Region,Same Day,Prepaid,CR178,Van,3.36,3.68,3.68,234227,43560,25480,2,0,0,,69.0,16,0,0,,1,0,,0,,42.5,3.94,6.62,ST06_Bandung,First Mile Delay
SHPM004604,AWB260004604,2026-03-11 20:15:13.994115,2026-03-11 20:41:13.994115,2026-03-11 21:29:13.994115,2026-03-11 23:01:39.481127,2026-03-11 23:43:39.481127,2026-03-12 00:15:39.481127,2026-03-12 06:03:14.414228,2026-03-12 12:36:46.270623,2026-03-13 02:53:34.774334,2026-03-13 14:10:48.744742,,2026-03-13 08:15:13.994115,Delivery Exception,Exception,SHP020,Shipper 020,SME,East Java,ST14_Kediri,HB03_SBY_GATEWAY,Central Java,ST11_Yogyakarta,HB04_CTG_NATIONAL,Inter-Region,Next Day,Prepaid,CR136,Bike,2.31,3.51,3.51,663473,35795,22864,4,1,0,,42.0,36,0,1,Customer Not Home,1,0,,0,,615.75,5.79,14.28,ST11_Yogyakarta,Hub Bottleneck
SHPM004605,AWB260004605,2026-02-16 08:38:29.146380,2026-02-16 08:52:29.146380,2026-02-16 09:24:29.146380,2026-02-16 11:43:05.407164,2026-02-16 12:37:05.407164,2026-02-16 12:55:05.407164,2026-02-16 16:38:53.543882,2026-02-16 23:52:26.972624,2026-02-17 12:11:49.809515,2026-02-17 21:51:30.906270,2026-02-18 10:27:10.386217,2026-02-17 20:38:29.146380,Delivered,Closed,SHP058,Shipper 058,Enterprise,Jabodetabek,ST01_JKT_Central,HB01_JKT_GATEWAY,Outer Java,ST16_Palembang,HB05_SUMATRA_GATEWAY,Inter-Region,Next Day,Prepaid,CR005,Bike,0.85,0.79,0.85,446101,23825,13657,4,1,0,,54.0,36,0,0,,1,0,,0,,49.81,3.73,12.32,ST16_Palembang,Hub Bottleneck
SHPM004606,AWB260004606,2026-02-23 03:49:25.927495,2026-02-23 04:23:25.927495,2026-02-23 05:04:25.927495,2026-02-23 07:05:47.509337,2026-02-23 07:25:47.509337,2026-02-23 08:53:47.509337,2026-02-23 12:05:05.405473,2026-02-23 21:19:50.236964,2026-02-24 03:07:18.925210,2026-02-24 13:38:04.097022,2026-02-24 16:59:59.419866,2026-02-24 15:49:25.927495,Delivered,Closed,SHP061,Shipper 061,Enterprise,Outer Java,ST17_Makassar,HB06_EASTERN_GATEWAY,Central Java,ST09_Semarang,HB04_CTG_NATIONAL,Inter-Region,Next Day,COD,CR157,Bike,1.63,1.81,1.81,329775,32145,20188,4,1,0,,20.0,36,0,0,,1,0,,0,,37.18,3.19,5.79,ST09_Semarang,Last Mile Delay
SHPM004607,AWB260004607,2026-03-02 23:29:00.711490,2026-03-03 00:14:00.711490,2026-03-03 00:51:00.711490,2026-03-03 07:42:44.082765,2026-03-03 08:10:44.082765,2026-03-03 08:30:44.082765,2026-03-03 11:12:48.380733,2026-03-03 15:02:11.208227,2026-03-03 22:05:17.421794,2026-03-04 14:05:25.885332,2026-03-04 23:50:06.496373,2026-03-05 23:29:00.711490,Delivered,Closed,SHP095,Shipper 095,Enterprise,Central Java,ST11_Yogyakarta,HB04_CTG_NATIONAL,Jabodetabek,ST05_Tangerang,HB01_JKT_GATEWAY,Inter-Region,Regular,Prepaid,CR103,Van,4.91,4.48,4.91,2426594,34095,22133,8,1,0,,28.0,72,1,0,,1,0,,0,,48.35,2.7,7.05,ST05_Tangerang,
SHPM004608,AWB260004608,2026-03-01 07:31:31.488130,2026-03-01 07:36:31.488130,2026-03-01 08:32:31.488130,,,,,,,,,2026-03-02 19:31:31.488130,Failed Pickup,Exception,SHP090,Shipper 090,Enterprise,East Java,ST12_Surabaya,HB03_SBY_GATEWAY,Outer Java,ST16_Palembang,HB05_SUMATRA_GATEWAY,Inter-Region,Next Day,COD,CR113,Van,2.51,2.75,2.75,2593110,36375,33311,4,0,1,Schedule Miss,,36,0,0,,0,0,,0,,868.47,,,ST12_Surabaya,
SHPM004609,AWB260004609,2026-04-01 03:54:35.042432,2026-04-01 04:31:35.042432,2026-04-01 04:57:35.042432,2026-04-01 07:50:39.461885,2026-04-01 09:00:39.461885,2026-04-01 09:23:39.461885,2026-04-01 13:42:53.116998,2026-04-01 21:53:05.742113,2026-04-02 03:35:00.464334,2026-04-02 14:17:04.300939,2026-04-02 19:52:18.378189,2026-04-04 03:54:35.042432,Delivered,Closed,SHP026,Shipper 026,Marketplace,Outer Java,ST18_Balikpapan,HB06_EASTERN_GATEWAY,Central Java,ST10_Solo,HB04_CTG_NATIONAL,Inter-Region,Regular,Prepaid,CR165,Van,0.98,0.89,0.98,389891,16410,12617,8,1,0,,70.0,72,1,0,,1,0,,0,,39.96,4.32,5.7,ST10_Solo,
SHPM004610,AWB260004610,2026-02-18 04:36:42.092301,2026-02-18 05:19:42.092301,2026-02-18 05:55:42.092301,2026-02-18 12:35:47.764192,2026-02-18 13:21:47.764192,2026-02-18 13:55:47.764192,2026-02-18 16:10:47.411811,2026-02-18 23:49:08.411956,2026-02-19 01:55:46.062488,2026-02-19 13:40:11.374142,2026-02-19 21:21:58.825540,2026-02-21 04:36:42.092301,Delivered,Closed,SHP096,Shipper 096,Marketplace,Jabodetabek,ST05_Tangerang,HB01_JKT_GATEWAY,Outer Java,ST19_Denpasar,HB06_EASTERN_GATEWAY,Inter-Region,Regular,Prepaid,CR051,Van,1.06,0.95,1.06,516209,16770,14527,8,1,0,,46.0,72,1,0,,1,0,,0,,40.75,2.25,2.11,ST19_Denpasar,
SHPM004611,AWB260004611,2026-02-18 08:28:51.395797,2026-02-18 08:40:51.395797,2026-02-18 09:19:51.395797,2026-02-18 10:35:25.169724,2026-02-18 10:46:25.169724,2026-02-18 12:36:25.169724,2026-02-18 15:36:02.860129,2026-02-19 00:37:37.030754,2026-02-19 06:59:33.078147,2026-02-19 21:04:05.474590,2026-02-19 22:02:03.631620,2026-02-19 00:28:51.395797,Delivered,Closed,SHP074,Shipper 074,Enterprise,Outer Java,ST16_Palembang,HB05_SUMATRA_GATEWAY,West Java,ST07_Cirebon,HB02_BDG_TRANSIT,Inter-Region,Same Day,Prepaid,CR150,Bike,0.78,0.97,0.97,422384,31365,27420,2,1,0,,11.0,16,0,0,,1,0,,0,,37.55,2.99,6.37,ST07_Cirebon,Last Mile Delay
SHPM004612,AWB260004612,2026-03-17 20:47:01.037736,2026-03-17 20:54:01.037736,2026-03-17 21:13:01.037736,2026-03-17 22:46:07.034661,2026-03-17 23:28:07.034661,2026-03-18 00:03:07.034661,2026-03-18 03:38:17.206876,2026-03-18 12:54:24.082738,2026-03-18 21:35:36.988765,2026-03-19 08:42:45.136365,2026-03-19 12:58:48.711960,2026-03-18 12:47:01.037736,Delivered,Closed,SHP002,Shipper 002,Enterprise,Jabodetabek,ST01_JKT_Central,HB01_JKT_GATEWAY,Outer Java,ST19_Denpasar,HB06_EASTERN_GATEWAY,Inter-Region,Same Day,Prepaid,CR005,Truck,1.72,1.82,1.82,955416,35190,24122,2,1,0,,42.0,16,0,0,,1,0,,0,,40.2,3.59,8.69,ST19_Denpasar,Remote Area
SHPM004613,AWB260004613,2026-03-23 22:59:09.215580,2026-03-23 23:30:09.215580,2026-03-24 00:24:09.215580,2026-03-24 04:56:56.083451,2026-03-24 05:39:56.083451,2026-03-24 07:18:56.083451,2026-03-24 17:36:28.398722,2026-03-25 02:54:40.120205,2026-03-25 19:28:56.296947,2026-03-26 12:48:44.524492,2026-03-26 20:31:59.804439,2026-03-25 10:59:09.215580,Delivered,Closed,SHP060,Shipper 060,Enterprise,East Java,ST12_Surabaya,HB03_SBY_GATEWAY,West Java,ST07_Cirebon,HB02_BDG_TRANSIT,Inter-Region,Next Day,Prepaid,CR110,Bike,0.43,0.46,0.46,181908,22070,13896,4,0,0,,43.0,36,0,0,,1,0,,0,,69.55,10.29,16.57,ST07_Cirebon,First Mile Delay
SHPM004614,AWB260004614,2026-02-24 06:17:03.024544,2026-02-24 06:23:03.024544,2026-02-24 06:28:03.024544,2026-02-24 10:56:15.045412,2026-02-24 11:10:15.045412,2026-02-24 12:19:15.045412,2026-02-24 13:29:44.894829,2026-02-24 18:05:32.955741,2026-02-24 23:44:59.413100,2026-02-25 04:21:35.022613,2026-02-25 11:24:27.984597,2026-02-25 06:17:03.024544,Delivered,Closed,SHP045,Shipper 045,Marketplace,Jabodetabek,ST02_JKT_West,HB01_JKT_GATEWAY,Jabodetabek,ST05_Tangerang,HB01_JKT_GATEWAY,Intra-Region,Next Day,Prepaid,CR013,Bike,1.72,1.83,1.83,822533,28235,17696,4,0,0,,14.0,24,0,0,,1,0,,0,,29.12,1.17,5.66,ST05_Tangerang,First Mile Delay
SHPM004615,AWB260004615,2026-03-05 16:57:37.845823,2026-03-05 17:25:37.845823,2026-03-05 17:39:37.845823,2026-03-05 21:59:37.823997,2026-03-05 22:07:37.823997,2026-03-05 23:25:37.823997,2026-03-06 03:53:46.775012,2026-03-06 10:17:20.113104,2026-03-06 18:16:16.625078,2026-03-07 00:37:40.373183,2026-03-07 10:38:49.372257,2026-03-07 04:57:37.845823,Delivered,Closed,SHP029,Shipper 029,SME,Outer Java,ST18_Balikpapan,HB06_EASTERN_GATEWAY,West Java,ST08_Bogor,HB01_JKT_GATEWAY,Inter-Region,Next Day,Prepaid,CR164,Bike,1.55,1.53,1.55,461473,26975,17447,4,0,0,,8.0,36,0,0,,1,0,,0,,41.69,4.47,7.98,ST08_Bogor,First Mile Delay
SHPM004616,AWB260004616,2026-02-16 19:02:57.662036,2026-02-16 19:46:57.662036,2026-02-16 20:24:57.662036,2026-02-16 22:58:38.021053,2026-02-16 23:44:38.021053,2026-02-17 01:12:38.021053,2026-02-17 02:28:12.651180,2026-02-17 05:43:57.345322,2026-02-17 11:59:47.153246,2026-02-17 18:27:29.504408,2026-02-18 00:04:35.061400,2026-02-18 07:02:57.662036,Delivered,Closed,SHP076,Shipper 076,Enterprise,West Java,ST06_Bandung,HB01_JKT_GATEWAY,Jabodetabek,ST03_JKT_East,HB01_JKT_GATEWAY,Inter-Region,Next Day,Prepaid,CR055,Bike,1.18,1.2,1.2,1593633,25400,22016,4,1,0,,46.0,36,1,0,,1,0,,0,,29.03,1.26,6.26,ST03_JKT_East,
SHPM004617,AWB260004617,2026-03-15 20:42:23.070782,2026-03-15 21:21:23.070782,2026-03-15 22:01:23.070782,2026-03-15 23:45:19.807867,2026-03-16 00:39:19.807867,2026-03-16 02:00:19.807867,2026-03-16 07:59:33.594120,2026-03-16 10:47:36.301303,2026-03-16 17:33:10.283488,2026-03-17 05:36:17.103210,2026-03-17 06:58:21.556502,2026-03-16 12:42:23.070782,Delivered,Closed,SHP042,Shipper 042,Marketplace,Jabodetabek,ST02_JKT_West,HB01_JKT_GATEWAY,Outer Java,ST20_Banjarmasin,HB06_EASTERN_GATEWAY,Inter-Region,Same Day,COD,CR016,Van,1.38,1.36,1.38,872463,37210,34460,2,0,0,,54.0,16,0,0,,1,0,,0,,34.27,5.99,6.76,ST20_Banjarmasin,First Mile Delay
SHPM004618,AWB260004618,2026-02-25 20:46:57.561579,2026-02-25 21:12:57.561579,2026-02-25 21:59:57.561579,2026-02-26 05:41:23.939132,2026-02-26 06:13:23.939132,2026-02-26 08:09:23.939132,2026-02-26 11:12:31.233073,2026-02-26 15:36:28.474370,2026-02-26 21:01:28.421935,2026-02-27 07:14:38.648413,2026-02-27 23:09:28.223798,2026-02-28 20:46:57.561579,Delivered,Closed,SHP015,Shipper 015,Marketplace,West Java,ST06_Bandung,HB01_JKT_GATEWAY,Central Java,ST09_Semarang,HB04_CTG_NATIONAL,Inter-Region,Regular,Prepaid,CR056,Bike,0.73,1.15,1.15,1119166,17175,9966,8,0,0,,32.0,72,1,0,,1,0,,0,,50.38,3.05,5.42,ST09_Semarang,
SHPM004619,AWB260004619,2026-03-25 01:49:58.178990,2026-03-25 02:22:58.178990,2026-03-25 03:23:58.178990,2026-03-25 06:26:03.895364,2026-03-25 07:42:03.895364,2026-03-25 08:07:03.895364,2026-03-25 13:41:00.417847,2026-03-25 16:51:20.794346,2026-03-26 05:08:23.374474,2026-03-26 11:37:51.787755,2026-03-26 12:45:56.490026,2026-03-25 17:49:58.178990,Delivered,Closed,SHP068,Shipper 068,Marketplace,East Java,ST12_Surabaya,HB03_SBY_GATEWAY,Jabodetabek,ST04_Bekasi,HB01_JKT_GATEWAY,Inter-Region,Same Day,Prepaid,CR111,Van,1.95,2.12,2.12,783416,36540,34271,2,0,0,,76.0,16,0,0,,1,0,,0,,34.93,5.57,12.28,ST04_Bekasi,First Mile Delay
SHPM004620,AWB260004620,2026-03-10 22:39:57.125508,2026-03-10 23:06:57.125508,2026-03-10 23:33:57.125508,2026-03-11 07:51:02.617491,2026-03-11 08:15:02.617491,2026-03-11 10:04:02.617491,2026-03-11 11:52:30.154372,2026-03-11 14:12:20.421532,2026-03-11 22:51:27.362355,2026-03-12 04:57:22.884667,2026-03-12 18:07:20.980560,2026-03-13 22:39:57.125508,Delivered,Closed,SHP011,Shipper 011,Enterprise,Jabodetabek,ST03_JKT_East,HB01_JKT_GATEWAY,West Java,ST06_Bandung,HB01_JKT_GATEWAY,Inter-Region,Regular,Prepaid,CR029,Truck,3.13,3.09,3.13,679967,26085,22340,8,0,0,,24.0,72,1,0,,1,0,,0,,43.46,1.81,8.65,ST06_Bandung,
SHPM004621,AWB260004621,2026-03-23 01:57:52.452435,2026-03-23 02:20:52.452435,2026-03-23 02:46:52.452435,2026-03-23 10:51:59.736070,2026-03-23 11:38:59.736070,2026-03-23 13:16:59.736070,2026-03-23 14:59:30.241660,2026-03-23 21:04:04.002300,2026-03-24 11:56:18.692955,2026-03-24 22:08:19.364153,2026-03-25 21:43:02.827369,2026-03-26 01:57:52.452435,Delivered,Closed,SHP014,Shipper 014,Enterprise,Jabodetabek,ST05_Tangerang,HB01_JKT_GATEWAY,Outer Java,ST19_Denpasar,HB06_EASTERN_GATEWAY,Inter-Region,Regular,Prepaid,CR046,Bike,0.77,0.87,0.87,712068,15915,8829,8,0,0,,47.0,72,1,0,,1,0,,0,,67.75,1.71,14.87,ST19_Denpasar,
SHPM004622,AWB260004622,2026-02-17 12:49:21.343981,2026-02-17 12:54:21.343981,2026-02-17 13:26:21.343981,2026-02-17 19:14:22.407008,2026-02-17 19:44:22.407008,2026-02-17 20:27:22.407008,2026-02-17 23:37:34.342794,2026-02-18 06:31:33.026170,2026-02-18 09:57:08.424087,2026-02-18 22:03:28.201621,2026-02-19 05:45:33.832450,2026-02-20 12:49:21.343981,Delivered,Closed,SHP063,Shipper 063,Enterprise,Jabodetabek,ST05_Tangerang,HB01_JKT_GATEWAY,West Java,ST07_Cirebon,HB02_BDG_TRANSIT,Inter-Region,Regular,Prepaid,CR046,Bike,0.95,1.18,1.18,1831561,17310,13955,8,1,0,,30.0,72,1,0,,1,0,,0,,40.94,3.17,3.43,ST07_Cirebon,
SHPM004623,AWB260004623,2026-03-24 16:10:18.145633,2026-03-24 16:53:18.145633,2026-03-24 17:18:18.145633,2026-03-25 00:52:14.349523,2026-03-25 01:13:14.349523,2026-03-25 02:52:14.349523,2026-03-25 06:12:55.478188,2026-03-25 09:05:51.409500,2026-03-25 13:45:39.092762,2026-03-27 08:57:58.542698,2026-03-27 13:03:02.291755,2026-03-27 16:10:18.145633,Delivered,Closed,SHP052,Shipper 052,Marketplace,Jabodetabek,ST04_Bekasi,HB01_JKT_GATEWAY,East Java,ST14_Kediri,HB03_SBY_GATEWAY,Inter-Region,Regular,COD,CR034,Van,0.94,0.88,0.94,638535,20230,15989,8,1,0,,21.0,72,1,0,,1,1,Weather Delay,0,,68.88,3.34,4.66,ST14_Kediri,
SHPM004624,AWB260004624,2026-02-20 12:14:28.748784,2026-02-20 12:47:28.748784,2026-02-20 13:47:28.748784,2026-02-20 19:26:55.661057,2026-02-20 20:45:55.661057,2026-02-20 21:50:55.661057,2026-02-21 05:24:37.845063,2026-02-21 09:04:29.011957,2026-02-21 11:25:22.136302,2026-02-21 23:08:11.780707,2026-02-22 04:48:05.791925,2026-02-22 00:14:28.748784,Delivered,Closed,SHP076,Shipper 076,Enterprise,West Java,ST07_Cirebon,HB02_BDG_TRANSIT,Central Java,ST09_Semarang,HB04_CTG_NATIONAL,Inter-Region,Next Day,Prepaid,CR067,Truck,0.82,0.96,0.96,738146,24320,21362,4,0,0,,79.0,36,0,0,,1,0,,0,,40.56,7.56,2.35,ST09_Semarang,First Mile Delay
SHPM004625,AWB260004625,2026-02-15 20:18:01.036967,2026-02-15 21:03:01.036967,2026-02-15 21:36:01.036967,2026-02-15 21:44:31.210204,2026-02-15 22:33:31.210204,2026-02-15 23:13:31.210204,2026-02-16 03:02:31.937298,2026-02-16 07:31:54.548043,2026-02-16 12:55:53.184443,2026-02-17 06:48:20.175860,2026-02-17 11:13:59.145827,2026-02-16 12:18:01.036967,Delivered,Closed,SHP030,Shipper 030,Enterprise,Jabodetabek,ST05_Tangerang,HB01_JKT_GATEWAY,West Java,ST06_Bandung,HB01_JKT_GATEWAY,Inter-Region,Same Day,Prepaid,CR049,Bike,0.63,0.86,0.86,1709057,30870,27742,2,1,0,,49.0,16,0,0,,1,0,,0,,38.93,3.82,5.4,ST06_Bandung,Last Mile Delay
SHPM004626,AWB260004626,2026-03-03 16:05:04.562989,2026-03-03 16:16:04.562989,2026-03-03 16:46:04.562989,2026-03-03 18:59:50.715640,2026-03-03 19:45:50.715640,2026-03-03 20:49:50.715640,2026-03-03 22:45:23.778396,2026-03-04 06:12:09.040334,2026-03-04 12:26:48.966380,2026-03-04 22:37:37.028249,2026-03-05 08:40:36.385463,2026-03-05 04:05:04.562989,Delivered,Closed,SHP030,Shipper 030,Enterprise,Jabodetabek,ST01_JKT_Central,HB01_JKT_GATEWAY,Outer Java,ST20_Banjarmasin,HB06_EASTERN_GATEWAY,Inter-Region,Next Day,COD,CR007,Truck,0.91,1.01,1.01,869921,28545,17170,4,1,0,,46.0,36,0,0,,1,0,,0,,40.59,1.93,6.24,ST20_Banjarmasin,Remote Area
SHPM004627,AWB260004627,2026-03-03 01:56:41.737336,2026-03-03 02:21:41.737336,2026-03-03 02:56:41.737336,2026-03-03 05:31:33.435116,2026-03-03 06:21:33.435116,2026-03-03 07:54:33.435116,2026-03-03 09:25:31.229632,2026-03-03 18:59:47.153660,2026-03-04 03:55:00.673494,2026-03-04 08:55:58.264407,2026-03-04 13:36:26.076639,2026-03-04 13:56:41.737336,Delivered,Closed,SHP022,Shipper 022,Marketplace,Central Java,ST09_Semarang,HB04_CTG_NATIONAL,East Java,ST12_Surabaya,HB03_SBY_GATEWAY,Inter-Region,Next Day,COD,CR087,Bike,0.92,0.91,0.92,1915829,28140,17681,4,1,0,,50.0,36,1,0,,1,0,,0,,35.66,1.52,8.92,ST12_Surabaya,
SHPM004628,AWB260004628,2026-03-17 06:12:14.114697,2026-03-17 06:44:14.114697,2026-03-17 06:49:14.114697,2026-03-17 08:00:56.245211,2026-03-17 08:44:56.245211,2026-03-17 09:53:56.245211,2026-03-17 15:36:57.240380,2026-03-17 20:03:09.963748,2026-03-17 22:20:34.872774,2026-03-18 01:21:27.677586,2026-03-18 05:03:05.040790,2026-03-17 16:12:14.114697,Delivered,Closed,SHP092,Shipper 092,Marketplace,Jabodetabek,ST01_JKT_Central,HB01_JKT_GATEWAY,Jabodetabek,ST04_Bekasi,HB01_JKT_GATEWAY,Intra-Region,Same Day,COD,CR001,Bike,0.51,0.53,0.53,1844939,33385,28783,2,1,0,,44.0,10,0,0,,1,0,,0,,22.85,5.72,2.29,ST04_Bekasi,Last Mile Delay
SHPM004629,AWB260004629,2026-03-10 05:21:02.198104,2026-03-10 06:05:02.198104,2026-03-10 06:24:02.198104,2026-03-10 11:49:18.024404,2026-03-10 12:31:18.024404,2026-03-10 13:37:18.024404,2026-03-10 17:04:57.941703,2026-03-10 20:46:26.823005,2026-03-11 02:57:03.265942,2026-03-12 17:25:14.413417,2026-03-13 00:53:58.853004,2026-03-13 05:21:02.198104,Delivered,Closed,SHP071,Shipper 071,Enterprise,Jabodetabek,ST04_Bekasi,HB01_JKT_GATEWAY,West Java,ST06_Bandung,HB01_JKT_GATEWAY,Inter-Region,Regular,Prepaid,CR040,Bike,0.63,0.66,0.66,1126974,14970,8571,8,1,0,,42.0,72,1,0,,1,1,Invalid Address,0,,67.55,3.46,6.18,ST06_Bandung,
SHPM004630,AWB260004630,2026-03-26 22:24:25.946412,2026-03-26 23:00:25.946412,2026-03-26 23:17:25.946412,2026-03-27 07:06:08.399775,2026-03-27 08:01:08.399775,2026-03-27 09:26:08.399775,2026-03-27 11:30:24.298351,2026-03-27 16:25:21.224790,2026-03-28 00:28:33.647899,2026-03-28 11:16:09.057823,2026-03-28 16:57:47.694529,2026-03-29 22:24:25.946412,Delivered,Closed,SHP014,Shipper 014,Enterprise,Jabodetabek,ST05_Tangerang,HB01_JKT_GATEWAY,Central Java,ST09_Semarang,HB04_CTG_NATIONAL,Inter-Region,Regular,Prepaid,CR053,Van,1.65,1.63,1.65,473492,19425,15464,8,0,0,,55.0,72,1,0,,1,0,,0,,42.56,2.07,8.05,ST09_Semarang,
SHPM004631,AWB260004631,2026-03-30 19:47:05.553760,2026-03-30 20:00:05.553760,2026-03-30 20:19:05.553760,2026-03-31 02:18:09.005111,2026-03-31 02:52:09.005111,2026-03-31 03:09:09.005111,2026-03-31 06:52:42.150119,2026-03-31 15:00:52.880482,2026-03-31 21:01:52.253546,2026-04-01 05:06:29.860152,2026-04-01 16:10:19.860261,2026-04-02 19:47:05.553760,Delivered,Closed,SHP035,Shipper 035,Enterprise,Jabodetabek,ST04_Bekasi,HB01_JKT_GATEWAY,West Java,ST08_Bogor,HB01_JKT_GATEWAY,Inter-Region,Regular,COD,CR041,Bike,2.84,2.56,2.84,2156538,28780,15832,8,1,0,,34.0,72,1,0,,1,0,,0,,44.39,3.73,6.02,ST08_Bogor,
SHPM004632,AWB260004632,2026-03-09 19:46:22.761553,2026-03-09 20:24:22.761553,2026-03-09 20:33:22.761553,2026-03-10 00:07:53.994761,2026-03-10 00:53:53.994761,2026-03-10 01:36:53.994761,2026-03-10 07:18:00.293212,2026-03-10 09:44:59.767858,2026-03-10 19:27:16.513371,2026-03-11 11:35:12.002454,2026-03-11 21:13:17.975688,2026-03-11 07:46:22.761553,Delivered,Closed,SHP070,Shipper 070,Enterprise,Jabodetabek,ST04_Bekasi,HB01_JKT_GATEWAY,Central Java,ST09_Semarang,HB04_CTG_NATIONAL,Inter-Region,Next Day,Prepaid,CR032,Van,0.46,0.44,0.46,227675,22070,17315,4,1,0,,46.0,36,0,0,,1,0,,0,,49.45,5.69,9.7,ST09_Semarang,Last Mile Delay
SHPM004633,AWB260004633,2026-02-27 13:26:41.324602,2026-02-27 13:37:41.324602,2026-02-27 14:17:41.324602,2026-02-27 18:16:25.221737,2026-02-27 18:29:25.221737,2026-02-27 18:53:25.221737,2026-02-28 00:02:13.082705,2026-02-28 01:33:07.923320,2026-02-28 11:03:15.841716,2026-02-28 17:05:04.095254,2026-02-28 23:34:54.730542,2026-03-01 13:26:41.324602,Delivered,Closed,SHP041,Shipper 041,SME,West Java,ST08_Bogor,HB01_JKT_GATEWAY,West Java,ST08_Bogor,HB01_JKT_GATEWAY,Intra-Region,Regular,Prepaid,CR077,Bike,0.57,0.63,0.63,2205572,14835,12389,8,1,0,,13.0,48,1,0,,1,0,,0,,34.14,5.15,9.5,ST08_Bogor,
SHPM004634,AWB260004634,2026-03-11 06:40:14.222996,2026-03-11 07:14:14.222996,2026-03-11 07:42:14.222996,2026-03-11 08:37:49.251246,2026-03-11 09:22:49.251246,2026-03-11 10:19:49.251246,2026-03-11 13:12:57.201988,2026-03-11 19:46:47.171811,2026-03-12 02:41:29.324432,2026-03-12 18:27:21.507668,2026-03-13 04:51:25.882936,2026-03-12 18:40:14.222996,Delivered,Closed,SHP029,Shipper 029,SME,Outer Java,ST18_Balikpapan,HB06_EASTERN_GATEWAY,East Java,ST12_Surabaya,HB03_SBY_GATEWAY,Inter-Region,Next Day,Prepaid,CR164,Bike,0.92,0.83,0.92,1853856,24140,20451,4,1,0,,45.0,36,0,0,,1,0,,0,,46.19,2.89,6.91,ST12_Surabaya,Last Mile Delay
SHPM004635,AWB260004635,2026-03-01 00:48:53.592887,2026-03-01 01:01:53.592887,2026-03-01 01:39:53.592887,2026-03-01 08:52:18.547188,2026-03-01 09:55:18.547188,2026-03-01 10:23:18.547188,2026-03-01 14:31:21.650422,2026-03-02 00:18:43.245093,2026-03-02 03:11:41.068034,2026-03-02 11:02:37.450631,2026-03-02 21:33:10.824477,2026-03-04 00:48:53.592887,Delivered,Closed,SHP076,Shipper 076,Enterprise,West Java,ST06_Bandung,HB01_JKT_GATEWAY,East Java,ST12_Surabaya,HB03_SBY_GATEWAY,Inter-Region,Regular,Prepaid,CR057,Bike,0.39,0.39,0.39,1224748,13755,9810,8,1,0,,63.0,72,1,0,,1,0,,0,,44.74,4.13,2.88,ST12_Surabaya,
SHPM004636,AWB260004636,2026-02-23 23:12:28.990471,2026-02-23 23:53:28.990471,2026-02-24 00:22:28.990471,2026-02-24 03:33:06.282838,2026-02-24 05:06:06.282838,2026-02-24 05:50:06.282838,2026-02-24 09:14:43.514111,2026-02-24 17:13:53.422569,2026-02-24 20:48:39.279921,2026-02-25 12:03:40.789172,2026-02-25 15:35:05.917113,2026-02-25 11:12:28.990471,Delivered,Closed,SHP072,Shipper 072,Enterprise,Outer Java,ST18_Balikpapan,HB06_EASTERN_GATEWAY,West Java,ST06_Bandung,HB01_JKT_GATEWAY,Inter-Region,Next Day,Prepaid,CR164,Bike,0.74,0.8,0.8,550985,23600,19863,4,1,0,,93.0,36,0,0,,1,0,,0,,40.38,3.41,3.58,ST06_Bandung,Last Mile Delay
SHPM004637,AWB260004637,2026-02-23 01:00:47.183576,2026-02-23 01:33:47.183576,2026-02-23 01:39:47.183576,2026-02-23 03:46:51.238344,2026-02-23 04:16:51.238344,2026-02-23 05:28:51.238344,2026-02-23 08:25:59.898984,2026-02-23 13:07:13.487229,2026-02-23 21:42:41.745207,2026-02-24 11:25:34.680520,2026-02-24 18:26:51.444851,2026-02-24 13:00:47.183576,Delivered,Closed,SHP048,Shipper 048,Enterprise,Outer Java,ST17_Makassar,HB06_EASTERN_GATEWAY,West Java,ST06_Bandung,HB01_JKT_GATEWAY,Inter-Region,Next Day,Prepaid,CR162,Truck,1.13,1.04,1.13,583367,25085,23409,4,1,0,,30.0,36,0,0,,1,0,,0,,41.43,2.95,8.59,ST06_Bandung,Last Mile Delay
SHPM004638,AWB260004638,2026-03-31 13:36:47.059127,2026-03-31 14:20:47.059127,2026-03-31 14:54:47.059127,2026-03-31 18:32:45.254568,2026-03-31 18:50:45.254568,2026-03-31 19:20:45.254568,2026-03-31 20:31:53.689760,2026-04-01 01:52:31.262491,2026-04-01 12:21:53.429592,2026-04-01 22:29:16.577405,2026-04-02 14:29:42.972767,2026-04-03 13:36:47.059127,Delivered,Closed,SHP033,Shipper 033,Marketplace,Jabodetabek,ST04_Bekasi,HB01_JKT_GATEWAY,West Java,ST07_Cirebon,HB02_BDG_TRANSIT,Inter-Region,Regular,COD,CR032,Van,0.36,0.38,0.38,1056224,17710,10555,8,1,0,,18.0,72,1,0,,1,0,,0,,48.88,1.19,10.49,ST07_Cirebon,
SHPM004639,AWB260004639,2026-02-26 00:12:52.846102,2026-02-26 00:54:52.846102,2026-02-26 01:22:52.846102,2026-02-26 02:33:58.360236,2026-02-26 03:25:58.360236,2026-02-26 04:13:58.360236,2026-02-26 09:15:00.802305,2026-02-26 18:03:34.424048,2026-02-27 03:05:38.158282,2026-02-27 17:23:32.939827,2026-02-27 21:33:25.407683,2026-02-26 16:12:52.846102,Delivered,Closed,SHP034,Shipper 034,Enterprise,Jabodetabek,ST01_JKT_Central,HB01_JKT_GATEWAY,East Java,ST14_Kediri,HB03_SBY_GATEWAY,Inter-Region,Same Day,COD,CR005,Bike,1.64,1.66,1.66,480650,38470,30190,2,1,0,,52.0,16,0,0,,1,0,,0,,45.34,5.02,9.03,ST14_Kediri,Last Mile Delay
SHPM004640,AWB260004640,2026-02-26 02:14:08.278223,2026-02-26 02:59:08.278223,2026-02-26 03:39:08.278223,2026-02-26 05:22:11.498145,2026-02-26 06:01:11.498145,2026-02-26 07:45:11.498145,2026-02-26 12:56:05.389919,2026-02-26 21:11:50.617247,2026-02-27 00:03:44.756786,2026-02-27 18:03:21.609233,2026-02-28 03:15:47.898565,2026-02-27 14:14:08.278223,Delivered,Closed,SHP058,Shipper 058,Enterprise,Jabodetabek,ST01_JKT_Central,HB01_JKT_GATEWAY,West Java,ST06_Bandung,HB01_JKT_GATEWAY,Inter-Region,Next Day,Prepaid,CR002,Van,1.99,1.91,1.99,309893,28955,27138,4,1,0,,39.0,36,0,0,,1,0,,0,,49.03,5.18,2.87,ST06_Bandung,Last Mile Delay
SHPM004641,AWB260004641,2026-02-20 20:11:49.863189,2026-02-20 20:42:49.863189,2026-02-20 21:12:49.863189,2026-02-21 00:17:11.461140,2026-02-21 00:36:11.461140,2026-02-21 01:20:11.461140,2026-02-21 04:33:52.743209,2026-02-21 06:59:45.376265,2026-02-21 12:50:40.210922,2026-02-21 18:23:50.913139,2026-02-21 22:24:25.039978,2026-02-22 08:11:49.863189,Delivered,Closed,SHP072,Shipper 072,Enterprise,Outer Java,ST15_Medan,HB05_SUMATRA_GATEWAY,Jabodetabek,ST01_JKT_Central,HB01_JKT_GATEWAY,Inter-Region,Next Day,Prepaid,CR142,Van,1.15,1.29,1.29,1587656,25805,21001,4,1,0,,19.0,36,1,0,,1,0,,0,,26.21,3.23,5.85,ST01_JKT_Central,
SHPM004642,AWB260004642,2026-03-16 11:30:40.291018,2026-03-16 12:06:40.291018,2026-03-16 12:36:40.291018,2026-03-16 13:57:05.958224,2026-03-16 14:05:05.958224,2026-03-16 15:51:05.958224,2026-03-16 18:20:25.026336,2026-03-17 00:04:18.238005,2026-03-17 05:01:23.896237,2026-03-17 17:59:52.374140,2026-03-17 21:40:57.893129,2026-03-17 23:30:40.291018,Delivered,Closed,SHP014,Shipper 014,Enterprise,Jabodetabek,ST02_JKT_West,HB01_JKT_GATEWAY,Central Java,ST10_Solo,HB04_CTG_NATIONAL,Inter-Region,Next Day,Prepaid,CR016,Truck,1.51,1.48,1.51,357556,26795,22996,4,1,0,,8.0,36,1,0,,1,0,,0,,34.17,2.49,4.95,ST10_Solo,
SHPM004643,AWB260004643,2026-03-24 18:41:30.127405,2026-03-24 19:14:30.127405,2026-03-24 19:32:30.127405,2026-03-24 20:19:59.879942,2026-03-24 20:40:59.879942,2026-03-24 22:16:59.879942,2026-03-25 03:26:55.202089,2026-03-25 08:09:33.138289,2026-03-25 15:47:39.161495,2026-03-25 21:48:00.083395,2026-03-26 01:09:47.950357,2026-03-25 10:41:30.127405,Delivered,Closed,SHP044,Shipper 044,Marketplace,Jabodetabek,ST05_Tangerang,HB01_JKT_GATEWAY,West Java,ST08_Bogor,HB01_JKT_GATEWAY,Inter-Region,Same Day,Prepaid,CR049,Bike,5.22,6.95,6.95,501817,58275,46275,2,1,0,,21.0,16,0,0,,1,0,,0,,30.47,5.17,7.64,ST08_Bogor,Last Mile Delay
SHPM004644,AWB260004644,2026-03-30 05:03:44.428941,2026-03-30 05:12:44.428941,2026-03-30 05:38:44.428941,2026-03-30 09:55:44.148428,2026-03-30 10:39:44.148428,2026-03-30 11:47:44.148428,2026-03-30 17:10:34.519345,2026-03-30 20:39:02.890089,2026-03-31 01:11:19.307969,2026-03-31 09:41:53.691583,2026-03-31 15:18:44.211389,2026-04-02 05:03:44.428941,Delivered,Closed,SHP036,Shipper 036,Marketplace,West Java,ST08_Bogor,HB01_JKT_GATEWAY,Jabodetabek,ST01_JKT_Central,HB01_JKT_GATEWAY,Inter-Region,Regular,COD,CR076,Bike,0.79,0.84,0.84,1424436,19780,13189,8,1,0,,44.0,72,1,0,,1,0,,0,,34.25,5.38,4.54,ST01_JKT_Central,
SHPM004645,AWB260004645,2026-03-21 00:07:28.701716,2026-03-21 00:40:28.701716,2026-03-21 01:36:28.701716,2026-03-21 04:21:28.338146,2026-03-21 05:56:28.338146,2026-03-21 06:54:28.338146,2026-03-21 16:13:20.379259,2026-03-22 00:15:36.232832,2026-03-22 23:22:09.287853,2026-03-23 11:25:45.932666,2026-03-24 03:00:57.721985,2026-03-24 00:07:28.701716,Delivered,Closed,SHP060,Shipper 060,Enterprise,East Java,ST12_Surabaya,HB03_SBY_GATEWAY,Jabodetabek,ST03_JKT_East,HB01_JKT_GATEWAY,Inter-Region,Regular,COD,CR107,Van,1.23,1.14,1.23,898691,21535,16863,8,1,0,,95.0,72,0,0,,1,0,,0,,74.89,9.31,23.11,ST03_JKT_East,Hub Bottleneck
SHPM004646,AWB260004646,2026-03-29 16:49:24.389250,2026-03-29 16:55:24.389250,2026-03-29 17:36:24.389250,2026-03-29 19:31:47.841792,2026-03-29 20:13:47.841792,2026-03-29 20:30:47.841792,2026-03-29 22:01:38.945567,2026-03-30 02:28:53.549797,2026-03-30 13:53:35.112421,2026-03-30 16:03:02.059338,2026-03-31 05:28:36.255217,2026-03-30 16:49:24.389250,Delivered,Closed,SHP008,Shipper 008,SME,Outer Java,ST16_Palembang,HB05_SUMATRA_GATEWAY,Outer Java,ST15_Medan,HB05_SUMATRA_GATEWAY,Intra-Region,Next Day,Prepaid,CR148,Bike,1.42,1.63,1.63,847061,27335,16743,4,1,0,,42.0,24,0,0,,1,0,,0,,36.65,1.51,11.41,ST15_Medan,Hub Bottleneck
SHPM004647,AWB260004647,2026-03-30 08:43:54.021892,2026-03-30 08:48:54.021892,2026-03-30 08:58:54.021892,2026-03-30 11:51:14.218697,2026-03-30 12:23:14.218697,2026-03-30 13:31:14.218697,2026-03-30 18:10:02.186351,2026-03-30 23:39:01.384958,2026-03-31 09:54:37.566855,2026-03-31 16:11:02.566492,2026-04-01 08:46:50.388034,2026-04-02 08:43:54.021892,Delivered,Closed,SHP013,Shipper 013,SME,Jabodetabek,ST01_JKT_Central,HB01_JKT_GATEWAY,East Java,ST12_Surabaya,HB03_SBY_GATEWAY,Inter-Region,Regular,COD,CR002,Van,1.29,2.11,2.11,235515,25495,15453,8,1,0,,32.0,72,1,0,,1,0,,0,,48.05,4.65,10.26,ST12_Surabaya,
SHPM004648,AWB260004648,2026-03-05 07:28:47.716109,2026-03-05 08:11:47.716109,2026-03-05 08:23:47.716109,2026-03-05 11:08:07.675669,2026-03-05 11:25:07.675669,2026-03-05 13:25:07.675669,2026-03-05 17:47:52.900354,2026-03-05 21:41:57.995273,2026-03-06 09:22:06.549610,2026-03-07 03:33:58.128439,2026-03-07 18:14:41.932085,2026-03-06 07:28:47.716109,Delivered,Closed,SHP082,Shipper 082,SME,Outer Java,ST19_Denpasar,HB06_EASTERN_GATEWAY,Outer Java,ST20_Banjarmasin,HB06_EASTERN_GATEWAY,Intra-Region,Next Day,COD,CR180,Van,0.7,0.67,0.7,2218972,27150,24744,4,1,0,,17.0,24,0,0,,1,1,Weather Delay,0,,58.77,4.38,11.67,ST20_Banjarmasin,Hub Bottleneck
SHPM004649,AWB260004649,2026-03-11 11:21:33.306265,2026-03-11 11:29:33.306265,2026-03-11 12:08:33.306265,2026-03-11 12:15:55.021727,2026-03-11 12:57:55.021727,2026-03-11 13:20:55.021727,2026-03-11 17:01:11.451583,2026-03-11 20:12:03.678782,2026-03-12 07:20:47.514547,2026-03-12 18:38:05.794184,2026-03-12 23:07:15.618927,2026-03-12 03:21:33.306265,Delivered,Closed,SHP002,Shipper 002,Enterprise,Jabodetabek,ST03_JKT_East,HB01_JKT_GATEWAY,East Java,ST12_Surabaya,HB03_SBY_GATEWAY,Inter-Region,Same Day,Prepaid,CR029,Bike,3.64,3.6,3.64,1777451,43380,34818,2,1,0,,42.0,16,0,0,,1,0,,0,,35.76,3.67,11.15,ST12_Surabaya,Hub Bottleneck
SHPM004650,AWB260004650,2026-02-15 21:44:44.841337,2026-02-15 22:15:44.841337,2026-02-15 22:40:44.841337,2026-02-16 07:03:50.978147,2026-02-16 07:38:50.978147,2026-02-16 08:15:50.978147,2026-02-16 13:36:29.027518,2026-02-16 19:21:39.296208,2026-02-16 21:05:23.044952,2026-02-17 03:45:24.293282,2026-02-17 20:04:16.129812,2026-02-18 21:44:44.841337,Delivered,Closed,SHP003,Shipper 003,Marketplace,Outer Java,ST15_Medan,HB05_SUMATRA_GATEWAY,East Java,ST13_Malang,HB03_SBY_GATEWAY,Inter-Region,Regular,COD,CR143,Bike,3.39,4.65,4.65,413962,36925,21250,8,0,0,,35.0,72,1,0,,1,0,,0,,46.33,5.34,1.73,ST13_Malang,
SHPM004651,AWB260004651,2026-02-28 17:00:57.511766,2026-02-28 17:30:57.511766,2026-02-28 18:26:57.511766,2026-03-01 08:48:09.112935,2026-03-01 09:51:09.112935,2026-03-01 11:43:09.112935,2026-03-01 14:52:36.360882,2026-03-01 23:15:55.265007,2026-03-02 05:32:02.143364,2026-03-02 22:21:50.340221,2026-03-03 15:38:23.026071,2026-03-03 17:00:57.511766,Delivered,Closed,SHP015,Shipper 015,Marketplace,West Java,ST07_Cirebon,HB02_BDG_TRANSIT,East Java,ST14_Kediri,HB03_SBY_GATEWAY,Inter-Region,Regular,Prepaid,CR067,Bike,0.83,0.76,0.83,695696,15735,10563,8,0,0,,63.0,72,1,0,,1,0,,0,,70.62,3.16,6.27,ST14_Kediri,
SHPM004652,AWB260004652,2026-03-28 23:40:22.230456,2026-03-29 00:25:22.230456,2026-03-29 01:03:22.230456,2026-03-29 04:57:21.314737,2026-03-29 05:29:21.314737,2026-03-29 06:18:21.314737,2026-03-29 07:19:41.680724,2026-03-29 14:19:24.201918,2026-03-29 22:13:33.473573,2026-03-30 03:17:16.005479,2026-03-30 11:58:39.515258,2026-03-30 11:40:22.230456,Delivered,Closed,SHP056,Shipper 056,Enterprise,Jabodetabek,ST03_JKT_East,HB01_JKT_GATEWAY,East Java,ST14_Kediri,HB03_SBY_GATEWAY,Inter-Region,Next Day,Prepaid,CR023,Bike,1.84,2.15,2.15,1155138,29675,19846,4,0,0,,32.0,36,0,0,,1,0,,0,,36.3,1.02,7.9,ST14_Kediri,First Mile Delay
SHPM004653,AWB260004653,2026-02-23 10:13:14.491508,2026-02-23 10:32:14.491508,2026-02-23 11:03:14.491508,2026-02-23 18:29:15.787038,2026-02-23 19:03:15.787038,2026-02-23 19:24:15.787038,2026-02-24 00:48:28.310825,2026-02-24 04:12:59.729176,2026-02-24 13:42:26.401211,2026-02-25 03:40:10.130520,2026-02-25 20:13:06.609991,2026-02-26 10:13:14.491508,Delivered,Closed,SHP084,Shipper 084,Enterprise,Central Java,ST11_Yogyakarta,HB04_CTG_NATIONAL,West Java,ST08_Bogor,HB01_JKT_GATEWAY,Inter-Region,Regular,Prepaid,CR102,Bike,1.13,1.13,1.13,2144093,17085,15731,8,1,0,,34.0,72,1,0,,1,0,,0,,58.0,5.4,9.49,ST08_Bogor,
SHPM004654,AWB260004654,2026-03-08 05:30:46.117277,2026-03-08 05:41:46.117277,2026-03-08 06:10:46.117277,2026-03-08 08:23:36.794789,2026-03-08 09:08:36.794789,2026-03-08 10:36:36.794789,2026-03-08 14:30:29.067572,2026-03-08 18:00:15.807549,2026-03-09 02:00:15.449837,2026-03-09 09:52:59.815428,2026-03-09 16:41:21.741650,2026-03-11 05:30:46.117277,Delivered,Closed,SHP050,Shipper 050,Marketplace,Jabodetabek,ST04_Bekasi,HB01_JKT_GATEWAY,Outer Java,ST18_Balikpapan,HB06_EASTERN_GATEWAY,Inter-Region,Regular,COD,CR034,Van,0.4,0.47,0.47,1466078,18115,13552,8,1,0,,45.0,72,1,0,,1,0,,0,,35.18,3.9,8.0,ST18_Balikpapan,
SHPM004655,AWB260004655,2026-03-10 01:28:33.401003,2026-03-10 02:13:33.401003,2026-03-10 02:18:33.401003,2026-03-10 07:32:03.368517,2026-03-10 08:26:03.368517,2026-03-10 09:46:03.368517,2026-03-10 14:24:13.963353,2026-03-10 16:39:05.912839,2026-03-10 21:56:04.007988,2026-03-11 05:48:48.546338,,2026-03-13 01:28:33.401003,Delivery Exception,Exception,SHP076,Shipper 076,Enterprise,West Java,ST06_Bandung,HB01_JKT_GATEWAY,Outer Java,ST17_Makassar,HB06_EASTERN_GATEWAY,Inter-Region,Regular,COD,CR059,Bike,1.16,1.2,1.2,1367396,21400,17913,8,1,0,,54.0,72,0,1,Remote Area Delay,1,0,,0,,658.52,4.64,5.28,ST17_Makassar,Delivery Exception
SHPM004656,AWB260004656,2026-03-02 04:03:05.176263,2026-03-02 04:37:05.176263,2026-03-02 05:25:05.176263,2026-03-02 06:22:29.285243,2026-03-02 07:13:29.285243,2026-03-02 07:55:29.285243,2026-03-02 12:17:54.751997,2026-03-02 14:59:59.433595,2026-03-02 23:55:32.864379,2026-03-03 06:45:54.931187,2026-03-03 17:24:07.745185,2026-03-03 16:03:05.176263,Delivered,Closed,SHP070,Shipper 070,Enterprise,Jabodetabek,ST04_Bekasi,HB01_JKT_GATEWAY,Outer Java,ST16_Palembang,HB05_SUMATRA_GATEWAY,Inter-Region,Next Day,Prepaid,CR036,Van,1.08,1.02,1.08,536954,24860,18125,4,1,0,,51.0,36,0,0,,1,0,,0,,37.35,4.37,8.93,ST16_Palembang,Remote Area
SHPM004657,AWB260004657,2026-03-03 14:17:55.488617,2026-03-03 14:35:55.488617,2026-03-03 15:01:55.488617,2026-03-03 23:03:26.296825,2026-03-04 00:06:26.296825,2026-03-04 01:37:26.296825,2026-03-04 05:15:36.293346,2026-03-04 09:45:47.291043,2026-03-04 13:53:53.042244,2026-03-05 01:21:13.459448,2026-03-06 07:15:24.247698,2026-03-06 14:17:55.488617,Delivered,Closed,SHP038,Shipper 038,Marketplace,Jabodetabek,ST01_JKT_Central,HB01_JKT_GATEWAY,Outer Java,ST19_Denpasar,HB06_EASTERN_GATEWAY,Inter-Region,Regular,Prepaid,CR009,Van,1.7,2.18,2.18,583361,21810,18792,8,0,0,,63.0,72,1,0,,1,0,,0,,64.96,3.64,4.13,ST19_Denpasar,
SHPM004658,AWB260004658,2026-03-21 01:52:21.252130,2026-03-21 02:10:21.252130,2026-03-21 02:41:21.252130,2026-03-21 06:10:14.388623,2026-03-21 07:19:14.388623,2026-03-21 07:51:14.388623,2026-03-21 11:44:41.532363,2026-03-21 17:48:53.211371,2026-03-22 00:26:37.960560,2026-03-22 10:39:42.599883,2026-03-22 18:02:37.729020,2026-03-22 13:52:21.252130,Delivered,Closed,SHP023,Shipper 023,Enterprise,West Java,ST08_Bogor,HB01_JKT_GATEWAY,Jabodetabek,ST05_Tangerang,HB01_JKT_GATEWAY,Inter-Region,Next Day,Prepaid,CR079,Bike,0.79,0.75,0.79,511243,23555,19456,4,1,0,,69.0,36,0,0,,1,0,,0,,40.17,3.89,6.63,ST05_Tangerang,Last Mile Delay
SHPM004659,AWB260004659,2026-02-27 08:21:38.840518,2026-02-27 08:49:38.840518,2026-02-27 09:09:38.840518,2026-02-27 10:26:39.989431,2026-02-27 11:04:39.989431,2026-02-27 11:54:39.989431,2026-02-27 13:15:21.292816,2026-02-27 16:45:25.979882,2026-02-27 23:05:56.374795,2026-02-28 11:06:08.191448,2026-02-28 15:52:17.849378,2026-02-28 00:21:38.840518,Delivered,Closed,SHP085,Shipper 085,Marketplace,Central Java,ST09_Semarang,HB04_CTG_NATIONAL,Outer Java,ST16_Palembang,HB05_SUMATRA_GATEWAY,Inter-Region,Same Day,Prepaid,CR083,Van,0.26,0.25,0.26,1249685,28170,25993,2,1,0,,38.0,16,0,0,,1,0,,0,,31.51,1.34,6.34,ST16_Palembang,Remote Area
SHPM004660,AWB260004660,2026-02-23 18:41:28.925322,2026-02-23 19:00:28.925322,2026-02-23 19:35:28.925322,2026-02-23 19:37:47.239110,2026-02-23 19:45:47.239110,2026-02-23 20:32:47.239110,2026-02-24 00:43:09.178474,2026-02-24 07:47:58.192325,2026-02-24 15:32:42.917677,2026-02-24 22:31:35.753312,2026-02-25 02:21:20.670563,2026-02-24 10:41:28.925322,Delivered,Closed,SHP034,Shipper 034,Enterprise,Jabodetabek,ST01_JKT_Central,HB01_JKT_GATEWAY,West Java,ST08_Bogor,HB01_JKT_GATEWAY,Inter-Region,Same Day,COD,CR006,Truck,0.84,0.77,0.84,423280,34780,28259,2,1,0,,8.0,16,0,0,,1,0,,0,,31.66,4.17,7.75,ST08_Bogor,Last Mile Delay
SHPM004661,AWB260004661,2026-03-27 04:15:27.702051,2026-03-27 04:52:27.702051,2026-03-27 05:08:27.702051,2026-03-27 08:21:25.876190,2026-03-27 08:50:25.876190,2026-03-27 10:48:25.876190,2026-03-27 15:18:32.691820,2026-03-27 22:04:52.386385,2026-03-28 05:55:05.813945,2026-03-28 23:42:25.797401,2026-03-29 07:03:21.754505,2026-03-30 04:15:27.702051,Delivered,Closed,SHP017,Shipper 017,Marketplace,Outer Java,ST16_Palembang,HB05_SUMATRA_GATEWAY,Jabodetabek,ST05_Tangerang,HB01_JKT_GATEWAY,Inter-Region,Regular,COD,CR145,Bike,1.18,1.14,1.18,2199922,21310,18457,8,1,0,,29.0,72,1,0,,1,0,,0,,50.8,4.5,7.84,ST05_Tangerang,
SHPM004662,AWB260004662,2026-02-22 12:43:51.470253,2026-02-22 13:20:51.470253,2026-02-22 13:55:51.470253,2026-02-22 15:34:08.024120,2026-02-22 15:42:08.024120,2026-02-22 17:01:08.024120,2026-02-22 19:12:37.359884,2026-02-23 02:39:39.066000,2026-02-23 06:58:38.917031,2026-02-23 23:17:27.675693,2026-02-24 08:35:16.445374,2026-02-25 12:43:51.470253,Delivered,Closed,SHP041,Shipper 041,SME,West Java,ST08_Bogor,HB01_JKT_GATEWAY,Jabodetabek,ST04_Bekasi,HB01_JKT_GATEWAY,Inter-Region,Regular,COD,CR078,Bike,2.18,1.97,2.18,810440,25810,17135,8,1,0,,8.0,72,1,0,,1,0,,0,,43.86,2.19,4.32,ST04_Bekasi,
SHPM004663,AWB260004663,2026-02-27 14:39:55.496543,2026-02-27 14:46:55.496543,2026-02-27 15:24:55.496543,2026-02-27 17:44:59.236061,2026-02-27 17:59:59.236061,2026-02-27 18:39:59.236061,2026-02-27 21:17:47.625961,2026-02-28 07:07:13.902701,2026-02-28 10:40:42.597360,2026-03-01 04:03:23.675007,2026-03-01 12:22:19.091775,2026-03-02 14:39:55.496543,Delivered,Closed,SHP008,Shipper 008,SME,Outer Java,ST16_Palembang,HB05_SUMATRA_GATEWAY,Jabodetabek,ST02_JKT_West,HB01_JKT_GATEWAY,Inter-Region,Regular,Prepaid,CR149,Bike,4.36,4.51,4.51,826857,32295,25482,8,1,0,,15.0,72,1,0,,1,0,,0,,45.71,2.63,3.56,ST02_JKT_West,
SHPM004664,AWB260004664,2026-03-11 10:07:50.695513,2026-03-11 10:29:50.695513,2026-03-11 11:02:50.695513,2026-03-11 15:09:41.238919,2026-03-11 15:18:41.238919,2026-03-11 15:40:41.238919,2026-03-11 20:53:57.306527,2026-03-12 06:08:41.713025,2026-03-12 10:59:18.783944,2026-03-12 22:51:52.396504,2026-03-13 09:18:50.878910,2026-03-12 22:07:50.695513,Delivered,Closed,SHP003,Shipper 003,Marketplace,Outer Java,ST18_Balikpapan,HB06_EASTERN_GATEWAY,Central Java,ST11_Yogyakarta,HB04_CTG_NATIONAL,Inter-Region,Next Day,Prepaid,CR167,Bike,1.42,1.92,1.92,216463,28640,23246,4,0,0,,9.0,36,0,0,,1,0,,0,,47.18,5.22,4.84,ST11_Yogyakarta,First Mile Delay
SHPM004665,AWB260004665,2026-03-29 11:59:22.468439,2026-03-29 12:06:22.468439,2026-03-29 12:11:22.468439,2026-03-29 14:38:53.201096,2026-03-29 14:46:53.201096,2026-03-29 15:18:53.201096,2026-03-29 16:47:13.252596,2026-03-30 01:17:18.332077,2026-03-30 08:47:25.244806,2026-03-30 23:07:50.528916,2026-03-31 13:34:50.829885,2026-04-01 11:59:22.468439,Delivered,Closed,SHP057,Shipper 057,SME,Central Java,ST09_Semarang,HB04_CTG_NATIONAL,West Java,ST08_Bogor,HB01_JKT_GATEWAY,Inter-Region,Regular,Prepaid,CR088,Bike,2.0,2.09,2.09,2780159,21405,17808,8,1,0,,8.0,72,1,0,,1,0,,0,,49.59,1.47,7.5,ST08_Bogor,
SHPM004666,AWB260004666,2026-02-18 03:12:54.307934,2026-02-18 03:20:54.307934,2026-02-18 03:57:54.307934,2026-02-18 09:44:48.470122,2026-02-18 10:10:48.470122,2026-02-18 10:57:48.470122,2026-02-18 16:44:26.395891,2026-02-19 01:40:37.719251,2026-02-19 10:32:03.354245,2026-02-19 21:35:44.850528,2026-02-20 04:25:24.485340,2026-02-21 03:12:54.307934,Delivered,Closed,SHP026,Shipper 026,Marketplace,Outer Java,ST20_Banjarmasin,HB06_EASTERN_GATEWAY,Jabodetabek,ST01_JKT_Central,HB01_JKT_GATEWAY,Inter-Region,Regular,Prepaid,CR188,Bike,1.4,1.48,1.48,256156,18660,16741,8,1,0,,26.0,72,1,0,,1,0,,0,,49.21,5.78,8.86,ST01_JKT_Central,
SHPM004667,AWB260004667,2026-02-21 00:48:31.060898,2026-02-21 01:06:31.060898,2026-02-21 01:32:31.060898,2026-02-21 03:29:15.808073,2026-02-21 04:11:15.808073,2026-02-21 05:51:15.808073,2026-02-21 11:05:17.778342,2026-02-21 17:58:15.916582,2026-02-22 01:28:43.541465,2026-02-22 17:03:46.630938,2026-02-22 22:24:35.563808,2026-02-22 12:48:31.060898,Delivered,Closed,SHP061,Shipper 061,Enterprise,Outer Java,ST19_Denpasar,HB06_EASTERN_GATEWAY,East Java,ST12_Surabaya,HB03_SBY_GATEWAY,Inter-Region,Next Day,COD,CR178,Bike,1.57,1.59,1.59,802491,31155,23520,4,1,0,,42.0,36,0,0,,1,0,,0,,45.6,5.23,7.51,ST12_Surabaya,Last Mile Delay
SHPM004668,AWB260004668,2026-03-09 14:51:58.306045,2026-03-09 15:34:58.306045,2026-03-09 16:00:58.306045,2026-03-09 20:42:15.969861,2026-03-09 22:05:15.969861,2026-03-10 00:05:15.969861,2026-03-10 04:16:34.407127,2026-03-10 14:14:50.611335,2026-03-11 08:37:45.902322,2026-03-12 00:02:21.737357,2026-03-12 16:31:13.962076,2026-03-12 14:51:58.306045,Delivered,Closed,SHP084,Shipper 084,Enterprise,Central Java,ST11_Yogyakarta,HB04_CTG_NATIONAL,Outer Java,ST20_Banjarmasin,HB06_EASTERN_GATEWAY,Inter-Region,Regular,Prepaid,CR106,Van,0.74,0.72,0.74,1075286,15330,11106,8,1,0,,83.0,72,0,0,,1,0,,0,,73.65,4.19,18.38,ST20_Banjarmasin,Hub Bottleneck
SHPM004669,AWB260004669,2026-02-20 04:46:17.867040,2026-02-20 05:23:17.867040,2026-02-20 06:03:17.867040,2026-02-20 09:48:17.719469,2026-02-20 10:12:17.719469,2026-02-20 10:30:17.719469,2026-02-20 12:18:33.844654,2026-02-20 18:23:20.348016,2026-02-21 01:20:18.297687,2026-02-21 14:44:02.270392,2026-02-21 17:06:42.786264,2026-02-21 16:46:17.867040,Delivered,Closed,SHP076,Shipper 076,Enterprise,West Java,ST06_Bandung,HB01_JKT_GATEWAY,East Java,ST12_Surabaya,HB03_SBY_GATEWAY,Inter-Region,Next Day,Prepaid,CR057,Bike,2.86,2.81,2.86,1367870,32870,19123,4,0,0,,24.0,36,0,0,,1,0,,0,,36.34,1.8,6.95,ST12_Surabaya,First Mile Delay
SHPM004670,AWB260004670,2026-03-20 20:20:49.189738,2026-03-20 20:34:49.189738,2026-03-20 21:05:49.189738,2026-03-21 02:11:57.935401,2026-03-21 04:23:57.935401,2026-03-21 05:02:57.935401,2026-03-21 12:49:59.012856,2026-03-21 20:07:30.978978,2026-03-22 14:28:13.205225,2026-03-22 22:06:25.499603,2026-03-23 07:49:01.874125,2026-03-23 20:20:49.189738,Delivered,Closed,SHP010,Shipper 010,Enterprise,East Java,ST12_Surabaya,HB03_SBY_GATEWAY,Central Java,ST09_Semarang,HB04_CTG_NATIONAL,Inter-Region,Regular,Prepaid,CR109,Van,0.6,0.96,0.96,2088697,16320,12009,8,1,0,,132.0,72,1,0,,1,0,,0,,59.47,7.78,18.35,ST09_Semarang,
SHPM004671,AWB260004671,2026-02-28 20:07:03.439546,2026-02-28 20:24:03.439546,2026-02-28 20:36:03.439546,2026-02-28 23:49:25.116019,2026-03-01 00:29:25.116019,2026-03-01 02:21:25.116019,2026-03-01 05:28:44.896026,2026-03-01 11:28:53.635973,2026-03-01 15:04:11.503990,2026-03-02 07:54:52.298184,,2026-03-03 20:07:03.439546,Damaged,Exception,SHP043,Shipper 043,Marketplace,Central Java,ST09_Semarang,HB04_CTG_NATIONAL,East Java,ST14_Kediri,HB03_SBY_GATEWAY,Inter-Region,Regular,COD,CR090,Truck,1.69,1.76,1.76,1452872,23920,18278,8,1,0,,40.0,72,0,0,,1,1,Damaged,0,,879.88,3.12,3.59,HB04_CTG_NATIONAL,
SHPM004672,AWB260004672,2026-02-16 12:28:12.133455,2026-02-16 13:06:12.133455,2026-02-16 13:44:12.133455,2026-02-16 21:51:11.236680,2026-02-16 23:24:11.236680,2026-02-17 00:51:11.236680,2026-02-17 09:25:50.791573,2026-02-17 13:10:49.953279,2026-02-18 00:15:40.091591,2026-02-18 15:43:35.580292,2026-02-19 01:09:22.266218,2026-02-18 00:28:12.133455,Delivered,Closed,SHP019,Shipper 019,Marketplace,West Java,ST07_Cirebon,HB02_BDG_TRANSIT,Jabodetabek,ST04_Bekasi,HB01_JKT_GATEWAY,Inter-Region,Next Day,Prepaid,CR075,Bike,2.92,2.82,2.92,619422,33140,20214,4,0,0,,93.0,36,0,0,,1,0,,0,,60.69,8.58,11.08,ST04_Bekasi,First Mile Delay
SHPM004673,AWB260004673,2026-02-25 07:54:35.514127,2026-02-25 08:17:35.514127,2026-02-25 08:36:35.514127,2026-02-25 10:28:39.411237,2026-02-25 11:16:39.411237,2026-02-25 12:57:39.411237,2026-02-25 15:42:46.595518,2026-02-25 20:14:36.542108,2026-02-26 03:34:30.292099,2026-02-26 17:17:53.460356,2026-02-26 23:49:51.034913,2026-02-26 19:54:35.514127,Delivered,Closed,SHP016,Shipper 016,Marketplace,Jabodetabek,ST04_Bekasi,HB01_JKT_GATEWAY,Central Java,ST10_Solo,HB04_CTG_NATIONAL,Inter-Region,Next Day,Prepaid,CR043,Bike,1.31,1.18,1.31,2379594,25895,18299,4,1,0,,48.0,36,0,0,,1,0,,0,,39.92,2.75,7.33,ST10_Solo,Last Mile Delay
SHPM004674,AWB260004674,2026-03-14 20:46:07.053805,2026-03-14 21:12:07.053805,2026-03-14 21:36:07.053805,2026-03-15 04:20:29.298857,2026-03-15 04:50:29.298857,2026-03-15 05:47:29.298857,2026-03-15 07:48:06.215185,2026-03-15 13:36:43.471773,2026-03-15 20:29:29.975536,2026-03-16 07:33:48.950959,2026-03-16 21:00:00.163500,2026-03-17 20:46:07.053805,Delivered,Closed,SHP028,Shipper 028,Marketplace,Jabodetabek,ST02_JKT_West,HB01_JKT_GATEWAY,West Java,ST07_Cirebon,HB02_BDG_TRANSIT,Inter-Region,Regular,Prepaid,CR013,Bike,1.09,1.4,1.4,424767,18300,12860,8,1,0,,30.0,72,1,0,,1,0,,0,,48.23,2.01,6.88,ST07_Cirebon,
SHPM004675,AWB260004675,2026-04-01 09:21:09.555476,2026-04-01 09:54:09.555476,2026-04-01 10:21:09.555476,2026-04-01 15:09:27.088935,2026-04-01 15:42:27.088935,2026-04-01 17:31:27.088935,2026-04-01 21:43:04.074435,2026-04-02 00:45:58.662649,2026-04-02 08:28:41.210334,2026-04-02 11:48:28.155173,2026-04-03 02:01:56.341763,2026-04-03 09:21:09.555476,Delivered,Closed,SHP038,Shipper 038,Marketplace,Jabodetabek,ST03_JKT_East,HB01_JKT_GATEWAY,Jabodetabek,ST04_Bekasi,HB01_JKT_GATEWAY,Intra-Region,Regular,Prepaid,CR020,Van,1.89,1.83,1.89,869759,20505,15942,8,1,0,,33.0,48,1,0,,1,0,,0,,40.68,4.19,7.71,ST04_Bekasi,
SHPM004676,AWB260004676,2026-03-20 11:52:52.302895,2026-03-20 12:24:52.302895,2026-03-20 13:05:52.302895,2026-03-20 14:52:23.682716,2026-03-20 15:16:23.682716,2026-03-20 16:35:23.682716,2026-03-20 22:10:26.711054,2026-03-21 02:11:05.618848,2026-03-21 08:47:24.550429,2026-03-21 16:52:04.955750,2026-03-22 04:38:18.445821,2026-03-23 11:52:52.302895,Delivered,Closed,SHP071,Shipper 071,Enterprise,Jabodetabek,ST04_Bekasi,HB01_JKT_GATEWAY,Central Java,ST10_Solo,HB04_CTG_NATIONAL,Inter-Region,Regular,Prepaid,CR037,Bike,1.37,1.45,1.45,1463328,18525,14077,8,1,0,,24.0,72,1,0,,1,0,,0,,40.76,5.58,6.61,ST10_Solo,
SHPM004677,AWB260004677,2026-02-22 15:26:01.619006,2026-02-22 15:53:01.619006,2026-02-22 16:21:01.619006,2026-02-22 18:09:02.048112,2026-02-22 19:02:02.048112,2026-02-22 20:50:02.048112,2026-02-23 01:14:03.526358,2026-02-23 05:45:37.636373,2026-02-23 08:30:27.656535,2026-02-23 13:37:01.929550,2026-02-23 22:07:21.612805,2026-02-23 15:26:01.619006,Delivered,Closed,SHP088,Shipper 088,SME,Outer Java,ST19_Denpasar,HB06_EASTERN_GATEWAY,Outer Java,ST18_Balikpapan,HB06_EASTERN_GATEWAY,Intra-Region,Next Day,Prepaid,CR177,Bike,2.05,2.55,2.55,501886,31475,20385,4,1,0,,53.0,24,0,0,,1,0,,0,,30.69,4.4,2.75,ST18_Balikpapan,Remote Area
SHPM004678,AWB260004678,2026-03-04 12:27:47.072789,2026-03-04 12:44:47.072789,2026-03-04 13:08:47.072789,2026-03-04 15:01:15.807658,2026-03-04 15:33:15.807658,2026-03-04 16:03:15.807658,2026-03-04 21:38:20.811149,2026-03-05 07:34:17.860931,2026-03-05 23:01:54.956156,2026-03-06 08:10:33.929643,2026-03-06 09:30:01.625364,2026-03-05 04:27:47.072789,Delivered,Closed,SHP079,Shipper 079,Marketplace,East Java,ST13_Malang,HB03_SBY_GATEWAY,Central Java,ST09_Semarang,HB04_CTG_NATIONAL,Inter-Region,Same Day,Prepaid,CR119,Truck,0.52,0.55,0.55,2307459,29475,27880,2,0,0,,32.0,16,0,0,,1,0,,0,,45.04,5.58,15.46,ST09_Semarang,First Mile Delay
SHPM004679,AWB260004679,2026-02-19 21:36:17.605589,2026-02-19 21:51:17.605589,2026-02-19 22:43:17.605589,2026-02-20 03:29:46.150716,2026-02-20 04:02:46.150716,2026-02-20 05:32:46.150716,2026-02-20 07:03:07.125381,2026-02-20 15:44:01.220895,2026-02-20 19:28:43.235984,2026-02-21 11:05:10.968894,2026-02-21 19:46:56.531988,2026-02-22 21:36:17.605589,Delivered,Closed,SHP072,Shipper 072,Enterprise,Outer Java,ST18_Balikpapan,HB06_EASTERN_GATEWAY,Central Java,ST09_Semarang,HB04_CTG_NATIONAL,Inter-Region,Regular,Prepaid,CR171,Truck,0.76,0.77,0.77,1632300,15465,10277,8,1,0,,33.0,72,1,0,,1,0,,0,,46.18,1.51,3.75,ST09_Semarang,
SHPM004680,AWB260004680,2026-03-11 16:27:36.899876,2026-03-11 16:38:36.899876,2026-03-11 17:27:36.899876,2026-03-11 21:12:48.710582,2026-03-11 21:34:48.710582,2026-03-11 23:06:48.710582,2026-03-12 00:07:31.400618,2026-03-12 04:23:18.992721,2026-03-12 15:24:05.991391,2026-03-13 03:29:09.063485,2026-03-13 23:31:15.744789,2026-03-14 16:27:36.899876,Delivered,Closed,SHP062,Shipper 062,Enterprise,Jabodetabek,ST04_Bekasi,HB01_JKT_GATEWAY,Outer Java,ST19_Denpasar,HB06_EASTERN_GATEWAY,Inter-Region,Regular,Prepaid,CR033,Bike,1.72,1.84,1.84,410648,20280,14304,8,1,0,,22.0,72,1,0,,1,0,,0,,55.06,1.01,11.01,ST19_Denpasar,
SHPM004681,AWB260004681,2026-03-18 17:17:23.475756,2026-03-18 18:00:23.475756,2026-03-18 18:39:23.475756,2026-03-19 17:55:35.329606,2026-03-19 19:21:35.329606,2026-03-19 20:38:35.329606,2026-03-19 22:33:39.919814,2026-03-20 04:14:42.978537,2026-03-20 09:47:32.363656,2026-03-20 22:46:13.830296,,2026-03-21 17:17:23.475756,Damaged,Exception,SHP018,Shipper 018,Enterprise,West Java,ST07_Cirebon,HB02_BDG_TRANSIT,Outer Java,ST16_Palembang,HB05_SUMATRA_GATEWAY,Inter-Region,Regular,Prepaid,CR065,Van,1.41,1.91,1.91,728337,20595,19401,8,0,0,,86.0,72,0,0,,1,1,Damaged,0,,450.71,1.92,5.55,ST07_Cirebon,
SHPM004682,AWB260004682,2026-03-14 01:54:25.811399,2026-03-14 02:14:25.811399,2026-03-14 02:46:25.811399,2026-03-14 05:39:04.437355,2026-03-14 06:26:04.437355,2026-03-14 07:21:04.437355,2026-03-14 12:19:43.152093,2026-03-14 16:44:37.643795,2026-03-14 21:27:40.169300,2026-03-15 18:35:41.074046,2026-03-15 22:24:30.526361,2026-03-15 13:54:25.811399,Delivered,Closed,SHP002,Shipper 002,Enterprise,Jabodetabek,ST01_JKT_Central,HB01_JKT_GATEWAY,Outer Java,ST16_Palembang,HB05_SUMATRA_GATEWAY,Inter-Region,Next Day,Prepaid,CR007,Van,1.6,1.53,1.6,918395,27200,24375,4,1,0,,47.0,36,0,0,,1,1,Capacity Delay,0,,44.5,4.98,4.72,ST16_Palembang,Remote Area
SHPM004683,AWB260004683,2026-02-22 12:11:51.443200,2026-02-22 12:52:51.443200,2026-02-22 13:39:51.443200,2026-02-22 21:55:25.533871,2026-02-22 23:06:25.533871,2026-02-22 23:39:25.533871,2026-02-23 05:18:13.499451,2026-02-23 10:21:18.785668,2026-02-23 21:12:33.340303,2026-02-24 11:10:15.722215,2026-02-24 23:02:01.646510,2026-02-24 00:11:51.443200,Delivered,Closed,SHP010,Shipper 010,Enterprise,East Java,ST12_Surabaya,HB03_SBY_GATEWAY,Outer Java,ST15_Medan,HB05_SUMATRA_GATEWAY,Inter-Region,Next Day,Prepaid,CR110,Van,0.66,0.72,0.72,951204,23240,14355,4,0,0,,71.0,36,0,0,,1,0,,0,,58.84,5.65,10.85,ST15_Medan,First Mile Delay
SHPM004684,AWB260004684,2026-03-24 11:52:03.286693,2026-03-24 12:34:03.286693,2026-03-24 12:54:03.286693,2026-03-24 16:02:34.552311,2026-03-24 17:00:34.552311,2026-03-24 17:29:34.552311,2026-03-24 23:21:43.463253,2026-03-25 09:21:38.082460,2026-03-25 12:15:24.825984,2026-03-26 02:00:08.600041,2026-03-26 12:21:25.075567,2026-03-25 23:52:03.286693,Delivered,Closed,SHP097,Shipper 097,SME,Jabodetabek,ST03_JKT_East,HB01_JKT_GATEWAY,West Java,ST06_Bandung,HB01_JKT_GATEWAY,Inter-Region,Next Day,Prepaid,CR030,Bike,0.66,0.65,0.66,1020036,22970,20193,4,1,0,,58.0,36,0,0,,1,0,,0,,48.49,5.87,2.9,ST06_Bandung,Last Mile Delay
SHPM004685,AWB260004685,2026-03-28 11:35:29.206384,2026-03-28 11:42:29.206384,2026-03-28 12:18:29.206384,2026-03-28 15:59:14.655677,2026-03-28 16:39:14.655677,2026-03-28 17:55:14.655677,2026-03-28 21:45:30.369104,2026-03-29 01:46:46.924301,2026-03-29 13:25:24.285000,2026-03-30 05:36:29.120345,2026-03-30 08:41:09.628749,2026-03-29 23:35:29.206384,Delivered,Closed,SHP076,Shipper 076,Enterprise,West Java,ST06_Bandung,HB01_JKT_GATEWAY,East Java,ST13_Malang,HB03_SBY_GATEWAY,Inter-Region,Next Day,Prepaid,CR057,Van,3.13,3.96,3.96,1771962,37820,29656,4,0,0,,40.0,36,0,0,,1,0,,0,,45.09,3.84,11.64,ST13_Malang,First Mile Delay
SHPM004686,AWB260004686,2026-03-23 13:32:17.300160,2026-03-23 13:59:17.300160,2026-03-23 14:51:17.300160,2026-03-23 19:51:07.840476,2026-03-23 21:01:07.840476,2026-03-23 22:38:07.840476,2026-03-23 23:47:22.449830,2026-03-24 00:54:42.155397,2026-03-24 08:20:06.145966,2026-03-24 09:53:52.393728,2026-03-24 14:59:43.486833,2026-03-25 13:32:17.300160,Delivered,Closed,SHP034,Shipper 034,Enterprise,Jabodetabek,ST01_JKT_Central,HB01_JKT_GATEWAY,Jabodetabek,ST04_Bekasi,HB01_JKT_GATEWAY,Intra-Region,Regular,Prepaid,CR001,Bike,1.34,1.29,1.34,1307965,18030,14267,8,1,0,,70.0,48,1,0,,1,0,,0,,25.46,1.15,7.42,ST04_Bekasi,
SHPM004687,AWB260004687,2026-03-16 03:33:36.139465,2026-03-16 03:47:36.139465,2026-03-16 04:09:36.139465,2026-03-16 08:28:07.113910,2026-03-16 08:52:07.113910,2026-03-16 10:19:07.113910,2026-03-16 12:14:56.488889,2026-03-16 17:57:45.933540,2026-03-17 00:49:18.635519,2026-03-17 05:52:52.771177,,2026-03-19 03:33:36.139465,Delivery Exception,Exception,SHP076,Shipper 076,Enterprise,West Java,ST06_Bandung,HB01_JKT_GATEWAY,Outer Java,ST16_Palembang,HB05_SUMATRA_GATEWAY,Inter-Region,Regular,Prepaid,CR060,Bike,2.58,2.51,2.58,661866,23610,17606,8,1,0,,24.0,72,0,1,Customer Reschedule,3,0,,0,,512.44,1.93,6.86,ST16_Palembang,Delivery Exception
SHPM004688,AWB260004688,2026-03-19 23:18:13.832327,2026-03-20 00:00:13.832327,2026-03-20 00:22:13.832327,2026-03-20 05:07:11.915767,2026-03-20 05:59:11.915767,2026-03-20 06:25:11.915767,2026-03-20 08:51:26.197740,2026-03-20 12:05:56.219132,2026-03-21 00:17:24.801579,2026-03-21 09:17:33.784061,2026-03-22 00:46:12.857111,2026-03-22 23:18:13.832327,Delivered,Closed,SHP067,Shipper 067,SME,East Java,ST14_Kediri,HB03_SBY_GATEWAY,Jabodetabek,ST03_JKT_East,HB01_JKT_GATEWAY,Inter-Region,Regular,COD,CR129,Van,2.63,3.3,3.3,1441876,30850,28710,8,1,0,,52.0,72,1,0,,1,0,,0,,49.47,2.44,12.19,ST03_JKT_East,
SHPM004689,AWB260004689,2026-03-31 16:47:03.754024,2026-03-31 17:02:03.754024,2026-03-31 17:17:03.754024,2026-03-31 20:53:04.859910,2026-03-31 21:01:04.859910,2026-03-31 21:24:04.859910,2026-03-31 22:32:05.906057,2026-04-01 06:58:08.421586,2026-04-01 20:30:25.802105,2026-04-02 08:31:43.912383,2026-04-03 08:26:57.210634,2026-04-03 16:47:03.754024,Delivered,Closed,SHP011,Shipper 011,Enterprise,Jabodetabek,ST03_JKT_East,HB01_JKT_GATEWAY,Outer Java,ST16_Palembang,HB05_SUMATRA_GATEWAY,Inter-Region,Regular,COD,CR030,Van,1.79,1.8,1.8,1722168,24100,15109,8,1,0,,8.0,72,1,0,,1,0,,0,,63.66,1.13,13.54,ST16_Palembang,
SHPM004690,AWB260004690,2026-02-27 13:56:27.602632,2026-02-27 14:09:27.602632,2026-02-27 14:55:27.602632,2026-02-27 14:55:42.778204,2026-02-27 16:06:42.778204,2026-02-27 17:10:42.778204,2026-02-27 22:37:32.301997,2026-02-28 03:46:36.284432,2026-02-28 09:59:17.264738,2026-02-28 16:09:41.154864,2026-02-28 22:52:09.368770,2026-02-28 05:56:27.602632,Delivered,Closed,SHP035,Shipper 035,Enterprise,Jabodetabek,ST04_Bekasi,HB01_JKT_GATEWAY,Outer Java,ST18_Balikpapan,HB06_EASTERN_GATEWAY,Inter-Region,Same Day,Prepaid,CR034,Bike,0.79,0.82,0.82,397705,30690,24343,2,1,0,,71.0,16,0,0,,1,0,,0,,32.93,5.45,6.21,ST18_Balikpapan,Remote Area
SHPM004691,AWB260004691,2026-03-29 09:33:39.492903,2026-03-29 09:55:39.492903,2026-03-29 10:09:39.492903,2026-03-29 14:32:47.190786,2026-03-29 15:09:47.190786,2026-03-29 16:56:47.190786,2026-03-29 18:18:12.420091,2026-03-29 21:30:37.388201,2026-03-30 08:41:48.261880,2026-03-30 14:13:50.285658,2026-03-30 19:38:22.886617,2026-04-01 09:33:39.492903,Delivered,Closed,SHP078,Shipper 078,SME,Outer Java,ST17_Makassar,HB06_EASTERN_GATEWAY,West Java,ST06_Bandung,HB01_JKT_GATEWAY,Inter-Region,Regular,Prepaid,CR156,Bike,0.7,0.71,0.71,1400449,15195,9303,8,1,0,,37.0,72,1,0,,1,0,,0,,34.08,1.36,11.19,ST06_Bandung,
SHPM004692,AWB260004692,2026-03-21 22:22:56.381103,2026-03-21 22:33:56.381103,2026-03-21 23:03:56.381103,2026-03-21 23:14:41.697197,2026-03-21 23:37:41.697197,2026-03-22 01:27:41.697197,2026-03-22 05:02:00.915726,2026-03-22 13:11:06.070052,2026-03-22 20:53:18.943129,2026-03-23 11:58:14.616074,2026-03-23 15:31:06.372619,2026-03-22 14:22:56.381103,Delivered,Closed,SHP034,Shipper 034,Enterprise,Jabodetabek,ST01_JKT_Central,HB01_JKT_GATEWAY,Central Java,ST10_Solo,HB04_CTG_NATIONAL,Inter-Region,Same Day,Prepaid,CR008,Bike,0.21,0.19,0.21,1458874,27945,15675,2,1,0,,23.0,16,0,0,,1,0,,0,,41.14,3.57,7.7,ST10_Solo,Last Mile Delay
SHPM004693,AWB260004693,2026-02-20 20:15:46.674662,2026-02-20 20:22:46.674662,2026-02-20 20:36:46.674662,2026-02-21 05:11:22.801715,2026-02-21 05:20:22.801715,2026-02-21 06:03:22.801715,2026-02-21 07:26:48.215525,2026-02-21 09:18:31.439460,2026-02-21 16:11:15.215375,2026-02-21 22:05:31.470578,2026-02-22 08:01:27.033733,2026-02-22 20:15:46.674662,Delivered,Closed,SHP007,Shipper 007,SME,Jabodetabek,ST03_JKT_East,HB01_JKT_GATEWAY,Jabodetabek,ST03_JKT_East,HB01_JKT_GATEWAY,Intra-Region,Regular,Prepaid,CR029,Van,1.16,1.9,1.9,402807,20550,14469,8,0,0,,9.0,48,1,0,,1,0,,0,,35.76,1.39,6.88,ST03_JKT_East,
SHPM004694,AWB260004694,2026-02-19 02:26:16.363923,2026-02-19 02:59:16.363923,2026-02-19 03:04:16.363923,,,,,,,,,2026-02-22 02:26:16.363923,Failed Pickup,Exception,SHP091,Shipper 091,SME,Outer Java,ST16_Palembang,HB05_SUMATRA_GATEWAY,Jabodetabek,ST05_Tangerang,HB01_JKT_GATEWAY,Inter-Region,Regular,Prepaid,CR146,Truck,3.01,3.02,3.02,2465375,25590,20124,8,0,1,Address Not Found,,72,0,0,,0,0,,0,,1113.56,,,ST16_Palembang,
SHPM004695,AWB260004695,2026-03-06 04:57:55.432921,2026-03-06 05:30:55.432921,2026-03-06 06:24:55.432921,2026-03-06 09:37:22.765048,2026-03-06 09:57:22.765048,2026-03-06 10:40:22.765048,2026-03-06 13:15:56.027025,2026-03-06 17:09:03.560455,2026-03-06 23:37:35.472281,2026-03-07 10:47:23.334844,2026-03-07 18:13:28.073871,2026-03-07 16:57:55.432921,Delivered,Closed,SHP090,Shipper 090,Enterprise,East Java,ST14_Kediri,HB03_SBY_GATEWAY,Jabodetabek,ST05_Tangerang,HB01_JKT_GATEWAY,Inter-Region,Next Day,Prepaid,CR132,Bike,0.7,0.67,0.7,566688,23150,18679,4,0,0,,20.0,36,0,0,,1,0,,0,,37.26,2.59,6.48,ST05_Tangerang,First Mile Delay
SHPM004696,AWB260004696,2026-02-26 15:30:43.416180,2026-02-26 15:55:43.416180,2026-02-26 16:18:43.416180,2026-02-27 00:55:24.109407,2026-02-27 01:30:24.109407,2026-02-27 02:56:24.109407,2026-02-27 04:20:54.190718,2026-02-27 08:31:44.037478,2026-02-27 15:55:30.910368,2026-02-27 23:43:21.443407,2026-02-28 09:27:38.558617,2026-03-01 15:30:43.416180,Delivered,Closed,SHP074,Shipper 074,Enterprise,Outer Java,ST15_Medan,HB05_SUMATRA_GATEWAY,Jabodetabek,ST03_JKT_East,HB01_JKT_GATEWAY,Inter-Region,Regular,Prepaid,CR139,Bike,1.14,1.36,1.36,986871,18120,13172,8,0,0,,35.0,72,1,0,,1,0,,0,,41.95,1.41,7.4,ST03_JKT_East,
SHPM004697,AWB260004697,2026-02-20 17:31:05.633697,2026-02-20 17:56:05.633697,2026-02-20 18:09:05.633697,2026-02-20 22:02:54.745530,2026-02-20 22:40:54.745530,2026-02-20 23:39:54.745530,2026-02-21 01:23:48.583246,2026-02-21 08:53:01.098936,2026-02-21 17:33:07.122241,2026-02-22 05:14:33.082426,2026-02-22 21:14:43.322962,2026-02-22 05:31:05.633697,Delivered,Closed,SHP018,Shipper 018,Enterprise,West Java,ST08_Bogor,HB01_JKT_GATEWAY,Outer Java,ST18_Balikpapan,HB06_EASTERN_GATEWAY,Inter-Region,Next Day,COD,CR080,Bike,2.08,2.17,2.17,349031,33765,27840,4,0,0,,38.0,36,0,0,,1,0,,0,,51.73,1.73,8.67,ST18_Balikpapan,First Mile Delay
SHPM004698,AWB260004698,2026-03-28 22:06:36.364028,2026-03-28 22:40:36.364028,2026-03-28 23:07:36.364028,2026-03-29 01:56:06.622820,2026-03-29 03:16:06.622820,2026-03-29 04:10:06.622820,2026-03-29 07:49:03.586967,2026-03-29 14:30:45.389816,2026-03-29 23:07:43.913833,2026-03-30 08:10:32.428732,2026-03-30 11:48:15.489558,2026-03-30 10:06:36.364028,Delivered,Closed,SHP058,Shipper 058,Enterprise,Jabodetabek,ST01_JKT_Central,HB01_JKT_GATEWAY,Outer Java,ST19_Denpasar,HB06_EASTERN_GATEWAY,Inter-Region,Next Day,COD,CR005,Bike,1.81,1.91,1.91,798425,32595,22724,4,1,0,,80.0,36,0,0,,1,0,,0,,37.69,3.65,8.62,ST19_Denpasar,Remote Area
SHPM004699,AWB260004699,2026-03-06 12:10:03.940710,2026-03-06 12:49:03.940710,2026-03-06 13:14:03.940710,2026-03-06 14:49:46.103352,2026-03-06 16:06:46.103352,2026-03-06 16:56:46.103352,2026-03-06 19:22:38.609865,2026-03-07 03:10:55.895039,2026-03-07 16:40:23.330246,2026-03-08 00:27:28.418457,,2026-03-08 00:10:03.940710,Return To Sender,RTS,SHP014,Shipper 014,Enterprise,Jabodetabek,ST02_JKT_West,HB01_JKT_GATEWAY,Outer Java,ST16_Palembang,HB05_SUMATRA_GATEWAY,Inter-Region,Next Day,Prepaid,CR014,Bike,1.47,1.51,1.51,1303875,26795,17581,4,1,0,,77.0,36,0,1,Customer Not Home,2,0,,1,Customer Not Home,743.83,2.43,13.49,ST16_Palembang,Hub Bottleneck
SHPM004700,AWB260004700,2026-03-04 05:18:56.746151,2026-03-04 05:36:56.746151,2026-03-04 05:49:56.746151,2026-03-04 07:47:46.977984,2026-03-04 07:55:46.977984,2026-03-04 09:01:46.977984,2026-03-04 11:09:08.501258,2026-03-04 15:54:50.236615,2026-03-04 20:06:08.302609,2026-03-05 04:54:32.525672,2026-03-05 08:38:14.900785,2026-03-05 17:18:56.746151,Delivered,Closed,SHP065,Shipper 065,Marketplace,Jabodetabek,ST01_JKT_Central,HB01_JKT_GATEWAY,East Java,ST13_Malang,HB03_SBY_GATEWAY,Inter-Region,Next Day,Prepaid,CR005,Bike,0.75,0.72,0.75,524453,23375,21198,4,1,0,,8.0,36,1,0,,1,0,,0,,27.32,2.12,4.19,ST13_Malang,
SHPM004701,AWB260004701,2026-03-19 22:59:29.778636,2026-03-19 23:36:29.778636,2026-03-20 00:12:29.778636,2026-03-20 03:34:09.386519,2026-03-20 04:28:09.386519,2026-03-20 05:18:09.386519,2026-03-20 06:36:19.521817,2026-03-20 15:46:17.773024,2026-03-20 19:59:35.502876,2026-03-21 01:36:33.332148,,2026-03-21 10:59:29.778636,Delivery Exception,Exception,SHP048,Shipper 048,Enterprise,Outer Java,ST17_Makassar,HB06_EASTERN_GATEWAY,Jabodetabek,ST01_JKT_Central,HB01_JKT_GATEWAY,Inter-Region,Next Day,COD,CR154,Bike,0.99,1.01,1.01,910681,28545,18978,4,1,0,,54.0,36,0,1,Invalid Address,3,0,,0,,421.01,1.3,4.22,ST01_JKT_Central,Delivery Exception
SHPM004702,AWB260004702,2026-03-22 01:24:57.406604,2026-03-22 01:51:57.406604,2026-03-22 01:59:57.406604,2026-03-22 05:51:05.098066,2026-03-22 06:33:05.098066,2026-03-22 07:59:05.098066,2026-03-22 09:32:34.909771,2026-03-22 12:44:10.645315,2026-03-22 21:32:31.207827,2026-03-23 10:10:13.690760,2026-03-23 15:11:38.471841,2026-03-23 13:24:57.406604,Delivered,Closed,SHP098,Shipper 098,Marketplace,Outer Java,ST17_Makassar,HB06_EASTERN_GATEWAY,West Java,ST06_Bandung,HB01_JKT_GATEWAY,Inter-Region,Next Day,Prepaid,CR158,Bike,1.55,1.61,1.61,2334121,27245,21265,4,1,0,,42.0,36,0,0,,1,0,,0,,37.78,1.56,8.81,ST06_Bandung,Last Mile Delay
SHPM004703,AWB260004703,2026-03-15 17:10:37.335054,2026-03-15 17:46:37.335054,2026-03-15 18:12:37.335054,2026-03-15 21:40:22.480460,2026-03-15 22:30:22.480460,2026-03-15 23:22:22.480460,2026-03-16 02:17:42.342837,2026-03-16 09:00:51.716362,2026-03-16 16:26:42.761931,2026-03-16 22:16:55.180242,2026-03-17 01:07:18.854022,2026-03-17 05:10:37.335054,Delivered,Closed,SHP084,Shipper 084,Enterprise,Central Java,ST09_Semarang,HB04_CTG_NATIONAL,Jabodetabek,ST03_JKT_East,HB01_JKT_GATEWAY,Inter-Region,Next Day,COD,CR084,Bike,0.99,1.59,1.59,593992,31155,23920,4,1,0,,50.0,36,1,0,,1,0,,0,,31.94,2.92,7.43,ST03_JKT_East,
SHPM004704,AWB260004704,2026-02-19 06:09:52.704049,2026-02-19 06:50:52.704049,2026-02-19 07:15:52.704049,2026-02-19 09:38:41.567048,2026-02-19 10:32:41.567048,2026-02-19 12:23:41.567048,2026-02-19 17:21:33.135365,2026-02-20 02:52:21.649503,2026-02-20 10:45:23.469378,2026-02-21 04:05:28.460211,2026-02-22 00:14:32.649518,2026-02-22 06:09:52.704049,Delivered,Closed,SHP049,Shipper 049,Enterprise,Jabodetabek,ST05_Tangerang,HB01_JKT_GATEWAY,Outer Java,ST19_Denpasar,HB06_EASTERN_GATEWAY,Inter-Region,Regular,Prepaid,CR052,Van,2.55,2.78,2.78,2588937,24510,15599,8,1,0,,54.0,72,1,0,,1,0,,0,,66.08,4.96,7.88,ST19_Denpasar,
SHPM004705,AWB260004705,2026-03-24 12:00:47.156967,2026-03-24 12:35:47.156967,2026-03-24 13:04:47.156967,2026-03-24 18:19:31.853350,2026-03-24 19:48:31.853350,2026-03-24 20:40:31.853350,2026-03-24 23:17:28.209973,2026-03-25 09:02:03.620388,2026-03-25 20:02:58.866201,2026-03-26 06:17:36.420733,2026-03-26 23:58:55.392679,2026-03-27 12:00:47.156967,Delivered,Closed,SHP052,Shipper 052,Marketplace,Jabodetabek,ST04_Bekasi,HB01_JKT_GATEWAY,Central Java,ST10_Solo,HB04_CTG_NATIONAL,Inter-Region,Regular,Prepaid,CR036,Bike,0.82,0.81,0.82,524346,15690,8769,8,1,0,,89.0,72,1,0,,1,0,,0,,59.97,2.62,11.02,ST10_Solo,
SHPM004706,AWB260004706,2026-02-20 21:24:41.804997,2026-02-20 21:56:41.804997,2026-02-20 23:17:41.804997,,,,,,,,,2026-02-21 13:24:41.804997,Failed Pickup,Exception,SHP041,Shipper 041,SME,West Java,ST07_Cirebon,HB02_BDG_TRANSIT,Outer Java,ST18_Balikpapan,HB06_EASTERN_GATEWAY,Inter-Region,Same Day,Prepaid,CR070,Truck,1.35,2.27,2.27,875993,37215,23614,2,0,1,Shipper Not Ready,,16,0,0,,0,0,,0,,1070.59,,,ST07_Cirebon,
SHPM004707,AWB260004707,2026-02-16 02:44:29.931149,2026-02-16 02:53:29.931149,2026-02-16 03:21:29.931149,2026-02-16 11:41:51.189757,2026-02-16 12:18:51.189757,2026-02-16 13:01:51.189757,2026-02-16 17:03:54.798093,2026-02-17 01:06:43.369408,2026-02-17 12:16:03.064190,2026-02-18 05:10:03.824845,2026-02-18 11:27:17.152957,2026-02-19 02:44:29.931149,Delivered,Closed,SHP035,Shipper 035,Enterprise,Jabodetabek,ST02_JKT_West,HB01_JKT_GATEWAY,East Java,ST12_Surabaya,HB03_SBY_GATEWAY,Inter-Region,Regular,COD,CR014,Bike,1.57,1.67,1.67,726596,23515,15148,8,0,0,,37.0,72,1,0,,1,0,,0,,56.71,4.03,11.16,ST12_Surabaya,
SHPM004708,AWB260004708,2026-03-16 18:31:52.929706,2026-03-16 18:55:52.929706,2026-03-16 19:33:52.929706,2026-03-16 21:29:52.977298,2026-03-16 21:56:52.977298,2026-03-16 23:00:52.977298,2026-03-17 00:39:39.160873,2026-03-17 10:23:50.609423,2026-03-17 14:45:26.002562,2026-03-17 21:13:09.093727,2026-03-18 04:49:54.670069,2026-03-19 18:31:52.929706,Delivered,Closed,SHP086,Shipper 086,Marketplace,Jabodetabek,ST02_JKT_West,HB01_JKT_GATEWAY,Outer Java,ST20_Banjarmasin,HB06_EASTERN_GATEWAY,Inter-Region,Regular,Prepaid,CR016,Van,3.65,3.76,3.76,1203769,28920,26299,8,1,0,,27.0,72,1,0,,1,0,,0,,34.3,1.65,4.36,ST20_Banjarmasin,
SHPM004709,AWB260004709,2026-03-16 14:16:04.648045,2026-03-16 14:48:04.648045,2026-03-16 14:59:04.648045,2026-03-16 17:39:58.148314,2026-03-16 18:17:58.148314,2026-03-16 20:06:58.148314,2026-03-17 01:26:17.959453,2026-03-17 04:31:56.335860,2026-03-17 10:19:44.099998,2026-03-17 20:17:04.665042,2026-03-18 05:12:24.276820,2026-03-18 02:16:04.648045,Delivered,Closed,SHP005,Shipper 005,Enterprise,Central Java,ST09_Semarang,HB04_CTG_NATIONAL,Jabodetabek,ST03_JKT_East,HB01_JKT_GATEWAY,Inter-Region,Next Day,Prepaid,CR084,Van,1.13,1.19,1.19,1090863,25355,20632,4,1,0,,38.0,36,0,0,,1,0,,0,,38.94,5.32,5.8,ST03_JKT_East,Last Mile Delay
SHPM004710,AWB260004710,2026-03-04 08:13:56.096980,2026-03-04 08:35:56.096980,2026-03-04 08:42:56.096980,2026-03-04 12:18:58.555363,2026-03-04 12:42:58.555363,2026-03-04 14:39:58.555363,2026-03-04 15:41:37.341598,2026-03-04 21:03:59.481319,2026-03-04 22:34:14.058675,2026-03-05 06:51:43.124399,2026-03-05 14:47:56.011303,2026-03-05 20:13:56.096980,Delivered,Closed,SHP080,Shipper 080,SME,Outer Java,ST16_Palembang,HB05_SUMATRA_GATEWAY,West Java,ST08_Bogor,HB01_JKT_GATEWAY,Inter-Region,Next Day,Prepaid,CR145,Bike,0.48,0.48,0.48,1042454,22160,14614,4,1,0,,24.0,36,1,0,,1,0,,0,,30.57,1.03,1.5,ST08_Bogor,
SHPM004711,AWB260004711,2026-03-23 06:07:49.960858,2026-03-23 06:42:49.960858,2026-03-23 07:00:49.960858,2026-03-23 12:55:49.161444,2026-03-23 13:45:49.161444,2026-03-23 14:04:49.161444,2026-03-23 19:00:17.896825,2026-03-24 03:19:17.677582,2026-03-25 00:20:07.858594,2026-03-25 17:49:10.037903,2026-03-25 23:25:07.677533,2026-03-26 06:07:49.960858,Delivered,Closed,SHP046,Shipper 046,SME,East Java,ST13_Malang,HB03_SBY_GATEWAY,Central Java,ST09_Semarang,HB04_CTG_NATIONAL,Inter-Region,Regular,COD,CR118,Bike,4.46,4.04,4.46,981515,36070,22828,8,1,0,,50.0,72,1,0,,1,0,,0,,65.29,4.92,21.01,ST09_Semarang,
SHPM004712,AWB260004712,2026-03-01 12:37:35.424502,2026-03-01 13:14:35.424502,2026-03-01 13:55:35.424502,2026-03-01 16:52:35.509083,2026-03-01 17:10:35.509083,2026-03-01 18:10:35.509083,2026-03-01 22:05:50.403575,2026-03-02 02:17:17.282335,2026-03-02 05:49:29.894273,2026-03-02 23:36:43.042636,2026-03-03 09:53:20.972446,2026-03-03 00:37:35.424502,Delivered,Closed,SHP005,Shipper 005,Enterprise,Central Java,ST10_Solo,HB04_CTG_NATIONAL,West Java,ST06_Bandung,HB01_JKT_GATEWAY,Inter-Region,Next Day,Prepaid,CR093,Bike,1.76,1.82,1.82,1493245,28190,25768,4,1,0,,18.0,36,0,0,,1,0,,0,,45.26,3.92,3.54,ST06_Bandung,Last Mile Delay
SHPM004713,AWB260004713,2026-02-18 19:36:46.546878,2026-02-18 20:01:46.546878,2026-02-18 20:31:46.546878,2026-02-18 23:04:07.647831,2026-02-18 23:33:07.647831,2026-02-19 01:04:07.647831,2026-02-19 02:47:56.689749,2026-02-19 09:22:30.094181,2026-02-20 03:02:31.068333,2026-02-20 19:40:27.257972,2026-02-21 00:03:45.494042,2026-02-20 07:36:46.546878,Delivered,Closed,SHP006,Shipper 006,Marketplace,East Java,ST14_Kediri,HB03_SBY_GATEWAY,Jabodetabek,ST03_JKT_East,HB01_JKT_GATEWAY,Inter-Region,Next Day,Prepaid,CR129,Bike,1.4,1.53,1.53,760573,26885,21419,4,1,0,,29.0,36,0,0,,1,0,,0,,52.45,1.73,17.67,ST03_JKT_East,Hub Bottleneck
SHPM004714,AWB260004714,2026-03-12 23:31:44.856942,2026-03-12 23:53:44.856942,2026-03-13 00:09:44.856942,2026-03-13 02:19:24.248092,2026-03-13 03:20:24.248092,2026-03-13 04:07:24.248092,2026-03-13 09:54:49.818156,2026-03-13 12:56:38.787798,2026-03-13 19:10:35.871768,2026-03-14 00:56:03.555365,2026-03-14 14:48:07.017041,2026-03-15 23:31:44.856942,Delivered,Closed,SHP023,Shipper 023,Enterprise,West Java,ST06_Bandung,HB01_JKT_GATEWAY,Jabodetabek,ST01_JKT_Central,HB01_JKT_GATEWAY,Inter-Region,Regular,Prepaid,CR055,Bike,2.95,2.86,2.95,2302195,25275,16911,8,1,0,,61.0,72,1,0,,1,0,,0,,39.27,5.79,6.23,ST01_JKT_Central,
SHPM004715,AWB260004715,2026-02-22 07:54:29.113241,2026-02-22 07:59:29.113241,2026-02-22 08:10:29.113241,2026-02-22 12:29:31.466708,2026-02-22 13:30:31.466708,2026-02-22 14:20:31.466708,2026-02-22 19:01:05.917787,2026-02-23 04:51:43.914670,2026-02-23 08:51:24.213900,2026-02-23 21:20:23.699897,2026-02-24 06:11:16.808987,2026-02-23 19:54:29.113241,Delivered,Closed,SHP009,Shipper 009,Marketplace,West Java,ST06_Bandung,HB01_JKT_GATEWAY,East Java,ST13_Malang,HB03_SBY_GATEWAY,Inter-Region,Next Day,Prepaid,CR062,Bike,0.66,0.61,0.66,425295,22970,20687,4,0,0,,61.0,36,0,0,,1,0,,0,,46.28,4.68,3.99,ST13_Malang,First Mile Delay
SHPM004716,AWB260004716,2026-03-15 03:25:45.755357,2026-03-15 03:34:45.755357,2026-03-15 03:54:45.755357,2026-03-15 04:33:42.052890,2026-03-15 05:08:42.052890,2026-03-15 05:57:42.052890,2026-03-15 08:29:50.247459,2026-03-15 16:07:57.002208,2026-03-15 22:05:47.548251,2026-03-17 18:21:47.029936,,2026-03-15 19:25:45.755357,Delivery Exception,Exception,SHP011,Shipper 011,Enterprise,Jabodetabek,ST01_JKT_Central,HB01_JKT_GATEWAY,East Java,ST12_Surabaya,HB03_SBY_GATEWAY,Inter-Region,Same Day,COD,CR005,Truck,0.91,0.83,0.91,1385824,35095,25675,2,1,0,,35.0,16,0,1,Remote Area Delay,3,1,Capacity Delay,0,,536.57,2.54,5.96,ST12_Surabaya,Delivery Exception
SHPM004717,AWB260004717,2026-03-01 09:53:17.185542,2026-03-01 10:26:17.185542,2026-03-01 11:03:17.185542,2026-03-01 14:06:02.389186,2026-03-01 14:37:02.389186,2026-03-01 14:58:02.389186,2026-03-01 17:17:47.573358,2026-03-01 21:30:53.126295,2026-03-02 00:37:59.613317,2026-03-02 12:53:33.279175,2026-03-02 17:07:39.405860,2026-03-04 09:53:17.185542,Delivered,Closed,SHP076,Shipper 076,Enterprise,West Java,ST06_Bandung,HB01_JKT_GATEWAY,Central Java,ST11_Yogyakarta,HB04_CTG_NATIONAL,Inter-Region,Regular,Prepaid,CR061,Bike,2.01,2.69,2.69,806885,24105,22209,8,1,0,,31.0,72,1,0,,1,0,,0,,31.24,2.33,3.12,ST11_Yogyakarta,
SHPM004718,AWB260004718,2026-02-18 00:23:13.602199,2026-02-18 00:35:13.602199,2026-02-18 00:54:13.602199,2026-02-18 02:19:37.896426,2026-02-18 02:52:37.896426,2026-02-18 03:08:37.896426,2026-02-18 05:33:42.617898,2026-02-18 11:48:23.134069,2026-02-18 14:25:40.481376,2026-02-19 01:06:49.421705,2026-02-19 05:13:12.163919,2026-02-18 16:23:13.602199,Delivered,Closed,SHP097,Shipper 097,SME,Jabodetabek,ST01_JKT_Central,HB01_JKT_GATEWAY,West Java,ST06_Bandung,HB01_JKT_GATEWAY,Inter-Region,Same Day,Prepaid,CR007,Bike,0.71,1.17,1.17,472298,32265,27604,2,1,0,,33.0,16,0,0,,1,0,,0,,28.83,2.42,2.62,ST06_Bandung,Last Mile Delay
SHPM004719,AWB260004719,2026-03-20 21:11:21.207692,2026-03-20 21:28:21.207692,2026-03-20 21:50:21.207692,2026-03-21 01:23:26.172740,2026-03-21 02:20:26.172740,2026-03-21 04:03:26.172740,2026-03-21 05:05:32.903704,2026-03-21 09:54:20.931784,2026-03-21 13:17:57.387006,2026-03-21 23:15:10.741383,,2026-03-22 09:11:21.207692,Delivery Exception,Exception,SHP045,Shipper 045,Marketplace,Jabodetabek,ST02_JKT_West,HB01_JKT_GATEWAY,Outer Java,ST20_Banjarmasin,HB06_EASTERN_GATEWAY,Inter-Region,Next Day,Prepaid,CR017,Truck,0.93,1.56,1.56,1087417,27020,22735,4,1,0,,57.0,36,0,1,Remote Area Delay,2,0,,0,,398.81,1.04,3.39,ST20_Banjarmasin,Delivery Exception
SHPM004720,AWB260004720,2026-03-01 04:59:33.988751,2026-03-01 05:36:33.988751,2026-03-01 06:10:33.988751,2026-03-01 07:58:08.197090,2026-03-01 08:42:08.197090,2026-03-01 10:41:08.197090,2026-03-01 16:17:48.673543,2026-03-02 02:04:32.241891,2026-03-02 04:08:44.481902,2026-03-02 16:21:00.916404,2026-03-03 01:56:08.699411,2026-03-02 16:59:33.988751,Delivered,Closed,SHP063,Shipper 063,Enterprise,Jabodetabek,ST03_JKT_East,HB01_JKT_GATEWAY,Outer Java,ST15_Medan,HB05_SUMATRA_GATEWAY,Inter-Region,Next Day,Prepaid,CR024,Van,1.43,1.5,1.5,648185,26750,24472,4,1,0,,44.0,36,0,0,,1,0,,0,,44.94,5.61,2.07,ST15_Medan,Remote Area
SHPM004721,AWB260004721,2026-03-11 10:49:44.690541,2026-03-11 11:16:44.690541,2026-03-11 11:48:44.690541,2026-03-11 19:36:04.293988,2026-03-11 19:50:04.293988,2026-03-11 21:12:04.293988,2026-03-12 02:27:05.616203,2026-03-12 06:13:14.086057,2026-03-13 06:52:30.088904,2026-03-13 15:11:10.592733,2026-03-14 01:11:14.834014,2026-03-13 10:49:44.690541,Delivered,Closed,SHP090,Shipper 090,Enterprise,East Java,ST14_Kediri,HB03_SBY_GATEWAY,East Java,ST12_Surabaya,HB03_SBY_GATEWAY,Intra-Region,Regular,Prepaid,CR127,Bike,0.68,0.73,0.73,1168450,15285,13908,8,0,0,,14.0,48,0,0,,1,0,,0,,62.36,5.25,24.65,ST12_Surabaya,First Mile Delay
SHPM004722,AWB260004722,2026-03-16 22:27:16.609454,2026-03-16 22:59:16.609454,2026-03-16 23:25:16.609454,2026-03-17 04:40:00.937974,2026-03-17 04:50:00.937974,2026-03-17 06:26:00.937974,2026-03-17 08:14:21.417140,2026-03-17 14:30:55.915177,2026-03-17 22:44:50.796389,2026-03-18 04:53:36.394070,2026-03-18 20:37:48.026510,2026-03-19 22:27:16.609454,Delivered,Closed,SHP005,Shipper 005,Enterprise,Central Java,ST09_Semarang,HB04_CTG_NATIONAL,West Java,ST08_Bogor,HB01_JKT_GATEWAY,Inter-Region,Regular,COD,CR085,Truck,2.74,3.18,3.18,1894021,30310,28455,8,1,0,,10.0,72,1,0,,1,0,,0,,46.18,1.81,8.23,ST08_Bogor,
SHPM004723,AWB260004723,2026-03-15 11:42:11.103931,2026-03-15 12:12:11.103931,2026-03-15 12:23:11.103931,2026-03-15 14:58:16.787127,2026-03-15 15:21:16.787127,2026-03-15 15:37:16.787127,2026-03-15 21:31:52.501307,2026-03-16 01:29:39.194077,2026-03-16 09:25:23.742259,2026-03-16 14:34:08.554692,2026-03-17 03:45:23.991946,2026-03-18 11:42:11.103931,Delivered,Closed,SHP036,Shipper 036,Marketplace,West Java,ST08_Bogor,HB01_JKT_GATEWAY,Outer Java,ST16_Palembang,HB05_SUMATRA_GATEWAY,Inter-Region,Regular,COD,CR076,Van,0.2,0.19,0.2,1856414,16900,15057,8,1,0,,23.0,72,1,0,,1,0,,0,,40.05,5.91,7.93,ST16_Palembang,
SHPM004724,AWB260004724,2026-02-23 02:07:25.659218,2026-02-23 02:13:25.659218,2026-02-23 02:18:25.659218,2026-02-23 05:47:29.021389,2026-02-23 06:46:29.021389,2026-02-23 08:45:29.021389,2026-02-23 13:34:12.570590,2026-02-23 21:40:26.953785,2026-02-24 14:23:45.946592,2026-02-25 08:10:36.971363,2026-02-25 20:29:54.914427,2026-02-24 14:07:25.659218,Delivered,Closed,SHP030,Shipper 030,Enterprise,Jabodetabek,ST05_Tangerang,HB01_JKT_GATEWAY,Outer Java,ST18_Balikpapan,HB06_EASTERN_GATEWAY,Inter-Region,Next Day,Prepaid,CR053,Bike,1.97,1.87,1.97,1729185,28865,19110,4,1,0,,59.0,36,0,0,,1,0,,0,,66.37,4.81,16.72,ST18_Balikpapan,Hub Bottleneck
SHPM004725,AWB260004725,2026-03-20 13:43:07.593821,2026-03-20 14:03:07.593821,2026-03-20 14:43:07.593821,2026-03-20 18:16:36.894257,2026-03-20 19:25:36.894257,2026-03-20 20:52:36.894257,2026-03-20 22:34:36.125743,2026-03-21 07:07:20.664196,2026-03-21 14:56:58.015782,2026-03-22 20:45:21.555391,2026-03-22 23:27:43.558340,2026-03-22 01:43:07.593821,Delivered,Closed,SHP056,Shipper 056,Enterprise,Jabodetabek,ST03_JKT_East,HB01_JKT_GATEWAY,West Java,ST08_Bogor,HB01_JKT_GATEWAY,Inter-Region,Next Day,Prepaid,CR023,Bike,0.65,0.71,0.71,117621,23195,20547,4,0,0,,69.0,36,0,0,,1,1,Missed Cut-Off,0,,57.74,1.7,7.83,ST08_Bogor,First Mile Delay
SHPM004726,AWB260004726,2026-03-08 10:28:29.810482,2026-03-08 10:34:29.810482,2026-03-08 10:44:29.810482,2026-03-08 12:11:03.207756,2026-03-08 12:30:03.207756,2026-03-08 14:07:03.207756,2026-03-08 16:55:05.056596,2026-03-09 00:30:23.323278,2026-03-09 09:14:19.859326,2026-03-10 02:11:25.085792,2026-03-10 05:55:20.610746,2026-03-09 02:28:29.810482,Delivered,Closed,SHP061,Shipper 061,Enterprise,Outer Java,ST17_Makassar,HB06_EASTERN_GATEWAY,Jabodetabek,ST03_JKT_East,HB01_JKT_GATEWAY,Inter-Region,Same Day,Prepaid,CR160,Bike,0.92,0.9,0.92,981026,31140,17166,2,1,0,,19.0,16,0,0,,1,0,,0,,43.45,2.8,8.73,ST03_JKT_East,Last Mile Delay
SHPM004727,AWB260004727,2026-03-12 12:57:44.981233,2026-03-12 13:20:44.981233,2026-03-12 13:25:44.981233,2026-03-12 21:06:56.706900,2026-03-12 21:55:56.706900,2026-03-12 22:27:56.706900,2026-03-13 03:04:23.905743,2026-03-13 10:30:56.922045,2026-03-13 13:57:53.930957,2026-03-14 05:12:57.367682,2026-03-14 11:24:26.053005,2026-03-15 12:57:44.981233,Delivered,Closed,SHP027,Shipper 027,SME,Jabodetabek,ST05_Tangerang,HB01_JKT_GATEWAY,West Java,ST07_Cirebon,HB02_BDG_TRANSIT,Inter-Region,Regular,Prepaid,CR047,Bike,1.54,2.26,2.26,365628,22170,18400,8,1,0,,49.0,72,1,0,,1,0,,0,,46.44,4.61,3.45,ST07_Cirebon,
SHPM004728,AWB260004728,2026-03-27 21:59:54.451158,2026-03-27 22:44:54.451158,2026-03-27 23:12:54.451158,2026-03-27 23:46:01.123952,2026-03-28 00:02:01.123952,2026-03-28 01:01:01.123952,2026-03-28 02:19:12.248075,2026-03-28 11:42:24.449683,2026-03-29 02:07:32.746572,2026-03-29 15:07:58.614365,,2026-03-29 09:59:54.451158,Delivery Exception,Exception,SHP041,Shipper 041,SME,West Java,ST08_Bogor,HB01_JKT_GATEWAY,Outer Java,ST18_Balikpapan,HB06_EASTERN_GATEWAY,Inter-Region,Next Day,Prepaid,CR079,Van,1.81,1.67,1.81,1772740,28145,25626,4,1,0,,16.0,36,0,1,Cash Issue,3,0,,0,,230.0,1.3,14.42,ST18_Balikpapan,Hub Bottleneck
SHPM004729,AWB260004729,2026-03-14 01:58:01.399224,2026-03-14 02:28:01.399224,2026-03-14 03:16:01.399224,2026-03-14 10:21:44.280987,2026-03-14 11:05:44.280987,2026-03-14 12:21:44.280987,2026-03-14 18:37:55.253848,2026-03-14 21:02:27.245354,2026-03-15 22:57:29.794641,2026-03-16 12:02:30.581371,,2026-03-15 13:58:01.399224,Delivery Exception,Exception,SHP025,Shipper 025,Marketplace,East Java,ST12_Surabaya,HB03_SBY_GATEWAY,Outer Java,ST20_Banjarmasin,HB06_EASTERN_GATEWAY,Inter-Region,Next Day,COD,CR109,Truck,0.85,0.89,0.89,443935,28005,24639,4,0,0,,44.0,36,0,1,Customer Reschedule,2,0,,0,,562.03,6.27,25.92,ST20_Banjarmasin,Hub Bottleneck
SHPM004730,AWB260004730,2026-03-02 03:24:01.683369,2026-03-02 04:05:01.683369,2026-03-02 04:11:01.683369,2026-03-02 09:47:34.803493,2026-03-02 09:55:34.803493,2026-03-02 10:45:34.803493,2026-03-02 14:02:25.349051,2026-03-02 21:29:44.016276,2026-03-03 01:53:01.756371,2026-03-03 08:00:49.482984,2026-03-03 17:32:52.027230,2026-03-05 03:24:01.683369,Delivered,Closed,SHP048,Shipper 048,Enterprise,Outer Java,ST17_Makassar,HB06_EASTERN_GATEWAY,West Java,ST07_Cirebon,HB02_BDG_TRANSIT,Inter-Region,Regular,Prepaid,CR156,Van,1.32,1.38,1.38,2133235,18210,15204,8,1,0,,8.0,72,1,0,,1,0,,0,,38.15,3.28,4.39,ST07_Cirebon,
SHPM004731,AWB260004731,2026-03-01 04:40:09.296436,2026-03-01 04:49:09.296436,2026-03-01 04:54:09.296436,2026-03-01 07:50:45.217730,2026-03-01 08:55:45.217730,2026-03-01 09:40:45.217730,2026-03-01 13:54:31.508041,2026-03-01 21:10:17.038370,2026-03-02 06:43:46.155033,2026-03-02 13:02:16.181261,2026-03-02 22:51:22.760915,2026-03-02 16:40:09.296436,Delivered,Closed,SHP052,Shipper 052,Marketplace,Jabodetabek,ST04_Bekasi,HB01_JKT_GATEWAY,Central Java,ST11_Yogyakarta,HB04_CTG_NATIONAL,Inter-Region,Next Day,Prepaid,CR040,Bike,0.48,0.57,0.57,2146112,22565,13113,4,1,0,,65.0,36,0,0,,1,0,,0,,42.19,4.23,9.56,ST11_Yogyakarta,Last Mile Delay
SHPM004732,AWB260004732,2026-02-28 12:42:11.944490,2026-02-28 13:01:11.944490,2026-02-28 13:42:11.944490,2026-02-28 16:43:27.088225,2026-02-28 18:20:27.088225,2026-02-28 19:28:27.088225,2026-03-01 02:19:28.216816,2026-03-01 12:08:59.825365,2026-03-01 22:37:26.296669,2026-03-02 17:41:30.887911,2026-03-02 21:36:02.105573,2026-03-02 00:42:11.944490,Delivered,Closed,SHP010,Shipper 010,Enterprise,East Java,ST12_Surabaya,HB03_SBY_GATEWAY,Central Java,ST09_Semarang,HB04_CTG_NATIONAL,Inter-Region,Next Day,Prepaid,CR109,Van,1.41,1.27,1.41,1542457,26345,19725,4,1,0,,97.0,36,0,0,,1,1,Missed Cut-Off,0,,56.9,6.85,10.47,ST09_Semarang,Hub Bottleneck
SHPM004733,AWB260004733,2026-03-03 04:39:16.985508,2026-03-03 05:08:16.985508,2026-03-03 05:33:16.985508,2026-03-03 13:06:54.454353,2026-03-03 13:14:54.454353,2026-03-03 14:09:54.454353,2026-03-03 19:51:50.284793,2026-03-04 04:33:41.416364,2026-03-04 12:45:20.321400,2026-03-04 23:38:48.880367,2026-03-05 10:56:13.441174,2026-03-06 04:39:16.985508,Delivered,Closed,SHP071,Shipper 071,Enterprise,Jabodetabek,ST04_Bekasi,HB01_JKT_GATEWAY,East Java,ST12_Surabaya,HB03_SBY_GATEWAY,Inter-Region,Regular,Prepaid,CR038,Bike,0.49,0.48,0.49,174819,14205,10127,8,1,0,,8.0,72,1,0,,1,0,,0,,54.28,5.7,8.19,ST12_Surabaya,
SHPM004734,AWB260004734,2026-03-09 07:09:18.364214,2026-03-09 07:40:18.364214,2026-03-09 08:21:18.364214,2026-03-09 11:26:15.628669,2026-03-09 12:21:15.628669,2026-03-09 13:02:15.628669,2026-03-09 14:35:01.175953,2026-03-09 20:34:33.668115,2026-03-10 07:28:01.493660,2026-03-10 13:57:29.796310,2026-03-11 21:48:59.164339,2026-03-12 07:09:18.364214,Delivered,Closed,SHP087,Shipper 087,Enterprise,Jabodetabek,ST02_JKT_West,HB01_JKT_GATEWAY,Outer Java,ST17_Makassar,HB06_EASTERN_GATEWAY,Inter-Region,Regular,Prepaid,CR012,Bike,0.59,0.64,0.64,1213577,14880,8622,8,1,0,,55.0,72,1,0,,1,0,,0,,62.66,1.55,10.89,ST17_Makassar,
SHPM004735,AWB260004735,2026-03-13 01:03:30.785919,2026-03-13 01:48:30.785919,2026-03-13 02:09:30.785919,2026-03-13 06:24:57.376662,2026-03-13 06:36:57.376662,2026-03-13 07:29:57.376662,2026-03-13 09:06:48.004385,2026-03-13 13:42:34.975081,2026-03-13 16:21:38.003112,2026-03-14 05:51:05.952087,2026-03-14 08:39:16.619352,2026-03-14 13:03:30.785919,Delivered,Closed,SHP070,Shipper 070,Enterprise,Jabodetabek,ST04_Bekasi,HB01_JKT_GATEWAY,East Java,ST12_Surabaya,HB03_SBY_GATEWAY,Inter-Region,Next Day,COD,CR037,Bike,0.66,0.71,0.71,977022,27195,15385,4,0,0,,12.0,36,1,0,,1,0,,0,,31.6,1.61,2.65,ST12_Surabaya,
SHPM004736,AWB260004736,2026-03-24 23:46:46.847046,2026-03-25 00:08:46.847046,2026-03-25 00:33:46.847046,2026-03-25 01:11:13.209779,2026-03-25 01:19:13.209779,2026-03-25 01:36:13.209779,2026-03-25 05:50:54.171245,2026-03-25 10:40:32.420609,2026-03-25 16:26:12.463184,2026-03-25 21:44:34.530790,2026-03-26 01:24:42.647276,2026-03-25 23:46:46.847046,Delivered,Closed,SHP011,Shipper 011,Enterprise,Jabodetabek,ST03_JKT_East,HB01_JKT_GATEWAY,Jabodetabek,ST05_Tangerang,HB01_JKT_GATEWAY,Intra-Region,Next Day,COD,CR026,Bike,0.95,1.0,1.0,1145698,28500,19593,4,1,0,,8.0,24,0,0,,1,0,,0,,25.63,4.24,5.76,ST05_Tangerang,Last Mile Delay
SHPM004737,AWB260004737,2026-02-28 22:26:18.877132,2026-02-28 23:01:18.877132,2026-02-28 23:23:18.877132,2026-03-01 05:37:21.480058,2026-03-01 06:23:21.480058,2026-03-01 07:00:21.480058,2026-03-01 11:09:25.333773,2026-03-01 13:23:37.721500,2026-03-02 00:32:22.445600,2026-03-02 09:48:57.727631,2026-03-03 00:44:24.208271,2026-03-03 22:26:18.877132,Delivered,Closed,SHP088,Shipper 088,SME,Outer Java,ST19_Denpasar,HB06_EASTERN_GATEWAY,Jabodetabek,ST03_JKT_East,HB01_JKT_GATEWAY,Inter-Region,Regular,Prepaid,CR180,Bike,0.77,0.81,0.81,1216944,15645,14554,8,1,0,,46.0,72,1,0,,1,0,,0,,50.3,4.15,11.15,ST03_JKT_East,
SHPM004738,AWB260004738,2026-02-23 18:37:48.024304,2026-02-23 19:11:48.024304,2026-02-23 19:39:48.024304,2026-02-23 23:20:05.341602,2026-02-23 23:52:05.341602,2026-02-24 01:15:05.341602,2026-02-24 03:05:11.542208,2026-02-24 11:02:27.555752,2026-02-24 21:18:04.915758,2026-02-25 10:44:06.150277,2026-02-25 12:49:28.092650,2026-02-25 06:37:48.024304,Delivered,Closed,SHP076,Shipper 076,Enterprise,West Java,ST06_Bandung,HB01_JKT_GATEWAY,Jabodetabek,ST04_Bekasi,HB01_JKT_GATEWAY,Inter-Region,Next Day,Prepaid,CR060,Bike,1.51,1.51,1.51,343682,26795,15473,4,0,0,,32.0,36,0,0,,1,0,,0,,42.19,1.84,10.26,ST04_Bekasi,First Mile Delay
SHPM004739,AWB260004739,2026-03-13 15:09:47.214322,2026-03-13 15:22:47.214322,2026-03-13 15:55:47.214322,2026-03-13 17:55:09.689889,2026-03-13 18:13:09.689889,2026-03-13 19:16:09.689889,2026-03-13 22:33:46.663252,2026-03-14 03:47:21.547497,2026-03-14 08:50:02.780117,2026-03-14 18:48:13.755145,2026-03-14 23:37:15.681605,2026-03-16 15:09:47.214322,Delivered,Closed,SHP069,Shipper 069,SME,West Java,ST08_Bogor,HB01_JKT_GATEWAY,Central Java,ST09_Semarang,HB04_CTG_NATIONAL,Inter-Region,Regular,Prepaid,CR081,Van,0.68,0.65,0.68,912906,15060,11507,8,1,0,,18.0,72,1,0,,1,0,,0,,32.46,3.29,5.04,ST09_Semarang,
SHPM004740,AWB260004740,2026-03-27 13:17:49.722396,2026-03-27 13:52:49.722396,2026-03-27 14:18:49.722396,2026-03-27 17:09:17.320367,2026-03-27 17:33:17.320367,2026-03-27 19:09:17.320367,2026-03-27 23:01:56.641544,2026-03-28 05:03:01.862735,2026-03-28 12:09:50.410812,2026-03-29 00:05:06.360509,2026-03-29 08:29:41.511745,2026-03-29 01:17:49.722396,Delivered,Closed,SHP093,Shipper 093,SME,East Java,ST13_Malang,HB03_SBY_GATEWAY,Outer Java,ST15_Medan,HB05_SUMATRA_GATEWAY,Inter-Region,Next Day,Prepaid,CR123,Bike,1.01,1.48,1.48,1802902,26660,18077,4,1,0,,24.0,36,0,0,,1,0,,0,,43.2,3.88,7.11,ST15_Medan,Remote Area
SHPM004741,AWB260004741,2026-03-30 18:45:33.182304,2026-03-30 18:56:33.182304,2026-03-30 19:37:33.182304,2026-03-30 23:49:31.102050,2026-03-31 00:29:31.102050,2026-03-31 00:52:31.102050,2026-03-31 06:45:32.597034,2026-03-31 08:47:59.773259,2026-03-31 10:23:23.854989,2026-03-31 18:34:03.643617,2026-04-01 05:56:54.591114,2026-04-02 18:45:33.182304,Delivered,Closed,SHP072,Shipper 072,Enterprise,Outer Java,ST17_Makassar,HB06_EASTERN_GATEWAY,Jabodetabek,ST01_JKT_Central,HB01_JKT_GATEWAY,Inter-Region,Regular,Prepaid,CR161,Bike,1.09,1.76,1.76,283087,19920,18529,8,1,0,,40.0,72,1,0,,1,0,,0,,35.19,5.88,1.59,ST01_JKT_Central,
SHPM004742,AWB260004742,2026-03-26 23:12:19.645507,2026-03-26 23:39:19.645507,2026-03-26 23:51:19.645507,2026-03-27 03:29:14.896793,2026-03-27 04:00:14.896793,2026-03-27 05:20:14.896793,2026-03-27 08:42:48.284865,2026-03-27 16:11:31.261212,2026-03-27 23:10:47.491577,2026-03-28 12:28:31.565919,2026-03-28 18:22:19.592979,2026-03-29 23:12:19.645507,Delivered,Closed,SHP074,Shipper 074,Enterprise,Outer Java,ST15_Medan,HB05_SUMATRA_GATEWAY,West Java,ST07_Cirebon,HB02_BDG_TRANSIT,Inter-Region,Regular,Prepaid,CR137,Bike,1.83,1.92,1.92,2850539,20640,15796,8,1,0,,31.0,72,1,0,,1,0,,0,,43.17,3.38,6.99,ST07_Cirebon,
SHPM004743,AWB260004743,2026-02-15 11:11:45.689474,2026-02-15 11:24:45.689474,2026-02-15 12:12:45.689474,2026-02-15 13:51:01.025363,2026-02-15 14:01:01.025363,2026-02-15 15:07:01.025363,2026-02-15 19:17:38.368709,2026-02-15 23:11:22.383052,2026-02-16 04:43:00.701528,2026-02-16 17:21:53.111060,2026-02-16 20:49:40.809080,2026-02-16 23:11:45.689474,Delivered,Closed,SHP071,Shipper 071,Enterprise,Jabodetabek,ST05_Tangerang,HB01_JKT_GATEWAY,Outer Java,ST19_Denpasar,HB06_EASTERN_GATEWAY,Inter-Region,Next Day,COD,CR044,Bike,0.55,0.55,0.55,1201891,26475,19659,4,1,0,,10.0,36,1,0,,1,0,,0,,33.63,4.18,5.53,ST19_Denpasar,
SHPM004744,AWB260004744,2026-03-27 10:47:32.973866,2026-03-27 10:53:32.973866,2026-03-27 11:08:32.973866,2026-03-27 16:36:06.146607,2026-03-27 17:24:06.146607,2026-03-27 18:37:06.146607,2026-03-27 20:18:45.232933,2026-03-28 02:07:17.644146,2026-03-28 09:17:22.742870,2026-03-28 15:41:14.952610,2026-03-29 04:15:48.381363,2026-03-30 10:47:32.973866,Delivered,Closed,SHP049,Shipper 049,Enterprise,Jabodetabek,ST05_Tangerang,HB01_JKT_GATEWAY,Outer Java,ST17_Makassar,HB06_EASTERN_GATEWAY,Inter-Region,Regular,Prepaid,CR049,Truck,0.69,0.69,0.69,1940844,15105,9833,8,1,0,,48.0,72,1,0,,1,0,,0,,41.47,1.69,7.17,ST17_Makassar,
SHPM004745,AWB260004745,2026-02-28 00:45:17.890198,2026-02-28 01:02:17.890198,2026-02-28 01:13:17.890198,2026-02-28 05:35:24.802730,2026-02-28 05:44:24.802730,2026-02-28 06:32:24.802730,2026-02-28 10:21:18.940171,2026-02-28 19:05:11.927231,2026-03-01 00:12:12.041661,2026-03-01 07:17:28.682503,2026-03-01 11:17:21.447773,2026-03-01 12:45:17.890198,Delivered,Closed,SHP048,Shipper 048,Enterprise,Outer Java,ST17_Makassar,HB06_EASTERN_GATEWAY,Jabodetabek,ST01_JKT_Central,HB01_JKT_GATEWAY,Inter-Region,Next Day,Prepaid,CR160,Bike,1.74,2.83,2.83,219535,32735,20182,4,0,0,,9.0,36,1,0,,1,0,,0,,34.53,3.82,5.12,ST01_JKT_Central,
SHPM004746,AWB260004746,2026-03-31 15:12:25.683043,2026-03-31 15:31:25.683043,2026-03-31 15:50:25.683043,2026-03-31 22:28:57.597546,2026-03-31 22:53:57.597546,2026-04-01 00:12:57.597546,2026-04-01 05:08:42.076902,2026-04-01 07:18:01.844308,2026-04-01 09:16:56.084643,2026-04-01 21:29:17.421718,2026-04-02 10:39:02.129951,2026-04-03 15:12:25.683043,Delivered,Closed,SHP069,Shipper 069,SME,West Java,ST06_Bandung,HB01_JKT_GATEWAY,East Java,ST13_Malang,HB03_SBY_GATEWAY,Inter-Region,Regular,Prepaid,CR063,Bike,1.71,1.74,1.74,1343570,19830,13792,8,1,0,,25.0,72,1,0,,1,0,,0,,43.44,4.93,1.98,ST13_Malang,
SHPM004747,AWB260004747,2026-02-24 03:27:34.296955,2026-02-24 03:55:34.296955,2026-02-24 04:21:34.296955,2026-02-24 11:32:08.161298,2026-02-24 12:23:08.161298,2026-02-24 13:16:08.161298,2026-02-24 16:42:37.625185,2026-02-24 20:06:49.210725,2026-02-25 16:04:41.808630,2026-02-25 21:45:31.996144,2026-02-26 05:51:32.867055,2026-02-27 03:27:34.296955,Delivered,Closed,SHP090,Shipper 090,Enterprise,East Java,ST14_Kediri,HB03_SBY_GATEWAY,West Java,ST08_Bogor,HB01_JKT_GATEWAY,Inter-Region,Regular,Prepaid,CR126,Bike,0.88,0.93,0.93,497896,16185,12391,8,1,0,,51.0,72,1,0,,1,0,,0,,50.4,3.44,19.96,ST08_Bogor,
SHPM004748,AWB260004748,2026-03-29 14:44:47.680745,2026-03-29 15:24:47.680745,2026-03-29 15:37:47.680745,2026-03-29 17:01:12.937667,2026-03-29 17:31:12.937667,2026-03-29 18:03:12.937667,2026-03-29 20:07:28.774919,2026-03-30 04:37:43.739579,2026-03-30 08:55:32.199493,2026-03-31 05:24:51.801127,2026-03-31 10:09:33.996573,2026-03-31 02:44:47.680745,Delivered,Closed,SHP017,Shipper 017,Marketplace,Outer Java,ST16_Palembang,HB05_SUMATRA_GATEWAY,Jabodetabek,ST03_JKT_East,HB01_JKT_GATEWAY,Inter-Region,Next Day,Prepaid,CR147,Van,1.66,2.55,2.55,1135402,31475,18681,4,1,0,,30.0,36,0,0,,1,1,Invalid Address,0,,43.41,2.07,4.3,ST03_JKT_East,Last Mile Delay
SHPM004749,AWB260004749,2026-03-18 16:10:11.095755,2026-03-18 16:48:11.095755,2026-03-18 17:18:11.095755,2026-03-18 19:07:17.479248,2026-03-18 19:20:17.479248,2026-03-18 20:49:17.479248,2026-03-18 23:03:56.286237,2026-03-19 01:19:28.554642,2026-03-19 10:01:58.266473,2026-03-19 23:20:23.376170,2026-03-20 03:55:23.875944,2026-03-19 08:10:11.095755,Delivered,Closed,SHP032,Shipper 032,Marketplace,West Java,ST06_Bandung,HB01_JKT_GATEWAY,Jabodetabek,ST03_JKT_East,HB01_JKT_GATEWAY,Inter-Region,Same Day,Prepaid,CR063,Bike,0.48,0.45,0.48,124980,29160,25876,2,0,0,,13.0,16,0,0,,1,0,,0,,35.75,2.24,8.71,ST03_JKT_East,First Mile Delay
SHPM004750,AWB260004750,2026-02-16 17:30:35.632334,2026-02-16 18:09:35.632334,2026-02-16 18:33:35.632334,2026-02-16 19:28:44.052354,2026-02-16 20:03:44.052354,2026-02-16 20:50:44.052354,2026-02-17 00:04:21.118716,2026-02-17 03:27:00.474037,2026-02-17 09:41:06.301539,2026-02-17 16:56:51.885613,2026-02-17 17:46:20.270578,2026-02-17 09:30:35.632334,Delivered,Closed,SHP072,Shipper 072,Enterprise,Outer Java,ST18_Balikpapan,HB06_EASTERN_GATEWAY,Jabodetabek,ST01_JKT_Central,HB01_JKT_GATEWAY,Inter-Region,Same Day,Prepaid,CR172,Bike,0.53,0.51,0.53,1128566,29385,27753,2,1,0,,35.0,16,0,0,,1,0,,0,,24.26,3.23,6.23,ST01_JKT_Central,Last Mile Delay
SHPM004751,AWB260004751,2026-03-31 21:04:11.813151,2026-03-31 21:38:11.813151,2026-03-31 22:03:11.813151,2026-04-01 03:28:30.856471,2026-04-01 04:15:30.856471,2026-04-01 06:02:30.856471,2026-04-01 07:22:43.226461,2026-04-01 17:02:09.992443,2026-04-01 23:59:29.916655,2026-04-02 06:07:39.893232,2026-04-02 23:52:48.827653,2026-04-03 21:04:11.813151,Delivered,Closed,SHP002,Shipper 002,Enterprise,Jabodetabek,ST01_JKT_Central,HB01_JKT_GATEWAY,West Java,ST07_Cirebon,HB02_BDG_TRANSIT,Inter-Region,Regular,COD,CR006,Bike,2.91,2.87,2.91,1951866,29095,21460,8,1,0,,47.0,72,1,0,,1,0,,0,,50.81,1.34,6.96,ST07_Cirebon,
SHPM004752,AWB260004752,2026-03-15 17:01:25.421985,2026-03-15 17:37:25.421985,2026-03-15 18:17:25.421985,2026-03-15 21:39:47.219596,2026-03-15 22:15:47.219596,2026-03-15 23:23:47.219596,2026-03-16 01:31:47.934790,2026-03-16 10:14:28.792964,2026-03-16 16:16:17.068569,2026-03-17 11:27:50.467906,,2026-03-17 05:01:25.421985,Delivery Exception,Exception,SHP029,Shipper 029,SME,Outer Java,ST18_Balikpapan,HB06_EASTERN_GATEWAY,Jabodetabek,ST03_JKT_East,HB01_JKT_GATEWAY,Inter-Region,Next Day,Prepaid,CR166,Truck,1.51,1.58,1.58,1823173,27110,18094,4,0,0,,36.0,36,0,1,Remote Area Delay,2,1,Weather Delay,0,,522.98,2.13,6.03,ST03_JKT_East,Delivery Exception
SHPM004753,AWB260004753,2026-03-23 20:07:11.244275,2026-03-23 20:14:11.244275,2026-03-23 20:44:11.244275,2026-03-23 23:42:19.716363,2026-03-24 00:15:19.716363,2026-03-24 02:14:19.716363,2026-03-24 06:23:22.687486,2026-03-24 11:58:49.700021,2026-03-24 19:30:11.067223,2026-03-25 06:55:59.279911,2026-03-25 22:45:51.362802,2026-03-25 08:07:11.244275,Delivered,Closed,SHP023,Shipper 023,Enterprise,West Java,ST08_Bogor,HB01_JKT_GATEWAY,Outer Java,ST20_Banjarmasin,HB06_EASTERN_GATEWAY,Inter-Region,Next Day,Prepaid,CR081,Bike,2.12,2.1,2.12,1276794,29540,21564,4,1,0,,33.0,36,0,0,,1,0,,0,,50.64,4.15,7.52,ST20_Banjarmasin,Remote Area
SHPM004754,AWB260004754,2026-03-10 10:45:55.429056,2026-03-10 11:26:55.429056,2026-03-10 12:02:55.429056,2026-03-10 15:09:28.783324,2026-03-10 15:51:28.783324,2026-03-10 16:12:28.783324,2026-03-10 21:17:56.245207,2026-03-10 23:55:14.767427,2026-03-11 08:23:14.317234,2026-03-11 21:16:27.696032,2026-03-12 06:21:38.527489,2026-03-13 10:45:55.429056,Delivered,Closed,SHP020,Shipper 020,SME,East Java,ST14_Kediri,HB03_SBY_GATEWAY,West Java,ST06_Bandung,HB01_JKT_GATEWAY,Inter-Region,Regular,Prepaid,CR131,Bike,1.07,1.67,1.67,993230,19515,15875,8,1,0,,42.0,72,1,0,,1,0,,0,,43.6,5.09,8.47,ST06_Bandung,
SHPM004755,AWB260004755,2026-03-09 09:45:00.974742,2026-03-09 10:06:00.974742,2026-03-09 10:35:00.974742,2026-03-09 11:23:43.380896,2026-03-09 11:45:43.380896,2026-03-09 13:27:43.380896,2026-03-09 19:07:07.591201,2026-03-09 21:16:45.813685,2026-03-10 09:01:22.499743,2026-03-10 23:05:28.979998,2026-03-11 02:21:17.907193,2026-03-10 01:45:00.974742,Delivered,Closed,SHP089,Shipper 089,Enterprise,Central Java,ST11_Yogyakarta,HB04_CTG_NATIONAL,Jabodetabek,ST02_JKT_West,HB01_JKT_GATEWAY,Inter-Region,Same Day,Prepaid,CR105,Van,1.66,1.55,1.66,912765,34470,27424,2,1,0,,22.0,16,0,0,,1,0,,0,,40.6,5.66,11.74,ST02_JKT_West,Hub Bottleneck
SHPM004756,AWB260004756,2026-03-25 15:31:43.278124,2026-03-25 15:48:43.278124,2026-03-25 16:04:43.278124,2026-03-25 20:06:31.315381,2026-03-25 20:56:31.315381,2026-03-25 21:30:31.315381,2026-03-26 00:40:29.503423,2026-03-26 09:04:39.156253,2026-03-26 20:19:34.959669,2026-03-27 14:17:58.848490,,2026-03-28 15:31:43.278124,Return To Sender,RTS,SHP051,Shipper 051,Marketplace,Outer Java,ST20_Banjarmasin,HB06_EASTERN_GATEWAY,West Java,ST06_Bandung,HB01_JKT_GATEWAY,Inter-Region,Regular,Prepaid,CR188,Bike,0.76,0.76,0.76,1506757,15420,14313,8,1,0,,50.0,72,0,1,Customer Not Home,2,0,,1,Customer Not Home,284.47,3.17,11.25,ST06_Bandung,Hub Bottleneck
SHPM004757,AWB260004757,2026-02-17 07:09:12.934683,2026-02-17 07:50:12.934683,2026-02-17 08:12:12.934683,2026-02-17 11:00:20.756799,2026-02-17 11:19:20.756799,2026-02-17 12:48:20.756799,2026-02-17 17:37:57.495544,2026-02-18 01:36:06.757758,2026-02-18 04:29:43.510181,2026-02-18 11:07:31.155932,2026-02-19 13:23:31.927061,2026-02-20 07:09:12.934683,Delivered,Closed,SHP083,Shipper 083,Marketplace,Jabodetabek,ST02_JKT_West,HB01_JKT_GATEWAY,Outer Java,ST17_Makassar,HB06_EASTERN_GATEWAY,Inter-Region,Regular,COD,CR016,Bike,1.69,1.81,1.81,2314760,24145,16573,8,1,0,,19.0,72,1,0,,1,0,,0,,54.24,4.83,2.89,ST17_Makassar,
SHPM004758,AWB260004758,2026-02-28 11:58:00.521494,2026-02-28 12:10:00.521494,2026-02-28 12:37:00.521494,2026-02-28 13:45:37.826694,2026-02-28 14:24:37.826694,2026-02-28 15:47:37.826694,2026-02-28 19:32:40.820116,2026-02-28 22:21:37.236121,2026-03-01 08:00:23.077852,2026-03-01 22:45:43.164163,2026-03-02 08:52:31.582829,2026-03-01 23:58:00.521494,Delivered,Closed,SHP034,Shipper 034,Enterprise,Jabodetabek,ST01_JKT_Central,HB01_JKT_GATEWAY,Outer Java,ST20_Banjarmasin,HB06_EASTERN_GATEWAY,Inter-Region,Next Day,Prepaid,CR006,Van,2.18,2.71,2.71,665879,32195,24849,4,1,0,,39.0,36,0,0,,1,0,,0,,44.91,3.75,9.65,ST20_Banjarmasin,Remote Area
SHPM004759,AWB260004759,2026-03-08 13:03:24.567609,2026-03-08 13:15:24.567609,2026-03-08 13:40:24.567609,2026-03-08 15:56:38.140140,2026-03-08 16:45:38.140140,2026-03-08 18:10:38.140140,2026-03-08 21:08:28.939540,2026-03-09 01:59:21.394875,2026-03-09 05:19:26.168005,2026-03-09 12:11:50.248503,2026-03-10 04:19:18.523850,2026-03-11 13:03:24.567609,Delivered,Closed,SHP073,Shipper 073,Marketplace,Outer Java,ST15_Medan,HB05_SUMATRA_GATEWAY,Central Java,ST11_Yogyakarta,HB04_CTG_NATIONAL,Inter-Region,Regular,Prepaid,CR141,Bike,1.24,1.22,1.24,686315,17580,14954,8,1,0,,49.0,72,1,0,,1,0,,0,,39.26,2.96,3.33,ST11_Yogyakarta,
SHPM004760,AWB260004760,2026-02-18 19:07:28.939761,2026-02-18 19:18:28.939761,2026-02-18 19:42:28.939761,2026-02-18 21:17:06.007483,2026-02-18 21:25:06.007483,2026-02-18 22:42:06.007483,2026-02-19 01:09:16.923136,2026-02-19 04:38:48.521134,2026-02-19 08:45:43.612735,2026-02-19 17:12:55.650281,2026-02-19 20:56:47.185514,2026-02-19 05:07:28.939761,Delivered,Closed,SHP087,Shipper 087,Enterprise,Jabodetabek,ST02_JKT_West,HB01_JKT_GATEWAY,Jabodetabek,ST05_Tangerang,HB01_JKT_GATEWAY,Intra-Region,Same Day,Prepaid,CR017,Bike,1.58,2.14,2.14,1838451,36630,23466,2,1,0,,8.0,10,0,0,,1,0,,0,,25.82,2.45,4.12,ST05_Tangerang,Last Mile Delay
SHPM004761,AWB260004761,2026-03-26 14:01:31.189574,2026-03-26 14:46:31.189574,2026-03-26 15:02:31.189574,2026-03-26 17:22:07.720260,2026-03-26 17:50:07.720260,2026-03-26 18:48:07.720260,2026-03-26 21:05:00.805864,2026-03-26 22:31:29.211253,2026-03-27 02:14:41.742936,2026-03-27 04:14:42.866038,,2026-03-27 14:01:31.189574,Delivery Exception,Exception,SHP030,Shipper 030,Enterprise,Jabodetabek,ST04_Bekasi,HB01_JKT_GATEWAY,Jabodetabek,ST02_JKT_West,HB01_JKT_GATEWAY,Intra-Region,Next Day,COD,CR038,Bike,0.65,0.64,0.65,187542,26925,21193,4,1,0,,28.0,24,0,1,Customer Not Home,1,0,,0,,261.97,2.28,3.72,ST02_JKT_West,Delivery Exception
SHPM004762,AWB260004762,2026-03-09 05:59:15.907926,2026-03-09 06:27:15.907926,2026-03-09 06:42:15.907926,2026-03-09 07:20:23.490513,2026-03-09 08:00:23.490513,2026-03-09 08:41:23.490513,2026-03-09 14:24:06.946583,2026-03-09 20:08:21.694078,2026-03-10 11:34:32.558721,2026-03-11 04:46:39.406896,2026-03-11 09:39:17.817967,2026-03-09 21:59:15.907926,Delivered,Closed,SHP090,Shipper 090,Enterprise,East Java,ST13_Malang,HB03_SBY_GATEWAY,Jabodetabek,ST01_JKT_Central,HB01_JKT_GATEWAY,Inter-Region,Same Day,Prepaid,CR123,Bike,0.98,1.03,1.03,171875,31635,21627,2,1,0,,40.0,16,0,0,,1,0,,0,,51.67,5.71,15.44,ST01_JKT_Central,Hub Bottleneck
SHPM004763,AWB260004763,2026-03-19 09:56:40.509323,2026-03-19 10:07:40.509323,2026-03-19 10:36:40.509323,2026-03-19 12:18:08.333523,2026-03-19 12:27:08.333523,2026-03-19 14:12:08.333523,2026-03-19 17:11:11.854772,2026-03-19 20:16:39.986638,2026-03-20 06:58:53.209423,2026-03-20 11:57:15.391864,2026-03-20 22:57:16.235149,2026-03-21 09:56:40.509323,Delivered,Closed,SHP056,Shipper 056,Enterprise,Jabodetabek,ST03_JKT_East,HB01_JKT_GATEWAY,Jabodetabek,ST03_JKT_East,HB01_JKT_GATEWAY,Intra-Region,Regular,COD,CR029,Bike,4.52,4.88,4.88,838698,37960,25869,8,1,0,,9.0,48,1,0,,1,0,,0,,37.01,2.98,10.7,ST03_JKT_East,
SHPM004764,AWB260004764,2026-03-25 00:05:04.446162,2026-03-25 00:18:04.446162,2026-03-25 00:32:04.446162,2026-03-25 01:06:51.591632,2026-03-25 02:07:51.591632,2026-03-25 02:56:51.591632,2026-03-25 07:18:46.317824,2026-03-25 10:02:51.030060,2026-03-25 15:44:57.347177,2026-03-26 00:38:25.533282,2026-03-26 05:49:11.317207,2026-03-25 10:05:04.446162,Delivered,Closed,SHP078,Shipper 078,SME,Outer Java,ST17_Makassar,HB06_EASTERN_GATEWAY,Outer Java,ST17_Makassar,HB06_EASTERN_GATEWAY,Intra-Region,Same Day,Prepaid,CR156,Van,1.33,1.36,1.36,1503297,33120,22047,2,1,0,,61.0,10,0,0,,1,0,,0,,29.74,4.37,5.7,ST17_Makassar,Remote Area
SHPM004765,AWB260004765,2026-03-27 08:42:38.271966,2026-03-27 08:51:38.271966,2026-03-27 08:58:38.271966,2026-03-27 10:08:18.313463,2026-03-27 10:44:18.313463,2026-03-27 11:53:18.313463,2026-03-27 14:53:07.109318,2026-03-27 19:58:00.529425,2026-03-28 06:24:49.377468,2026-03-28 17:17:40.630669,2026-03-29 02:03:04.860071,2026-03-28 20:42:38.271966,Delivered,Closed,SHP087,Shipper 087,Enterprise,Jabodetabek,ST05_Tangerang,HB01_JKT_GATEWAY,Central Java,ST10_Solo,HB04_CTG_NATIONAL,Inter-Region,Next Day,COD,CR046,Bike,0.46,0.47,0.47,522595,26115,22891,4,1,0,,36.0,36,0,0,,1,0,,0,,41.34,3.0,10.45,ST10_Solo,Hub Bottleneck
SHPM004766,AWB260004766,2026-02-28 23:09:39.970255,2026-02-28 23:52:39.970255,2026-03-01 00:16:39.970255,2026-03-01 00:56:23.801410,2026-03-01 01:34:23.801410,2026-03-01 02:04:23.801410,2026-03-01 06:14:44.100664,2026-03-01 11:36:37.952696,2026-03-01 13:45:30.431247,2026-03-02 03:28:58.918208,2026-03-02 06:50:33.257682,2026-03-01 15:09:39.970255,Delivered,Closed,SHP002,Shipper 002,Enterprise,Jabodetabek,ST01_JKT_Central,HB01_JKT_GATEWAY,Central Java,ST11_Yogyakarta,HB04_CTG_NATIONAL,Inter-Region,Same Day,Prepaid,CR004,Bike,0.56,0.74,0.74,1883364,30330,22744,2,1,0,,38.0,16,0,0,,1,0,,0,,31.68,4.17,2.15,ST11_Yogyakarta,Last Mile Delay
SHPM004767,AWB260004767,2026-03-24 07:58:54.293150,2026-03-24 08:13:54.293150,2026-03-24 08:26:54.293150,2026-03-24 10:18:32.992209,2026-03-24 11:30:32.992209,2026-03-24 12:20:32.992209,2026-03-24 17:11:25.564036,2026-03-24 20:33:54.071520,2026-03-25 04:42:26.526151,2026-03-25 10:16:07.091193,,2026-03-27 07:58:54.293150,Delivery Exception,Exception,SHP069,Shipper 069,SME,West Java,ST06_Bandung,HB01_JKT_GATEWAY,Outer Java,ST16_Palembang,HB05_SUMATRA_GATEWAY,Inter-Region,Regular,Prepaid,CR060,Truck,0.8,0.79,0.8,1047681,15600,11648,8,1,0,,72.0,72,0,1,Cash Issue,1,0,,0,,316.02,4.85,8.14,ST16_Palembang,Delivery Exception
SHPM004768,AWB260004768,2026-03-27 09:33:43.128639,2026-03-27 09:42:43.128639,2026-03-27 10:14:43.128639,2026-03-27 13:09:45.909438,2026-03-27 14:08:45.909438,2026-03-27 14:45:45.909438,2026-03-27 20:24:14.259176,2026-03-28 01:05:14.800557,2026-03-28 10:58:20.306512,2026-03-29 03:08:51.097081,2026-03-29 20:17:56.985539,2026-03-30 09:33:43.128639,Delivered,Closed,SHP046,Shipper 046,SME,East Java,ST14_Kediri,HB03_SBY_GATEWAY,Jabodetabek,ST05_Tangerang,HB01_JKT_GATEWAY,Inter-Region,Regular,Prepaid,CR131,Van,1.64,1.56,1.64,552986,19380,13781,8,1,0,,59.0,72,1,0,,1,0,,0,,58.74,5.64,9.88,ST05_Tangerang,
SHPM004769,AWB260004769,2026-03-29 20:44:59.313611,2026-03-29 21:09:59.313611,2026-03-29 22:00:59.313611,2026-03-30 01:25:15.923455,2026-03-30 01:55:15.923455,2026-03-30 02:14:15.923455,2026-03-30 07:17:56.979258,2026-03-30 16:52:12.479904,2026-03-31 04:50:31.738230,2026-03-31 20:15:45.559945,2026-04-01 11:00:54.684877,2026-04-01 20:44:59.313611,Delivered,Closed,SHP069,Shipper 069,SME,West Java,ST06_Bandung,HB01_JKT_GATEWAY,Jabodetabek,ST04_Bekasi,HB01_JKT_GATEWAY,Inter-Region,Regular,COD,CR062,Bike,1.08,1.0,1.08,547923,20860,16248,8,1,0,,30.0,72,1,0,,1,0,,0,,62.27,5.06,11.97,ST04_Bekasi,
SHPM004770,AWB260004770,2026-02-17 23:36:57.113748,2026-02-17 23:51:57.113748,2026-02-18 00:24:57.113748,2026-02-18 04:06:50.749980,2026-02-18 05:12:50.749980,2026-02-18 06:07:50.749980,2026-02-18 11:30:52.187995,2026-02-18 16:46:41.506008,2026-02-18 21:04:16.814641,2026-02-19 14:12:04.059666,2026-02-20 03:55:53.283373,2026-02-20 23:36:57.113748,Delivered,Closed,SHP056,Shipper 056,Enterprise,Jabodetabek,ST03_JKT_East,HB01_JKT_GATEWAY,East Java,ST14_Kediri,HB03_SBY_GATEWAY,Inter-Region,Regular,Prepaid,CR028,Van,1.08,1.04,1.08,2004296,16860,11569,8,1,0,,66.0,72,1,0,,1,0,,0,,52.32,5.38,4.29,ST14_Kediri,
SHPM004771,AWB260004771,2026-03-28 10:50:25.002080,2026-03-28 11:03:25.002080,2026-03-28 11:27:25.002080,2026-03-28 17:00:40.281778,2026-03-28 17:24:40.281778,2026-03-28 19:15:40.281778,2026-03-28 23:50:06.629105,2026-03-29 09:48:57.936228,2026-03-29 19:55:49.016658,2026-03-30 12:43:51.662280,2026-03-31 00:01:55.861967,2026-03-31 10:50:25.002080,Delivered,Closed,SHP030,Shipper 030,Enterprise,Jabodetabek,ST02_JKT_West,HB01_JKT_GATEWAY,East Java,ST12_Surabaya,HB03_SBY_GATEWAY,Inter-Region,Regular,Prepaid,CR018,Van,3.03,4.24,4.24,340914,31080,19970,8,1,0,,24.0,72,1,0,,1,0,,0,,61.19,4.57,10.11,ST12_Surabaya,
SHPM004772,AWB260004772,2026-03-07 14:29:32.697657,2026-03-07 15:12:32.697657,2026-03-07 15:37:32.697657,2026-03-07 19:06:27.749200,2026-03-07 20:05:27.749200,2026-03-07 21:53:27.749200,2026-03-08 02:43:19.485278,2026-03-08 09:51:46.519253,2026-03-09 00:05:21.759781,2026-03-09 17:01:02.831138,,2026-03-09 02:29:32.697657,Damaged,Exception,SHP079,Shipper 079,Marketplace,East Java,ST13_Malang,HB03_SBY_GATEWAY,Outer Java,ST16_Palembang,HB05_SUMATRA_GATEWAY,Inter-Region,Next Day,COD,CR121,Bike,1.66,1.78,1.78,521893,32010,17859,4,1,0,,59.0,36,0,0,,1,1,Damaged,0,,717.51,4.83,14.23,ST13_Malang,
SHPM004773,AWB260004773,2026-03-08 13:57:15.809765,2026-03-08 14:13:15.809765,2026-03-08 14:41:15.809765,2026-03-08 17:22:29.278702,2026-03-08 17:57:29.278702,2026-03-08 19:35:29.278702,2026-03-09 01:33:27.308510,2026-03-09 06:38:14.178830,2026-03-09 18:25:49.333523,2026-03-10 01:42:32.818775,2026-03-10 17:35:56.206738,2026-03-11 13:57:15.809765,Delivered,Closed,SHP005,Shipper 005,Enterprise,Central Java,ST09_Semarang,HB04_CTG_NATIONAL,Outer Java,ST19_Denpasar,HB06_EASTERN_GATEWAY,Inter-Region,Regular,Prepaid,CR086,Bike,1.35,1.32,1.35,2305260,18075,14000,8,1,0,,35.0,72,1,0,,1,0,,0,,51.64,5.97,11.79,ST19_Denpasar,
SHPM004774,AWB260004774,2026-02-23 23:16:00.509027,2026-02-23 23:56:00.509027,2026-02-24 00:18:00.509027,2026-02-24 03:43:51.288662,2026-02-24 04:02:51.288662,2026-02-24 05:37:51.288662,2026-02-24 08:16:07.500226,2026-02-24 14:07:46.976565,2026-02-24 21:09:35.200001,2026-02-25 07:21:04.227501,2026-02-25 15:29:20.467334,2026-02-25 11:16:00.509027,Delivered,Closed,SHP080,Shipper 080,SME,Outer Java,ST19_Denpasar,HB06_EASTERN_GATEWAY,Central Java,ST10_Solo,HB04_CTG_NATIONAL,Inter-Region,Next Day,COD,CR176,Van,0.93,1.18,1.18,661060,29310,21861,4,1,0,,19.0,36,0,0,,1,0,,0,,40.22,2.64,7.03,ST10_Solo,Last Mile Delay
SHPM004775,AWB260004775,2026-03-10 01:03:09.071293,2026-03-10 01:41:09.071293,2026-03-10 02:20:09.071293,2026-03-10 05:14:30.382583,2026-03-10 06:17:30.382583,2026-03-10 07:51:30.382583,2026-03-10 10:22:43.790473,2026-03-10 16:24:36.445911,2026-03-11 01:55:17.438956,2026-03-11 11:36:03.133964,2026-03-11 20:17:22.264027,2026-03-11 13:03:09.071293,Delivered,Closed,SHP095,Shipper 095,Enterprise,Central Java,ST11_Yogyakarta,HB04_CTG_NATIONAL,West Java,ST06_Bandung,HB01_JKT_GATEWAY,Inter-Region,Next Day,Prepaid,CR105,Bike,2.06,2.32,2.32,133032,30440,16794,4,1,0,,63.0,36,0,0,,1,0,,0,,43.24,2.52,9.51,ST06_Bandung,Last Mile Delay
SHPM004776,AWB260004776,2026-02-23 12:23:41.007233,2026-02-23 13:00:41.007233,2026-02-23 13:30:41.007233,2026-02-23 17:07:32.358778,2026-02-23 17:46:32.358778,2026-02-23 18:23:32.358778,2026-02-23 23:55:56.530329,2026-02-24 06:19:39.950725,2026-02-24 15:33:26.853516,2026-02-24 23:56:24.369342,2026-02-25 05:02:22.238172,2026-02-25 00:23:41.007233,Delivered,Closed,SHP089,Shipper 089,Enterprise,Central Java,ST11_Yogyakarta,HB04_CTG_NATIONAL,West Java,ST07_Cirebon,HB02_BDG_TRANSIT,Inter-Region,Next Day,COD,CR102,Van,0.83,0.79,0.83,215800,27735,19214,4,0,0,,39.0,36,0,0,,1,0,,0,,40.64,5.54,9.23,ST07_Cirebon,First Mile Delay
SHPM004777,AWB260004777,2026-03-23 16:31:03.689365,2026-03-23 16:51:03.689365,2026-03-23 17:09:03.689365,2026-03-24 01:00:18.934468,2026-03-24 01:08:18.934468,2026-03-24 01:27:18.934468,2026-03-24 03:46:16.452943,2026-03-24 09:18:54.942334,2026-03-24 12:38:59.775600,2026-03-24 21:19:13.781261,2026-03-25 16:27:06.324985,2026-03-26 16:31:03.689365,Delivered,Closed,SHP032,Shipper 032,Marketplace,West Java,ST08_Bogor,HB01_JKT_GATEWAY,Outer Java,ST20_Banjarmasin,HB06_EASTERN_GATEWAY,Inter-Region,Regular,Prepaid,CR081,Van,0.55,0.51,0.55,745576,14475,10338,8,0,0,,8.0,72,1,0,,1,0,,0,,47.93,2.32,3.33,ST20_Banjarmasin,
SHPM004778,AWB260004778,2026-02-22 00:38:01.888860,2026-02-22 01:04:01.888860,2026-02-22 01:39:01.888860,2026-02-22 09:32:20.782893,2026-02-22 09:40:20.782893,2026-02-22 11:29:20.782893,2026-02-22 16:47:42.207255,2026-02-22 21:43:31.714094,2026-02-23 09:01:40.087148,2026-02-23 14:36:24.245383,,2026-02-25 00:38:01.888860,Return To Sender,RTS,SHP038,Shipper 038,Marketplace,Jabodetabek,ST01_JKT_Central,HB01_JKT_GATEWAY,Outer Java,ST15_Medan,HB05_SUMATRA_GATEWAY,Inter-Region,Regular,Prepaid,CR009,Bike,0.95,1.47,1.47,2021631,18615,11409,8,0,0,,8.0,72,0,1,Invalid Address,3,0,,1,Invalid Address,1043.37,5.31,11.3,ST15_Medan,Hub Bottleneck
SHPM004779,AWB260004779,2026-03-25 00:12:27.490192,2026-03-25 00:43:27.490192,2026-03-25 00:51:27.490192,2026-03-25 08:59:28.462301,2026-03-25 09:45:28.462301,2026-03-25 11:11:28.462301,2026-03-25 17:10:00.100547,2026-03-26 02:21:26.904344,2026-03-26 05:19:05.958415,2026-03-26 19:21:30.493538,2026-03-27 12:14:10.496680,2026-03-28 00:12:27.490192,Delivered,Closed,SHP087,Shipper 087,Enterprise,Jabodetabek,ST02_JKT_West,HB01_JKT_GATEWAY,Central Java,ST11_Yogyakarta,HB04_CTG_NATIONAL,Inter-Region,Regular,Prepaid,CR012,Van,1.6,2.28,2.28,277225,22260,15277,8,0,0,,46.0,72,1,0,,1,0,,0,,60.03,5.98,2.96,ST11_Yogyakarta,
SHPM004780,AWB260004780,2026-02-16 19:50:07.435612,2026-02-16 20:28:07.435612,2026-02-16 20:40:07.435612,2026-02-17 00:54:20.253044,2026-02-17 01:36:20.253044,2026-02-17 02:31:20.253044,2026-02-17 07:43:42.282204,2026-02-17 17:24:04.638073,2026-02-18 01:41:58.298396,2026-02-18 17:39:09.836774,2026-02-18 19:50:40.082546,2026-02-18 07:50:07.435612,Delivered,Closed,SHP099,Shipper 099,SME,West Java,ST08_Bogor,HB01_JKT_GATEWAY,Jabodetabek,ST01_JKT_Central,HB01_JKT_GATEWAY,Inter-Region,Next Day,COD,CR078,Bike,0.97,1.02,1.02,1830943,28590,19036,4,0,0,,42.0,36,0,0,,1,0,,0,,48.01,5.21,8.3,ST01_JKT_Central,First Mile Delay
SHPM004781,AWB260004781,2026-03-10 04:17:07.839037,2026-03-10 04:35:07.839037,2026-03-10 05:33:07.839037,2026-03-10 07:03:35.808027,2026-03-10 07:42:35.808027,2026-03-10 08:37:35.808027,2026-03-10 13:20:18.558167,2026-03-10 20:43:56.178165,2026-03-11 07:25:14.832244,2026-03-11 15:51:51.031352,2026-03-12 00:38:11.048979,2026-03-13 04:17:07.839037,Delivered,Closed,SHP050,Shipper 050,Marketplace,Jabodetabek,ST04_Bekasi,HB01_JKT_GATEWAY,East Java,ST14_Kediri,HB03_SBY_GATEWAY,Inter-Region,Regular,Prepaid,CR041,Van,1.77,2.88,2.88,938652,24960,16081,8,1,0,,39.0,72,1,0,,1,0,,0,,44.35,4.71,10.69,ST14_Kediri,
SHPM004782,AWB260004782,2026-03-26 22:20:56.737313,2026-03-26 22:53:56.737313,2026-03-26 23:23:56.737313,2026-03-27 00:07:41.449719,2026-03-27 00:32:41.449719,2026-03-27 02:05:41.449719,2026-03-27 05:25:40.870458,2026-03-27 08:41:04.417068,2026-03-27 10:32:49.221490,2026-03-27 19:36:22.545918,2026-03-27 21:45:11.264892,2026-03-28 10:20:56.737313,Delivered,Closed,SHP072,Shipper 072,Enterprise,Outer Java,ST18_Balikpapan,HB06_EASTERN_GATEWAY,Jabodetabek,ST03_JKT_East,HB01_JKT_GATEWAY,Inter-Region,Next Day,Prepaid,CR173,Bike,0.81,0.84,0.84,843347,23780,21672,4,1,0,,25.0,36,1,0,,1,0,,0,,23.4,3.33,1.86,ST03_JKT_East,
SHPM004783,AWB260004783,2026-02-26 02:57:39.395488,2026-02-26 03:41:39.395488,2026-02-26 04:42:39.395488,2026-02-26 06:04:42.005461,2026-02-26 06:43:42.005461,2026-02-26 07:02:42.005461,2026-02-26 14:15:31.779476,2026-02-26 20:33:40.683087,2026-02-26 22:24:14.107136,2026-02-27 14:44:14.174462,2026-02-27 22:04:56.988691,2026-02-27 14:57:39.395488,Delivered,Closed,SHP066,Shipper 066,Marketplace,West Java,ST07_Cirebon,HB02_BDG_TRANSIT,Central Java,ST10_Solo,HB04_CTG_NATIONAL,Inter-Region,Next Day,Prepaid,CR073,Bike,3.79,5.89,5.89,566876,46505,40788,4,1,0,,39.0,36,0,0,,1,0,,0,,43.12,7.21,1.84,ST10_Solo,Last Mile Delay
SHPM004784,AWB260004784,2026-03-12 11:43:15.207048,2026-03-12 12:27:15.207048,2026-03-12 13:07:15.207048,2026-03-12 14:51:10.464940,2026-03-12 15:32:10.464940,2026-03-12 16:45:10.464940,2026-03-12 19:50:41.304917,2026-03-13 03:35:51.181385,2026-03-13 14:26:24.025557,2026-03-14 00:06:36.507504,2026-03-14 06:16:29.622406,2026-03-13 23:43:15.207048,Delivered,Closed,SHP063,Shipper 063,Enterprise,Jabodetabek,ST05_Tangerang,HB01_JKT_GATEWAY,East Java,ST13_Malang,HB03_SBY_GATEWAY,Inter-Region,Next Day,COD,CR049,Bike,1.24,1.16,1.24,2109722,29580,17889,4,1,0,,41.0,36,0,0,,1,0,,0,,42.55,3.09,10.84,ST13_Malang,Hub Bottleneck
SHPM004785,AWB260004785,2026-03-07 12:05:04.367124,2026-03-07 12:30:04.367124,2026-03-07 12:51:04.367124,2026-03-07 14:26:47.678022,2026-03-07 14:59:47.678022,2026-03-07 16:22:47.678022,2026-03-07 19:06:45.361438,2026-03-07 23:51:21.486195,2026-03-08 23:26:12.151215,2026-03-09 06:41:54.855087,2026-03-09 16:57:05.256181,2026-03-09 00:05:04.367124,Delivered,Closed,SHP090,Shipper 090,Enterprise,East Java,ST14_Kediri,HB03_SBY_GATEWAY,Central Java,ST11_Yogyakarta,HB04_CTG_NATIONAL,Inter-Region,Next Day,Prepaid,CR130,Van,1.2,1.11,1.2,962856,25400,19580,4,1,0,,33.0,36,0,0,,1,0,,0,,52.87,2.73,23.58,ST11_Yogyakarta,Hub Bottleneck
SHPM004786,AWB260004786,2026-03-09 18:46:49.310656,2026-03-09 19:19:49.310656,2026-03-09 19:56:49.310656,2026-03-10 02:03:35.014221,2026-03-10 02:56:35.014221,2026-03-10 04:03:35.014221,2026-03-10 05:26:19.964326,2026-03-10 12:34:21.807353,2026-03-10 14:27:52.425240,2026-03-10 20:45:01.812645,2026-03-11 01:23:05.355277,2026-03-12 18:46:49.310656,Delivered,Closed,SHP084,Shipper 084,Enterprise,Central Java,ST11_Yogyakarta,HB04_CTG_NATIONAL,Jabodetabek,ST01_JKT_Central,HB01_JKT_GATEWAY,Inter-Region,Regular,Prepaid,CR101,Bike,2.06,3.08,3.08,886505,25860,17671,8,1,0,,53.0,72,1,0,,1,0,,0,,30.6,1.38,1.89,ST01_JKT_Central,
SHPM004787,AWB260004787,2026-02-27 02:16:14.248942,2026-02-27 02:49:14.248942,2026-02-27 03:17:14.248942,2026-02-27 11:04:53.760087,2026-02-27 11:33:53.760087,2026-02-27 13:04:53.760087,2026-02-27 19:00:29.017562,2026-02-27 22:25:57.594654,2026-02-28 04:12:48.179713,2026-02-28 20:11:54.149692,2026-03-01 02:20:03.175546,2026-03-02 02:16:14.248942,Delivered,Closed,SHP023,Shipper 023,Enterprise,West Java,ST08_Bogor,HB01_JKT_GATEWAY,Jabodetabek,ST02_JKT_West,HB01_JKT_GATEWAY,Inter-Region,Regular,COD,CR077,Van,1.68,1.82,1.82,387410,24190,18637,8,0,0,,29.0,72,1,0,,1,0,,0,,48.06,5.93,5.78,ST02_JKT_West,
SHPM004788,AWB260004788,2026-03-23 00:11:07.188225,2026-03-23 00:23:07.188225,2026-03-23 00:45:07.188225,2026-03-23 09:14:52.225085,2026-03-23 09:35:52.225085,2026-03-23 11:23:52.225085,2026-03-23 14:10:15.496798,2026-03-23 17:46:09.499932,2026-03-24 01:21:18.025790,2026-03-24 08:54:34.333808,2026-03-25 08:36:43.587895,2026-03-26 00:11:07.188225,Delivered,Closed,SHP006,Shipper 006,Marketplace,East Java,ST14_Kediri,HB03_SBY_GATEWAY,Outer Java,ST17_Makassar,HB06_EASTERN_GATEWAY,Inter-Region,Regular,Prepaid,CR131,Van,1.89,2.02,2.02,1904842,21090,15579,8,0,0,,21.0,72,1,0,,1,0,,0,,56.43,2.77,7.59,ST17_Makassar,
SHPM004789,AWB260004789,2026-03-23 21:31:29.093721,2026-03-23 21:48:29.093721,2026-03-23 22:07:29.093721,2026-03-24 00:56:02.367177,2026-03-24 01:28:02.367177,2026-03-24 02:48:02.367177,2026-03-24 04:00:28.912189,2026-03-24 07:34:27.461325,2026-03-24 17:25:13.908190,2026-03-25 03:11:22.108867,2026-03-25 10:40:05.253681,2026-03-25 09:31:29.093721,Delivered,Closed,SHP087,Shipper 087,Enterprise,Jabodetabek,ST02_JKT_West,HB01_JKT_GATEWAY,East Java,ST14_Kediri,HB03_SBY_GATEWAY,Inter-Region,Next Day,Prepaid,CR016,Bike,0.41,0.39,0.41,1025498,21845,20565,4,1,0,,32.0,36,0,0,,1,0,,0,,37.14,1.21,9.85,ST14_Kediri,Last Mile Delay
SHPM004790,AWB260004790,2026-02-19 19:18:49.952960,2026-02-19 19:34:49.952960,2026-02-19 19:50:49.952960,2026-02-20 00:05:53.185645,2026-02-20 00:26:53.185645,2026-02-20 01:40:53.185645,2026-02-20 06:08:25.994462,2026-02-20 11:24:15.785149,2026-02-20 17:22:07.174750,2026-02-21 04:08:57.540616,2026-02-21 09:02:19.268035,2026-02-21 07:18:49.952960,Delivered,Closed,SHP083,Shipper 083,Marketplace,Jabodetabek,ST03_JKT_East,HB01_JKT_GATEWAY,Central Java,ST09_Semarang,HB04_CTG_NATIONAL,Inter-Region,Next Day,COD,CR028,Van,0.49,0.51,0.51,2158255,26295,21016,4,0,0,,21.0,36,0,0,,1,0,,0,,37.72,4.46,5.96,ST09_Semarang,First Mile Delay
SHPM004791,AWB260004791,2026-03-26 04:32:19.530366,2026-03-26 04:56:19.530366,2026-03-26 05:29:19.530366,2026-03-26 08:35:23.803446,2026-03-26 09:18:23.803446,2026-03-26 10:55:23.803446,2026-03-26 15:39:21.559213,2026-03-26 18:58:49.080979,2026-03-27 02:03:00.662652,2026-03-27 08:40:10.703530,2026-03-27 22:53:44.960169,2026-03-28 04:32:19.530366,Delivered,Closed,SHP084,Shipper 084,Enterprise,Central Java,ST11_Yogyakarta,HB04_CTG_NATIONAL,Central Java,ST10_Solo,HB04_CTG_NATIONAL,Intra-Region,Regular,Prepaid,CR101,Bike,0.97,0.95,0.97,2169229,16365,15443,8,1,0,,43.0,48,1,0,,1,0,,0,,42.36,4.73,7.07,ST10_Solo,
SHPM004792,AWB260004792,2026-03-02 13:09:31.534933,2026-03-02 13:26:31.534933,2026-03-02 13:40:31.534933,2026-03-02 19:00:28.883374,2026-03-02 19:29:28.883374,2026-03-02 19:55:28.883374,2026-03-03 00:14:03.635096,2026-03-03 02:24:10.460972,2026-03-03 12:03:17.516312,2026-03-03 17:43:34.418376,2026-03-04 03:34:44.678795,2026-03-04 13:09:31.534933,Delivered,Closed,SHP002,Shipper 002,Enterprise,Jabodetabek,ST01_JKT_Central,HB01_JKT_GATEWAY,Jabodetabek,ST01_JKT_Central,HB01_JKT_GATEWAY,Intra-Region,Regular,COD,CR002,Van,0.49,0.49,0.49,1674171,18205,15589,8,1,0,,29.0,48,1,0,,1,0,,0,,38.42,4.31,9.65,ST01_JKT_Central,
SHPM004793,AWB260004793,2026-03-18 21:24:34.232457,2026-03-18 21:49:34.232457,2026-03-18 21:54:34.232457,2026-03-19 04:24:48.893167,2026-03-19 05:21:48.893167,2026-03-19 06:12:48.893167,2026-03-19 11:44:53.886066,2026-03-19 18:03:05.493873,2026-03-20 03:39:24.991736,2026-03-20 13:58:12.902810,2026-03-21 00:29:03.359459,2026-03-21 21:24:34.232457,Delivered,Closed,SHP097,Shipper 097,SME,Jabodetabek,ST03_JKT_East,HB01_JKT_GATEWAY,West Java,ST06_Bandung,HB01_JKT_GATEWAY,Inter-Region,Regular,Prepaid,CR026,Bike,0.8,0.81,0.81,1833896,15645,9519,8,1,0,,57.0,72,1,0,,1,0,,0,,51.07,5.53,9.61,ST06_Bandung,
SHPM004794,AWB260004794,2026-03-03 08:58:27.588496,2026-03-03 09:33:27.588496,2026-03-03 10:08:27.588496,2026-03-03 16:30:39.045099,2026-03-03 17:33:39.045099,2026-03-03 19:33:39.045099,2026-03-03 21:36:07.358245,2026-03-04 02:20:52.003167,2026-03-04 07:55:55.578208,2026-03-05 01:43:41.375696,2026-03-05 10:17:39.534068,2026-03-06 08:58:27.588496,Delivered,Closed,SHP083,Shipper 083,Marketplace,Jabodetabek,ST04_Bekasi,HB01_JKT_GATEWAY,East Java,ST13_Malang,HB03_SBY_GATEWAY,Inter-Region,Regular,COD,CR038,Truck,0.88,0.97,0.97,1318023,20365,11625,8,1,0,,63.0,72,1,0,,1,0,,0,,49.32,2.04,5.58,ST13_Malang,
SHPM004795,AWB260004795,2026-03-18 11:17:44.580824,2026-03-18 11:38:44.580824,2026-03-18 12:24:44.580824,2026-03-18 12:33:16.171121,2026-03-18 13:20:16.171121,2026-03-18 14:10:16.171121,2026-03-18 15:13:05.330300,2026-03-19 00:33:53.305337,2026-03-19 05:36:03.038202,2026-03-19 22:12:16.645382,2026-03-20 02:39:59.733658,2026-03-19 03:17:44.580824,Delivered,Closed,SHP002,Shipper 002,Enterprise,Jabodetabek,ST01_JKT_Central,HB01_JKT_GATEWAY,East Java,ST14_Kediri,HB03_SBY_GATEWAY,Inter-Region,Same Day,COD,CR008,Bike,0.74,1.15,1.15,1672577,36175,34022,2,1,0,,47.0,16,0,0,,1,0,,0,,39.37,1.05,5.04,ST14_Kediri,Last Mile Delay
SHPM004796,AWB260004796,2026-02-24 02:41:02.230736,2026-02-24 03:23:02.230736,2026-02-24 03:38:02.230736,2026-02-24 10:40:49.788493,2026-02-24 11:18:49.788493,2026-02-24 12:10:49.788493,2026-02-24 15:08:25.592308,2026-02-24 17:42:03.848546,2026-02-25 04:38:58.127186,2026-02-25 16:25:33.102388,2026-02-26 07:48:09.962860,2026-02-27 02:41:02.230736,Delivered,Closed,SHP002,Shipper 002,Enterprise,Jabodetabek,ST02_JKT_West,HB01_JKT_GATEWAY,Central Java,ST10_Solo,HB04_CTG_NATIONAL,Inter-Region,Regular,Prepaid,CR013,Truck,0.96,1.02,1.02,958809,16590,10901,8,1,0,,38.0,72,1,0,,1,0,,0,,53.12,2.96,10.95,ST10_Solo,
SHPM004797,AWB260004797,2026-03-22 22:03:13.358660,2026-03-22 22:24:13.358660,2026-03-22 23:08:13.358660,2026-03-23 00:59:23.270849,2026-03-23 01:32:23.270849,2026-03-23 02:28:23.270849,2026-03-23 07:54:05.261759,2026-03-23 10:00:33.530203,2026-03-23 18:50:52.153513,2026-03-24 09:52:00.502958,2026-03-25 00:54:30.102410,2026-03-25 22:03:13.358660,Delivered,Closed,SHP082,Shipper 082,SME,Outer Java,ST19_Denpasar,HB06_EASTERN_GATEWAY,East Java,ST14_Kediri,HB03_SBY_GATEWAY,Inter-Region,Regular,Prepaid,CR174,Van,2.07,2.1,2.1,2036273,21450,15131,8,1,0,,33.0,72,1,0,,1,0,,0,,50.85,5.43,8.84,ST14_Kediri,
SHPM004798,AWB260004798,2026-02-28 17:22:43.888307,2026-02-28 17:34:43.888307,2026-02-28 18:16:43.888307,2026-02-28 20:31:09.331132,2026-02-28 20:48:09.331132,2026-02-28 22:41:09.331132,2026-03-01 03:35:51.456291,2026-03-01 09:19:25.951214,2026-03-01 16:12:47.034056,2026-03-02 00:28:57.694700,2026-03-02 05:22:03.527865,2026-03-02 05:22:43.888307,Delivered,Closed,SHP057,Shipper 057,SME,Central Java,ST09_Semarang,HB04_CTG_NATIONAL,Jabodetabek,ST02_JKT_West,HB01_JKT_GATEWAY,Inter-Region,Next Day,Prepaid,CR086,Van,0.73,0.71,0.73,530976,23285,14600,4,1,0,,17.0,36,1,0,,1,0,,0,,35.99,4.91,6.89,ST02_JKT_West,
SHPM004799,AWB260004799,2026-02-22 20:20:04.017166,2026-02-22 21:03:04.017166,2026-02-22 21:52:04.017166,2026-02-23 05:16:13.658519,2026-02-23 05:59:13.658519,2026-02-23 07:24:13.658519,2026-02-23 09:00:29.438268,2026-02-23 11:54:57.514467,2026-02-23 22:49:20.093235,2026-02-24 05:47:54.685777,2026-02-24 17:05:11.715490,2026-02-24 20:20:04.017166,Delivered,Closed,SHP006,Shipper 006,Marketplace,East Java,ST14_Kediri,HB03_SBY_GATEWAY,East Java,ST12_Surabaya,HB03_SBY_GATEWAY,Intra-Region,Regular,Prepaid,CR132,Bike,1.07,1.12,1.12,791684,17040,12754,8,0,0,,43.0,48,1,0,,1,0,,0,,44.75,1.6,10.91,ST12_Surabaya,
SHPM004800,AWB260004800,2026-02-24 04:02:23.751217,2026-02-24 04:37:23.751217,2026-02-24 04:48:23.751217,2026-02-24 13:13:45.505527,2026-02-24 14:07:45.505527,2026-02-24 15:19:45.505527,2026-02-24 18:05:05.067845,2026-02-24 21:54:00.986496,2026-02-25 05:01:22.042554,2026-02-25 12:25:42.466360,2026-02-26 04:26:28.281348,2026-02-27 04:02:23.751217,Delivered,Closed,SHP034,Shipper 034,Enterprise,Jabodetabek,ST01_JKT_Central,HB01_JKT_GATEWAY,East Java,ST13_Malang,HB03_SBY_GATEWAY,Inter-Region,Regular,Prepaid,CR001,Van,1.53,1.59,1.59,174812,19155,10697,8,0,0,,54.0,72,1,0,,1,0,,0,,48.4,2.76,7.12,ST13_Malang,
SHPM004801,AWB260004801,2026-02-25 02:01:19.347343,2026-02-25 02:08:19.347343,2026-02-25 03:03:19.347343,2026-02-25 04:02:40.263360,2026-02-25 05:09:40.263360,2026-02-25 06:23:40.263360,2026-02-25 09:27:52.400541,2026-02-25 16:52:20.960014,2026-02-26 00:08:23.980836,2026-02-26 07:35:49.572977,2026-02-26 09:40:17.485785,2026-02-25 18:01:19.347343,Delivered,Closed,SHP018,Shipper 018,Enterprise,West Java,ST07_Cirebon,HB02_BDG_TRANSIT,Jabodetabek,ST03_JKT_East,HB01_JKT_GATEWAY,Inter-Region,Same Day,Prepaid,CR072,Truck,0.64,0.61,0.64,389636,29880,23647,2,1,0,,67.0,16,0,0,,1,0,,0,,31.65,3.07,7.27,ST03_JKT_East,Last Mile Delay
SHPM004802,AWB260004802,2026-03-06 06:22:57.182803,2026-03-06 06:51:57.182803,2026-03-06 07:06:57.182803,2026-03-06 08:36:08.492888,2026-03-06 09:23:08.492888,2026-03-06 10:17:08.492888,2026-03-06 11:22:33.955438,2026-03-06 19:15:48.603130,2026-03-07 03:03:49.646405,2026-03-07 11:48:47.488749,2026-03-07 17:17:05.325129,2026-03-06 22:22:57.182803,Delivered,Closed,SHP090,Shipper 090,Enterprise,East Java,ST14_Kediri,HB03_SBY_GATEWAY,Outer Java,ST15_Medan,HB05_SUMATRA_GATEWAY,Inter-Region,Same Day,Prepaid,CR133,Bike,1.32,2.2,2.2,658164,36900,25608,2,1,0,,47.0,16,0,0,,1,0,,0,,34.9,1.09,7.8,ST15_Medan,Remote Area
SHPM004803,AWB260004803,2026-03-20 13:33:28.498857,2026-03-20 14:13:28.498857,2026-03-20 14:40:28.498857,2026-03-20 17:03:15.210043,2026-03-20 18:16:15.210043,2026-03-20 20:10:15.210043,2026-03-20 22:27:31.866224,2026-03-21 01:08:19.346377,2026-03-21 12:17:18.751905,2026-03-21 20:57:17.934886,2026-03-22 12:43:01.490904,2026-03-23 13:33:28.498857,Delivered,Closed,SHP032,Shipper 032,Marketplace,West Java,ST06_Bandung,HB01_JKT_GATEWAY,Jabodetabek,ST02_JKT_West,HB01_JKT_GATEWAY,Inter-Region,Regular,Prepaid,CR055,Bike,2.64,4.11,4.11,550069,30495,17209,8,1,0,,73.0,72,1,0,,1,0,,0,,47.16,2.29,11.15,ST02_JKT_West,
SHPM004804,AWB260004804,2026-03-13 05:07:57.712893,2026-03-13 05:45:57.712893,2026-03-13 05:50:57.712893,2026-03-13 11:52:56.918941,2026-03-13 12:20:56.918941,2026-03-13 13:03:56.918941,2026-03-13 15:45:33.056823,2026-03-13 19:44:15.969446,2026-03-14 05:30:49.239035,2026-03-14 22:08:11.546629,2026-03-15 11:09:37.134805,2026-03-16 05:07:57.712893,Delivered,Closed,SHP005,Shipper 005,Enterprise,Central Java,ST09_Semarang,HB04_CTG_NATIONAL,Outer Java,ST16_Palembang,HB05_SUMATRA_GATEWAY,Inter-Region,Regular,Prepaid,CR085,Bike,3.17,2.89,3.17,1364256,26265,20382,8,1,0,,28.0,72,1,0,,1,0,,0,,54.03,2.69,9.78,ST16_Palembang,
SHPM004805,AWB260004805,2026-03-02 04:31:39.879631,2026-03-02 04:40:39.879631,2026-03-02 05:21:39.879631,2026-03-02 06:29:18.881244,2026-03-02 06:37:18.881244,2026-03-02 07:12:18.881244,2026-03-02 09:25:26.814236,2026-03-02 15:52:52.087575,2026-03-02 18:07:31.281094,2026-03-03 11:15:02.983965,2026-03-03 21:16:19.885536,2026-03-03 16:31:39.879631,Delivered,Closed,SHP018,Shipper 018,Enterprise,West Java,ST06_Bandung,HB01_JKT_GATEWAY,Jabodetabek,ST04_Bekasi,HB01_JKT_GATEWAY,Inter-Region,Next Day,COD,CR060,Bike,0.2,0.22,0.22,1414352,24990,16228,4,1,0,,8.0,36,0,0,,1,0,,0,,40.74,2.22,2.24,ST04_Bekasi,Last Mile Delay
SHPM004806,AWB260004806,2026-03-22 10:59:30.102687,2026-03-22 11:20:30.102687,2026-03-22 11:36:30.102687,2026-03-22 19:09:17.991384,2026-03-22 19:51:17.991384,2026-03-22 20:24:17.991384,2026-03-22 22:39:23.273077,2026-03-23 00:56:48.584474,2026-03-23 02:48:33.195152,2026-03-23 11:17:28.194859,2026-03-24 06:44:00.146507,2026-03-25 10:59:30.102687,Delivered,Closed,SHP011,Shipper 011,Enterprise,Jabodetabek,ST03_JKT_East,HB01_JKT_GATEWAY,Outer Java,ST19_Denpasar,HB06_EASTERN_GATEWAY,Inter-Region,Regular,COD,CR029,Van,1.6,2.03,2.03,1803832,25135,20760,8,1,0,,42.0,72,1,0,,1,0,,0,,43.74,2.25,1.86,ST19_Denpasar,
SHPM004807,AWB260004807,2026-03-11 21:52:22.953580,2026-03-11 22:14:22.953580,2026-03-11 22:19:22.953580,2026-03-12 02:02:44.224000,2026-03-12 02:47:44.224000,2026-03-12 04:09:44.224000,2026-03-12 07:27:43.250310,2026-03-12 11:29:31.406233,2026-03-12 22:26:15.305541,2026-03-13 05:38:17.873424,2026-03-13 11:14:58.779144,2026-03-12 21:52:22.953580,Delivered,Closed,SHP070,Shipper 070,Enterprise,Jabodetabek,ST04_Bekasi,HB01_JKT_GATEWAY,Jabodetabek,ST03_JKT_East,HB01_JKT_GATEWAY,Intra-Region,Next Day,Prepaid,CR034,Truck,0.7,0.68,0.7,1716313,23150,16815,4,1,0,,45.0,24,0,0,,1,0,,0,,37.38,3.3,10.95,ST03_JKT_East,Hub Bottleneck
SHPM004808,AWB260004808,2026-02-28 12:50:31.868433,2026-02-28 13:24:31.868433,2026-02-28 13:41:31.868433,2026-02-28 22:41:51.131906,2026-03-01 00:27:51.131906,2026-03-01 02:23:51.131906,2026-03-01 05:16:15.833781,2026-03-01 09:15:43.053462,2026-03-02 00:58:23.097852,2026-03-02 18:27:36.317663,2026-03-03 10:35:36.841203,2026-03-03 12:50:31.868433,Delivered,Closed,SHP010,Shipper 010,Enterprise,East Java,ST12_Surabaya,HB03_SBY_GATEWAY,Outer Java,ST19_Denpasar,HB06_EASTERN_GATEWAY,Inter-Region,Regular,Prepaid,CR110,Bike,2.78,2.78,2.78,2223142,24510,19291,8,0,0,,106.0,72,1,0,,1,0,,0,,69.75,2.87,15.71,ST19_Denpasar,
SHPM004809,AWB260004809,2026-02-18 18:38:18.767913,2026-02-18 18:56:18.767913,2026-02-18 19:29:18.767913,2026-02-18 20:10:44.682880,2026-02-18 20:59:44.682880,2026-02-18 22:13:44.682880,2026-02-19 03:15:21.401546,2026-02-19 11:17:39.538006,2026-02-19 13:51:35.642718,2026-02-19 21:12:00.529906,2026-02-20 00:26:38.864209,2026-02-20 06:38:18.767913,Delivered,Closed,SHP050,Shipper 050,Marketplace,Jabodetabek,ST03_JKT_East,HB01_JKT_GATEWAY,West Java,ST06_Bandung,HB01_JKT_GATEWAY,Inter-Region,Next Day,Prepaid,CR023,Van,0.88,0.92,0.92,558657,24140,16044,4,1,0,,49.0,36,1,0,,1,0,,0,,29.81,5.03,2.57,ST06_Bandung,
SHPM004810,AWB260004810,2026-03-25 20:45:42.851243,2026-03-25 21:24:42.851243,2026-03-25 22:03:42.851243,2026-03-26 02:51:13.927455,2026-03-26 03:19:13.927455,2026-03-26 04:10:13.927455,2026-03-26 08:34:41.656433,2026-03-26 16:39:41.921152,2026-03-26 23:19:30.772535,2026-03-27 06:27:23.988847,2026-03-27 19:35:18.783740,2026-03-28 20:45:42.851243,Delivered,Closed,SHP061,Shipper 061,Enterprise,Outer Java,ST17_Makassar,HB06_EASTERN_GATEWAY,West Java,ST08_Bogor,HB01_JKT_GATEWAY,Inter-Region,Regular,Prepaid,CR160,Truck,0.88,0.8,0.88,413359,15960,13391,8,1,0,,28.0,72,1,0,,1,0,,0,,46.83,4.41,6.66,ST08_Bogor,
SHPM004811,AWB260004811,2026-03-11 22:47:05.729896,2026-03-11 23:24:05.729896,2026-03-12 00:01:05.729896,2026-03-12 07:02:23.753282,2026-03-12 08:03:23.753282,2026-03-12 09:50:23.753282,2026-03-12 11:00:13.979473,2026-03-12 16:45:25.950438,2026-03-13 02:31:59.029427,2026-03-13 16:52:47.198073,,2026-03-14 22:47:05.729896,Return To Sender,RTS,SHP076,Shipper 076,Enterprise,West Java,ST06_Bandung,HB01_JKT_GATEWAY,Outer Java,ST15_Medan,HB05_SUMATRA_GATEWAY,Inter-Region,Regular,Prepaid,CR059,Bike,0.96,1.62,1.62,93508,19290,15589,8,1,0,,61.0,72,0,1,Customer Not Home,2,0,,1,Customer Not Home,613.22,1.16,9.78,ST15_Medan,Delivery Exception
SHPM004812,AWB260004812,2026-02-27 15:43:37.337285,2026-02-27 15:56:37.337285,2026-02-27 16:28:37.337285,2026-02-27 17:17:54.341576,2026-02-27 17:50:54.341576,2026-02-27 18:50:54.341576,2026-02-27 21:13:14.803104,2026-02-28 06:37:30.827862,2026-02-28 10:19:12.402069,2026-02-28 18:42:39.751774,2026-02-28 21:11:57.322750,2026-02-28 07:43:37.337285,Delivered,Closed,SHP032,Shipper 032,Marketplace,West Java,ST06_Bandung,HB01_JKT_GATEWAY,Outer Java,ST17_Makassar,HB06_EASTERN_GATEWAY,Inter-Region,Same Day,Prepaid,CR063,Van,0.56,0.61,0.61,519627,29745,21539,2,1,0,,33.0,16,0,0,,1,0,,0,,29.47,2.37,3.69,ST17_Makassar,Remote Area
SHPM004813,AWB260004813,2026-03-05 10:57:47.208607,2026-03-05 11:38:47.208607,2026-03-05 12:10:47.208607,2026-03-05 19:56:54.500648,2026-03-05 20:28:54.500648,2026-03-05 20:49:54.500648,2026-03-06 01:36:01.573556,2026-03-06 11:05:39.363581,2026-03-06 14:58:50.765408,2026-03-07 03:59:11.741647,2026-03-07 17:02:52.142203,2026-03-08 10:57:47.208607,Delivered,Closed,SHP056,Shipper 056,Enterprise,Jabodetabek,ST03_JKT_East,HB01_JKT_GATEWAY,East Java,ST14_Kediri,HB03_SBY_GATEWAY,Inter-Region,Regular,COD,CR030,Van,1.53,1.42,1.53,1366794,22885,16835,8,0,0,,32.0,72,1,0,,1,0,,0,,54.08,4.77,3.89,ST14_Kediri,
SHPM004814,AWB260004814,2026-03-13 01:01:23.959009,2026-03-13 01:42:23.959009,2026-03-13 01:58:23.959009,2026-03-13 06:02:31.806264,2026-03-13 06:24:31.806264,2026-03-13 08:05:31.806264,2026-03-13 10:07:06.383988,2026-03-13 18:54:10.758368,2026-03-14 05:17:02.476668,2026-03-14 21:03:07.853982,2026-03-15 05:32:28.064626,2026-03-14 13:01:23.959009,Delivered,Closed,SHP034,Shipper 034,Enterprise,Jabodetabek,ST01_JKT_Central,HB01_JKT_GATEWAY,West Java,ST07_Cirebon,HB02_BDG_TRANSIT,Inter-Region,Next Day,Prepaid,CR008,Van,1.52,1.55,1.55,1222693,26975,19959,4,0,0,,22.0,36,0,0,,1,0,,0,,52.52,2.03,10.38,ST07_Cirebon,First Mile Delay
SHPM004815,AWB260004815,2026-03-02 13:19:16.508064,2026-03-02 13:54:16.508064,2026-03-02 14:08:16.508064,2026-03-02 15:52:54.782706,2026-03-02 16:29:54.782706,2026-03-02 18:06:54.782706,2026-03-02 23:43:59.098921,2026-03-03 05:30:43.587912,2026-03-03 17:28:50.550033,2026-03-04 10:10:31.345822,2026-03-04 15:15:10.274483,2026-03-03 05:19:16.508064,Delivered,Closed,SHP072,Shipper 072,Enterprise,Outer Java,ST18_Balikpapan,HB06_EASTERN_GATEWAY,Central Java,ST09_Semarang,HB04_CTG_NATIONAL,Inter-Region,Same Day,COD,CR172,Bike,0.82,0.89,0.89,2232830,35005,25024,2,1,0,,37.0,16,0,0,,1,0,,0,,49.93,5.62,11.97,ST09_Semarang,Hub Bottleneck
SHPM004816,AWB260004816,2026-02-18 16:51:04.329139,2026-02-18 17:11:04.329139,2026-02-18 17:48:04.329139,2026-02-18 18:14:01.644047,2026-02-18 19:06:01.644047,2026-02-18 20:00:01.644047,2026-02-18 22:19:01.325174,2026-02-19 07:02:42.939240,2026-02-19 12:49:57.311000,2026-02-19 20:26:57.250515,2026-02-20 07:19:58.324685,2026-02-20 04:51:04.329139,Delivered,Closed,SHP099,Shipper 099,SME,West Java,ST08_Bogor,HB01_JKT_GATEWAY,Central Java,ST11_Yogyakarta,HB04_CTG_NATIONAL,Inter-Region,Next Day,Prepaid,CR079,Van,0.87,0.9,0.9,2440527,24050,16631,4,1,0,,52.0,36,0,0,,1,0,,0,,38.48,2.32,5.79,ST11_Yogyakarta,Last Mile Delay
SHPM004817,AWB260004817,2026-03-18 18:58:56.659243,2026-03-18 19:19:56.659243,2026-03-18 19:38:56.659243,2026-03-19 03:58:10.379296,2026-03-19 04:32:10.379296,2026-03-19 05:29:10.379296,2026-03-19 08:56:53.568779,2026-03-19 15:14:32.704026,2026-03-19 17:50:06.288324,2026-03-20 02:14:33.877286,2026-03-20 09:21:51.492511,2026-03-21 18:58:56.659243,Delivered,Closed,SHP072,Shipper 072,Enterprise,Outer Java,ST18_Balikpapan,HB06_EASTERN_GATEWAY,East Java,ST12_Surabaya,HB03_SBY_GATEWAY,Inter-Region,Regular,Prepaid,CR163,Bike,1.6,1.49,1.6,1368815,19200,10716,8,0,0,,34.0,72,1,0,,1,0,,0,,38.38,3.46,2.59,ST12_Surabaya,
SHPM004818,AWB260004818,2026-02-18 16:50:51.477916,2026-02-18 17:24:51.477916,2026-02-18 17:51:51.477916,2026-02-18 19:19:59.978844,2026-02-18 19:27:59.978844,2026-02-18 21:03:59.978844,2026-02-18 22:23:28.783177,2026-02-19 03:33:24.288047,2026-02-19 11:13:40.117482,2026-02-20 03:52:48.371212,2026-02-20 06:17:45.304910,2026-02-19 08:50:51.477916,Delivered,Closed,SHP096,Shipper 096,Marketplace,Jabodetabek,ST03_JKT_East,HB01_JKT_GATEWAY,East Java,ST13_Malang,HB03_SBY_GATEWAY,Inter-Region,Same Day,Prepaid,CR026,Bike,0.6,0.56,0.6,2138338,29700,16528,2,1,0,,8.0,16,0,0,,1,0,,0,,37.45,1.32,7.67,ST13_Malang,Last Mile Delay
SHPM004819,AWB260004819,2026-03-23 05:47:36.240354,2026-03-23 06:22:36.240354,2026-03-23 06:43:36.240354,2026-03-23 10:26:40.505178,2026-03-23 11:19:40.505178,2026-03-23 12:52:40.505178,2026-03-23 16:50:15.670021,2026-03-24 00:57:12.058091,2026-03-24 03:12:05.302925,2026-03-24 15:58:00.199251,2026-03-25 00:52:42.370194,2026-03-26 05:47:36.240354,Delivered,Closed,SHP017,Shipper 017,Marketplace,Outer Java,ST16_Palembang,HB05_SUMATRA_GATEWAY,Central Java,ST11_Yogyakarta,HB04_CTG_NATIONAL,Inter-Region,Regular,COD,CR146,Bike,1.06,1.48,1.48,1056037,22660,20919,8,1,0,,53.0,72,1,0,,1,0,,0,,43.09,3.96,2.25,ST11_Yogyakarta,
SHPM004820,AWB260004820,2026-03-16 08:25:07.296429,2026-03-16 08:37:07.296429,2026-03-16 09:04:07.296429,2026-03-16 16:45:58.709530,2026-03-16 17:29:58.709530,2026-03-16 17:48:58.709530,2026-03-16 22:00:17.238381,2026-03-17 02:00:52.832595,2026-03-17 06:58:06.327253,2026-03-17 12:40:57.828877,2026-03-17 23:21:09.326335,2026-03-19 08:25:07.296429,Delivered,Closed,SHP014,Shipper 014,Enterprise,Jabodetabek,ST05_Tangerang,HB01_JKT_GATEWAY,West Java,ST08_Bogor,HB01_JKT_GATEWAY,Inter-Region,Regular,COD,CR045,Van,1.09,1.17,1.17,1090662,21265,18672,8,0,0,,44.0,72,1,0,,1,0,,0,,38.93,4.19,4.95,ST08_Bogor,
SHPM004821,AWB260004821,2026-02-27 16:21:20.766505,2026-02-27 16:27:20.766505,2026-02-27 16:52:20.766505,2026-02-27 17:53:22.367852,2026-02-27 18:31:22.367852,2026-02-27 19:50:22.367852,2026-02-27 23:36:13.919939,2026-02-28 02:39:28.703331,2026-02-28 18:44:51.983972,2026-03-01 10:44:13.013624,2026-03-01 13:13:40.391195,2026-02-28 08:21:20.766505,Delivered,Closed,SHP099,Shipper 099,SME,West Java,ST08_Bogor,HB01_JKT_GATEWAY,Outer Java,ST18_Balikpapan,HB06_EASTERN_GATEWAY,Inter-Region,Same Day,Prepaid,CR078,Bike,1.35,1.48,1.48,2381420,33660,29944,2,1,0,,38.0,16,0,0,,1,0,,0,,44.87,3.76,16.09,ST18_Balikpapan,Hub Bottleneck
SHPM004822,AWB260004822,2026-03-23 02:57:29.513945,2026-03-23 03:13:29.513945,2026-03-23 03:51:29.513945,2026-03-23 07:48:54.241068,2026-03-23 08:40:54.241068,2026-03-23 10:19:54.241068,2026-03-23 11:28:31.212741,2026-03-23 15:16:48.720846,2026-03-24 08:33:37.801688,2026-03-24 12:01:53.697721,,2026-03-25 02:57:29.513945,Damaged,Exception,SHP090,Shipper 090,Enterprise,East Java,ST14_Kediri,HB03_SBY_GATEWAY,East Java,ST12_Surabaya,HB03_SBY_GATEWAY,Intra-Region,Regular,Prepaid,CR128,Van,1.5,1.44,1.5,779843,18750,17597,8,1,0,,52.0,48,0,0,,1,1,Damaged,0,,345.04,1.14,17.28,HB03_SBY_GATEWAY,
SHPM004823,AWB260004823,2026-03-31 02:07:50.321377,2026-03-31 02:27:50.321377,2026-03-31 02:41:50.321377,2026-03-31 04:55:41.034339,2026-03-31 05:28:41.034339,2026-03-31 06:09:41.034339,2026-03-31 10:54:59.742868,2026-03-31 18:12:29.158427,2026-04-01 01:03:41.242270,2026-04-01 08:27:38.015415,2026-04-01 22:18:42.069326,2026-04-03 02:07:50.321377,Delivered,Closed,SHP065,Shipper 065,Marketplace,Jabodetabek,ST01_JKT_Central,HB01_JKT_GATEWAY,Central Java,ST11_Yogyakarta,HB04_CTG_NATIONAL,Inter-Region,Regular,Prepaid,CR009,Bike,2.22,2.27,2.27,480348,22215,20977,8,1,0,,33.0,72,1,0,,1,0,,0,,44.18,4.76,6.85,ST11_Yogyakarta,
SHPM004824,AWB260004824,2026-03-01 14:47:13.285767,2026-03-01 15:25:13.285767,2026-03-01 15:36:13.285767,2026-03-01 16:53:29.199662,2026-03-01 17:59:29.199662,2026-03-01 19:48:29.199662,2026-03-01 23:23:14.612327,2026-03-02 08:06:48.254850,2026-03-02 21:50:57.609599,2026-03-03 03:42:44.614343,,2026-03-02 06:47:13.285767,Lost,Exception,SHP010,Shipper 010,Enterprise,East Java,ST13_Malang,HB03_SBY_GATEWAY,Jabodetabek,ST02_JKT_West,HB01_JKT_GATEWAY,Inter-Region,Same Day,Prepaid,CR121,Van,1.21,1.26,1.26,788167,32670,30413,2,1,0,,66.0,16,0,0,,1,1,Lost,0,,861.21,3.58,13.74,HB03_SBY_GATEWAY,
SHPM004825,AWB260004825,2026-02-28 04:21:11.300952,2026-02-28 05:06:11.300952,2026-02-28 05:17:11.300952,2026-02-28 09:29:22.906358,2026-02-28 09:38:22.906358,2026-02-28 11:24:22.906358,2026-02-28 17:00:18.638434,2026-03-01 01:15:15.361875,2026-03-01 11:38:28.342114,2026-03-01 23:13:45.575001,2026-03-02 05:24:58.963203,2026-03-01 16:21:11.300952,Delivered,Closed,SHP051,Shipper 051,Marketplace,Outer Java,ST19_Denpasar,HB06_EASTERN_GATEWAY,West Java,ST07_Cirebon,HB02_BDG_TRANSIT,Inter-Region,Next Day,Prepaid,CR181,Truck,0.38,0.58,0.58,965263,22610,16967,4,0,0,,9.0,36,0,0,,1,0,,0,,49.06,5.6,10.39,ST07_Cirebon,First Mile Delay
SHPM004826,AWB260004826,2026-03-26 04:34:54.580117,2026-03-26 04:50:54.580117,2026-03-26 05:06:54.580117,2026-03-26 06:13:52.018860,2026-03-26 06:21:52.018860,2026-03-26 07:07:52.018860,2026-03-26 11:27:44.053232,2026-03-26 14:22:09.682447,2026-03-26 17:33:35.934800,2026-03-26 23:43:31.900659,2026-03-27 07:59:50.561380,2026-03-27 16:34:54.580117,Delivered,Closed,SHP089,Shipper 089,Enterprise,Central Java,ST11_Yogyakarta,HB04_CTG_NATIONAL,Jabodetabek,ST01_JKT_Central,HB01_JKT_GATEWAY,Inter-Region,Next Day,Prepaid,CR104,Bike,1.11,1.86,1.86,1246461,28370,21619,4,1,0,,8.0,36,1,0,,1,0,,0,,27.42,4.33,3.19,ST01_JKT_Central,
SHPM004827,AWB260004827,2026-02-21 11:44:10.129296,2026-02-21 11:49:10.129296,2026-02-21 12:15:10.129296,2026-02-21 16:32:34.221708,2026-02-21 17:44:34.221708,2026-02-21 18:53:34.221708,2026-02-21 23:32:27.432752,2026-02-22 07:54:26.036448,2026-02-22 15:13:31.195507,2026-02-23 14:46:17.487474,2026-02-23 21:03:34.163167,2026-02-24 11:44:10.129296,Delivered,Closed,SHP006,Shipper 006,Marketplace,East Java,ST14_Kediri,HB03_SBY_GATEWAY,West Java,ST07_Cirebon,HB02_BDG_TRANSIT,Inter-Region,Regular,Prepaid,CR127,Bike,0.96,1.62,1.62,968087,19290,17504,8,1,0,,72.0,72,1,0,,1,1,Capacity Delay,0,,57.32,4.65,7.32,ST07_Cirebon,
SHPM004828,AWB260004828,2026-03-28 00:58:18.491628,2026-03-28 01:33:18.491628,2026-03-28 01:38:18.491628,2026-03-28 06:09:18.606601,2026-03-28 06:46:18.606601,2026-03-28 07:05:18.606601,2026-03-28 11:05:13.444755,2026-03-28 20:48:52.874975,2026-03-29 06:00:10.878007,2026-03-29 11:22:27.616352,2026-03-29 20:59:38.939799,2026-03-29 12:58:18.491628,Delivered,Closed,SHP086,Shipper 086,Marketplace,Jabodetabek,ST02_JKT_West,HB01_JKT_GATEWAY,East Java,ST13_Malang,HB03_SBY_GATEWAY,Inter-Region,Next Day,COD,CR017,Bike,5.79,6.17,6.17,1614031,51765,39816,4,0,0,,37.0,36,0,0,,1,0,,0,,44.02,4.0,9.19,ST13_Malang,First Mile Delay
SHPM004829,AWB260004829,2026-03-07 18:36:54.633717,2026-03-07 18:46:54.633717,2026-03-07 20:09:54.633717,2026-03-07 23:50:23.285636,2026-03-08 00:32:23.285636,2026-03-08 02:18:23.285636,2026-03-08 09:32:21.676105,2026-03-08 17:32:11.724101,2026-03-09 04:54:03.699085,2026-03-09 20:19:15.193379,2026-03-10 14:09:47.834592,2026-03-10 18:36:54.633717,Delivered,Closed,SHP068,Shipper 068,Marketplace,East Java,ST12_Surabaya,HB03_SBY_GATEWAY,Outer Java,ST17_Makassar,HB06_EASTERN_GATEWAY,Inter-Region,Regular,COD,CR113,Truck,3.68,4.01,4.01,255568,34045,29165,8,1,0,,42.0,72,1,0,,1,0,,0,,67.55,7.23,11.36,ST17_Makassar,
SHPM004830,AWB260004830,2026-04-01 08:14:53.054124,2026-04-01 08:21:53.054124,2026-04-01 09:02:53.054124,2026-04-01 11:09:54.061371,2026-04-01 12:04:54.061371,2026-04-01 12:53:54.061371,2026-04-01 15:00:43.834998,2026-04-01 22:40:50.387457,2026-04-02 04:54:56.633535,2026-04-02 13:19:46.716760,2026-04-03 08:21:31.912897,2026-04-04 08:14:53.054124,Delivered,Closed,SHP070,Shipper 070,Enterprise,Jabodetabek,ST04_Bekasi,HB01_JKT_GATEWAY,Outer Java,ST18_Balikpapan,HB06_EASTERN_GATEWAY,Inter-Region,Regular,Prepaid,CR036,Bike,1.1,1.0,1.1,2323474,16950,15087,8,1,0,,55.0,72,1,0,,1,0,,0,,48.11,2.11,6.24,ST18_Balikpapan,
SHPM004831,AWB260004831,2026-03-03 23:41:04.287527,2026-03-04 00:12:04.287527,2026-03-04 00:52:04.287527,2026-03-04 05:12:41.952377,2026-03-04 05:40:41.952377,2026-03-04 07:28:41.952377,2026-03-04 11:38:48.982966,2026-03-04 18:33:22.874770,2026-03-05 03:28:12.688503,2026-03-05 13:54:53.347887,2026-03-05 21:57:49.615614,2026-03-06 23:41:04.287527,Delivered,Closed,SHP074,Shipper 074,Enterprise,Outer Java,ST15_Medan,HB05_SUMATRA_GATEWAY,Jabodetabek,ST04_Bekasi,HB01_JKT_GATEWAY,Inter-Region,Regular,COD,CR144,Van,1.17,1.25,1.25,1505037,21625,12787,8,1,0,,28.0,72,1,0,,1,0,,0,,46.28,4.17,8.91,ST04_Bekasi,
SHPM004832,AWB260004832,2026-03-18 15:10:51.105786,2026-03-18 15:35:51.105786,2026-03-18 16:30:51.105786,2026-03-18 17:59:03.679903,2026-03-18 18:59:03.679903,2026-03-18 20:11:03.679903,2026-03-19 01:45:04.109918,2026-03-19 07:36:05.231451,2026-03-20 02:26:51.015388,2026-03-21 02:28:58.256089,2026-03-21 16:25:08.179881,2026-03-21 15:10:51.105786,Delivered,Closed,SHP046,Shipper 046,SME,East Java,ST14_Kediri,HB03_SBY_GATEWAY,Central Java,ST09_Semarang,HB04_CTG_NATIONAL,Inter-Region,Regular,Prepaid,CR135,Bike,0.34,0.35,0.35,2820738,13575,12029,8,1,0,,60.0,72,0,0,,1,1,Invalid Address,0,,73.24,5.57,18.85,ST09_Semarang,Hub Bottleneck
SHPM004833,AWB260004833,2026-02-25 05:38:48.553128,2026-02-25 06:05:48.553128,2026-02-25 06:46:48.553128,2026-02-25 14:27:24.594700,2026-02-25 15:08:24.594700,2026-02-25 16:32:24.594700,2026-02-25 17:52:40.950175,2026-02-25 22:42:11.001827,2026-02-26 00:30:44.327158,2026-02-26 07:30:02.789324,2026-02-27 00:42:42.805838,2026-02-28 05:38:48.553128,Delivered,Closed,SHP078,Shipper 078,SME,Outer Java,ST17_Makassar,HB06_EASTERN_GATEWAY,East Java,ST14_Kediri,HB03_SBY_GATEWAY,Inter-Region,Regular,Prepaid,CR157,Truck,2.02,2.18,2.18,685855,21810,14441,8,0,0,,41.0,72,1,0,,1,0,,0,,43.07,1.34,1.81,ST14_Kediri,
SHPM004834,AWB260004834,2026-03-01 11:04:14.831173,2026-03-01 11:23:14.831173,2026-03-01 11:28:14.831173,2026-03-01 19:57:45.427475,2026-03-01 20:47:45.427475,2026-03-01 21:26:45.427475,2026-03-01 23:34:18.826385,2026-03-02 01:48:41.337041,2026-03-02 11:22:11.418352,2026-03-02 23:53:40.813872,2026-03-03 11:21:09.766893,2026-03-04 11:04:14.831173,Delivered,Closed,SHP051,Shipper 051,Marketplace,Outer Java,ST19_Denpasar,HB06_EASTERN_GATEWAY,Jabodetabek,ST01_JKT_Central,HB01_JKT_GATEWAY,Inter-Region,Regular,Prepaid,CR176,Van,1.74,2.76,2.76,2370999,24420,16871,8,0,0,,50.0,72,1,0,,1,0,,0,,48.28,2.13,9.56,ST01_JKT_Central,
SHPM004835,AWB260004835,2026-03-24 11:27:41.369916,2026-03-24 11:32:41.369916,2026-03-24 11:47:41.369916,2026-03-24 14:31:49.131996,2026-03-24 14:45:49.131996,2026-03-24 15:05:49.131996,2026-03-24 16:33:03.531372,2026-03-25 02:19:01.922205,2026-03-25 13:22:47.776681,2026-03-26 04:45:30.316138,2026-03-26 08:14:45.775710,2026-03-25 23:27:41.369916,Delivered,Closed,SHP034,Shipper 034,Enterprise,Jabodetabek,ST02_JKT_West,HB01_JKT_GATEWAY,Central Java,ST11_Yogyakarta,HB04_CTG_NATIONAL,Inter-Region,Next Day,COD,CR016,Truck,2.29,2.13,2.29,465130,34305,22267,4,1,0,,14.0,36,0,0,,1,0,,0,,44.78,1.45,11.06,ST11_Yogyakarta,Hub Bottleneck
SHPM004836,AWB260004836,2026-02-21 23:48:23.594437,2026-02-22 00:17:23.594437,2026-02-22 00:52:23.594437,2026-02-22 03:34:29.775734,2026-02-22 03:42:29.775734,2026-02-22 04:02:29.775734,2026-02-22 08:37:51.497042,2026-02-22 16:34:11.793202,2026-02-22 20:57:55.796738,2026-02-23 09:45:02.940413,2026-02-23 14:15:18.193197,2026-02-23 11:48:23.594437,Delivered,Closed,SHP032,Shipper 032,Marketplace,West Java,ST06_Bandung,HB01_JKT_GATEWAY,Jabodetabek,ST04_Bekasi,HB01_JKT_GATEWAY,Inter-Region,Next Day,Prepaid,CR058,Truck,1.45,1.49,1.49,457690,26705,16537,4,1,0,,8.0,36,0,0,,1,0,,0,,38.45,4.59,4.4,ST04_Bekasi,Last Mile Delay
SHPM004837,AWB260004837,2026-02-25 18:41:54.489684,2026-02-25 18:59:54.489684,2026-02-25 19:32:54.489684,2026-02-26 02:29:58.512076,2026-02-26 03:23:58.512076,2026-02-26 05:07:58.512076,2026-02-26 07:48:52.611555,2026-02-26 14:14:10.898709,2026-02-26 23:20:11.396543,2026-02-27 16:53:16.452095,2026-02-27 22:47:36.521022,2026-02-28 18:41:54.489684,Delivered,Closed,SHP058,Shipper 058,Enterprise,Jabodetabek,ST01_JKT_Central,HB01_JKT_GATEWAY,East Java,ST13_Malang,HB03_SBY_GATEWAY,Inter-Region,Regular,Prepaid,CR008,Truck,0.87,0.94,0.94,744485,16230,9726,8,1,0,,54.0,72,1,0,,1,0,,0,,52.1,2.68,9.1,ST13_Malang,
SHPM004838,AWB260004838,2026-02-18 15:18:19.826895,2026-02-18 15:27:19.826895,2026-02-18 16:12:19.826895,2026-02-18 20:43:46.481185,2026-02-18 20:51:46.481185,2026-02-18 22:02:46.481185,2026-02-19 03:30:24.998687,2026-02-19 07:11:31.253313,2026-02-19 15:16:35.867638,2026-02-19 23:04:50.780229,2026-02-20 05:01:26.255309,2026-02-21 15:18:19.826895,Delivered,Closed,SHP074,Shipper 074,Enterprise,Outer Java,ST15_Medan,HB05_SUMATRA_GATEWAY,Jabodetabek,ST04_Bekasi,HB01_JKT_GATEWAY,Inter-Region,Regular,Prepaid,CR138,Van,1.12,1.05,1.12,1909838,17040,10374,8,1,0,,8.0,72,1,0,,1,0,,0,,37.72,5.46,8.08,ST04_Bekasi,
SHPM004839,AWB260004839,2026-03-25 16:17:34.465732,2026-03-25 16:26:34.465732,2026-03-25 17:17:34.465732,2026-03-25 21:14:17.240517,2026-03-25 21:44:17.240517,2026-03-25 22:10:17.240517,2026-03-26 00:33:54.850798,2026-03-26 02:43:01.632666,2026-03-26 12:37:00.404847,2026-03-26 17:40:22.882441,2026-03-27 03:37:34.912938,2026-03-28 16:17:34.465732,Delivered,Closed,SHP049,Shipper 049,Enterprise,Jabodetabek,ST05_Tangerang,HB01_JKT_GATEWAY,Outer Java,ST18_Balikpapan,HB06_EASTERN_GATEWAY,Inter-Region,Regular,Prepaid,CR052,Bike,2.33,2.24,2.33,1925231,22485,14550,8,1,0,,30.0,72,1,0,,1,0,,0,,35.33,2.39,9.9,ST18_Balikpapan,
SHPM004840,AWB260004840,2026-02-18 16:07:51.148216,2026-02-18 16:26:51.148216,2026-02-18 16:59:51.148216,2026-02-18 18:17:57.776367,2026-02-18 19:07:57.776367,2026-02-18 20:04:57.776367,2026-02-18 23:30:59.960695,2026-02-19 03:09:34.918511,2026-02-19 12:34:35.767884,2026-02-20 06:16:21.269591,2026-02-20 09:33:36.940305,2026-02-19 08:07:51.148216,Delivered,Closed,SHP014,Shipper 014,Enterprise,Jabodetabek,ST05_Tangerang,HB01_JKT_GATEWAY,East Java,ST14_Kediri,HB03_SBY_GATEWAY,Inter-Region,Same Day,Prepaid,CR054,Bike,1.06,0.95,1.06,962934,31770,24302,2,1,0,,50.0,16,0,0,,1,0,,0,,41.43,3.43,9.42,ST14_Kediri,Last Mile Delay
SHPM004841,AWB260004841,2026-03-18 15:38:39.807708,2026-03-18 16:00:39.807708,2026-03-18 16:18:39.807708,2026-03-18 21:12:20.124572,2026-03-18 21:39:20.124572,2026-03-18 22:58:20.124572,2026-03-19 02:24:58.705290,2026-03-19 10:11:40.752267,2026-03-19 14:03:01.631512,2026-03-20 05:48:31.762584,2026-03-20 16:34:14.181925,2026-03-21 15:38:39.807708,Delivered,Closed,SHP088,Shipper 088,SME,Outer Java,ST18_Balikpapan,HB06_EASTERN_GATEWAY,Jabodetabek,ST04_Bekasi,HB01_JKT_GATEWAY,Inter-Region,Regular,Prepaid,CR170,Truck,3.27,3.08,3.27,1184051,26715,19258,8,1,0,,27.0,72,1,0,,1,0,,0,,48.93,3.44,3.86,ST04_Bekasi,
SHPM004842,AWB260004842,2026-02-22 08:52:18.956824,2026-02-22 09:37:18.956824,2026-02-22 10:13:18.956824,2026-02-22 16:04:42.694253,2026-02-22 16:59:42.694253,2026-02-22 17:38:42.694253,2026-02-22 21:34:39.900589,2026-02-23 01:56:10.256999,2026-02-23 03:29:17.710214,2026-02-23 21:08:27.049291,2026-02-24 12:19:53.756053,2026-02-25 08:52:18.956824,Delivered,Closed,SHP056,Shipper 056,Enterprise,Jabodetabek,ST05_Tangerang,HB01_JKT_GATEWAY,Central Java,ST11_Yogyakarta,HB04_CTG_NATIONAL,Inter-Region,Regular,Prepaid,CR053,Bike,1.8,1.83,1.83,904277,20235,17930,8,1,0,,55.0,72,1,0,,1,0,,0,,51.46,3.93,1.55,ST11_Yogyakarta,
SHPM004843,AWB260004843,2026-03-21 02:04:52.917705,2026-03-21 02:35:52.917705,2026-03-21 03:44:52.917705,2026-03-21 15:54:53.114737,2026-03-21 17:00:53.114737,2026-03-21 18:40:53.114737,2026-03-22 02:23:42.823112,2026-03-22 04:53:50.226300,2026-03-22 12:24:03.173580,2026-03-22 19:50:26.481927,2026-03-23 01:44:31.211814,2026-03-24 02:04:52.917705,Delivered,Closed,SHP019,Shipper 019,Marketplace,West Java,ST07_Cirebon,HB02_BDG_TRANSIT,Central Java,ST09_Semarang,HB04_CTG_NATIONAL,Inter-Region,Regular,Prepaid,CR064,Truck,0.65,0.72,0.72,593216,15240,9563,8,0,0,,66.0,72,1,0,,1,0,,0,,47.66,7.71,7.5,ST09_Semarang,
SHPM004844,AWB260004844,2026-02-20 04:59:27.084249,2026-02-20 05:37:27.084249,2026-02-20 05:54:27.084249,2026-02-20 14:15:42.100699,2026-02-20 14:28:42.100699,2026-02-20 14:59:42.100699,2026-02-20 18:46:37.560531,2026-02-20 20:55:31.680202,2026-02-21 06:41:16.017131,2026-02-22 00:37:35.108077,2026-02-22 16:00:07.983846,2026-02-23 04:59:27.084249,Delivered,Closed,SHP074,Shipper 074,Enterprise,Outer Java,ST15_Medan,HB05_SUMATRA_GATEWAY,West Java,ST07_Cirebon,HB02_BDG_TRANSIT,Inter-Region,Regular,COD,CR137,Bike,1.1,1.02,1.1,2579748,20950,16672,8,0,0,,13.0,72,1,0,,1,0,,0,,59.01,3.78,9.76,ST07_Cirebon,
SHPM004845,AWB260004845,2026-03-19 18:40:11.799478,2026-03-19 19:24:11.799478,2026-03-19 20:16:11.799478,2026-03-20 05:54:08.422633,2026-03-20 07:37:08.422633,2026-03-20 08:32:08.422633,2026-03-20 10:22:25.006593,2026-03-20 15:22:31.259398,2026-03-21 04:31:58.689042,2026-03-21 21:47:23.922070,2026-03-23 00:40:48.857739,2026-03-22 18:40:11.799478,Delivered,Closed,SHP018,Shipper 018,Enterprise,West Java,ST07_Cirebon,HB02_BDG_TRANSIT,Outer Java,ST18_Balikpapan,HB06_EASTERN_GATEWAY,Inter-Region,Regular,Prepaid,CR074,Van,3.5,4.71,4.71,1627083,33195,28475,8,0,0,,103.0,72,0,0,,1,0,,0,,78.01,1.84,13.16,ST18_Balikpapan,First Mile Delay
SHPM004846,AWB260004846,2026-02-21 12:35:36.443732,2026-02-21 13:15:36.443732,2026-02-21 13:42:36.443732,2026-02-21 15:33:42.630530,2026-02-21 16:35:42.630530,2026-02-21 17:44:42.630530,2026-02-21 19:35:55.371891,2026-02-21 21:54:11.406202,2026-02-22 00:06:09.086897,2026-02-22 07:39:20.477003,2026-02-22 23:11:10.314700,2026-02-23 12:35:36.443732,Delivered,Closed,SHP034,Shipper 034,Enterprise,Jabodetabek,ST01_JKT_Central,HB01_JKT_GATEWAY,Jabodetabek,ST05_Tangerang,HB01_JKT_GATEWAY,Intra-Region,Regular,Prepaid,CR005,Bike,2.02,2.18,2.18,727507,21810,20397,8,1,0,,62.0,48,1,0,,1,0,,0,,34.59,1.85,2.2,ST05_Tangerang,
SHPM004847,AWB260004847,2026-03-04 08:15:05.642589,2026-03-04 08:55:05.642589,2026-03-04 09:43:05.642589,2026-03-04 15:07:24.574482,2026-03-04 16:43:24.574482,2026-03-04 18:17:24.574482,2026-03-04 23:56:21.938670,2026-03-05 03:25:39.958767,2026-03-05 17:39:12.250810,2026-03-06 10:14:02.685879,2026-03-07 10:18:32.409361,2026-03-07 08:15:05.642589,Delivered,Closed,SHP066,Shipper 066,Marketplace,West Java,ST07_Cirebon,HB02_BDG_TRANSIT,Outer Java,ST15_Medan,HB05_SUMATRA_GATEWAY,Inter-Region,Regular,Prepaid,CR074,Bike,1.33,2.01,2.01,614009,21045,15852,8,1,0,,96.0,72,0,0,,1,0,,0,,74.06,5.65,14.23,ST15_Medan,Hub Bottleneck
SHPM004848,AWB260004848,2026-03-08 10:04:07.733130,2026-03-08 10:19:07.733130,2026-03-08 10:46:07.733130,2026-03-08 14:02:05.507672,2026-03-08 14:10:05.507672,2026-03-08 15:37:05.507672,2026-03-08 19:17:29.791115,2026-03-09 00:48:18.445494,2026-03-09 19:05:24.516085,2026-03-10 03:31:46.631041,,2026-03-09 22:04:07.733130,Damaged,Exception,SHP006,Shipper 006,Marketplace,East Java,ST14_Kediri,HB03_SBY_GATEWAY,West Java,ST06_Bandung,HB01_JKT_GATEWAY,Inter-Region,Next Day,Prepaid,CR132,Bike,1.44,1.95,1.95,1684862,28775,17323,4,1,0,,8.0,36,0,0,,1,1,Damaged,0,,697.93,3.67,18.29,ST14_Kediri,
SHPM004849,AWB260004849,2026-03-27 04:01:35.652074,2026-03-27 04:06:35.652074,2026-03-27 04:39:35.652074,2026-03-27 06:57:43.119175,2026-03-27 07:28:43.119175,2026-03-27 08:01:43.119175,2026-03-27 10:13:45.744943,2026-03-27 17:13:50.401352,2026-03-28 04:26:41.754182,2026-03-28 11:16:49.485537,2026-03-28 15:58:13.883600,2026-03-30 04:01:35.652074,Delivered,Closed,SHP087,Shipper 087,Enterprise,Jabodetabek,ST02_JKT_West,HB01_JKT_GATEWAY,East Java,ST14_Kediri,HB03_SBY_GATEWAY,Inter-Region,Regular,COD,CR014,Bike,0.66,0.86,0.86,2202277,19870,18329,8,1,0,,31.0,72,1,0,,1,0,,0,,35.94,2.2,11.21,ST14_Kediri,
SHPM004850,AWB260004850,2026-02-24 17:20:16.201951,2026-02-24 17:44:16.201951,2026-02-24 18:12:16.201951,2026-02-24 19:13:46.239661,2026-02-24 19:46:46.239661,2026-02-24 20:03:46.239661,2026-02-24 21:47:53.141696,2026-02-25 03:38:52.232410,2026-02-25 09:59:04.815931,2026-02-25 18:32:12.826050,2026-02-25 20:06:51.918193,2026-02-25 09:20:16.201951,Delivered,Closed,SHP080,Shipper 080,SME,Outer Java,ST19_Denpasar,HB06_EASTERN_GATEWAY,Jabodetabek,ST01_JKT_Central,HB01_JKT_GATEWAY,Inter-Region,Same Day,Prepaid,CR175,Bike,0.84,0.89,0.89,1734023,31005,23200,2,1,0,,33.0,16,0,0,,1,0,,0,,26.78,1.74,6.34,ST01_JKT_Central,Last Mile Delay
SHPM004851,AWB260004851,2026-03-30 18:47:36.463768,2026-03-30 19:11:36.463768,2026-03-30 20:13:36.463768,2026-03-30 23:10:08.510764,2026-03-31 00:09:08.510764,2026-03-31 00:51:08.510764,2026-03-31 04:12:43.486717,2026-03-31 11:16:24.860833,2026-03-31 14:13:35.876208,2026-03-31 19:59:22.880444,2026-03-31 22:23:09.297005,2026-04-01 06:47:36.463768,Delivered,Closed,SHP006,Shipper 006,Marketplace,East Java,ST12_Surabaya,HB03_SBY_GATEWAY,Jabodetabek,ST04_Bekasi,HB01_JKT_GATEWAY,Inter-Region,Next Day,Prepaid,CR111,Bike,1.16,1.91,1.91,316837,28595,19749,4,1,0,,59.0,36,1,0,,1,0,,0,,27.59,3.36,2.95,ST04_Bekasi,
SHPM004852,AWB260004852,2026-02-27 07:42:44.095403,2026-02-27 07:54:44.095403,2026-02-27 08:25:44.095403,2026-02-27 10:46:13.037545,2026-02-27 11:35:13.037545,2026-02-27 13:31:13.037545,2026-02-27 14:40:39.031281,2026-02-27 23:30:38.737485,2026-02-28 07:07:46.276031,2026-02-28 12:51:23.017356,2026-03-01 02:06:50.125081,2026-03-02 07:42:44.095403,Delivered,Closed,SHP001,Shipper 001,Marketplace,Jabodetabek,ST03_JKT_East,HB01_JKT_GATEWAY,Central Java,ST09_Semarang,HB04_CTG_NATIONAL,Inter-Region,Regular,Prepaid,CR030,Bike,0.55,0.51,0.55,427528,14475,11877,8,1,0,,49.0,72,1,0,,1,0,,0,,42.4,1.16,7.62,ST09_Semarang,
SHPM004853,AWB260004853,2026-03-18 06:12:12.053005,2026-03-18 06:49:12.053005,2026-03-18 07:33:12.053005,2026-03-18 10:42:46.936287,2026-03-18 11:12:46.936287,2026-03-18 12:50:46.936287,2026-03-18 14:00:58.662884,2026-03-18 23:42:56.666471,2026-03-19 07:36:55.289176,2026-03-19 17:20:01.383916,2026-03-20 00:26:50.983703,2026-03-19 18:12:12.053005,Delivered,Closed,SHP085,Shipper 085,Marketplace,Central Java,ST11_Yogyakarta,HB04_CTG_NATIONAL,East Java,ST12_Surabaya,HB03_SBY_GATEWAY,Inter-Region,Next Day,Prepaid,CR102,Van,2.09,2.1,2.1,949043,29450,23796,4,1,0,,30.0,36,0,0,,1,0,,0,,42.24,1.17,7.9,ST12_Surabaya,Last Mile Delay
SHPM004854,AWB260004854,2026-03-05 09:29:59.696673,2026-03-05 10:02:59.696673,2026-03-05 10:16:59.696673,2026-03-05 13:42:14.219280,2026-03-05 13:50:14.219280,2026-03-05 15:29:14.219280,2026-03-05 19:28:35.177336,2026-03-05 23:56:34.021709,2026-03-06 07:34:47.420963,2026-03-06 23:40:12.782758,2026-03-07 14:06:33.090916,2026-03-08 09:29:59.696673,Delivered,Closed,SHP074,Shipper 074,Enterprise,Outer Java,ST15_Medan,HB05_SUMATRA_GATEWAY,East Java,ST13_Malang,HB03_SBY_GATEWAY,Inter-Region,Regular,Prepaid,CR144,Van,0.63,0.61,0.63,679672,14835,9686,8,1,0,,8.0,72,1,0,,1,0,,0,,52.61,3.99,7.64,ST13_Malang,
SHPM004855,AWB260004855,2026-03-19 13:28:27.230307,2026-03-19 13:51:27.230307,2026-03-19 14:25:27.230307,2026-03-19 22:12:07.717208,2026-03-19 22:51:07.717208,2026-03-19 23:39:07.717208,2026-03-20 01:04:37.306087,2026-03-20 10:35:04.316361,2026-03-20 16:16:31.363199,2026-03-21 02:27:39.266029,2026-03-21 16:59:56.752209,2026-03-22 13:28:27.230307,Delivered,Closed,SHP096,Shipper 096,Marketplace,Jabodetabek,ST05_Tangerang,HB01_JKT_GATEWAY,Central Java,ST09_Semarang,HB04_CTG_NATIONAL,Inter-Region,Regular,Prepaid,CR053,Bike,3.27,3.27,3.27,1104337,26715,24457,8,0,0,,39.0,72,1,0,,1,0,,0,,51.52,1.42,5.69,ST09_Semarang,
SHPM004856,AWB260004856,2026-02-15 19:41:55.036663,2026-02-15 19:56:55.036663,2026-02-15 20:31:55.036663,2026-02-15 22:15:06.133746,2026-02-15 22:34:06.133746,2026-02-15 23:44:06.133746,2026-02-16 05:28:35.190003,2026-02-16 12:15:49.501014,2026-02-16 22:07:42.462196,2026-02-17 06:10:57.266188,2026-02-17 17:46:15.711687,2026-02-17 07:41:55.036663,Delivered,Closed,SHP083,Shipper 083,Marketplace,Jabodetabek,ST03_JKT_East,HB01_JKT_GATEWAY,Outer Java,ST19_Denpasar,HB06_EASTERN_GATEWAY,Inter-Region,Next Day,Prepaid,CR027,Van,0.88,0.91,0.91,1229819,24095,13331,4,1,0,,19.0,36,0,0,,1,0,,0,,46.07,5.74,9.86,ST19_Denpasar,Remote Area
SHPM004857,AWB260004857,2026-03-19 14:00:42.688293,2026-03-19 14:08:42.688293,2026-03-19 14:43:42.688293,2026-03-19 22:53:07.038750,2026-03-19 23:09:07.038750,2026-03-20 00:30:07.038750,2026-03-20 06:22:01.762958,2026-03-20 13:57:55.591646,2026-03-20 17:39:12.537861,2026-03-21 02:09:50.076254,2026-03-21 08:06:49.717448,2026-03-22 14:00:42.688293,Delivered,Closed,SHP089,Shipper 089,Enterprise,Central Java,ST11_Yogyakarta,HB04_CTG_NATIONAL,Jabodetabek,ST02_JKT_West,HB01_JKT_GATEWAY,Inter-Region,Regular,Prepaid,CR105,Van,1.08,1.05,1.08,392466,16860,10753,8,0,0,,16.0,72,1,0,,1,0,,0,,42.1,5.87,3.69,ST02_JKT_West,
SHPM004858,AWB260004858,2026-03-11 03:50:01.303939,2026-03-11 04:21:01.303939,2026-03-11 04:40:01.303939,2026-03-11 13:17:47.743273,2026-03-11 13:31:47.743273,2026-03-11 14:31:47.743273,2026-03-11 17:53:51.633964,2026-03-11 23:01:07.460182,2026-03-12 02:45:46.994656,2026-03-12 10:01:17.181174,2026-03-12 23:42:36.862976,2026-03-14 03:50:01.303939,Delivered,Closed,SHP087,Shipper 087,Enterprise,Jabodetabek,ST02_JKT_West,HB01_JKT_GATEWAY,Central Java,ST10_Solo,HB04_CTG_NATIONAL,Inter-Region,Regular,COD,CR018,Bike,1.21,1.67,1.67,319979,23515,14298,8,0,0,,14.0,72,1,0,,1,0,,0,,43.88,3.37,3.74,ST10_Solo,
SHPM004859,AWB260004859,2026-03-27 10:54:04.548456,2026-03-27 11:21:04.548456,2026-03-27 11:46:04.548456,2026-03-27 14:32:09.674473,2026-03-27 15:03:09.674473,2026-03-27 16:33:09.674473,2026-03-27 22:07:29.332511,2026-03-28 00:57:39.980063,2026-03-28 07:42:02.865919,2026-03-28 22:41:52.999295,2026-03-29 15:50:05.962346,2026-03-30 10:54:04.548456,Delivered,Closed,SHP089,Shipper 089,Enterprise,Central Java,ST11_Yogyakarta,HB04_CTG_NATIONAL,West Java,ST07_Cirebon,HB02_BDG_TRANSIT,Inter-Region,Regular,Prepaid,CR104,Bike,0.39,0.58,0.58,943068,14610,11509,8,1,0,,31.0,72,1,0,,1,0,,0,,52.93,5.57,6.74,ST07_Cirebon,
SHPM004860,AWB260004860,2026-03-30 14:03:13.254339,2026-03-30 14:15:13.254339,2026-03-30 14:54:13.254339,2026-03-30 17:06:02.996502,2026-03-30 17:52:02.996502,2026-03-30 19:11:02.996502,2026-03-30 21:53:48.709631,2026-03-31 07:51:36.022756,2026-03-31 11:30:14.461291,2026-03-31 20:37:54.362204,2026-04-01 01:49:47.922145,2026-04-01 02:03:13.254339,Delivered,Closed,SHP041,Shipper 041,SME,West Java,ST08_Bogor,HB01_JKT_GATEWAY,Jabodetabek,ST03_JKT_East,HB01_JKT_GATEWAY,Inter-Region,Next Day,COD,CR077,Van,0.96,1.04,1.04,1093550,28680,15819,4,1,0,,46.0,36,1,0,,1,0,,0,,35.78,2.71,3.64,ST03_JKT_East,
SHPM004861,AWB260004861,2026-03-25 00:04:54.556255,2026-03-25 00:25:54.556255,2026-03-25 00:50:54.556255,2026-03-25 03:02:25.180924,2026-03-25 03:36:25.180924,2026-03-25 04:12:25.180924,2026-03-25 09:05:57.164001,2026-03-25 11:37:29.588457,2026-03-25 22:25:08.524345,2026-03-26 13:37:50.904662,2026-03-27 00:22:48.219757,2026-03-26 12:04:54.556255,Delivered,Closed,SHP008,Shipper 008,SME,Outer Java,ST16_Palembang,HB05_SUMATRA_GATEWAY,Jabodetabek,ST02_JKT_West,HB01_JKT_GATEWAY,Inter-Region,Next Day,COD,CR153,Truck,3.48,3.34,3.48,705361,39660,31807,4,1,0,,34.0,36,0,0,,1,0,,0,,48.3,4.89,10.79,ST02_JKT_West,Hub Bottleneck
SHPM004862,AWB260004862,2026-03-17 04:23:54.438604,2026-03-17 05:08:54.438604,2026-03-17 05:34:54.438604,2026-03-17 09:31:03.106214,2026-03-17 09:48:03.106214,2026-03-17 10:33:03.106214,2026-03-17 12:39:20.054564,2026-03-17 16:28:38.340518,2026-03-18 00:45:30.704505,2026-03-18 11:49:39.566890,2026-03-18 20:35:56.494710,2026-03-18 16:23:54.438604,Delivered,Closed,SHP072,Shipper 072,Enterprise,Outer Java,ST18_Balikpapan,HB06_EASTERN_GATEWAY,Central Java,ST10_Solo,HB04_CTG_NATIONAL,Inter-Region,Next Day,Prepaid,CR164,Van,1.22,1.2,1.22,501375,25490,21800,4,0,0,,17.0,36,0,0,,1,0,,0,,40.2,2.1,8.28,ST10_Solo,First Mile Delay
SHPM004863,AWB260004863,2026-03-28 16:06:39.755409,2026-03-28 16:50:39.755409,2026-03-28 17:31:39.755409,2026-03-28 20:06:22.326387,2026-03-28 20:43:22.326387,2026-03-28 22:07:22.326387,2026-03-28 23:07:35.752677,2026-03-29 01:48:59.659904,2026-03-29 11:11:16.649738,2026-03-30 00:07:02.217216,2026-03-30 16:33:02.838066,2026-03-31 16:06:39.755409,Delivered,Closed,SHP017,Shipper 017,Marketplace,Outer Java,ST16_Palembang,HB05_SUMATRA_GATEWAY,Jabodetabek,ST01_JKT_Central,HB01_JKT_GATEWAY,Inter-Region,Regular,Prepaid,CR153,Bike,0.2,0.22,0.22,897047,12990,9851,8,1,0,,37.0,72,1,0,,1,0,,0,,48.44,1.0,9.37,ST01_JKT_Central,
SHPM004864,AWB260004864,2026-03-01 14:42:52.359751,2026-03-01 15:26:52.359751,2026-03-01 16:02:52.359751,2026-03-01 19:32:44.074048,2026-03-01 20:08:44.074048,2026-03-01 20:24:44.074048,2026-03-02 02:21:48.841962,2026-03-02 07:39:15.667830,2026-03-02 11:57:58.303792,2026-03-03 04:59:48.156232,2026-03-03 09:23:34.643953,2026-03-03 02:42:52.359751,Delivered,Closed,SHP087,Shipper 087,Enterprise,Jabodetabek,ST02_JKT_West,HB01_JKT_GATEWAY,East Java,ST14_Kediri,HB03_SBY_GATEWAY,Inter-Region,Next Day,COD,CR018,Bike,0.79,0.76,0.79,1585924,27555,22990,4,0,0,,36.0,36,0,0,,1,0,,0,,42.68,5.95,4.31,ST14_Kediri,First Mile Delay
SHPM004865,AWB260004865,2026-02-27 04:07:58.342308,2026-02-27 04:18:58.342308,2026-02-27 04:52:58.342308,2026-02-27 10:56:01.875954,2026-02-27 11:54:01.875954,2026-02-27 13:05:01.875954,2026-02-27 19:03:53.444043,2026-02-27 21:39:24.868570,2026-02-28 06:17:48.013926,2026-02-28 13:23:39.935850,2026-03-01 06:07:26.082609,2026-03-01 04:07:58.342308,Delivered,Closed,SHP043,Shipper 043,Marketplace,Central Java,ST09_Semarang,HB04_CTG_NATIONAL,Central Java,ST09_Semarang,HB04_CTG_NATIONAL,Intra-Region,Regular,Prepaid,CR085,Van,2.69,4.43,4.43,1277085,31935,24841,8,1,0,,58.0,48,0,0,,1,0,,0,,49.99,5.98,8.64,ST09_Semarang,Last Mile Delay
SHPM004866,AWB260004866,2026-03-02 09:29:41.139790,2026-03-02 09:50:41.139790,2026-03-02 10:53:41.139790,2026-03-02 12:13:30.295272,2026-03-02 13:18:30.295272,2026-03-02 14:36:30.295272,2026-03-02 22:41:07.352466,2026-03-03 06:57:57.841545,2026-03-03 08:32:00.758784,2026-03-03 13:51:03.828608,2026-03-03 20:13:37.114892,2026-03-03 21:29:41.139790,Delivered,Closed,SHP019,Shipper 019,Marketplace,West Java,ST07_Cirebon,HB02_BDG_TRANSIT,Jabodetabek,ST03_JKT_East,HB01_JKT_GATEWAY,Inter-Region,Next Day,Prepaid,CR071,Bike,3.15,3.04,3.15,1220905,34175,18938,4,1,0,,65.0,36,1,0,,1,0,,0,,34.73,8.08,1.57,ST03_JKT_East,
SHPM004867,AWB260004867,2026-03-24 22:42:55.798434,2026-03-24 23:16:55.798434,2026-03-24 23:49:55.798434,2026-03-25 05:32:46.388921,2026-03-25 05:40:46.388921,2026-03-25 07:15:46.388921,2026-03-25 12:57:09.805406,2026-03-25 17:44:22.186271,2026-03-25 23:44:41.114121,2026-03-26 15:47:04.478657,2026-03-27 11:13:43.842646,2026-03-27 22:42:55.798434,Delivered,Closed,SHP035,Shipper 035,Enterprise,Jabodetabek,ST04_Bekasi,HB01_JKT_GATEWAY,Outer Java,ST15_Medan,HB05_SUMATRA_GATEWAY,Inter-Region,Regular,Prepaid,CR042,Van,1.16,1.28,1.28,648648,17760,13198,8,1,0,,8.0,72,1,0,,1,0,,0,,60.51,5.69,6.01,ST15_Medan,
SHPM004868,AWB260004868,2026-03-10 13:47:42.852498,2026-03-10 14:28:42.852498,2026-03-10 15:16:42.852498,2026-03-10 19:07:33.094497,2026-03-10 20:30:33.094497,2026-03-10 21:44:33.094497,2026-03-11 04:01:27.058062,2026-03-11 12:29:22.039480,2026-03-11 21:16:30.474327,2026-03-12 07:04:38.503891,2026-03-12 12:27:35.339062,2026-03-12 01:47:42.852498,Delivered,Closed,SHP040,Shipper 040,Marketplace,West Java,ST07_Cirebon,HB02_BDG_TRANSIT,Jabodetabek,ST02_JKT_West,HB01_JKT_GATEWAY,Inter-Region,Next Day,Prepaid,CR065,Bike,1.21,1.7,1.7,436982,27650,22871,4,0,0,,83.0,36,0,0,,1,0,,0,,46.66,6.28,8.79,ST02_JKT_West,First Mile Delay
SHPM004869,AWB260004869,2026-02-28 00:35:44.864270,2026-02-28 01:20:44.864270,2026-02-28 01:43:44.864270,2026-02-28 03:24:32.001381,2026-02-28 03:32:32.001381,2026-02-28 04:28:32.001381,2026-02-28 09:43:28.966838,2026-02-28 13:20:20.921348,2026-02-28 23:32:58.612459,2026-03-01 01:47:42.884903,2026-03-01 06:15:56.235843,2026-03-01 00:35:44.864270,Delivered,Closed,SHP035,Shipper 035,Enterprise,Jabodetabek,ST05_Tangerang,HB01_JKT_GATEWAY,Jabodetabek,ST04_Bekasi,HB01_JKT_GATEWAY,Intra-Region,Next Day,COD,CR049,Bike,1.34,1.32,1.34,1367741,30030,27793,4,1,0,,8.0,24,0,0,,1,0,,0,,29.67,5.25,10.21,ST04_Bekasi,Hub Bottleneck
SHPM004870,AWB260004870,2026-03-18 01:40:08.598359,2026-03-18 02:15:08.598359,2026-03-18 03:02:08.598359,2026-03-18 07:15:46.691588,2026-03-18 07:23:46.691588,2026-03-18 09:00:46.691588,2026-03-18 12:52:37.290420,2026-03-18 16:37:07.768055,2026-03-18 22:04:24.457945,2026-03-19 03:27:32.948481,2026-03-19 12:21:06.765902,2026-03-21 01:40:08.598359,Delivered,Closed,SHP063,Shipper 063,Enterprise,Jabodetabek,ST05_Tangerang,HB01_JKT_GATEWAY,Outer Java,ST19_Denpasar,HB06_EASTERN_GATEWAY,Inter-Region,Regular,Prepaid,CR049,Bike,0.85,0.86,0.86,181387,15870,11031,8,1,0,,8.0,72,1,0,,1,0,,0,,34.68,3.86,5.45,ST19_Denpasar,
SHPM004871,AWB260004871,2026-03-10 05:26:24.712566,2026-03-10 05:39:24.712566,2026-03-10 06:04:24.712566,2026-03-10 11:06:16.861214,2026-03-10 11:16:16.861214,2026-03-10 12:09:16.861214,2026-03-10 14:38:19.257492,2026-03-10 17:02:38.990957,2026-03-10 19:06:15.251707,2026-03-11 00:47:24.419876,2026-03-11 16:37:47.915238,2026-03-12 05:26:24.712566,Delivered,Closed,SHP034,Shipper 034,Enterprise,Jabodetabek,ST01_JKT_Central,HB01_JKT_GATEWAY,Jabodetabek,ST01_JKT_Central,HB01_JKT_GATEWAY,Intra-Region,Regular,COD,CR010,Truck,1.14,1.12,1.14,690949,21130,13029,8,1,0,,10.0,48,1,0,,1,0,,0,,35.19,2.48,2.06,ST01_JKT_Central,
SHPM004872,AWB260004872,2026-03-08 08:15:05.015214,2026-03-08 08:55:05.015214,2026-03-08 09:16:05.015214,2026-03-08 13:42:38.640012,2026-03-08 14:39:38.640012,2026-03-08 16:24:38.640012,2026-03-08 20:24:56.911119,2026-03-08 23:27:34.745372,2026-03-09 08:25:16.076013,2026-03-09 16:50:45.894975,2026-03-10 10:43:55.725471,2026-03-11 08:15:05.015214,Delivered,Closed,SHP002,Shipper 002,Enterprise,Jabodetabek,ST02_JKT_West,HB01_JKT_GATEWAY,East Java,ST13_Malang,HB03_SBY_GATEWAY,Inter-Region,Regular,COD,CR013,Bike,1.0,1.09,1.09,1315637,20905,14219,8,1,0,,57.0,72,1,0,,1,0,,0,,50.48,4.01,8.96,ST13_Malang,
SHPM004873,AWB260004873,2026-03-13 11:03:44.888883,2026-03-13 11:36:44.888883,2026-03-13 12:07:44.888883,2026-03-13 16:37:11.989421,2026-03-13 17:24:11.989421,2026-03-13 19:22:11.989421,2026-03-13 23:28:24.054201,2026-03-14 04:04:01.894708,2026-03-14 21:28:10.943427,2026-03-15 12:40:00.845925,2026-03-16 09:09:34.194451,2026-03-16 11:03:44.888883,Delivered,Closed,SHP070,Shipper 070,Enterprise,Jabodetabek,ST04_Bekasi,HB01_JKT_GATEWAY,Outer Java,ST19_Denpasar,HB06_EASTERN_GATEWAY,Inter-Region,Regular,Prepaid,CR038,Bike,0.66,0.64,0.66,1472586,14970,13113,8,1,0,,47.0,72,1,0,,1,0,,0,,70.1,4.1,17.4,ST19_Denpasar,
SHPM004874,AWB260004874,2026-03-08 18:37:38.155433,2026-03-08 18:49:38.155433,2026-03-08 19:44:38.155433,2026-03-09 02:09:45.903838,2026-03-09 02:31:45.903838,2026-03-09 03:27:45.903838,2026-03-09 04:28:17.783899,2026-03-09 09:31:39.055457,2026-03-09 15:40:13.057408,2026-03-09 21:58:49.964828,2026-03-10 11:27:19.033173,2026-03-11 18:37:38.155433,Delivered,Closed,SHP066,Shipper 066,Marketplace,West Java,ST06_Bandung,HB01_JKT_GATEWAY,Jabodetabek,ST02_JKT_West,HB01_JKT_GATEWAY,Inter-Region,Regular,COD,CR055,Van,2.59,2.76,2.76,362401,28420,24263,8,1,0,,22.0,72,1,0,,1,0,,0,,40.83,1.01,6.14,ST02_JKT_West,
SHPM004875,AWB260004875,2026-03-12 15:40:36.292542,2026-03-12 16:03:36.292542,2026-03-12 16:47:36.292542,2026-03-12 17:46:22.976559,2026-03-12 18:29:22.976559,2026-03-12 20:17:22.976559,2026-03-12 23:53:03.267563,2026-03-13 06:55:18.386291,2026-03-13 11:53:27.156383,2026-03-14 04:21:52.863798,2026-03-14 11:11:43.152363,2026-03-14 03:40:36.292542,Delivered,Closed,SHP069,Shipper 069,SME,West Java,ST06_Bandung,HB01_JKT_GATEWAY,Jabodetabek,ST03_JKT_East,HB01_JKT_GATEWAY,Inter-Region,Next Day,COD,CR058,Bike,0.37,0.37,0.37,742208,25665,23888,4,1,0,,43.0,36,0,0,,1,0,,0,,43.52,3.59,4.97,ST03_JKT_East,Last Mile Delay
SHPM004876,AWB260004876,2026-03-28 16:43:32.852249,2026-03-28 17:15:32.852249,2026-03-28 18:10:32.852249,2026-03-29 05:49:56.468107,2026-03-29 06:57:56.468107,2026-03-29 07:45:56.468107,2026-03-29 09:51:03.302209,2026-03-29 13:48:13.931946,2026-03-30 11:31:18.580410,2026-03-30 17:41:51.381099,2026-03-31 00:44:51.761303,2026-03-31 16:43:32.852249,Delivered,Closed,SHP010,Shipper 010,Enterprise,East Java,ST12_Surabaya,HB03_SBY_GATEWAY,West Java,ST08_Bogor,HB01_JKT_GATEWAY,Inter-Region,Regular,Prepaid,CR109,Bike,1.51,1.48,1.51,688216,18795,12679,8,0,0,,68.0,72,1,0,,1,0,,0,,56.02,2.09,21.72,ST08_Bogor,
SHPM004877,AWB260004877,2026-02-16 05:20:50.144062,2026-02-16 05:46:50.144062,2026-02-16 06:20:50.144062,2026-02-16 08:26:00.905004,2026-02-16 08:34:00.905004,2026-02-16 10:33:00.905004,2026-02-16 11:38:50.425157,2026-02-16 16:12:21.058608,2026-02-16 21:58:06.434003,2026-02-17 07:12:20.428837,2026-02-17 10:40:12.222466,2026-02-17 17:20:50.144062,Delivered,Closed,SHP075,Shipper 075,Marketplace,Outer Java,ST16_Palembang,HB05_SUMATRA_GATEWAY,Jabodetabek,ST04_Bekasi,HB01_JKT_GATEWAY,Inter-Region,Next Day,Prepaid,CR152,Van,1.57,1.6,1.6,304773,27200,25753,4,1,0,,8.0,36,1,0,,1,0,,0,,29.32,1.1,5.76,ST04_Bekasi,
SHPM004878,AWB260004878,2026-03-29 12:29:25.085594,2026-03-29 12:43:25.085594,2026-03-29 13:04:25.085594,2026-03-29 15:37:10.700358,2026-03-29 16:00:10.700358,2026-03-29 17:05:10.700358,2026-03-29 18:13:01.030282,2026-03-29 22:45:35.789546,2026-03-30 09:56:25.190565,2026-03-30 20:19:48.997321,2026-03-31 02:58:24.483130,2026-04-01 12:29:25.085594,Delivered,Closed,SHP026,Shipper 026,Marketplace,Outer Java,ST18_Balikpapan,HB06_EASTERN_GATEWAY,East Java,ST13_Malang,HB03_SBY_GATEWAY,Inter-Region,Regular,Prepaid,CR165,Van,2.44,2.25,2.44,655054,22980,18916,8,1,0,,23.0,72,1,0,,1,0,,0,,38.48,1.13,11.18,ST13_Malang,
SHPM004879,AWB260004879,2026-03-15 21:23:52.787695,2026-03-15 21:37:52.787695,2026-03-15 22:35:52.787695,2026-03-16 04:17:16.485485,2026-03-16 05:09:16.485485,2026-03-16 06:16:16.485485,2026-03-16 10:26:51.755121,2026-03-16 15:08:33.100809,2026-03-17 00:54:35.440463,2026-03-17 08:27:42.507056,2026-03-18 02:00:19.068738,2026-03-17 21:23:52.787695,Delivered,Closed,SHP058,Shipper 058,Enterprise,Jabodetabek,ST01_JKT_Central,HB01_JKT_GATEWAY,Jabodetabek,ST04_Bekasi,HB01_JKT_GATEWAY,Intra-Region,Regular,Prepaid,CR010,Truck,0.82,0.78,0.82,1795106,15690,11105,8,1,0,,52.0,48,0,0,,1,0,,0,,52.61,4.18,9.77,ST04_Bekasi,Last Mile Delay
SHPM004880,AWB260004880,2026-02-17 14:52:23.156699,2026-02-17 14:59:23.156699,2026-02-17 15:13:23.156699,2026-02-17 21:58:20.973479,2026-02-17 22:39:20.973479,2026-02-17 23:36:20.973479,2026-02-18 03:02:52.764825,2026-02-18 08:46:32.874085,2026-02-19 02:47:57.378138,2026-02-19 20:16:31.615343,2026-02-20 14:27:24.927365,2026-02-20 14:52:23.156699,Delivered,Closed,SHP034,Shipper 034,Enterprise,Jabodetabek,ST01_JKT_Central,HB01_JKT_GATEWAY,Outer Java,ST20_Banjarmasin,HB06_EASTERN_GATEWAY,Inter-Region,Regular,Prepaid,CR005,Bike,3.27,5.1,5.1,367119,34950,27850,8,1,0,,41.0,72,1,0,,1,0,,0,,71.58,3.44,18.02,ST20_Banjarmasin,
SHPM004881,AWB260004881,2026-02-20 13:03:22.997190,2026-02-20 13:25:22.997190,2026-02-20 13:59:22.997190,2026-02-20 16:36:25.973394,2026-02-20 17:09:25.973394,2026-02-20 17:41:25.973394,2026-02-20 20:09:17.942986,2026-02-21 01:14:09.183015,2026-02-21 06:31:18.839461,2026-02-21 15:25:09.629831,2026-02-22 00:18:47.592866,2026-02-22 01:03:22.997190,Delivered,Closed,SHP072,Shipper 072,Enterprise,Outer Java,ST18_Balikpapan,HB06_EASTERN_GATEWAY,Jabodetabek,ST03_JKT_East,HB01_JKT_GATEWAY,Inter-Region,Next Day,Prepaid,CR173,Van,2.21,2.3,2.3,443511,30350,19714,4,1,0,,33.0,36,1,0,,1,0,,0,,35.26,2.46,5.29,ST03_JKT_East,
SHPM004882,AWB260004882,2026-03-14 23:11:36.326965,2026-03-14 23:24:36.326965,2026-03-14 23:37:36.326965,2026-03-15 03:08:31.936357,2026-03-15 03:52:31.936357,2026-03-15 05:20:31.936357,2026-03-15 08:15:46.245308,2026-03-15 13:09:41.499881,2026-03-16 00:46:38.041038,2026-03-16 07:23:42.963516,2026-03-16 10:51:36.572055,2026-03-15 23:11:36.326965,Delivered,Closed,SHP011,Shipper 011,Enterprise,Jabodetabek,ST02_JKT_West,HB01_JKT_GATEWAY,Jabodetabek,ST01_JKT_Central,HB01_JKT_GATEWAY,Intra-Region,Next Day,COD,CR016,Truck,2.65,2.87,2.87,368886,36915,24338,4,1,0,,44.0,24,0,0,,1,0,,0,,35.67,2.92,11.62,ST01_JKT_Central,Hub Bottleneck
SHPM004883,AWB260004883,2026-03-19 03:29:32.087913,2026-03-19 03:51:32.087913,2026-03-19 04:33:32.087913,,,,,,,,,2026-03-20 03:29:32.087913,Failed Pickup,Exception,SHP068,Shipper 068,Marketplace,East Java,ST12_Surabaya,HB03_SBY_GATEWAY,East Java,ST14_Kediri,HB03_SBY_GATEWAY,Intra-Region,Next Day,Prepaid,CR111,Van,0.27,0.26,0.27,502852,21215,19001,4,0,1,Shipper Closed,,24,0,0,,0,0,,0,,440.51,,,ST12_Surabaya,
SHPM004884,AWB260004884,2026-02-23 14:04:07.849624,2026-02-23 14:11:07.849624,2026-02-23 14:21:07.849624,2026-02-23 15:54:07.457864,2026-02-23 16:11:07.457864,2026-02-23 16:51:07.457864,2026-02-23 20:44:52.409133,2026-02-23 23:39:01.629589,2026-02-24 06:18:31.397364,2026-02-24 08:55:54.865867,2026-02-24 10:49:14.025528,2026-02-24 00:04:07.849624,Delivered,Closed,SHP053,Shipper 053,Marketplace,Jabodetabek,ST05_Tangerang,HB01_JKT_GATEWAY,Jabodetabek,ST04_Bekasi,HB01_JKT_GATEWAY,Intra-Region,Same Day,Prepaid,CR046,Van,2.89,4.67,4.67,1672216,48015,41859,2,1,0,,17.0,10,0,0,,1,0,,0,,20.75,3.9,6.66,ST04_Bekasi,Last Mile Delay
SHPM004885,AWB260004885,2026-03-07 15:57:47.692757,2026-03-07 16:32:47.692757,2026-03-07 16:40:47.692757,2026-03-07 18:07:57.360203,2026-03-07 18:26:57.360203,2026-03-07 20:00:57.360203,2026-03-08 00:05:45.272226,2026-03-08 09:32:35.354871,2026-03-08 22:20:03.788916,2026-03-09 07:17:00.054580,2026-03-09 08:22:46.811479,2026-03-08 07:57:47.692757,Delivered,Closed,SHP056,Shipper 056,Enterprise,Jabodetabek,ST03_JKT_East,HB01_JKT_GATEWAY,Outer Java,ST15_Medan,HB05_SUMATRA_GATEWAY,Inter-Region,Same Day,Prepaid,CR024,Truck,1.28,1.96,1.96,2106144,35820,31407,2,1,0,,19.0,16,0,0,,1,0,,0,,40.42,4.08,12.79,ST15_Medan,Hub Bottleneck
SHPM004886,AWB260004886,2026-03-23 01:11:49.808861,2026-03-23 01:18:49.808861,2026-03-23 01:35:49.808861,2026-03-23 02:38:41.576314,2026-03-23 02:50:41.576314,2026-03-23 03:14:41.576314,2026-03-23 05:02:59.626539,2026-03-23 07:53:28.911374,2026-03-23 18:06:00.419571,2026-03-23 19:40:27.913474,2026-03-23 22:23:15.124114,2026-03-24 01:11:49.808861,Delivered,Closed,SHP089,Shipper 089,Enterprise,Central Java,ST11_Yogyakarta,HB04_CTG_NATIONAL,Central Java,ST11_Yogyakarta,HB04_CTG_NATIONAL,Intra-Region,Next Day,Prepaid,CR105,Van,0.76,0.71,0.76,455328,23420,15869,4,1,0,,12.0,24,1,0,,1,0,,0,,21.19,1.81,10.21,ST11_Yogyakarta,
SHPM004887,AWB260004887,2026-03-18 04:50:20.058114,2026-03-18 05:04:20.058114,2026-03-18 06:09:20.058114,2026-03-18 18:02:53.823609,2026-03-18 19:08:53.823609,2026-03-18 20:25:53.823609,2026-03-19 01:12:40.043366,2026-03-19 04:03:57.211996,2026-03-19 08:53:01.438593,2026-03-20 02:29:06.651444,2026-03-20 18:37:35.196983,2026-03-21 04:50:20.058114,Delivered,Closed,SHP010,Shipper 010,Enterprise,East Java,ST12_Surabaya,HB03_SBY_GATEWAY,Jabodetabek,ST04_Bekasi,HB01_JKT_GATEWAY,Inter-Region,Regular,COD,CR113,Bike,1.97,1.91,1.97,1554104,24865,21314,8,0,0,,66.0,72,1,0,,1,0,,0,,61.79,4.78,4.82,ST04_Bekasi,
SHPM004888,AWB260004888,2026-02-23 00:06:31.132483,2026-02-23 00:36:31.132483,2026-02-23 01:23:31.132483,2026-02-23 03:43:47.940874,2026-02-23 04:21:47.940874,2026-02-23 06:12:47.940874,2026-02-23 09:39:28.604325,2026-02-23 11:40:46.672903,2026-02-24 17:12:09.712239,2026-02-26 08:30:26.656181,2026-02-26 10:42:28.118011,2026-02-24 12:06:31.132483,Delivered,Closed,SHP090,Shipper 090,Enterprise,East Java,ST14_Kediri,HB03_SBY_GATEWAY,Jabodetabek,ST02_JKT_West,HB01_JKT_GATEWAY,Inter-Region,Next Day,Prepaid,CR133,Van,1.63,1.49,1.63,2269469,27335,17731,4,1,0,,38.0,36,0,0,,1,1,Weather Delay,0,,82.6,3.44,29.52,ST02_JKT_West,Hub Bottleneck
SHPM004889,AWB260004889,2026-03-09 13:08:44.735271,2026-03-09 13:28:44.735271,2026-03-09 13:50:44.735271,2026-03-09 17:38:59.063822,2026-03-09 18:21:59.063822,2026-03-09 19:04:59.063822,2026-03-09 21:46:28.085930,2026-03-10 07:24:01.749300,2026-03-10 10:45:42.343318,2026-03-10 19:31:45.256008,,2026-03-11 01:08:44.735271,Delivery Exception,Exception,SHP076,Shipper 076,Enterprise,West Java,ST06_Bandung,HB01_JKT_GATEWAY,Outer Java,ST16_Palembang,HB05_SUMATRA_GATEWAY,Inter-Region,Next Day,COD,CR063,Bike,1.05,1.13,1.13,1382256,29085,24227,4,0,0,,43.0,36,0,1,Cash Issue,3,0,,0,,670.85,2.69,3.36,ST16_Palembang,Delivery Exception
SHPM004890,AWB260004890,2026-04-01 05:19:19.781527,2026-04-01 05:41:19.781527,2026-04-01 06:17:19.781527,2026-04-01 06:53:54.354033,2026-04-01 07:34:54.354033,2026-04-01 08:18:54.354033,2026-04-01 13:08:16.814733,2026-04-01 16:53:03.752794,2026-04-02 04:20:44.675945,2026-04-02 20:27:02.552155,2026-04-03 02:39:21.241456,2026-04-02 17:19:19.781527,Delivered,Closed,SHP006,Shipper 006,Marketplace,East Java,ST14_Kediri,HB03_SBY_GATEWAY,Jabodetabek,ST02_JKT_West,HB01_JKT_GATEWAY,Inter-Region,Next Day,Prepaid,CR127,Bike,0.8,0.92,0.92,523197,24140,13312,4,1,0,,41.0,36,0,0,,1,0,,0,,45.33,4.82,11.46,ST02_JKT_West,Hub Bottleneck
SHPM004891,AWB260004891,2026-03-09 18:13:02.785191,2026-03-09 18:34:02.785191,2026-03-09 19:02:02.785191,,,,,,,,,2026-03-12 18:13:02.785191,Failed Pickup,Exception,SHP084,Shipper 084,Enterprise,Central Java,ST10_Solo,HB04_CTG_NATIONAL,Outer Java,ST15_Medan,HB05_SUMATRA_GATEWAY,Inter-Region,Regular,Prepaid,CR097,Van,2.79,3.74,3.74,344069,28830,16566,8,0,1,Shipper Not Ready,,72,0,0,,0,0,,0,,665.78,,,ST10_Solo,
SHPM004892,AWB260004892,2026-02-23 10:23:34.004815,2026-02-23 10:47:34.004815,2026-02-23 10:52:34.004815,2026-02-23 14:34:42.609132,2026-02-23 15:39:42.609132,2026-02-23 17:34:42.609132,2026-02-23 22:41:08.461944,2026-02-24 06:13:45.710420,2026-02-24 12:45:41.253397,2026-02-24 22:55:24.536677,2026-02-25 08:23:34.930846,2026-02-24 22:23:34.004815,Delivered,Closed,SHP025,Shipper 025,Marketplace,East Java,ST13_Malang,HB03_SBY_GATEWAY,Jabodetabek,ST02_JKT_West,HB01_JKT_GATEWAY,Inter-Region,Next Day,Prepaid,CR116,Bike,1.41,1.75,1.75,462318,27875,20154,4,1,0,,65.0,36,0,0,,1,0,,0,,46.0,5.11,6.53,ST02_JKT_West,Last Mile Delay
SHPM004893,AWB260004893,2026-02-28 22:03:29.365396,2026-02-28 22:30:29.365396,2026-02-28 22:57:29.365396,2026-03-01 00:42:37.584111,2026-03-01 01:43:37.584111,2026-03-01 02:14:37.584111,2026-03-01 03:17:59.538241,2026-03-01 06:49:23.545257,2026-03-01 10:49:54.361009,2026-03-02 01:49:01.807487,2026-03-02 12:21:04.828766,2026-03-02 10:03:29.365396,Delivered,Closed,SHP005,Shipper 005,Enterprise,Central Java,ST09_Semarang,HB04_CTG_NATIONAL,Jabodetabek,ST02_JKT_West,HB01_JKT_GATEWAY,Inter-Region,Next Day,Prepaid,CR084,Van,3.31,3.33,3.33,426982,34985,27161,4,1,0,,61.0,36,0,0,,1,0,,0,,38.29,1.06,4.01,ST02_JKT_West,Last Mile Delay
SHPM004894,AWB260004894,2026-03-05 11:21:13.591048,2026-03-05 11:55:13.591048,2026-03-05 12:13:13.591048,2026-03-05 15:16:19.507158,2026-03-05 15:24:19.507158,2026-03-05 16:34:19.507158,2026-03-05 22:28:53.699143,2026-03-06 02:31:41.169189,2026-03-06 15:35:39.905988,2026-03-06 23:34:04.221722,2026-03-07 07:32:24.255294,2026-03-06 23:21:13.591048,Delivered,Closed,SHP095,Shipper 095,Enterprise,Central Java,ST11_Yogyakarta,HB04_CTG_NATIONAL,Outer Java,ST20_Banjarmasin,HB06_EASTERN_GATEWAY,Inter-Region,Next Day,Prepaid,CR100,Bike,0.54,0.54,0.54,1343816,22430,20987,4,1,0,,8.0,36,0,0,,1,0,,0,,44.19,5.91,13.07,ST20_Banjarmasin,Hub Bottleneck
SHPM004895,AWB260004895,2026-03-28 19:56:38.732157,2026-03-28 20:31:38.732157,2026-03-28 21:05:38.732157,2026-03-28 21:33:01.530192,2026-03-28 22:47:01.530192,2026-03-28 23:56:01.530192,2026-03-29 01:11:44.931065,2026-03-29 08:44:45.813845,2026-03-29 19:26:21.912486,2026-03-31 20:56:37.986689,2026-04-01 03:53:58.287654,2026-03-30 07:56:38.732157,Delivered,Closed,SHP087,Shipper 087,Enterprise,Jabodetabek,ST02_JKT_West,HB01_JKT_GATEWAY,West Java,ST08_Bogor,HB01_JKT_GATEWAY,Inter-Region,Next Day,Prepaid,CR017,Bike,0.27,0.28,0.28,637593,21260,16864,4,1,0,,74.0,36,0,0,,1,1,Missed Cut-Off,0,,79.96,1.26,10.69,ST08_Bogor,Hub Bottleneck
SHPM004896,AWB260004896,2026-03-10 21:25:18.857694,2026-03-10 21:50:18.857694,2026-03-10 22:13:18.857694,2026-03-11 02:39:03.395846,2026-03-11 03:06:03.395846,2026-03-11 04:20:03.395846,2026-03-11 08:10:39.782812,2026-03-11 16:02:15.450052,2026-03-12 01:54:59.494977,2026-03-12 14:57:16.180606,,2026-03-13 21:25:18.857694,Delivery Exception,Exception,SHP029,Shipper 029,SME,Outer Java,ST18_Balikpapan,HB06_EASTERN_GATEWAY,Central Java,ST10_Solo,HB04_CTG_NATIONAL,Inter-Region,Regular,COD,CR163,Bike,1.01,1.59,1.59,377786,23155,18329,8,1,0,,27.0,72,0,1,Customer Reschedule,1,0,,0,,638.58,3.84,9.88,ST10_Solo,Delivery Exception
SHPM004897,AWB260004897,2026-03-19 21:24:19.076811,2026-03-19 22:04:19.076811,2026-03-19 22:44:19.076811,2026-03-20 00:56:18.015533,2026-03-20 01:32:18.015533,2026-03-20 02:01:18.015533,2026-03-20 03:50:45.861748,2026-03-20 09:18:17.355248,2026-03-21 00:06:12.812677,2026-03-21 15:29:07.497066,2026-03-22 08:38:08.867826,2026-03-21 09:24:19.076811,Delivered,Closed,SHP089,Shipper 089,Enterprise,Central Java,ST11_Yogyakarta,HB04_CTG_NATIONAL,Outer Java,ST20_Banjarmasin,HB06_EASTERN_GATEWAY,Inter-Region,Next Day,Prepaid,CR101,Bike,0.71,0.7,0.71,409421,23195,19356,4,1,0,,36.0,36,0,0,,1,0,,0,,59.23,1.82,14.8,ST20_Banjarmasin,Hub Bottleneck
SHPM004898,AWB260004898,2026-03-03 07:09:42.945461,2026-03-03 07:24:42.945461,2026-03-03 08:00:42.945461,2026-03-03 13:16:29.698700,2026-03-03 13:35:29.698700,2026-03-03 14:57:29.698700,2026-03-03 20:48:44.802281,2026-03-04 03:58:16.941773,2026-03-05 00:09:21.359702,2026-03-05 07:04:57.236529,2026-03-06 06:07:51.055339,2026-03-06 07:09:42.945461,Delivered,Closed,SHP049,Shipper 049,Enterprise,Jabodetabek,ST05_Tangerang,HB01_JKT_GATEWAY,Outer Java,ST18_Balikpapan,HB06_EASTERN_GATEWAY,Inter-Region,Regular,Prepaid,CR049,Bike,0.79,0.74,0.79,1601315,15555,13909,8,1,0,,19.0,72,1,0,,1,0,,0,,70.97,5.85,20.18,ST18_Balikpapan,
SHPM004899,AWB260004899,2026-03-01 07:51:57.935424,2026-03-01 08:31:57.935424,2026-03-01 09:12:57.935424,2026-03-01 13:05:46.743411,2026-03-01 13:20:46.743411,2026-03-01 14:36:46.743411,2026-03-01 15:39:29.419899,2026-03-01 19:50:40.371257,2026-03-02 00:11:23.713635,2026-03-02 15:59:02.155143,2026-03-03 01:54:31.888588,2026-03-02 19:51:57.935424,Delivered,Closed,SHP088,Shipper 088,SME,Outer Java,ST19_Denpasar,HB06_EASTERN_GATEWAY,West Java,ST06_Bandung,HB01_JKT_GATEWAY,Inter-Region,Next Day,Prepaid,CR176,Bike,1.24,1.35,1.35,2647458,26075,20109,4,0,0,,15.0,36,0,0,,1,0,,0,,42.04,1.05,4.35,ST06_Bandung,First Mile Delay
SHPM004900,AWB260004900,2026-03-30 20:11:58.389409,2026-03-30 20:48:58.389409,2026-03-30 21:27:58.389409,2026-03-31 01:30:24.073345,2026-03-31 01:45:24.073345,2026-03-31 02:38:24.073345,2026-03-31 04:59:07.370967,2026-03-31 06:38:49.898806,2026-03-31 18:20:10.523265,2026-03-31 20:58:26.278485,2026-04-01 00:40:10.144361,2026-03-31 20:11:58.389409,Delivered,Closed,SHP062,Shipper 062,Enterprise,Jabodetabek,ST04_Bekasi,HB01_JKT_GATEWAY,Jabodetabek,ST05_Tangerang,HB01_JKT_GATEWAY,Intra-Region,Next Day,COD,CR035,Bike,0.43,0.49,0.49,369514,26205,18291,4,0,0,,15.0,24,0,0,,1,0,,0,,28.47,2.35,11.69,ST05_Tangerang,First Mile Delay
SHPM004901,AWB260004901,2026-03-10 23:40:03.886790,2026-03-11 00:16:03.886790,2026-03-11 00:47:03.886790,2026-03-11 08:46:20.138857,2026-03-11 09:27:20.138857,2026-03-11 10:23:20.138857,2026-03-11 11:28:35.286629,2026-03-11 15:22:41.364674,2026-03-12 10:56:23.900521,2026-03-13 01:00:06.673591,2026-03-13 16:31:02.184754,2026-03-13 23:40:03.886790,Delivered,Closed,SHP046,Shipper 046,SME,East Java,ST14_Kediri,HB03_SBY_GATEWAY,Jabodetabek,ST04_Bekasi,HB01_JKT_GATEWAY,Inter-Region,Regular,Prepaid,CR134,Van,1.4,1.36,1.4,1589526,18300,17043,8,0,0,,41.0,72,1,0,,1,0,,0,,64.85,1.09,19.56,ST04_Bekasi,
SHPM004902,AWB260004902,2026-03-18 06:48:12.784727,2026-03-18 07:01:12.784727,2026-03-18 07:29:12.784727,2026-03-18 11:24:33.759369,2026-03-18 12:03:33.759369,2026-03-18 13:53:33.759369,2026-03-18 16:04:51.806643,2026-03-18 20:11:55.760619,2026-03-18 22:49:10.045001,2026-03-19 03:43:07.317787,2026-03-19 08:37:16.399643,2026-03-20 06:48:12.784727,Delivered,Closed,SHP035,Shipper 035,Enterprise,Jabodetabek,ST04_Bekasi,HB01_JKT_GATEWAY,Jabodetabek,ST01_JKT_Central,HB01_JKT_GATEWAY,Intra-Region,Regular,COD,CR036,Bike,2.14,2.94,2.94,499205,29230,19664,8,1,0,,39.0,48,1,0,,1,0,,0,,25.82,2.19,2.62,ST01_JKT_Central,
SHPM004903,AWB260004903,2026-03-31 03:54:25.495261,2026-03-31 04:21:25.495261,2026-03-31 04:59:25.495261,2026-03-31 06:36:53.086610,2026-03-31 07:25:53.086610,2026-03-31 09:02:53.086610,2026-03-31 12:58:07.847548,2026-03-31 21:15:32.449892,2026-04-01 02:01:59.591156,2026-04-02 12:12:51.754077,2026-04-02 18:30:17.258545,2026-04-01 15:54:25.495261,Delivered,Closed,SHP082,Shipper 082,SME,Outer Java,ST19_Denpasar,HB06_EASTERN_GATEWAY,West Java,ST06_Bandung,HB01_JKT_GATEWAY,Inter-Region,Next Day,Prepaid,CR181,Bike,2.46,2.3,2.46,1677511,31070,17120,4,1,0,,49.0,36,0,0,,1,1,Invalid Address,0,,62.6,3.92,4.77,ST06_Bandung,Last Mile Delay
SHPM004904,AWB260004904,2026-02-28 10:15:22.507432,2026-02-28 11:00:22.507432,2026-02-28 11:18:22.507432,2026-02-28 18:53:55.023204,2026-02-28 19:47:55.023204,2026-02-28 20:42:55.023204,2026-02-28 21:48:15.648601,2026-02-28 23:40:13.087848,2026-03-01 07:23:56.664761,2026-03-01 09:34:48.231533,,2026-03-02 10:15:22.507432,Delivery Exception,Exception,SHP049,Shipper 049,Enterprise,Jabodetabek,ST05_Tangerang,HB01_JKT_GATEWAY,Jabodetabek,ST03_JKT_East,HB01_JKT_GATEWAY,Intra-Region,Regular,Prepaid,CR050,Van,1.02,1.09,1.09,2208657,16905,14228,8,1,0,,54.0,48,0,1,Remote Area Delay,3,0,,0,,889.74,1.09,7.73,ST03_JKT_East,Delivery Exception
SHPM004905,AWB260004905,2026-03-03 01:26:43.711128,2026-03-03 01:56:43.711128,2026-03-03 02:21:43.711128,2026-03-03 06:13:27.577248,2026-03-03 07:05:27.577248,2026-03-03 09:03:27.577248,2026-03-03 13:08:45.708623,2026-03-03 16:22:51.264291,2026-03-03 19:08:52.128461,2026-03-04 08:01:29.346320,2026-03-04 11:47:00.093173,2026-03-04 13:26:43.711128,Delivered,Closed,SHP099,Shipper 099,SME,West Java,ST08_Bogor,HB01_JKT_GATEWAY,Jabodetabek,ST04_Bekasi,HB01_JKT_GATEWAY,Inter-Region,Next Day,COD,CR078,Bike,1.12,1.2,1.2,913013,29400,24075,4,0,0,,52.0,36,1,0,,1,0,,0,,34.34,4.09,2.77,ST04_Bekasi,
SHPM004906,AWB260004906,2026-03-18 14:29:09.394822,2026-03-18 14:53:09.394822,2026-03-18 15:28:09.394822,2026-03-18 19:07:55.776413,2026-03-18 19:44:55.776413,2026-03-18 21:28:55.776413,2026-03-19 02:53:01.837480,2026-03-19 05:29:13.173214,2026-03-19 10:49:27.632273,2026-03-20 00:13:41.030351,2026-03-20 13:16:29.241928,2026-03-20 02:29:09.394822,Delivered,Closed,SHP090,Shipper 090,Enterprise,East Java,ST14_Kediri,HB03_SBY_GATEWAY,Outer Java,ST16_Palembang,HB05_SUMATRA_GATEWAY,Inter-Region,Next Day,Prepaid,CR135,Bike,1.46,1.57,1.57,261320,27065,16733,4,0,0,,37.0,36,0,0,,1,0,,0,,46.79,5.4,5.34,ST16_Palembang,First Mile Delay
SHPM004907,AWB260004907,2026-02-16 00:48:47.813729,2026-02-16 01:10:47.813729,2026-02-16 02:15:47.813729,2026-02-16 03:24:43.837045,2026-02-16 04:11:43.837045,2026-02-16 04:57:43.837045,2026-02-16 06:43:31.768901,2026-02-16 12:53:19.099102,2026-02-17 01:52:11.810483,2026-02-17 11:12:18.843976,2026-02-18 00:15:15.177459,2026-02-19 00:48:47.813729,Delivered,Closed,SHP090,Shipper 090,Enterprise,East Java,ST14_Kediri,HB03_SBY_GATEWAY,West Java,ST08_Bogor,HB01_JKT_GATEWAY,Inter-Region,Regular,Prepaid,CR127,Bike,1.52,1.59,1.59,1234058,19155,15517,8,1,0,,47.0,72,1,0,,1,0,,0,,47.44,1.76,12.98,ST08_Bogor,
SHPM004908,AWB260004908,2026-03-07 05:44:23.524294,2026-03-07 06:23:23.524294,2026-03-07 07:07:23.524294,2026-03-07 13:05:43.600288,2026-03-07 13:25:43.600288,2026-03-07 15:07:43.600288,2026-03-07 19:49:56.317533,2026-03-08 03:03:12.842458,2026-03-08 18:51:46.987459,2026-03-09 07:27:34.895629,2026-03-09 22:08:17.970920,2026-03-10 05:44:23.524294,Delivered,Closed,SHP040,Shipper 040,Marketplace,West Java,ST08_Bogor,HB01_JKT_GATEWAY,Outer Java,ST16_Palembang,HB05_SUMATRA_GATEWAY,Inter-Region,Regular,Prepaid,CR077,Bike,1.66,1.5,1.66,990247,19470,14195,8,1,0,,20.0,72,1,0,,1,0,,0,,64.4,4.7,15.81,ST16_Palembang,
SHPM004909,AWB260004909,2026-03-09 00:41:38.864624,2026-03-09 00:53:38.864624,2026-03-09 01:26:38.864624,2026-03-09 05:09:52.309302,2026-03-09 05:50:52.309302,2026-03-09 06:14:52.309302,2026-03-09 08:49:56.739195,2026-03-09 16:07:37.987688,2026-03-10 00:22:58.880819,2026-03-10 13:23:27.986180,2026-03-10 22:24:22.277743,2026-03-12 00:41:38.864624,Delivered,Closed,SHP005,Shipper 005,Enterprise,Central Java,ST09_Semarang,HB04_CTG_NATIONAL,West Java,ST06_Bandung,HB01_JKT_GATEWAY,Inter-Region,Regular,Prepaid,CR085,Truck,2.65,2.82,2.82,313374,24690,13650,8,1,0,,41.0,72,1,0,,1,0,,0,,45.71,2.58,8.26,ST06_Bandung,
SHPM004910,AWB260004910,2026-03-16 08:04:33.725678,2026-03-16 08:27:33.725678,2026-03-16 08:55:33.725678,2026-03-16 10:14:36.938963,2026-03-16 11:13:36.938963,2026-03-16 13:11:36.938963,2026-03-16 17:10:58.262237,2026-03-17 00:30:59.342607,2026-03-17 12:24:16.813531,2026-03-17 18:09:40.553627,2026-03-17 21:21:42.159812,2026-03-17 00:04:33.725678,Delivered,Closed,SHP014,Shipper 014,Enterprise,Jabodetabek,ST04_Bekasi,HB01_JKT_GATEWAY,East Java,ST14_Kediri,HB03_SBY_GATEWAY,Inter-Region,Same Day,COD,CR041,Bike,0.74,0.75,0.75,419220,34375,23700,2,1,0,,59.0,16,0,0,,1,0,,0,,37.29,3.99,11.89,ST14_Kediri,Hub Bottleneck
SHPM004911,AWB260004911,2026-03-02 09:28:50.349061,2026-03-02 09:33:50.349061,2026-03-02 10:12:50.349061,2026-03-02 16:02:31.491809,2026-03-02 16:47:31.491809,2026-03-02 18:19:31.491809,2026-03-02 21:38:29.569315,2026-03-03 04:14:38.624336,2026-03-03 13:05:02.743807,2026-03-03 21:59:42.653077,2026-03-04 06:36:31.154529,2026-03-05 09:28:50.349061,Delivered,Closed,SHP005,Shipper 005,Enterprise,Central Java,ST09_Semarang,HB04_CTG_NATIONAL,Jabodetabek,ST01_JKT_Central,HB01_JKT_GATEWAY,Inter-Region,Regular,Prepaid,CR087,Truck,0.9,0.92,0.92,511565,16140,11212,8,1,0,,45.0,72,1,0,,1,0,,0,,45.13,3.32,8.84,ST01_JKT_Central,
SHPM004912,AWB260004912,2026-03-29 23:37:08.060287,2026-03-29 23:42:08.060287,2026-03-30 00:09:08.060287,2026-03-30 05:50:25.834031,2026-03-30 06:48:25.834031,2026-03-30 08:02:25.834031,2026-03-30 13:19:52.857093,2026-03-30 19:29:55.322419,2026-03-30 23:43:43.908901,2026-03-31 13:59:49.428694,2026-03-31 21:16:14.444831,2026-04-01 23:37:08.060287,Delivered,Closed,SHP092,Shipper 092,Marketplace,Jabodetabek,ST03_JKT_East,HB01_JKT_GATEWAY,West Java,ST06_Bandung,HB01_JKT_GATEWAY,Inter-Region,Regular,Prepaid,CR020,Truck,1.58,1.56,1.58,1680466,19110,17561,8,1,0,,58.0,72,1,0,,1,0,,0,,45.65,5.29,4.23,ST06_Bandung,
SHPM004913,AWB260004913,2026-03-09 01:00:19.451758,2026-03-09 01:15:19.451758,2026-03-09 01:33:19.451758,2026-03-09 05:02:56.793883,2026-03-09 05:16:56.793883,2026-03-09 06:24:56.793883,2026-03-09 11:09:48.138120,2026-03-09 17:41:10.339885,2026-03-10 00:08:11.718818,2026-03-10 16:25:37.497883,2026-03-10 23:36:01.297453,2026-03-10 13:00:19.451758,Delivered,Closed,SHP050,Shipper 050,Marketplace,Jabodetabek,ST04_Bekasi,HB01_JKT_GATEWAY,Central Java,ST11_Yogyakarta,HB04_CTG_NATIONAL,Inter-Region,Next Day,Prepaid,CR042,Bike,4.03,3.86,4.03,418200,38135,30283,4,1,0,,14.0,36,0,0,,1,0,,0,,46.59,4.75,6.45,ST11_Yogyakarta,Last Mile Delay
SHPM004914,AWB260004914,2026-02-28 12:35:09.397706,2026-02-28 13:09:09.397706,2026-02-28 13:38:09.397706,2026-02-28 16:59:32.329902,2026-02-28 17:11:32.329902,2026-02-28 17:48:32.329902,2026-02-28 21:46:45.798192,2026-03-01 02:34:42.467382,2026-03-01 07:31:14.562086,2026-03-01 13:15:50.193989,2026-03-02 02:13:11.811705,2026-03-03 12:35:09.397706,Delivered,Closed,SHP076,Shipper 076,Enterprise,West Java,ST06_Bandung,HB01_JKT_GATEWAY,East Java,ST13_Malang,HB03_SBY_GATEWAY,Inter-Region,Regular,Prepaid,CR059,Bike,1.3,1.28,1.3,428511,17850,16686,8,1,0,,12.0,72,1,0,,1,0,,0,,37.63,3.97,4.94,ST13_Malang,
SHPM004915,AWB260004915,2026-03-20 16:34:15.451446,2026-03-20 17:02:15.451446,2026-03-20 18:10:15.451446,2026-03-20 20:42:39.990090,2026-03-20 22:12:39.990090,2026-03-20 23:48:39.990090,2026-03-21 04:45:33.590266,2026-03-21 13:00:50.764382,2026-03-21 23:12:03.881552,2026-03-22 09:16:38.919615,2026-03-22 15:16:24.764594,2026-03-23 16:34:15.451446,Delivered,Closed,SHP066,Shipper 066,Marketplace,West Java,ST07_Cirebon,HB02_BDG_TRANSIT,East Java,ST12_Surabaya,HB03_SBY_GATEWAY,Inter-Region,Regular,Prepaid,CR074,Van,1.33,1.7,1.7,1796992,19650,11864,8,1,0,,90.0,72,1,0,,1,0,,0,,46.7,4.95,10.19,ST12_Surabaya,
SHPM004916,AWB260004916,2026-04-01 11:13:29.686153,2026-04-01 11:40:29.686153,2026-04-01 12:34:29.686153,2026-04-01 21:06:00.618498,2026-04-01 22:04:00.618498,2026-04-01 23:47:00.618498,2026-04-02 07:01:56.335912,2026-04-02 16:13:12.314706,2026-04-03 01:37:50.385641,2026-04-03 11:31:21.216456,2026-04-03 22:10:43.788274,2026-04-02 23:13:29.686153,Delivered,Closed,SHP060,Shipper 060,Enterprise,East Java,ST12_Surabaya,HB03_SBY_GATEWAY,Outer Java,ST15_Medan,HB05_SUMATRA_GATEWAY,Inter-Region,Next Day,Prepaid,CR109,Bike,0.34,0.32,0.34,1815206,21530,17326,4,0,0,,58.0,36,0,0,,1,0,,0,,58.95,7.25,9.41,ST15_Medan,First Mile Delay
SHPM004917,AWB260004917,2026-03-29 12:00:45.280406,2026-03-29 12:30:45.280406,2026-03-29 12:43:45.280406,2026-03-29 14:08:06.835617,2026-03-29 14:55:06.835617,2026-03-29 16:37:06.835617,2026-03-29 22:08:12.421988,2026-03-30 00:40:57.211076,2026-03-30 04:32:34.492039,2026-03-30 11:41:51.098969,2026-03-30 16:33:10.917749,2026-03-30 04:00:45.280406,Delivered,Closed,SHP014,Shipper 014,Enterprise,Jabodetabek,ST05_Tangerang,HB01_JKT_GATEWAY,West Java,ST08_Bogor,HB01_JKT_GATEWAY,Inter-Region,Same Day,Prepaid,CR049,Bike,1.03,1.75,1.75,2349111,34875,30819,2,1,0,,47.0,16,0,0,,1,0,,0,,28.54,5.52,3.86,ST08_Bogor,Last Mile Delay
SHPM004918,AWB260004918,2026-02-19 05:15:01.579962,2026-02-19 05:59:01.579962,2026-02-19 06:31:01.579962,2026-02-19 13:39:18.812232,2026-02-19 14:43:18.812232,2026-02-19 15:40:18.812232,2026-02-19 18:09:19.148681,2026-02-19 20:33:55.797704,2026-02-20 06:35:46.841665,2026-02-20 09:18:11.604765,2026-02-20 19:21:40.959426,2026-02-21 05:15:01.579962,Delivered,Closed,SHP087,Shipper 087,Enterprise,Jabodetabek,ST02_JKT_West,HB01_JKT_GATEWAY,Jabodetabek,ST05_Tangerang,HB01_JKT_GATEWAY,Intra-Region,Regular,Prepaid,CR012,Bike,1.32,1.35,1.35,1423694,18075,10360,8,1,0,,64.0,48,1,0,,1,0,,0,,38.11,2.48,10.03,ST05_Tangerang,
SHPM004919,AWB260004919,2026-02-25 10:58:21.334789,2026-02-25 11:43:21.334789,2026-02-25 11:53:21.334789,2026-02-25 12:25:34.827267,2026-02-25 13:13:34.827267,2026-02-25 14:26:34.827267,2026-02-25 18:16:34.697183,2026-02-26 03:49:01.081643,2026-02-27 04:23:40.562318,2026-02-27 10:43:28.348475,2026-02-27 15:06:37.308408,2026-02-26 02:58:21.334789,Delivered,Closed,SHP067,Shipper 067,SME,East Java,ST14_Kediri,HB03_SBY_GATEWAY,Jabodetabek,ST05_Tangerang,HB01_JKT_GATEWAY,Inter-Region,Same Day,Prepaid,CR127,Truck,1.26,1.49,1.49,1094216,33705,22133,2,1,0,,48.0,16,0,0,,1,0,,0,,52.14,3.83,24.58,ST05_Tangerang,Hub Bottleneck
SHPM004920,AWB260004920,2026-02-19 13:41:57.511961,2026-02-19 13:53:57.511961,2026-02-19 14:27:57.511961,2026-02-19 22:18:08.606357,2026-02-19 22:57:08.606357,2026-02-20 00:22:08.606357,2026-02-20 03:14:44.075092,2026-02-20 06:53:44.136568,2026-02-20 17:34:56.613402,2026-02-21 09:31:36.348937,2026-02-21 17:59:12.436139,2026-02-22 13:41:57.511961,Delivered,Closed,SHP097,Shipper 097,SME,Jabodetabek,ST03_JKT_East,HB01_JKT_GATEWAY,Central Java,ST09_Semarang,HB04_CTG_NATIONAL,Inter-Region,Regular,Prepaid,CR030,Van,0.94,0.99,0.99,390002,16455,14784,8,0,0,,39.0,72,1,0,,1,0,,0,,52.29,2.88,10.69,ST09_Semarang,
SHPM004921,AWB260004921,2026-03-14 04:48:46.033847,2026-03-14 05:13:46.033847,2026-03-14 05:28:46.033847,2026-03-14 06:31:02.915753,2026-03-14 07:32:02.915753,2026-03-14 08:14:02.915753,2026-03-14 13:01:04.651060,2026-03-14 14:55:16.647125,2026-03-15 02:36:00.996756,2026-03-15 10:07:36.693028,2026-03-15 15:33:24.343829,2026-03-15 04:48:46.033847,Delivered,Closed,SHP014,Shipper 014,Enterprise,Jabodetabek,ST05_Tangerang,HB01_JKT_GATEWAY,Jabodetabek,ST03_JKT_East,HB01_JKT_GATEWAY,Intra-Region,Next Day,Prepaid,CR044,Bike,1.27,1.26,1.27,1899683,25715,24234,4,1,0,,61.0,24,0,0,,1,0,,0,,34.74,4.78,11.68,ST03_JKT_East,Hub Bottleneck
SHPM004922,AWB260004922,2026-03-14 09:07:42.687813,2026-03-14 09:29:42.687813,2026-03-14 10:26:42.687813,2026-03-14 14:41:39.338779,2026-03-14 16:17:39.338779,2026-03-14 16:36:39.338779,2026-03-14 23:05:43.107635,2026-03-15 01:54:09.734466,2026-03-15 04:54:53.580060,2026-03-15 19:11:14.605072,2026-03-15 22:54:31.648227,2026-03-15 21:07:42.687813,Delivered,Closed,SHP019,Shipper 019,Marketplace,West Java,ST07_Cirebon,HB02_BDG_TRANSIT,East Java,ST12_Surabaya,HB03_SBY_GATEWAY,Inter-Region,Next Day,COD,CR071,Van,2.03,3.07,3.07,166787,37815,35575,4,0,0,,96.0,36,0,0,,1,0,,0,,37.78,6.48,3.01,ST12_Surabaya,First Mile Delay
SHPM004923,AWB260004923,2026-04-01 13:00:20.153293,2026-04-01 13:13:20.153293,2026-04-01 13:52:20.153293,2026-04-01 19:29:57.570118,2026-04-01 20:12:57.570118,2026-04-01 21:15:57.570118,2026-04-02 02:55:50.571162,2026-04-02 12:27:14.154095,2026-04-02 21:20:57.012270,2026-04-03 06:02:48.202245,2026-04-03 15:39:51.482477,2026-04-04 13:00:20.153293,Delivered,Closed,SHP056,Shipper 056,Enterprise,Jabodetabek,ST03_JKT_East,HB01_JKT_GATEWAY,West Java,ST08_Bogor,HB01_JKT_GATEWAY,Inter-Region,Regular,Prepaid,CR024,Bike,0.54,0.69,0.69,2639446,15105,10919,8,1,0,,43.0,72,1,0,,1,0,,0,,50.66,5.66,8.9,ST08_Bogor,
SHPM004924,AWB260004924,2026-02-19 17:35:12.599626,2026-02-19 18:12:12.599626,2026-02-19 18:32:12.599626,2026-02-19 20:18:22.080089,2026-02-19 20:55:22.080089,2026-02-19 22:05:22.080089,2026-02-20 03:46:58.531287,2026-02-20 08:41:49.447754,2026-02-20 16:45:38.354443,2026-02-21 09:30:02.563505,2026-02-21 12:56:07.377824,2026-02-21 05:35:12.599626,Delivered,Closed,SHP065,Shipper 065,Marketplace,Jabodetabek,ST01_JKT_Central,HB01_JKT_GATEWAY,West Java,ST07_Cirebon,HB02_BDG_TRANSIT,Inter-Region,Next Day,Prepaid,CR003,Bike,1.9,2.11,2.11,1917641,29495,19644,4,1,0,,37.0,36,0,0,,1,0,,0,,43.35,5.69,8.06,ST07_Cirebon,Last Mile Delay
SHPM004925,AWB260004925,2026-02-20 21:56:51.472714,2026-02-20 22:11:51.472714,2026-02-20 22:45:51.472714,2026-02-21 03:30:18.309690,2026-02-21 04:19:18.309690,2026-02-21 04:35:18.309690,2026-02-21 09:46:37.974891,2026-02-21 17:29:29.550714,2026-02-21 20:10:12.843629,2026-02-22 07:44:27.306017,2026-02-22 15:09:54.984507,2026-02-23 21:56:51.472714,Delivered,Closed,SHP065,Shipper 065,Marketplace,Jabodetabek,ST01_JKT_Central,HB01_JKT_GATEWAY,Outer Java,ST17_Makassar,HB06_EASTERN_GATEWAY,Inter-Region,Regular,Prepaid,CR010,Van,0.59,0.58,0.59,920342,14655,8936,8,1,0,,49.0,72,1,0,,1,0,,0,,41.22,5.19,2.68,ST17_Makassar,
SHPM004926,AWB260004926,2026-02-28 18:15:39.301433,2026-02-28 18:22:39.301433,2026-02-28 19:20:39.301433,2026-02-28 23:58:02.491846,2026-03-01 00:24:02.491846,2026-03-01 01:25:02.491846,2026-03-01 05:00:56.344235,2026-03-01 14:46:42.786685,2026-03-02 05:30:08.446031,2026-03-02 17:11:29.703793,2026-03-03 07:59:22.081934,2026-03-03 18:15:39.301433,Delivered,Closed,SHP031,Shipper 031,SME,East Java,ST13_Malang,HB03_SBY_GATEWAY,Jabodetabek,ST02_JKT_West,HB01_JKT_GATEWAY,Inter-Region,Regular,COD,CR122,Van,1.79,2.21,2.21,381859,25945,19510,8,1,0,,26.0,72,1,0,,1,0,,0,,61.73,3.6,14.72,ST02_JKT_West,
SHPM004927,AWB260004927,2026-02-16 14:42:10.023607,2026-02-16 15:18:10.023607,2026-02-16 15:35:10.023607,2026-02-16 16:01:48.803045,2026-02-16 16:34:48.803045,2026-02-16 17:43:48.803045,2026-02-16 21:33:08.042412,2026-02-16 23:34:11.476234,2026-02-17 08:52:09.994982,2026-02-17 19:11:35.556699,2026-02-17 21:38:36.584312,2026-02-17 06:42:10.023607,Delivered,Closed,SHP013,Shipper 013,SME,Jabodetabek,ST04_Bekasi,HB01_JKT_GATEWAY,Outer Java,ST16_Palembang,HB05_SUMATRA_GATEWAY,Inter-Region,Same Day,COD,CR043,Bike,1.37,1.38,1.38,1528362,37210,24887,2,1,0,,33.0,16,0,0,,1,0,,0,,30.94,3.82,9.3,ST16_Palembang,Remote Area
SHPM004928,AWB260004928,2026-03-18 23:22:27.575077,2026-03-18 23:47:27.575077,2026-03-19 00:33:27.575077,2026-03-19 02:20:58.481787,2026-03-19 02:47:58.481787,2026-03-19 03:12:58.481787,2026-03-19 09:12:43.806339,2026-03-19 14:23:31.874013,2026-03-19 21:56:33.713306,2026-03-20 13:41:50.822565,2026-03-20 21:24:08.942515,2026-03-21 23:22:27.575077,Delivered,Closed,SHP038,Shipper 038,Marketplace,Jabodetabek,ST05_Tangerang,HB01_JKT_GATEWAY,East Java,ST12_Surabaya,HB03_SBY_GATEWAY,Inter-Region,Regular,Prepaid,CR053,Van,3.59,4.04,4.04,1199598,30180,22674,8,1,0,,27.0,72,1,0,,1,0,,0,,46.03,6.0,7.55,ST12_Surabaya,
SHPM004929,AWB260004929,2026-03-27 22:20:08.418621,2026-03-27 23:04:08.418621,2026-03-27 23:36:08.418621,2026-03-28 06:59:31.287512,2026-03-28 07:07:31.287512,2026-03-28 08:25:31.287512,2026-03-28 14:14:52.729307,2026-03-28 19:27:09.563517,2026-03-29 03:04:43.226135,2026-03-29 12:54:17.967865,2026-03-30 08:24:06.985050,2026-03-30 22:20:08.418621,Delivered,Closed,SHP062,Shipper 062,Enterprise,Jabodetabek,ST04_Bekasi,HB01_JKT_GATEWAY,Outer Java,ST18_Balikpapan,HB06_EASTERN_GATEWAY,Inter-Region,Regular,Prepaid,CR034,Bike,0.91,1.0,1.0,1153204,16500,10835,8,1,0,,8.0,72,1,0,,1,0,,0,,58.07,5.82,7.63,ST18_Balikpapan,
SHPM004930,AWB260004930,2026-02-19 01:15:34.185779,2026-02-19 01:31:34.185779,2026-02-19 02:04:34.185779,2026-02-19 03:01:14.188168,2026-02-19 03:50:14.188168,2026-02-19 04:10:14.188168,2026-02-19 07:57:37.466627,2026-02-19 14:00:27.362377,2026-02-20 00:54:02.396956,2026-02-20 15:35:03.156976,,2026-02-19 17:15:34.185779,Damaged,Exception,SHP026,Shipper 026,Marketplace,Outer Java,ST18_Balikpapan,HB06_EASTERN_GATEWAY,Jabodetabek,ST05_Tangerang,HB01_JKT_GATEWAY,Inter-Region,Same Day,Prepaid,CR164,Bike,2.44,2.2,2.44,1188252,37980,35678,2,1,0,,49.0,16,0,0,,1,1,Damaged,0,,1114.74,3.79,10.89,HB06_EASTERN_GATEWAY,
SHPM004931,AWB260004931,2026-03-02 12:36:03.304579,2026-03-02 12:44:03.304579,2026-03-02 13:27:03.304579,2026-03-02 13:48:51.213353,2026-03-02 14:49:51.213353,2026-03-02 15:38:51.213353,2026-03-02 21:37:18.238128,2026-03-03 06:07:27.638584,2026-03-03 10:14:24.264754,2026-03-03 15:42:40.436066,2026-03-04 01:28:55.432067,2026-03-04 00:36:03.304579,Delivered,Closed,SHP071,Shipper 071,Enterprise,Jabodetabek,ST04_Bekasi,HB01_JKT_GATEWAY,West Java,ST06_Bandung,HB01_JKT_GATEWAY,Inter-Region,Next Day,Prepaid,CR042,Truck,2.72,2.64,2.72,1439654,32240,18509,4,1,0,,61.0,36,0,0,,1,0,,0,,36.88,5.97,4.12,ST06_Bandung,Last Mile Delay
SHPM004932,AWB260004932,2026-03-05 05:17:17.260415,2026-03-05 05:31:17.260415,2026-03-05 06:04:17.260415,2026-03-05 06:20:44.296226,2026-03-05 07:14:44.296226,2026-03-05 08:38:44.296226,2026-03-05 10:36:23.604822,2026-03-05 15:37:16.299088,2026-03-06 00:33:42.673065,2026-03-06 09:58:51.945381,2026-03-06 13:16:47.384506,2026-03-05 21:17:17.260415,Delivered,Closed,SHP090,Shipper 090,Enterprise,East Java,ST14_Kediri,HB03_SBY_GATEWAY,West Java,ST07_Cirebon,HB02_BDG_TRANSIT,Inter-Region,Same Day,Prepaid,CR134,Bike,1.5,1.68,1.68,294564,34560,21293,2,1,0,,54.0,16,0,0,,1,0,,0,,31.99,1.96,8.94,ST07_Cirebon,Last Mile Delay
SHPM004933,AWB260004933,2026-03-17 10:27:14.226015,2026-03-17 11:01:14.226015,2026-03-17 11:33:14.226015,2026-03-17 13:22:02.152769,2026-03-17 14:02:02.152769,2026-03-17 15:27:02.152769,2026-03-17 16:30:49.627779,2026-03-18 01:11:02.345188,2026-03-19 01:53:25.613708,2026-03-19 12:32:07.266674,2026-03-19 13:57:13.557875,2026-03-18 02:27:14.226015,Delivered,Closed,SHP010,Shipper 010,Enterprise,East Java,ST14_Kediri,HB03_SBY_GATEWAY,Outer Java,ST16_Palembang,HB05_SUMATRA_GATEWAY,Inter-Region,Same Day,COD,CR135,Bike,3.4,5.74,5.74,2185486,56830,38092,2,0,0,,40.0,16,0,0,,1,0,,0,,51.5,1.06,24.71,ST16_Palembang,First Mile Delay
SHPM004934,AWB260004934,2026-03-06 00:15:05.287334,2026-03-06 00:26:05.287334,2026-03-06 01:19:05.287334,2026-03-06 03:49:30.216387,2026-03-06 04:40:30.216387,2026-03-06 05:28:30.216387,2026-03-06 06:30:41.461523,2026-03-06 13:01:26.767053,2026-03-06 20:07:33.853882,2026-03-07 12:33:58.081357,2026-03-07 23:28:47.237542,2026-03-07 12:15:05.287334,Delivered,Closed,SHP050,Shipper 050,Marketplace,Jabodetabek,ST04_Bekasi,HB01_JKT_GATEWAY,Outer Java,ST15_Medan,HB05_SUMATRA_GATEWAY,Inter-Region,Next Day,Prepaid,CR035,Truck,1.4,1.48,1.48,606470,26660,23729,4,1,0,,51.0,36,0,0,,1,0,,0,,47.23,1.04,7.1,ST15_Medan,Remote Area
SHPM004935,AWB260004935,2026-03-17 23:11:50.233319,2026-03-17 23:31:50.233319,2026-03-18 00:03:50.233319,2026-03-18 03:26:28.397983,2026-03-18 03:54:28.397983,2026-03-18 04:41:28.397983,2026-03-18 09:51:40.407159,2026-03-18 15:54:11.259528,2026-03-18 17:59:03.174652,2026-03-19 03:18:48.204583,2026-03-19 13:20:42.693235,2026-03-19 11:11:50.233319,Delivered,Closed,SHP048,Shipper 048,Enterprise,Outer Java,ST17_Makassar,HB06_EASTERN_GATEWAY,East Java,ST12_Surabaya,HB03_SBY_GATEWAY,Inter-Region,Next Day,Prepaid,CR160,Van,1.0,0.99,1.0,1335233,24500,15842,4,1,0,,28.0,36,0,0,,1,0,,0,,38.15,5.17,2.08,ST12_Surabaya,Last Mile Delay
SHPM004936,AWB260004936,2026-03-21 12:10:46.500362,2026-03-21 12:46:46.500362,2026-03-21 13:05:46.500362,2026-03-21 13:25:31.337053,2026-03-21 14:08:31.337053,2026-03-21 15:21:31.337053,2026-03-21 18:05:52.297090,2026-03-22 01:29:44.777971,2026-03-22 13:22:13.339380,2026-03-23 01:29:20.195266,2026-03-23 05:08:32.265302,2026-03-22 04:10:46.500362,Delivered,Closed,SHP094,Shipper 094,SME,Outer Java,ST18_Balikpapan,HB06_EASTERN_GATEWAY,Jabodetabek,ST02_JKT_West,HB01_JKT_GATEWAY,Inter-Region,Same Day,Prepaid,CR163,Bike,0.37,0.4,0.4,1642170,28800,18400,2,1,0,,43.0,16,0,0,,1,0,,0,,40.96,2.74,11.87,ST02_JKT_West,Hub Bottleneck
SHPM004937,AWB260004937,2026-03-29 03:59:26.857022,2026-03-29 04:43:26.857022,2026-03-29 05:07:26.857022,2026-03-29 07:57:23.502707,2026-03-29 08:30:23.502707,2026-03-29 10:30:23.502707,2026-03-29 14:20:32.017857,2026-03-29 19:13:56.495337,2026-03-29 22:10:28.925047,2026-03-30 09:21:46.993166,2026-03-30 13:20:27.505232,2026-03-30 15:59:26.857022,Delivered,Closed,SHP005,Shipper 005,Enterprise,Central Java,ST09_Semarang,HB04_CTG_NATIONAL,East Java,ST14_Kediri,HB03_SBY_GATEWAY,Inter-Region,Next Day,COD,CR085,Bike,1.14,1.05,1.14,1619652,29130,20354,4,1,0,,33.0,36,1,0,,1,0,,0,,33.35,3.84,2.94,ST14_Kediri,
SHPM004938,AWB260004938,2026-03-23 11:31:42.969538,2026-03-23 12:00:42.969538,2026-03-23 12:24:42.969538,2026-03-23 20:03:00.752896,2026-03-23 20:56:00.752896,2026-03-23 21:58:00.752896,2026-03-23 23:08:25.045278,2026-03-24 07:12:42.063694,2026-03-24 18:46:01.678402,2026-03-25 05:44:08.463215,2026-03-25 12:52:20.532335,2026-03-26 11:31:42.969538,Delivered,Closed,SHP048,Shipper 048,Enterprise,Outer Java,ST17_Makassar,HB06_EASTERN_GATEWAY,West Java,ST07_Cirebon,HB02_BDG_TRANSIT,Inter-Region,Regular,Prepaid,CR155,Bike,0.54,0.73,0.73,1674886,15285,9256,8,0,0,,53.0,72,1,0,,1,0,,0,,49.34,1.17,11.56,ST07_Cirebon,
SHPM004939,AWB260004939,2026-02-24 07:19:59.783893,2026-02-24 08:01:59.783893,2026-02-24 08:39:59.783893,2026-02-24 10:10:40.328462,2026-02-24 10:18:40.328462,2026-02-24 11:03:40.328462,2026-02-24 13:33:15.249580,2026-02-24 17:03:23.968376,2026-02-25 00:16:41.735475,2026-02-26 16:16:56.639833,2026-02-26 17:59:04.415935,2026-02-24 23:19:59.783893,Delivered,Closed,SHP049,Shipper 049,Enterprise,Jabodetabek,ST04_Bekasi,HB01_JKT_GATEWAY,West Java,ST07_Cirebon,HB02_BDG_TRANSIT,Inter-Region,Same Day,COD,CR034,Bike,0.84,1.39,1.39,2642727,37255,32112,2,0,0,,8.0,16,0,0,,1,1,Missed Cut-Off,0,,58.65,2.49,7.22,ST07_Cirebon,First Mile Delay
SHPM004940,AWB260004940,2026-03-13 01:21:06.230497,2026-03-13 01:48:06.230497,2026-03-13 02:41:06.230497,2026-03-13 08:43:51.887213,2026-03-13 10:31:51.887213,2026-03-13 12:20:51.887213,2026-03-13 20:37:08.116815,2026-03-14 01:02:48.389787,2026-03-14 10:36:11.962967,2026-03-14 20:09:36.999257,2026-03-14 22:41:04.823802,2026-03-14 13:21:06.230497,Delivered,Closed,SHP090,Shipper 090,Enterprise,East Java,ST12_Surabaya,HB03_SBY_GATEWAY,Jabodetabek,ST05_Tangerang,HB01_JKT_GATEWAY,Inter-Region,Next Day,Prepaid,CR113,Bike,4.12,5.48,5.48,929695,44660,27720,4,0,0,,108.0,36,0,0,,1,0,,0,,45.33,8.27,9.56,ST05_Tangerang,First Mile Delay
SHPM004941,AWB260004941,2026-03-12 20:38:36.496952,2026-03-12 20:56:36.496952,2026-03-12 21:01:36.496952,2026-03-13 01:26:17.356461,2026-03-13 02:18:17.356461,2026-03-13 03:40:17.356461,2026-03-13 08:17:27.078337,2026-03-13 13:38:24.116484,2026-03-13 19:34:21.248542,2026-03-14 05:48:13.550839,2026-03-14 14:19:42.750213,2026-03-14 08:38:36.496952,Delivered,Closed,SHP084,Shipper 084,Enterprise,Central Java,ST11_Yogyakarta,HB04_CTG_NATIONAL,Jabodetabek,ST03_JKT_East,HB01_JKT_GATEWAY,Inter-Region,Next Day,COD,CR105,Bike,1.67,2.42,2.42,780804,34890,24851,4,0,0,,52.0,36,0,0,,1,0,,0,,41.69,4.62,5.93,ST03_JKT_East,First Mile Delay
SHPM004942,AWB260004942,2026-03-18 09:05:00.193976,2026-03-18 09:28:00.193976,2026-03-18 09:48:00.193976,2026-03-18 12:42:17.566358,2026-03-18 13:28:17.566358,2026-03-18 14:59:17.566358,2026-03-18 17:32:19.486793,2026-03-18 22:27:23.610361,2026-03-19 06:28:50.042669,2026-03-19 21:45:47.024929,2026-03-20 15:07:13.696601,2026-03-21 09:05:00.193976,Delivered,Closed,SHP065,Shipper 065,Marketplace,Jabodetabek,ST01_JKT_Central,HB01_JKT_GATEWAY,East Java,ST12_Surabaya,HB03_SBY_GATEWAY,Inter-Region,Regular,Prepaid,CR006,Van,0.48,0.44,0.48,873888,14160,12728,8,1,0,,46.0,72,1,0,,1,0,,0,,54.04,2.55,8.02,ST12_Surabaya,
SHPM004943,AWB260004943,2026-02-15 21:04:48.424797,2026-02-15 21:34:48.424797,2026-02-15 22:10:48.424797,2026-02-16 00:08:49.289905,2026-02-16 00:37:49.289905,2026-02-16 02:37:49.289905,2026-02-16 05:29:50.340132,2026-02-16 10:34:58.344698,2026-02-16 21:23:51.185520,2026-02-17 05:45:02.635204,2026-02-17 22:22:09.566237,2026-02-18 21:04:48.424797,Delivered,Closed,SHP037,Shipper 037,Marketplace,Central Java,ST11_Yogyakarta,HB04_CTG_NATIONAL,Jabodetabek,ST05_Tangerang,HB01_JKT_GATEWAY,Inter-Region,Regular,Prepaid,CR104,Bike,0.69,0.71,0.71,217026,15195,9001,8,1,0,,29.0,72,1,0,,1,0,,0,,49.29,2.87,10.81,ST05_Tangerang,
SHPM004944,AWB260004944,2026-03-01 04:53:59.943881,2026-03-01 05:30:59.943881,2026-03-01 06:04:59.943881,2026-03-01 14:30:19.531225,2026-03-01 14:45:19.531225,2026-03-01 15:28:19.531225,2026-03-01 19:34:54.010178,2026-03-02 02:59:55.209089,2026-03-02 06:40:54.029221,2026-03-02 11:57:16.845219,2026-03-02 21:17:31.006567,2026-03-04 04:53:59.943881,Delivered,Closed,SHP095,Shipper 095,Enterprise,Central Java,ST11_Yogyakarta,HB04_CTG_NATIONAL,West Java,ST06_Bandung,HB01_JKT_GATEWAY,Inter-Region,Regular,Prepaid,CR102,Bike,0.26,0.31,0.31,572940,13395,8818,8,0,0,,15.0,72,1,0,,1,0,,0,,40.39,4.11,3.68,ST06_Bandung,
SHPM004945,AWB260004945,2026-03-09 16:27:24.568724,2026-03-09 16:41:24.568724,2026-03-09 16:46:24.568724,2026-03-09 19:14:13.392313,2026-03-09 19:57:13.392313,2026-03-09 21:19:13.392313,2026-03-09 23:22:19.392908,2026-03-10 03:39:37.357289,2026-03-10 16:44:30.330725,2026-03-10 19:17:35.409541,2026-03-11 08:31:30.139879,2026-03-10 16:27:24.568724,Delivered,Closed,SHP082,Shipper 082,SME,Outer Java,ST19_Denpasar,HB06_EASTERN_GATEWAY,Outer Java,ST17_Makassar,HB06_EASTERN_GATEWAY,Intra-Region,Next Day,Prepaid,CR178,Bike,1.11,1.25,1.25,1859537,25625,17349,4,1,0,,43.0,24,0,0,,1,0,,0,,40.07,2.05,13.08,ST17_Makassar,Hub Bottleneck
SHPM004946,AWB260004946,2026-02-27 20:31:45.049267,2026-02-27 20:50:45.049267,2026-02-27 21:28:45.049267,2026-02-27 23:10:10.113279,2026-02-28 00:03:10.113279,2026-02-28 00:55:10.113279,2026-02-28 05:06:59.132870,2026-02-28 07:38:12.226138,2026-02-28 18:32:19.994960,2026-03-01 11:35:46.556971,2026-03-01 20:12:28.785731,2026-03-01 08:31:45.049267,Delivered,Closed,SHP036,Shipper 036,Marketplace,West Java,ST08_Bogor,HB01_JKT_GATEWAY,Central Java,ST09_Semarang,HB04_CTG_NATIONAL,Inter-Region,Next Day,COD,CR082,Bike,2.1,2.28,2.28,1216019,34260,25387,4,1,0,,53.0,36,0,0,,1,0,,0,,47.68,4.2,10.9,ST09_Semarang,Hub Bottleneck
SHPM004947,AWB260004947,2026-03-28 03:24:25.301173,2026-03-28 03:33:25.301173,2026-03-28 03:44:25.301173,2026-03-28 04:56:35.757337,2026-03-28 05:45:35.757337,2026-03-28 06:57:35.757337,2026-03-28 12:48:44.905806,2026-03-28 17:16:23.503026,2026-03-29 05:08:39.810055,2026-03-29 21:24:32.386648,2026-03-30 01:01:59.859647,2026-03-29 15:24:25.301173,Delivered,Closed,SHP034,Shipper 034,Enterprise,Jabodetabek,ST01_JKT_Central,HB01_JKT_GATEWAY,West Java,ST07_Cirebon,HB02_BDG_TRANSIT,Inter-Region,Next Day,Prepaid,CR008,Bike,2.62,2.68,2.68,160644,32060,20366,4,1,0,,49.0,36,0,0,,1,0,,0,,45.63,5.85,11.87,ST07_Cirebon,Hub Bottleneck
SHPM004948,AWB260004948,2026-03-24 23:27:44.033047,2026-03-24 23:51:44.033047,2026-03-25 00:38:44.033047,2026-03-25 07:14:03.133834,2026-03-25 07:23:03.133834,2026-03-25 09:09:03.133834,2026-03-25 15:06:47.640387,2026-03-25 20:04:14.134903,2026-03-26 14:23:40.210270,2026-03-27 06:21:34.372027,2026-03-27 16:21:22.046804,2026-03-27 23:27:44.033047,Delivered,Closed,SHP020,Shipper 020,SME,East Java,ST14_Kediri,HB03_SBY_GATEWAY,West Java,ST06_Bandung,HB01_JKT_GATEWAY,Inter-Region,Regular,Prepaid,CR127,Van,0.73,0.91,0.91,1434440,16095,13468,8,1,0,,9.0,72,1,0,,1,0,,0,,64.89,5.96,18.32,ST06_Bandung,
SHPM004949,AWB260004949,2026-03-27 17:36:28.484541,2026-03-27 17:41:28.484541,2026-03-27 18:28:28.484541,2026-03-27 23:03:17.597891,2026-03-28 00:02:17.597891,2026-03-28 01:36:17.597891,2026-03-28 02:54:12.030275,2026-03-28 11:40:24.976250,2026-03-28 13:29:32.260720,2026-03-28 22:31:34.709470,2026-03-29 08:25:19.210960,2026-03-30 17:36:28.484541,Delivered,Closed,SHP066,Shipper 066,Marketplace,West Java,ST06_Bandung,HB01_JKT_GATEWAY,Jabodetabek,ST03_JKT_East,HB01_JKT_GATEWAY,Inter-Region,Regular,Prepaid,CR061,Bike,1.03,1.02,1.03,729383,16635,13971,8,1,0,,59.0,72,1,0,,1,0,,0,,38.81,1.3,1.82,ST03_JKT_East,
SHPM004950,AWB260004950,2026-03-16 11:17:19.996480,2026-03-16 11:57:19.996480,2026-03-16 12:16:19.996480,2026-03-16 14:16:14.117427,2026-03-16 14:58:14.117427,2026-03-16 15:51:14.117427,2026-03-16 19:18:37.257397,2026-03-16 23:49:14.712509,2026-03-17 07:35:13.765274,2026-03-17 21:56:18.945030,2026-03-18 07:46:09.449738,2026-03-17 23:17:19.996480,Delivered,Closed,SHP099,Shipper 099,SME,West Java,ST08_Bogor,HB01_JKT_GATEWAY,East Java,ST13_Malang,HB03_SBY_GATEWAY,Inter-Region,Next Day,Prepaid,CR080,Bike,2.81,3.03,3.03,792056,33635,25564,4,1,0,,42.0,36,0,0,,1,0,,0,,44.48,3.46,7.77,ST13_Malang,Last Mile Delay
SHPM004951,AWB260004951,2026-02-25 10:45:55.986018,2026-02-25 11:28:55.986018,2026-02-25 11:54:55.986018,2026-02-25 15:44:10.573836,2026-02-25 16:18:10.573836,2026-02-25 17:10:10.573836,2026-02-25 18:19:03.827765,2026-02-26 02:17:37.829371,2026-02-26 16:39:23.786376,2026-02-27 07:04:29.105913,2026-02-27 17:49:11.212524,2026-02-26 22:45:55.986018,Delivered,Closed,SHP071,Shipper 071,Enterprise,Jabodetabek,ST03_JKT_East,HB01_JKT_GATEWAY,Outer Java,ST19_Denpasar,HB06_EASTERN_GATEWAY,Inter-Region,Next Day,Prepaid,CR028,Bike,1.69,1.8,1.8,219559,28100,22607,4,0,0,,34.0,36,0,0,,1,0,,0,,55.05,1.15,14.36,ST19_Denpasar,First Mile Delay
SHPM004952,AWB260004952,2026-03-13 04:08:22.749763,2026-03-13 04:52:22.749763,2026-03-13 05:54:22.749763,2026-03-13 08:59:03.040567,2026-03-13 09:20:03.040567,2026-03-13 11:16:03.040567,2026-03-13 16:54:58.533483,2026-03-13 20:19:37.697733,2026-03-13 22:13:56.117651,2026-03-14 12:42:25.511413,2026-03-14 18:37:34.091462,2026-03-16 04:08:22.749763,Delivered,Closed,SHP094,Shipper 094,SME,Outer Java,ST15_Medan,HB05_SUMATRA_GATEWAY,Central Java,ST10_Solo,HB04_CTG_NATIONAL,Inter-Region,Regular,Prepaid,CR141,Van,1.18,1.11,1.18,928993,17310,14773,8,1,0,,21.0,72,1,0,,1,0,,0,,38.49,5.65,1.91,ST10_Solo,
SHPM004953,AWB260004953,2026-03-02 15:38:42.745658,2026-03-02 15:44:42.745658,2026-03-02 16:13:42.745658,2026-03-02 22:21:35.668804,2026-03-02 22:59:35.668804,2026-03-02 23:25:35.668804,2026-03-03 02:30:16.353112,2026-03-03 08:49:11.782399,2026-03-04 01:52:30.658968,2026-03-04 13:23:36.220276,2026-03-05 03:30:43.586074,2026-03-05 15:38:42.745658,Delivered,Closed,SHP030,Shipper 030,Enterprise,Jabodetabek,ST01_JKT_Central,HB01_JKT_GATEWAY,Outer Java,ST20_Banjarmasin,HB06_EASTERN_GATEWAY,Inter-Region,Regular,Prepaid,CR010,Van,0.52,0.54,0.54,1806778,14430,11475,8,1,0,,38.0,72,1,0,,1,0,,0,,59.87,3.08,17.06,ST20_Banjarmasin,
SHPM004954,AWB260004954,2026-02-27 16:36:57.511026,2026-02-27 17:16:57.511026,2026-02-27 17:34:57.511026,2026-02-27 19:29:13.526481,2026-02-27 20:31:13.526481,2026-02-27 21:25:13.526481,2026-02-28 02:18:20.826181,2026-02-28 11:02:49.238292,2026-03-01 06:13:13.426960,2026-03-01 17:47:18.284035,2026-03-01 23:06:42.109987,2026-02-28 08:36:57.511026,Delivered,Closed,SHP027,Shipper 027,SME,Jabodetabek,ST05_Tangerang,HB01_JKT_GATEWAY,Outer Java,ST15_Medan,HB05_SUMATRA_GATEWAY,Inter-Region,Same Day,Prepaid,CR050,Bike,0.78,0.79,0.79,988561,30555,17664,2,0,0,,62.0,16,0,0,,1,0,,0,,54.5,4.89,19.17,ST15_Medan,First Mile Delay
SHPM004955,AWB260004955,2026-03-27 03:22:32.596353,2026-03-27 03:38:32.596353,2026-03-27 04:32:32.596353,2026-03-27 12:37:57.723991,2026-03-27 13:34:57.723991,2026-03-27 14:49:57.723991,2026-03-27 19:51:36.613989,2026-03-27 21:57:41.549799,2026-03-28 12:09:57.047421,2026-03-29 03:45:04.679756,2026-03-29 17:59:21.659969,2026-03-28 15:22:32.596353,Delivered,Closed,SHP018,Shipper 018,Enterprise,West Java,ST07_Cirebon,HB02_BDG_TRANSIT,Outer Java,ST20_Banjarmasin,HB06_EASTERN_GATEWAY,Inter-Region,Next Day,Prepaid,CR074,Van,2.73,2.85,2.85,2643470,32825,25806,4,0,0,,57.0,36,0,0,,1,0,,0,,62.61,5.03,14.2,ST20_Banjarmasin,First Mile Delay
SHPM004956,AWB260004956,2026-02-24 13:34:15.429112,2026-02-24 14:18:15.429112,2026-02-24 15:03:15.429112,2026-02-24 18:26:29.110247,2026-02-24 19:24:29.110247,2026-02-24 21:01:29.110247,2026-02-24 23:01:58.322552,2026-02-25 03:21:45.979296,2026-02-25 07:25:50.572856,2026-02-25 13:30:33.537415,2026-02-25 17:49:34.991352,2026-02-26 01:34:15.429112,Delivered,Closed,SHP051,Shipper 051,Marketplace,Outer Java,ST19_Denpasar,HB06_EASTERN_GATEWAY,Central Java,ST09_Semarang,HB04_CTG_NATIONAL,Inter-Region,Next Day,COD,CR174,Bike,0.48,0.52,0.52,1341991,26340,24571,4,0,0,,58.0,36,1,0,,1,0,,0,,28.26,2.01,4.07,ST09_Semarang,
SHPM004957,AWB260004957,2026-02-24 14:09:31.217265,2026-02-24 14:25:31.217265,2026-02-24 15:02:31.217265,2026-02-24 22:15:46.981973,2026-02-24 22:30:46.981973,2026-02-24 23:37:46.981973,2026-02-25 03:31:48.055575,2026-02-25 05:09:28.470938,2026-02-25 14:44:13.628159,2026-02-25 23:14:55.766646,2026-02-26 08:47:56.394754,2026-02-26 14:09:31.217265,Delivered,Closed,SHP095,Shipper 095,Enterprise,Central Java,ST11_Yogyakarta,HB04_CTG_NATIONAL,Central Java,ST09_Semarang,HB04_CTG_NATIONAL,Intra-Region,Regular,Prepaid,CR104,Bike,0.49,0.47,0.49,1438440,14205,10578,8,1,0,,15.0,48,1,0,,1,0,,0,,42.64,3.9,9.58,ST09_Semarang,
SHPM004958,AWB260004958,2026-02-21 07:35:27.495895,2026-02-21 08:08:27.495895,2026-02-21 08:22:27.495895,2026-02-21 15:11:48.156203,2026-02-21 15:46:48.156203,2026-02-21 16:53:48.156203,2026-02-21 20:40:15.735993,2026-02-22 05:18:01.038542,2026-02-22 15:59:00.025331,2026-02-22 21:05:05.776930,2026-02-23 05:30:17.636339,2026-02-24 07:35:27.495895,Delivered,Closed,SHP049,Shipper 049,Enterprise,Jabodetabek,ST05_Tangerang,HB01_JKT_GATEWAY,East Java,ST14_Kediri,HB03_SBY_GATEWAY,Inter-Region,Regular,Prepaid,CR050,Van,0.39,0.59,0.59,1622099,14655,11946,8,1,0,,35.0,72,1,0,,1,0,,0,,45.91,3.77,10.68,ST14_Kediri,
SHPM004959,AWB260004959,2026-03-20 21:04:26.099318,2026-03-20 21:28:26.099318,2026-03-20 21:58:26.099318,2026-03-21 01:43:16.056172,2026-03-21 02:20:16.056172,2026-03-21 04:13:16.056172,2026-03-21 09:52:35.403741,2026-03-21 12:13:55.797352,2026-03-21 20:23:40.314900,2026-03-22 12:12:19.839062,2026-03-23 02:54:54.758332,2026-03-23 21:04:26.099318,Delivered,Closed,SHP042,Shipper 042,Marketplace,Jabodetabek,ST03_JKT_East,HB01_JKT_GATEWAY,East Java,ST14_Kediri,HB03_SBY_GATEWAY,Inter-Region,Regular,COD,CR023,Bike,2.33,2.22,2.33,1522548,26485,16128,8,1,0,,37.0,72,1,0,,1,0,,0,,53.84,5.66,8.16,ST14_Kediri,
SHPM004960,AWB260004960,2026-03-29 13:26:20.614024,2026-03-29 14:08:20.614024,2026-03-29 14:14:20.614024,2026-03-29 16:04:58.395153,2026-03-29 16:18:58.395153,2026-03-29 18:05:58.395153,2026-03-29 22:10:11.859535,2026-03-30 04:04:10.020621,2026-03-30 16:03:58.980370,2026-03-31 08:28:57.222865,2026-03-31 12:52:21.875342,2026-03-30 05:26:20.614024,Delivered,Closed,SHP063,Shipper 063,Enterprise,Jabodetabek,ST05_Tangerang,HB01_JKT_GATEWAY,Outer Java,ST20_Banjarmasin,HB06_EASTERN_GATEWAY,Inter-Region,Same Day,COD,CR044,Bike,0.76,0.72,0.76,740748,34420,29681,2,1,0,,14.0,16,0,0,,1,0,,0,,47.43,4.07,12.0,ST20_Banjarmasin,Hub Bottleneck
SHPM004961,AWB260004961,2026-02-24 13:39:21.143621,2026-02-24 13:48:21.143621,2026-02-24 14:31:21.143621,2026-02-24 18:48:53.039458,2026-02-24 19:53:53.039458,2026-02-24 21:42:53.039458,2026-02-25 00:30:56.900731,2026-02-25 05:28:18.843912,2026-02-25 07:52:56.361338,2026-02-25 23:07:21.993239,2026-02-26 04:47:41.430883,2026-02-27 13:39:21.143621,Delivered,Closed,SHP028,Shipper 028,Marketplace,Jabodetabek,ST03_JKT_East,HB01_JKT_GATEWAY,East Java,ST12_Surabaya,HB03_SBY_GATEWAY,Inter-Region,Regular,Prepaid,CR022,Van,3.94,4.0,4.0,2265618,30000,24485,8,1,0,,65.0,72,1,0,,1,0,,0,,39.14,2.8,2.41,ST12_Surabaya,
SHPM004962,AWB260004962,2026-03-22 21:34:34.415262,2026-03-22 21:42:34.415262,2026-03-22 22:10:34.415262,2026-03-23 00:26:19.149523,2026-03-23 01:41:19.149523,2026-03-23 03:05:19.149523,2026-03-23 05:18:40.887284,2026-03-23 14:04:50.185465,2026-03-23 15:36:05.481514,2026-03-24 01:16:38.919169,2026-03-24 14:29:40.129174,2026-03-25 21:34:34.415262,Delivered,Closed,SHP094,Shipper 094,SME,Outer Java,ST15_Medan,HB05_SUMATRA_GATEWAY,Jabodetabek,ST01_JKT_Central,HB01_JKT_GATEWAY,Inter-Region,Regular,Prepaid,CR144,Bike,1.06,1.13,1.13,875673,17085,9422,8,1,0,,75.0,72,1,0,,1,0,,0,,40.92,2.22,1.52,ST01_JKT_Central,
SHPM004963,AWB260004963,2026-03-10 17:19:37.643684,2026-03-10 17:44:37.643684,2026-03-10 18:20:37.643684,2026-03-10 19:58:12.451860,2026-03-10 20:33:12.451860,2026-03-10 21:34:12.451860,2026-03-11 01:47:20.113029,2026-03-11 05:58:14.298146,2026-03-11 17:32:17.383009,2026-03-12 09:44:13.035936,2026-03-12 21:48:22.162371,2026-03-13 17:19:37.643684,Delivered,Closed,SHP089,Shipper 089,Enterprise,Central Java,ST11_Yogyakarta,HB04_CTG_NATIONAL,West Java,ST06_Bandung,HB01_JKT_GATEWAY,Inter-Region,Regular,Prepaid,CR103,Truck,1.18,1.07,1.18,2109745,17310,15767,8,1,0,,35.0,72,1,0,,1,0,,0,,52.48,4.22,11.57,ST06_Bandung,
SHPM004964,AWB260004964,2026-02-25 15:47:42.550427,2026-02-25 16:11:42.550427,2026-02-25 16:53:42.550427,2026-02-26 01:21:07.224785,2026-02-26 02:39:07.224785,2026-02-26 04:12:07.224785,2026-02-26 06:37:09.240837,2026-02-26 16:25:09.260778,2026-02-26 20:54:38.644269,2026-02-27 01:54:47.125967,2026-02-27 17:35:01.022223,2026-02-28 15:47:42.550427,Delivered,Closed,SHP010,Shipper 010,Enterprise,East Java,ST12_Surabaya,HB03_SBY_GATEWAY,Jabodetabek,ST04_Bekasi,HB01_JKT_GATEWAY,Inter-Region,Regular,COD,CR113,Bike,1.2,1.27,1.27,1900061,21715,16090,8,0,0,,78.0,72,1,0,,1,0,,0,,49.79,2.42,4.49,ST04_Bekasi,
SHPM004965,AWB260004965,2026-03-10 01:04:47.370127,2026-03-10 01:36:47.370127,2026-03-10 02:05:47.370127,2026-03-10 05:02:53.317917,2026-03-10 05:43:53.317917,2026-03-10 07:03:53.317917,2026-03-10 10:49:46.315016,2026-03-10 13:17:28.776309,2026-03-11 06:50:13.738490,2026-03-11 08:40:46.977326,2026-03-11 14:01:41.583336,2026-03-11 01:04:47.370127,Delivered,Closed,SHP046,Shipper 046,SME,East Java,ST14_Kediri,HB03_SBY_GATEWAY,East Java,ST14_Kediri,HB03_SBY_GATEWAY,Intra-Region,Next Day,COD,CR136,Bike,2.15,2.24,2.24,920840,34080,21893,4,1,0,,41.0,24,0,0,,1,0,,0,,36.95,3.76,17.55,ST14_Kediri,Hub Bottleneck
SHPM004966,AWB260004966,2026-03-08 18:59:53.350369,2026-03-08 19:11:53.350369,2026-03-08 19:45:53.350369,2026-03-08 20:18:51.879754,2026-03-08 20:55:51.879754,2026-03-08 21:39:51.879754,2026-03-09 01:16:42.790214,2026-03-09 09:33:08.877136,2026-03-09 21:02:49.841439,2026-03-10 11:58:22.031564,2026-03-11 01:10:34.281237,2026-03-10 06:59:53.350369,Delivered,Closed,SHP024,Shipper 024,Marketplace,Jabodetabek,ST01_JKT_Central,HB01_JKT_GATEWAY,Outer Java,ST16_Palembang,HB05_SUMATRA_GATEWAY,Inter-Region,Next Day,Prepaid,CR003,Bike,0.76,0.76,0.76,296653,23420,13516,4,1,0,,37.0,36,0,0,,1,0,,0,,54.18,3.61,11.49,ST16_Palembang,Hub Bottleneck
SHPM004967,AWB260004967,2026-03-15 15:01:18.324866,2026-03-15 15:46:18.324866,2026-03-15 16:13:18.324866,2026-03-15 17:21:34.109191,2026-03-15 17:45:34.109191,2026-03-15 18:25:34.109191,2026-03-16 00:04:54.652615,2026-03-16 04:29:07.339206,2026-03-16 07:50:38.259409,2026-03-16 18:43:44.986564,2026-03-16 21:04:11.602732,2026-03-16 07:01:18.324866,Delivered,Closed,SHP070,Shipper 070,Enterprise,Jabodetabek,ST04_Bekasi,HB01_JKT_GATEWAY,Central Java,ST11_Yogyakarta,HB04_CTG_NATIONAL,Inter-Region,Same Day,Prepaid,CR032,Van,2.08,1.92,2.08,1496762,36360,21828,2,1,0,,24.0,16,0,0,,1,0,,0,,30.05,5.66,3.36,ST11_Yogyakarta,Last Mile Delay
SHPM004968,AWB260004968,2026-03-31 10:15:26.293422,2026-03-31 10:43:26.293422,2026-03-31 11:34:26.293422,2026-03-31 14:07:14.149135,2026-03-31 15:02:14.149135,2026-03-31 16:37:14.149135,2026-03-31 18:21:55.865488,2026-03-31 20:36:11.473921,2026-03-31 22:25:10.933454,2026-04-01 09:28:09.759696,2026-04-01 21:22:38.426663,2026-04-03 10:15:26.293422,Delivered,Closed,SHP048,Shipper 048,Enterprise,Outer Java,ST17_Makassar,HB06_EASTERN_GATEWAY,Central Java,ST10_Solo,HB04_CTG_NATIONAL,Inter-Region,Regular,COD,CR159,Bike,1.68,1.6,1.68,1344638,23560,21179,8,1,0,,55.0,72,1,0,,1,0,,0,,35.12,1.74,1.82,ST10_Solo,
SHPM004969,AWB260004969,2026-03-06 15:28:57.910187,2026-03-06 15:45:57.910187,2026-03-06 16:36:57.910187,2026-03-06 18:23:09.575397,2026-03-06 19:13:09.575397,2026-03-06 19:29:09.575397,2026-03-06 23:51:08.715983,2026-03-07 08:29:03.251713,2026-03-07 18:03:11.789041,2026-03-08 07:16:38.632358,2026-03-08 14:27:33.099153,2026-03-09 15:28:57.910187,Delivered,Closed,SHP027,Shipper 027,SME,Jabodetabek,ST05_Tangerang,HB01_JKT_GATEWAY,Central Java,ST10_Solo,HB04_CTG_NATIONAL,Inter-Region,Regular,Prepaid,CR044,Bike,2.08,1.97,2.08,704338,21360,16627,8,1,0,,50.0,72,1,0,,1,0,,0,,46.98,4.37,9.57,ST10_Solo,
SHPM004970,AWB260004970,2026-03-19 11:00:07.997776,2026-03-19 11:33:07.997776,2026-03-19 12:09:07.997776,2026-03-19 17:57:30.847507,2026-03-19 18:32:30.847507,2026-03-19 20:10:30.847507,2026-03-20 01:06:59.006584,2026-03-20 09:19:36.856931,2026-03-20 18:25:29.068782,2026-03-21 10:45:04.356438,2026-03-22 01:19:32.298872,2026-03-22 11:00:07.997776,Delivered,Closed,SHP061,Shipper 061,Enterprise,Outer Java,ST17_Makassar,HB06_EASTERN_GATEWAY,West Java,ST06_Bandung,HB01_JKT_GATEWAY,Inter-Region,Regular,Prepaid,CR159,Van,1.14,1.73,1.73,509779,19785,13141,8,1,0,,35.0,72,1,0,,1,0,,0,,62.32,4.94,9.1,ST06_Bandung,
SHPM004971,AWB260004971,2026-02-24 17:45:09.940213,2026-02-24 18:08:09.940213,2026-02-24 18:34:09.940213,2026-02-25 01:53:59.263002,2026-02-25 02:36:59.263002,2026-02-25 04:11:59.263002,2026-02-25 06:39:30.221036,2026-02-25 11:08:39.325879,2026-02-26 02:51:49.935686,2026-02-26 14:03:15.655936,2026-02-27 06:46:07.560516,2026-02-27 17:45:09.940213,Delivered,Closed,SHP090,Shipper 090,Enterprise,East Java,ST14_Kediri,HB03_SBY_GATEWAY,Central Java,ST11_Yogyakarta,HB04_CTG_NATIONAL,Inter-Region,Regular,Prepaid,CR133,Bike,1.6,1.57,1.6,443463,19200,11214,8,1,0,,43.0,72,1,0,,1,0,,0,,61.02,2.46,15.72,ST11_Yogyakarta,
SHPM004972,AWB260004972,2026-03-23 16:16:06.018848,2026-03-23 16:28:06.018848,2026-03-23 16:44:06.018848,2026-03-23 20:46:59.941995,2026-03-23 21:27:59.941995,2026-03-23 21:51:59.941995,2026-03-24 02:51:27.501266,2026-03-24 09:40:41.800852,2026-03-24 14:55:03.154400,2026-03-24 20:25:18.720359,2026-03-25 02:16:16.349023,2026-03-25 04:16:06.018848,Delivered,Closed,SHP074,Shipper 074,Enterprise,Outer Java,ST15_Medan,HB05_SUMATRA_GATEWAY,Jabodetabek,ST01_JKT_Central,HB01_JKT_GATEWAY,Inter-Region,Next Day,Prepaid,CR144,Bike,0.69,0.72,0.72,1379870,23240,16718,4,0,0,,41.0,36,1,0,,1,0,,0,,34.0,4.99,5.24,ST01_JKT_Central,
SHPM004973,AWB260004973,2026-03-28 14:56:55.322455,2026-03-28 15:18:55.322455,2026-03-28 16:08:55.322455,,,,,,,,,2026-03-31 14:56:55.322455,Failed Pickup,Exception,SHP018,Shipper 018,Enterprise,West Java,ST07_Cirebon,HB02_BDG_TRANSIT,Jabodetabek,ST05_Tangerang,HB01_JKT_GATEWAY,Inter-Region,Regular,Prepaid,CR066,Van,0.77,0.78,0.78,2182180,15510,10761,8,0,1,Shipper Not Ready,,72,0,0,,0,0,,0,,213.05,,,ST07_Cirebon,
SHPM004974,AWB260004974,2026-03-18 11:13:34.483471,2026-03-18 11:50:34.483471,2026-03-18 12:09:34.483471,2026-03-18 13:01:46.691831,2026-03-18 13:51:46.691831,2026-03-18 14:16:46.691831,2026-03-18 15:51:36.168092,2026-03-18 20:35:12.744170,2026-03-19 07:51:53.873193,2026-03-19 21:18:16.211905,2026-03-20 00:16:02.594986,2026-03-19 23:13:34.483471,Delivered,Closed,SHP094,Shipper 094,SME,Outer Java,ST19_Denpasar,HB06_EASTERN_GATEWAY,Jabodetabek,ST02_JKT_West,HB01_JKT_GATEWAY,Inter-Region,Next Day,Prepaid,CR174,Bike,1.06,0.96,1.06,716905,24770,16619,4,1,0,,50.0,36,0,0,,1,0,,0,,37.04,1.58,11.28,ST02_JKT_West,Hub Bottleneck
SHPM004975,AWB260004975,2026-03-12 19:58:56.390084,2026-03-12 20:18:56.390084,2026-03-12 20:53:56.390084,2026-03-12 22:15:10.494821,2026-03-12 22:23:10.494821,2026-03-12 23:09:10.494821,2026-03-13 01:06:30.148074,2026-03-13 03:25:18.747513,2026-03-13 05:29:00.248021,2026-03-13 11:41:36.795722,2026-03-13 12:37:41.594610,2026-03-13 11:58:56.390084,Delivered,Closed,SHP062,Shipper 062,Enterprise,Jabodetabek,ST04_Bekasi,HB01_JKT_GATEWAY,East Java,ST13_Malang,HB03_SBY_GATEWAY,Inter-Region,Same Day,Prepaid,CR038,Bike,1.22,1.31,1.31,1379253,32895,18104,2,1,0,,8.0,16,0,0,,1,0,,0,,16.65,1.96,2.06,ST13_Malang,Last Mile Delay
SHPM004976,AWB260004976,2026-03-18 16:28:47.079317,2026-03-18 17:04:47.079317,2026-03-18 17:31:47.079317,2026-03-18 20:36:05.758652,2026-03-18 21:36:05.758652,2026-03-18 22:18:05.758652,2026-03-19 00:47:05.936350,2026-03-19 04:22:47.401492,2026-03-19 14:22:24.992918,2026-03-20 07:15:12.324008,2026-03-20 15:32:52.870227,2026-03-20 04:28:47.079317,Delivered,Closed,SHP072,Shipper 072,Enterprise,Outer Java,ST18_Balikpapan,HB06_EASTERN_GATEWAY,Jabodetabek,ST02_JKT_West,HB01_JKT_GATEWAY,Inter-Region,Next Day,Prepaid,CR165,Van,1.8,1.84,1.84,1393907,28280,18035,4,1,0,,60.0,36,0,0,,1,0,,0,,47.07,2.48,9.99,ST02_JKT_West,Last Mile Delay
SHPM004977,AWB260004977,2026-02-25 14:27:06.633009,2026-02-25 14:54:06.633009,2026-02-25 15:37:06.633009,2026-02-25 20:45:33.758081,2026-02-25 21:21:33.758081,2026-02-25 22:34:33.758081,2026-02-26 01:24:40.970793,2026-02-26 05:06:34.579757,2026-02-26 14:12:50.160170,2026-02-27 02:56:53.210284,2026-02-27 15:11:24.221240,2026-02-28 14:27:06.633009,Delivered,Closed,SHP036,Shipper 036,Marketplace,West Java,ST08_Bogor,HB01_JKT_GATEWAY,East Java,ST14_Kediri,HB03_SBY_GATEWAY,Inter-Region,Regular,COD,CR077,Van,0.86,0.78,0.86,1388525,19870,16938,8,1,0,,36.0,72,1,0,,1,0,,0,,48.74,2.84,9.1,ST14_Kediri,
SHPM004978,AWB260004978,2026-02-28 09:20:48.854863,2026-02-28 09:26:48.854863,2026-02-28 10:01:48.854863,2026-02-28 11:45:38.025703,2026-02-28 12:46:38.025703,2026-02-28 13:11:38.025703,2026-02-28 18:08:51.029706,2026-03-01 02:58:43.563510,2026-03-01 05:57:08.334254,2026-03-01 12:51:42.861154,2026-03-02 03:45:51.207979,2026-03-03 09:20:48.854863,Delivered,Closed,SHP055,Shipper 055,Marketplace,East Java,ST14_Kediri,HB03_SBY_GATEWAY,West Java,ST07_Cirebon,HB02_BDG_TRANSIT,Inter-Region,Regular,Prepaid,CR132,Bike,0.87,0.88,0.88,567690,15960,10964,8,1,0,,61.0,72,1,0,,1,0,,0,,42.42,4.95,2.97,ST07_Cirebon,
SHPM004979,AWB260004979,2026-02-19 03:19:42.889124,2026-02-19 04:01:42.889124,2026-02-19 04:25:42.889124,2026-02-19 08:02:37.489459,2026-02-19 08:47:37.489459,2026-02-19 09:56:37.489459,2026-02-19 12:26:29.678202,2026-02-19 14:44:43.289836,2026-02-19 17:44:38.412966,2026-02-20 06:57:57.429728,2026-02-20 15:24:48.191436,2026-02-20 15:19:42.889124,Delivered,Closed,SHP071,Shipper 071,Enterprise,Jabodetabek,ST04_Bekasi,HB01_JKT_GATEWAY,West Java,ST06_Bandung,HB01_JKT_GATEWAY,Inter-Region,Next Day,COD,CR039,Van,1.6,1.6,1.6,121554,31200,28908,4,0,0,,45.0,36,0,0,,1,0,,0,,36.08,2.5,3.0,ST06_Bandung,First Mile Delay
SHPM004980,AWB260004980,2026-02-19 23:23:02.612198,2026-02-19 23:58:02.612198,2026-02-20 00:35:02.612198,2026-02-20 03:54:44.462245,2026-02-20 04:42:44.462245,2026-02-20 05:34:44.462245,2026-02-20 07:44:38.024028,2026-02-20 10:57:23.683172,2026-02-20 19:58:19.022436,2026-02-21 09:38:16.632366,2026-02-21 13:52:19.998598,2026-02-21 11:23:02.612198,Delivered,Closed,SHP047,Shipper 047,Marketplace,Central Java,ST10_Solo,HB04_CTG_NATIONAL,Jabodetabek,ST02_JKT_West,HB01_JKT_GATEWAY,Inter-Region,Next Day,COD,CR097,Bike,1.78,1.87,1.87,633220,32415,24586,4,1,0,,48.0,36,0,0,,1,0,,0,,38.49,2.16,9.02,ST02_JKT_West,Last Mile Delay
SHPM004981,AWB260004981,2026-02-24 11:51:57.955610,2026-02-24 12:13:57.955610,2026-02-24 12:50:57.955610,2026-02-24 14:49:56.253044,2026-02-24 15:26:56.253044,2026-02-24 17:10:56.253044,2026-02-24 22:08:12.266475,2026-02-25 01:47:18.554956,2026-02-25 04:01:50.671620,2026-02-25 13:42:28.727733,2026-02-25 21:30:51.217352,2026-02-25 23:51:57.955610,Delivered,Closed,SHP089,Shipper 089,Enterprise,Central Java,ST11_Yogyakarta,HB04_CTG_NATIONAL,West Java,ST08_Bogor,HB01_JKT_GATEWAY,Inter-Region,Next Day,COD,CR100,Truck,1.16,1.73,1.73,849930,31785,29579,4,1,0,,37.0,36,1,0,,1,0,,0,,33.65,4.95,2.24,ST08_Bogor,
SHPM004982,AWB260004982,2026-02-26 00:19:58.291767,2026-02-26 00:59:58.291767,2026-02-26 01:28:58.291767,2026-02-26 02:33:26.712574,2026-02-26 03:53:26.712574,2026-02-26 05:21:26.712574,2026-02-26 10:46:21.119893,2026-02-26 17:49:54.623640,2026-02-27 01:20:24.733130,2026-02-27 13:10:17.877776,2026-02-27 15:39:22.733710,2026-02-27 12:19:58.291767,Delivered,Closed,SHP030,Shipper 030,Enterprise,Jabodetabek,ST03_JKT_East,HB01_JKT_GATEWAY,West Java,ST07_Cirebon,HB02_BDG_TRANSIT,Inter-Region,Next Day,COD,CR027,Bike,4.5,4.1,4.5,1185314,44250,41231,4,1,0,,80.0,36,0,0,,1,0,,0,,39.32,5.42,7.51,ST07_Cirebon,Last Mile Delay
SHPM004983,AWB260004983,2026-02-17 23:09:09.033598,2026-02-17 23:26:09.033598,2026-02-17 23:55:09.033598,2026-02-18 00:40:02.557168,2026-02-18 01:27:02.557168,2026-02-18 01:49:02.557168,2026-02-18 07:33:17.052387,2026-02-18 12:11:48.222745,2026-02-19 03:20:47.032623,2026-02-19 08:22:03.890319,2026-02-19 09:43:03.068155,2026-02-18 15:09:09.033598,Delivered,Closed,SHP034,Shipper 034,Enterprise,Jabodetabek,ST03_JKT_East,HB01_JKT_GATEWAY,Outer Java,ST15_Medan,HB05_SUMATRA_GATEWAY,Inter-Region,Same Day,Prepaid,CR029,Van,0.98,1.44,1.44,950237,33480,23481,2,1,0,,47.0,16,0,0,,1,0,,0,,34.57,5.74,15.15,ST15_Medan,Hub Bottleneck
SHPM004984,AWB260004984,2026-03-11 17:06:42.357840,2026-03-11 17:25:42.357840,2026-03-11 17:30:42.357840,2026-03-11 19:30:07.834688,2026-03-11 20:11:07.834688,2026-03-11 20:31:07.834688,2026-03-11 22:03:35.761979,2026-03-12 07:03:13.836188,2026-03-12 18:42:37.396832,2026-03-13 03:19:51.852748,2026-03-13 14:41:58.626394,2026-03-14 17:06:42.357840,Delivered,Closed,SHP036,Shipper 036,Marketplace,West Java,ST06_Bandung,HB01_JKT_GATEWAY,Jabodetabek,ST01_JKT_Central,HB01_JKT_GATEWAY,Inter-Region,Regular,Prepaid,CR057,Van,1.16,1.17,1.17,2385146,17265,16398,8,1,0,,41.0,72,1,0,,1,0,,0,,45.59,1.54,11.66,ST01_JKT_Central,
SHPM004985,AWB260004985,2026-03-15 15:24:56.644736,2026-03-15 15:47:56.644736,2026-03-15 16:04:56.644736,2026-03-15 22:58:05.962639,2026-03-15 23:39:05.962639,2026-03-16 01:00:05.962639,2026-03-16 05:41:39.683924,2026-03-16 07:52:33.022449,2026-03-16 09:36:32.554695,2026-03-16 19:18:58.824748,2026-03-17 12:35:48.829937,2026-03-18 15:24:56.644736,Delivered,Closed,SHP049,Shipper 049,Enterprise,Jabodetabek,ST05_Tangerang,HB01_JKT_GATEWAY,East Java,ST14_Kediri,HB03_SBY_GATEWAY,Inter-Region,Regular,Prepaid,CR054,Van,0.51,0.56,0.56,588350,14520,8938,8,1,0,,41.0,72,1,0,,1,0,,0,,45.18,4.69,1.73,ST14_Kediri,
SHPM004986,AWB260004986,2026-03-25 02:09:52.505557,2026-03-25 02:44:52.505557,2026-03-25 03:18:52.505557,2026-03-25 07:32:10.725112,2026-03-25 08:42:10.725112,2026-03-25 09:53:10.725112,2026-03-25 14:28:17.582212,2026-03-25 19:41:12.500954,2026-03-26 01:47:42.559419,2026-03-26 16:15:00.450940,2026-03-27 03:09:08.593549,2026-03-28 02:09:52.505557,Delivered,Closed,SHP002,Shipper 002,Enterprise,Jabodetabek,ST03_JKT_East,HB01_JKT_GATEWAY,West Java,ST06_Bandung,HB01_JKT_GATEWAY,Inter-Region,Regular,Prepaid,CR030,Bike,0.76,0.81,0.81,661868,15645,12390,8,1,0,,70.0,72,1,0,,1,0,,0,,48.99,4.59,6.11,ST06_Bandung,
SHPM004987,AWB260004987,2026-03-11 08:08:58.049295,2026-03-11 08:53:58.049295,2026-03-11 08:58:58.049295,2026-03-11 12:48:13.609042,2026-03-11 13:26:13.609042,2026-03-11 15:15:13.609042,2026-03-11 17:51:43.089667,2026-03-11 20:54:47.392720,2026-03-12 08:53:36.962300,2026-03-12 14:42:21.721249,2026-03-12 23:55:12.560945,2026-03-12 08:08:58.049295,Delivered,Closed,SHP043,Shipper 043,Marketplace,Central Java,ST10_Solo,HB04_CTG_NATIONAL,Central Java,ST11_Yogyakarta,HB04_CTG_NATIONAL,Intra-Region,Next Day,Prepaid,CR097,Bike,0.28,0.26,0.28,730365,21260,15738,4,1,0,,38.0,24,0,0,,1,0,,0,,39.77,2.61,11.98,ST11_Yogyakarta,Hub Bottleneck
SHPM004988,AWB260004988,2026-03-16 05:54:44.397980,2026-03-16 06:31:44.397980,2026-03-16 06:58:44.397980,2026-03-16 09:32:01.726108,2026-03-16 10:08:01.726108,2026-03-16 11:06:01.726108,2026-03-16 14:15:25.778001,2026-03-17 00:08:48.810403,2026-03-17 08:45:10.617781,2026-03-18 02:01:10.749617,2026-03-18 11:35:56.699979,2026-03-17 17:54:44.397980,Delivered,Closed,SHP030,Shipper 030,Enterprise,Jabodetabek,ST05_Tangerang,HB01_JKT_GATEWAY,West Java,ST07_Cirebon,HB02_BDG_TRANSIT,Inter-Region,Next Day,Prepaid,CR049,Bike,3.57,3.66,3.66,1128975,36470,24847,4,1,0,,36.0,36,0,0,,1,0,,0,,53.69,3.16,8.61,ST07_Cirebon,Last Mile Delay
SHPM004989,AWB260004989,2026-03-15 07:47:00.614822,2026-03-15 08:30:00.614822,2026-03-15 09:03:00.614822,2026-03-15 14:16:18.291581,2026-03-15 15:04:18.291581,2026-03-15 16:38:18.291581,2026-03-15 21:17:29.377400,2026-03-16 03:38:38.969929,2026-03-16 17:39:52.413207,2026-03-16 23:18:14.307022,2026-03-17 13:03:04.196803,2026-03-18 07:47:00.614822,Delivered,Closed,SHP006,Shipper 006,Marketplace,East Java,ST14_Kediri,HB03_SBY_GATEWAY,West Java,ST08_Bogor,HB01_JKT_GATEWAY,Inter-Region,Regular,Prepaid,CR130,Bike,0.25,0.28,0.28,1334053,13260,8386,8,1,0,,48.0,72,1,0,,1,0,,0,,53.27,4.65,14.02,ST08_Bogor,
SHPM004990,AWB260004990,2026-02-20 02:55:51.085908,2026-02-20 03:13:51.085908,2026-02-20 03:34:51.085908,2026-02-20 04:32:39.185809,2026-02-20 05:21:39.185809,2026-02-20 05:44:39.185809,2026-02-20 08:05:30.841942,2026-02-20 14:45:51.851301,2026-02-21 00:54:16.191196,2026-02-21 14:47:51.237745,2026-02-21 23:35:33.934228,2026-02-21 14:55:51.085908,Delivered,Closed,SHP071,Shipper 071,Enterprise,Jabodetabek,ST04_Bekasi,HB01_JKT_GATEWAY,West Java,ST07_Cirebon,HB02_BDG_TRANSIT,Inter-Region,Next Day,Prepaid,CR038,Van,1.04,0.96,1.04,232738,24680,14797,4,1,0,,49.0,36,0,0,,1,0,,0,,44.66,2.35,10.14,ST07_Cirebon,Hub Bottleneck
SHPM004991,AWB260004991,2026-03-24 15:47:04.364882,2026-03-24 16:12:04.364882,2026-03-24 16:40:04.364882,2026-03-24 20:12:45.626807,2026-03-24 20:20:45.626807,2026-03-24 20:53:45.626807,2026-03-24 22:48:07.546793,2026-03-25 01:21:13.801020,2026-03-25 14:37:41.002685,2026-03-25 19:04:58.732351,2026-03-26 00:31:27.028483,2026-03-25 15:47:04.364882,Delivered,Closed,SHP008,Shipper 008,SME,Outer Java,ST16_Palembang,HB05_SUMATRA_GATEWAY,Outer Java,ST20_Banjarmasin,HB06_EASTERN_GATEWAY,Intra-Region,Next Day,Prepaid,CR146,Van,0.34,0.34,0.34,1173487,21530,18996,4,0,0,,8.0,24,0,0,,1,0,,0,,32.74,1.91,13.27,ST20_Banjarmasin,First Mile Delay
SHPM004992,AWB260004992,2026-02-15 22:52:58.894809,2026-02-15 23:30:58.894809,2026-02-15 23:43:58.894809,2026-02-16 08:05:25.179233,2026-02-16 08:52:25.179233,2026-02-16 09:27:25.179233,2026-02-16 14:53:10.652157,2026-02-16 17:55:48.239481,2026-02-17 01:15:45.876584,2026-02-17 14:54:02.447132,2026-02-17 21:12:55.214709,2026-02-18 22:52:58.894809,Delivered,Closed,SHP096,Shipper 096,Marketplace,Jabodetabek,ST02_JKT_West,HB01_JKT_GATEWAY,West Java,ST08_Bogor,HB01_JKT_GATEWAY,Inter-Region,Regular,COD,CR014,Truck,2.73,2.47,2.73,1835462,28285,20474,8,0,0,,47.0,72,1,0,,1,0,,0,,46.33,5.43,7.33,ST08_Bogor,
SHPM004993,AWB260004993,2026-03-08 23:50:27.107716,2026-03-09 00:33:27.107716,2026-03-09 01:31:27.107716,2026-03-09 04:20:16.055870,2026-03-09 05:27:16.055870,2026-03-09 06:27:16.055870,2026-03-09 08:14:30.836116,2026-03-09 16:27:01.812586,2026-03-09 18:46:53.251080,2026-03-10 04:24:14.626573,2026-03-10 21:28:57.832874,2026-03-11 23:50:27.107716,Delivered,Closed,SHP084,Shipper 084,Enterprise,Central Java,ST10_Solo,HB04_CTG_NATIONAL,Jabodetabek,ST05_Tangerang,HB01_JKT_GATEWAY,Inter-Region,Regular,Prepaid,CR096,Bike,1.58,1.57,1.58,1370768,19110,15246,8,1,0,,67.0,72,1,0,,1,0,,0,,45.64,1.79,2.33,ST05_Tangerang,
SHPM004994,AWB260004994,2026-02-28 21:19:04.231553,2026-02-28 21:49:04.231553,2026-02-28 22:06:04.231553,2026-03-01 01:52:52.611986,2026-03-01 02:00:52.611986,2026-03-01 02:18:52.611986,2026-03-01 05:10:01.028803,2026-03-01 09:49:25.348347,2026-03-01 14:35:05.751834,2026-03-01 23:02:30.516070,2026-03-02 04:45:17.915185,2026-03-03 21:19:04.231553,Delivered,Closed,SHP045,Shipper 045,Marketplace,Jabodetabek,ST02_JKT_West,HB01_JKT_GATEWAY,Central Java,ST10_Solo,HB04_CTG_NATIONAL,Inter-Region,Regular,Prepaid,CR012,Bike,0.45,0.72,0.72,398873,15240,12176,8,1,0,,8.0,72,1,0,,1,0,,0,,31.44,2.85,4.76,ST10_Solo,
SHPM004995,AWB260004995,2026-03-18 15:55:49.480664,2026-03-18 16:15:49.480664,2026-03-18 16:27:49.480664,,,,,,,,,2026-03-20 03:55:49.480664,Failed Pickup,Exception,SHP076,Shipper 076,Enterprise,West Java,ST06_Bandung,HB01_JKT_GATEWAY,East Java,ST13_Malang,HB03_SBY_GATEWAY,Inter-Region,Next Day,COD,CR056,Truck,1.37,1.31,1.37,1605168,30165,28016,4,0,1,Shipper Not Ready,,36,0,0,,0,0,,0,,452.07,,,ST06_Bandung,
SHPM004996,AWB260004996,2026-03-31 11:27:58.737781,2026-03-31 11:51:58.737781,2026-03-31 12:35:58.737781,2026-03-31 20:33:54.210459,2026-03-31 21:03:54.210459,2026-03-31 21:31:54.210459,2026-03-31 22:34:29.989730,2026-04-01 06:13:53.090872,2026-04-01 15:22:50.233077,2026-04-02 05:54:32.804011,2026-04-02 18:23:42.607254,2026-04-03 11:27:58.737781,Delivered,Closed,SHP007,Shipper 007,SME,Jabodetabek,ST05_Tangerang,HB01_JKT_GATEWAY,Central Java,ST11_Yogyakarta,HB04_CTG_NATIONAL,Inter-Region,Regular,COD,CR048,Van,2.2,2.4,2.4,1287135,26800,24705,8,0,0,,30.0,72,1,0,,1,0,,0,,54.93,1.04,9.15,ST11_Yogyakarta,
SHPM004997,AWB260004997,2026-03-09 23:56:41.588356,2026-03-10 00:07:41.588356,2026-03-10 00:24:41.588356,2026-03-10 08:34:54.703283,2026-03-10 09:15:54.703283,2026-03-10 10:52:54.703283,2026-03-10 14:19:55.830836,2026-03-10 17:32:45.457024,2026-03-11 02:31:57.417408,2026-03-11 10:32:54.835514,2026-03-12 02:38:51.643687,2026-03-12 23:56:41.588356,Delivered,Closed,SHP072,Shipper 072,Enterprise,Outer Java,ST18_Balikpapan,HB06_EASTERN_GATEWAY,West Java,ST07_Cirebon,HB02_BDG_TRANSIT,Inter-Region,Regular,COD,CR171,Bike,0.83,0.87,0.87,846998,19915,15305,8,0,0,,41.0,72,1,0,,1,0,,0,,50.7,3.45,8.99,ST07_Cirebon,
SHPM004998,AWB260004998,2026-03-22 11:01:51.498634,2026-03-22 11:18:51.498634,2026-03-22 11:51:51.498634,2026-03-22 14:38:04.311449,2026-03-22 15:23:04.311449,2026-03-22 16:34:04.311449,2026-03-22 21:07:50.038701,2026-03-23 00:58:08.459131,2026-03-23 10:21:02.011991,2026-03-23 22:10:36.397259,2026-03-24 13:02:37.369212,2026-03-23 23:01:51.498634,Delivered,Closed,SHP033,Shipper 033,Marketplace,Jabodetabek,ST04_Bekasi,HB01_JKT_GATEWAY,Outer Java,ST15_Medan,HB05_SUMATRA_GATEWAY,Inter-Region,Next Day,COD,CR043,Bike,1.64,2.69,2.69,2275365,36105,25413,4,1,0,,45.0,36,0,0,,1,0,,0,,50.01,4.56,9.38,ST15_Medan,Remote Area
SHPM004999,AWB260004999,2026-03-14 13:16:33.432449,2026-03-14 13:44:33.432449,2026-03-14 14:16:33.432449,2026-03-15 02:07:28.054858,2026-03-15 03:04:28.054858,2026-03-15 04:25:28.054858,2026-03-15 06:28:43.683563,2026-03-15 13:47:32.593012,2026-03-15 23:50:19.768429,2026-03-16 14:10:15.589307,2026-03-16 19:25:21.671868,2026-03-16 01:16:33.432449,Delivered,Closed,SHP018,Shipper 018,Enterprise,West Java,ST07_Cirebon,HB02_BDG_TRANSIT,Jabodetabek,ST02_JKT_West,HB01_JKT_GATEWAY,Inter-Region,Next Day,Prepaid,CR070,Van,0.54,0.57,0.57,1510431,22565,16978,4,0,0,,57.0,36,0,0,,1,0,,0,,54.15,2.05,10.05,ST02_JKT_West,First Mile Delay
SHPM005000,AWB260005000,2026-03-09 19:00:13.908227,2026-03-09 19:14:13.908227,2026-03-09 19:28:13.908227,2026-03-09 22:13:12.536584,2026-03-09 22:50:12.536584,2026-03-09 23:25:12.536584,2026-03-10 01:32:31.044125,2026-03-10 07:39:28.543474,2026-03-10 19:16:54.026789,2026-03-11 03:59:10.099498,2026-03-11 14:23:24.796967,2026-03-12 19:00:13.908227,Delivered,Closed,SHP097,Shipper 097,SME,Jabodetabek,ST03_JKT_East,HB01_JKT_GATEWAY,Outer Java,ST20_Banjarmasin,HB06_EASTERN_GATEWAY,Inter-Region,Regular,Prepaid,CR022,Truck,0.77,0.81,0.81,601100,15645,8646,8,1,0,,37.0,72,1,0,,1,0,,0,,43.39,2.12,11.62,ST20_Banjarmasin,
